118 435
1 1 2.1428571428571423
2 2 -0.642857142857143
3 3 -5.714285714285714
4 4 -7.499999999999999
5 5 -3.071428571428572
6 6 -1.6428571428571428
7 7 3.2857142857142856
8 8 -2.2857142857142856
9 9 -5.214285714285714
10 10 0.7142857142857144
11 11 -0.4999999999999998
12 12 -2.0
13 13 -3.0
14 14 -4.714285714285714
15 15 -3.1428571428571432
16 16 -0.7857142857142858
17 17 -2.1428571428571432
18 18 1.071428571428571
19 19 1.1428571428571428
20 20 1.8571428571428572
21 21 0.642857142857143
22 22 3.3571428571428577
23 23 -3.7857142857142856
24 24 0.5714285714285714
25 25 4.214285714285714
26 26 -2.0
27 27 2.928571428571429
28 28 0.4285714285714286
29 29 3.0
30 30 -1.642857142857143
31 31 -1.642857142857143
32 32 4.571428571428571
33 33 -5.214285714285715
34 34 -1.5
35 35 -3.142857142857143
36 36 -2.928571428571429
37 37 5.285714285714286
38 38 -1.5714285714285714
39 39 0.5714285714285714
40 40 2.2857142857142856
41 41 4.285714285714286
42 42 1.357142857142857
43 43 -0.9285714285714286
44 44 2.7142857142857144
45 45 0.5
46 46 -3.1428571428571432
47 47 1.7857142857142858
48 48 7.357142857142858
49 49 1.571428571428572
50 50 3.5
51 51 -4.071428571428571
52 52 3.5
53 53 1.4285714285714286
54 54 -0.4285714285714288
55 55 4.785714285714286
56 56 0.7857142857142858
57 57 2.8571428571428577
58 58 1.214285714285714
59 59 5.857142857142857
60 60 -0.642857142857143
61 61 2.3571428571428577
62 62 0.4285714285714284
63 63 -0.07142857142857117
64 64 1.5714285714285714
65 65 -1.8571428571428572
66 66 1.5714285714285716
67 67 -1.5
68 68 -2.6428571428571432
69 69 1.5714285714285714
70 70 3.6428571428571432
71 71 2.2857142857142856
72 72 4.857142857142857
73 73 1.5
74 74 1.9999999999999998
75 75 -6.071428571428572
76 76 -0.9285714285714284
77 77 3.571428571428572
78 78 -4.714285714285714
79 79 -2.571428571428571
80 80 2.1428571428571432
81 81 1.4285714285714286
82 82 -1.1428571428571428
83 83 -3.428571428571429
84 84 0.0714285714285714
85 85 -3.5
86 86 -2.500000000000001
87 87 2.3571428571428568
88 88 -1.9285714285714286
89 89 -0.1428571428571428
90 90 2.1428571428571432
91 91 -2.928571428571429
92 92 -1.6428571428571428
93 93 1.928571428571429
94 94 -6.071428571428571
95 95 0.5
96 96 0.9285714285714286
97 97 -0.07142857142857117
98 98 -5.0
99 99 -4.214285714285714
100 100 4.642857142857143
101 101 -4.142857142857143
102 102 -2.642857142857143
104 104 1.2857142857142858
105 105 -4.142857142857143
106 106 -7.5
107 107 0.3571428571428572
108 108 -3.5000000000000004
109 109 -2.7857142857142856
110 110 4.642857142857143
111 111 3.1428571428571432
112 112 2.7857142857142856
114 114 1.9285714285714288
115 115 2.2142857142857144
116 116 3.7857142857142856
117 117 2.7857142857142856
118 118 2.357142857142857
1 2 -1.7857142857142858
1 5 -0.5714285714285714
1 17 -2.0
1 21 -0.9285714285714286
1 38 1.3571428571428572
1 43 1.7857142857142858
2 3 1.7857142857142858
2 5 1.3571428571428572
2 6 -1.3571428571428572
2 62 -1.3571428571428572
2 85 2.0
3 4 0.5714285714285714
3 6 0.9285714285714286
3 7 -1.3571428571428572
3 9 1.7857142857142858
3 11 2.0
3 104 -1.7857142857142858
3 108 1.7857142857142858
4 7 1.7857142857142858
4 8 2.0
4 54 1.3571428571428572
4 58 1.7857142857142858
5 6 1.7857142857142858
5 43 0.9285714285714286
5 62 1.3571428571428572
5 66 -1.7857142857142858
6 7 -0.9285714285714286
6 85 0.5714285714285714
6 104 2.0
6 108 -1.3571428571428572
7 8 -2.0
7 9 -1.3571428571428572
7 11 0.5714285714285714
8 54 1.7857142857142858
8 58 -0.9285714285714286
8 78 2.0
8 81 -0.5714285714285714
9 10 2.0
9 11 -0.5714285714285714
9 98 1.3571428571428572
9 102 2.0
10 11 -0.9285714285714286
10 31 2.0
10 48 -1.7857142857142858
10 52 -2.0
11 31 -0.5714285714285714
12 15 2.0
13 14 1.7857142857142858
13 20 -0.5714285714285714
13 26 0.9285714285714286
13 42 -0.9285714285714286
13 46 1.7857142857142858
14 15 1.3571428571428572
14 22 0.9285714285714286
14 65 2.0
14 69 -1.3571428571428572
15 16 1.7857142857142858
15 22 -1.3571428571428572
15 107 1.3571428571428572
15 111 -2.0
16 24 0.9285714285714286
16 34 -1.3571428571428572
16 37 -0.5714285714285714
16 57 1.7857142857142858
16 61 -1.7857142857142858
17 18 1.7857142857142858
17 21 0.5714285714285714
17 96 1.7857142857142858
18 19 0.5714285714285714
18 21 0.9285714285714286
18 23 -2.0
18 27 -0.5714285714285714
18 47 -1.7857142857142858
19 20 -0.5714285714285714
19 23 2.0
19 25 -0.5714285714285714
19 70 -2.0
19 89 -0.5714285714285714
20 25 -1.7857142857142858
20 26 2.0
20 112 -0.9285714285714286
21 23 -1.7857142857142858
21 27 0.5714285714285714
22 107 -0.9285714285714286
22 111 -2.0
23 25 1.7857142857142858
23 47 1.7857142857142858
23 70 2.0
24 57 -1.3571428571428572
24 61 -0.5714285714285714
24 80 -1.3571428571428572
24 84 1.7857142857142858
25 26 -0.9285714285714286
25 89 -1.3571428571428572
25 112 -1.3571428571428572
27 29 -0.9285714285714286
27 43 -2.0
28 31 1.3571428571428572
28 32 -1.7857142857142858
28 55 -0.5714285714285714
28 58 0.5714285714285714
29 30 0.9285714285714286
29 43 -1.7857142857142858
29 63 0.5714285714285714
29 66 -1.7857142857142858
30 31 -0.5714285714285714
30 86 0.9285714285714286
30 105 -0.5714285714285714
30 108 0.9285714285714286
31 32 -0.5714285714285714
32 35 1.3571428571428572
32 49 -1.7857142857142858
32 52 -1.7857142857142858
33 34 1.7857142857142858
33 35 0.9285714285714286
33 36 0.5714285714285714
33 73 -1.3571428571428572
33 76 1.3571428571428572
33 92 0.5714285714285714
33 94 1.3571428571428572
34 36 0.9285714285714286
34 37 -1.3571428571428572
34 115 0.5714285714285714
34 117 0.9285714285714286
35 36 -0.5714285714285714
35 49 -0.5714285714285714
35 52 2.0
35 73 -0.9285714285714286
35 76 0.9285714285714286
36 37 -1.3571428571428572
36 92 1.7857142857142858
36 94 1.3571428571428572
36 115 -1.7857142857142858
36 117 2.0
37 41 -2.0
38 43 2.0
38 100 -1.7857142857142858
39 69 -0.5714285714285714
40 42 -1.7857142857142858
40 44 -0.5714285714285714
40 70 -1.7857142857142858
40 74 0.9285714285714286
40 89 0.9285714285714286
41 45 -0.9285714285714286
41 61 -1.3571428571428572
42 44 -1.7857142857142858
42 46 1.3571428571428572
42 112 1.7857142857142858
44 89 0.5714285714285714
44 112 -0.9285714285714286
45 61 1.3571428571428572
45 84 -0.9285714285714286
47 50 -1.7857142857142858
48 49 -1.7857142857142858
48 51 -0.9285714285714286
48 52 -0.5714285714285714
48 105 -1.3571428571428572
48 109 -0.9285714285714286
49 52 2.0
49 53 0.9285714285714286
49 55 -0.9285714285714286
49 59 0.5714285714285714
50 51 0.5714285714285714
50 63 -0.9285714285714286
50 67 -1.3571428571428572
51 52 -1.3571428571428572
51 86 2.0
51 105 1.7857142857142858
51 109 2.0
52 53 -1.7857142857142858
53 55 -0.5714285714285714
53 59 -0.9285714285714286
53 82 0.9285714285714286
54 55 2.0
54 58 -2.0
54 99 -0.9285714285714286
54 103 -1.7857142857142858
55 56 -1.7857142857142858
55 58 -2.0
55 59 -0.9285714285714286
56 57 -0.9285714285714286
56 59 -2.0
56 60 1.7857142857142858
56 73 1.3571428571428572
56 77 -1.7857142857142858
56 92 0.5714285714285714
56 95 2.0
57 60 -1.3571428571428572
57 61 -1.7857142857142858
57 115 1.3571428571428572
57 118 -0.5714285714285714
58 59 1.3571428571428572
59 60 -2.0
59 73 -0.5714285714285714
59 77 -1.3571428571428572
60 61 1.7857142857142858
60 92 -0.9285714285714286
60 95 -1.3571428571428572
60 115 1.3571428571428572
60 118 1.3571428571428572
62 63 -2.0
62 66 2.0
62 97 0.9285714285714286
62 100 -1.3571428571428572
63 64 -1.3571428571428572
63 66 1.7857142857142858
63 67 2.0
64 65 -2.0
64 67 2.0
64 68 1.7857142857142858
64 71 1.7857142857142858
64 74 -2.0
64 90 -1.7857142857142858
65 69 0.9285714285714286
65 113 0.9285714285714286
66 67 -1.7857142857142858
67 68 1.7857142857142858
67 71 -0.5714285714285714
67 74 -0.5714285714285714
68 69 -0.5714285714285714
68 90 0.5714285714285714
68 113 -0.9285714285714286
70 71 -0.9285714285714286
70 74 -0.9285714285714286
71 72 -2.0
71 74 0.5714285714285714
71 75 -0.5714285714285714
71 87 -0.5714285714285714
72 73 -2.0
72 75 1.7857142857142858
72 76 -2.0
72 106 1.3571428571428572
72 109 -2.0
73 77 2.0
75 76 2.0
75 87 -0.9285714285714286
75 106 2.0
75 109 1.7857142857142858
76 77 -1.3571428571428572
77 79 0.9285714285714286
77 82 -2.0
78 81 0.9285714285714286
78 103 1.7857142857142858
79 80 -1.7857142857142858
79 82 2.0
79 83 2.0
79 95 -0.5714285714285714
80 83 1.3571428571428572
80 84 -0.9285714285714286
80 118 0.5714285714285714
81 82 -1.7857142857142858
82 83 2.0
83 95 -1.3571428571428572
83 118 -0.5714285714285714
85 86 1.3571428571428572
85 97 -1.7857142857142858
85 101 1.3571428571428572
86 87 -1.7857142857142858
87 88 0.9285714285714286
87 90 1.3571428571428572
87 93 -1.3571428571428572
88 90 -1.3571428571428572
88 93 0.9285714285714286
88 113 2.0
88 116 -0.5714285714285714
89 90 0.5714285714285714
90 91 -0.5714285714285714
90 93 -0.9285714285714286
91 92 -1.7857142857142858
91 93 1.7857142857142858
91 94 2.0
91 106 0.5714285714285714
91 110 0.9285714285714286
92 94 2.0
92 95 -0.5714285714285714
93 94 -2.0
93 106 0.5714285714285714
93 110 -0.9285714285714286
94 95 1.3571428571428572
96 97 -1.7857142857142858
96 100 -0.9285714285714286
97 98 1.3571428571428572
97 101 1.3571428571428572
98 99 1.7857142857142858
98 101 2.0
98 102 -0.5714285714285714
98 104 -0.9285714285714286
99 102 2.0
99 103 1.3571428571428572
100 101 -0.5714285714285714
101 102 0.5714285714285714
101 104 -0.5714285714285714
102 103 -1.3571428571428572
104 105 0.5714285714285714
104 108 -0.5714285714285714
105 106 1.7857142857142858
105 108 1.3571428571428572
105 109 0.5714285714285714
106 109 1.7857142857142858
106 110 -0.5714285714285714
107 110 -1.3571428571428572
107 111 1.7857142857142858
107 114 -1.7857142857142858
107 116 0.5714285714285714
108 109 1.3571428571428572
109 110 -1.7857142857142858
110 111 -0.9285714285714286
110 114 0.9285714285714286
110 116 -0.9285714285714286
112 113 -1.3571428571428572
113 114 1.3571428571428572
113 116 -2.0
114 115 -1.3571428571428572
114 116 0.9285714285714286
114 117 -2.0
115 117 -0.5714285714285714
115 118 -1.7857142857142858
116 117 -1.7857142857142858
117 118 -1.3571428571428572
