694 2804
1 1 2.357142857142857
2 2 -0.7857142857142856
3 3 5.142857142857143
4 4 6.5
5 5 1.9999999999999998
6 6 2.8571428571428568
7 7 -2.928571428571428
8 8 6.857142857142858
9 9 -7.785714285714286
10 10 -2.5
11 11 4.642857142857143
12 12 4.642857142857142
13 13 5.071428571428571
14 14 -6.714285714285715
15 15 -0.14285714285714302
16 16 -0.2142857142857144
17 17 -2.5
18 18 -4.142857142857142
19 19 -4.142857142857143
20 20 1.0000000000000002
21 21 2.1428571428571432
22 22 3.6428571428571432
23 23 -0.1428571428571428
24 24 0.5714285714285714
25 25 2.928571428571428
26 26 1.2857142857142858
27 27 4.428571428571429
28 28 -1.7142857142857142
29 29 -1.7857142857142858
30 30 4.071428571428571
31 31 2.2857142857142856
32 32 2.428571428571429
33 33 2.8571428571428568
34 34 2.1428571428571432
35 35 -3.928571428571429
36 36 2.7142857142857144
37 37 2.7142857142857144
38 38 -7.571428571428571
39 39 0.14285714285714324
40 40 -3.6428571428571432
41 41 -2.7142857142857144
42 42 -1.6428571428571428
43 43 5.5
44 44 1.0714285714285716
45 45 -3.5714285714285716
46 46 -5.5
47 47 1.1428571428571435
48 48 0.7142857142857142
49 49 -1.1428571428571428
50 50 7.357142857142858
51 51 6.142857142857142
52 52 0.4285714285714284
53 53 7.0
54 54 2.928571428571429
55 55 -1.3571428571428572
56 56 2.0714285714285716
58 58 0.2857142857142858
59 59 -2.7142857142857144
60 60 -0.6428571428571428
61 61 -3.5
62 62 0.3571428571428572
63 63 2.1428571428571432
64 64 -0.7857142857142856
65 65 -2.6428571428571432
66 66 -4.357142857142858
67 67 -2.071428571428571
68 68 0.2857142857142856
69 69 -5.642857142857143
70 70 1.7142857142857144
71 71 -3.857142857142857
72 72 4.142857142857143
73 73 -4.642857142857142
74 74 -1.142857142857143
75 75 -1.0
76 76 -3.1428571428571432
77 77 -3.0
78 78 1.0714285714285716
79 79 -2.7857142857142856
80 80 -2.0714285714285716
81 81 -0.6428571428571432
82 82 3.571428571428571
83 83 -3.3571428571428568
84 84 -9.000000000000002
85 85 -1.142857142857143
86 86 0.7142857142857142
87 87 -2.0714285714285716
88 88 1.7857142857142863
89 89 -2.0
90 90 2.928571428571429
91 91 3.0
92 92 -1.7142857142857137
93 93 -0.7142857142857142
94 94 4.714285714285714
95 95 4.785714285714286
96 96 2.7857142857142856
97 97 2.7142857142857144
98 98 -0.7857142857142858
99 99 0.5714285714285714
100 100 3.1428571428571432
101 101 3.357142857142857
102 102 -1.1428571428571426
103 103 2.5714285714285716
104 104 -2.1428571428571432
105 105 0.1428571428571428
106 106 -3.1428571428571432
107 107 -0.0714285714285714
108 108 2.571428571428571
109 109 -0.5
110 110 2.928571428571429
111 111 1.2142857142857144
112 112 0.9285714285714286
113 113 3.1428571428571432
114 114 5.857142857142857
115 115 2.571428571428571
116 116 1.1428571428571426
117 117 -3.9285714285714284
118 118 0.6428571428571428
119 119 0.14285714285714302
120 120 1.3571428571428572
121 121 2.928571428571429
122 122 -6.214285714285714
123 123 -2.3571428571428577
124 124 0.0714285714285714
125 125 2.8571428571428568
126 126 4.642857142857143
127 127 -1.4285714285714286
128 128 2.0
129 129 -4.214285714285714
130 130 -0.2857142857142856
131 131 1.0714285714285714
132 132 -4.357142857142857
133 133 -1.2142857142857144
134 134 -7.285714285714286
136 136 1.0714285714285712
137 137 -1.5
138 138 3.571428571428571
139 139 -2.5
140 140 1.7142857142857144
141 141 0.7142857142857144
142 142 2.642857142857143
143 143 -0.6428571428571426
144 144 -4.571428571428571
145 145 -9.928571428571429
146 146 7.928571428571427
147 147 -1.2857142857142854
148 148 4.214285714285714
149 149 2.2857142857142865
150 150 4.214285714285714
151 151 2.2142857142857144
152 152 -4.142857142857143
153 153 1.2142857142857144
154 154 -5.0
155 155 -3.7857142857142856
156 156 -0.14285714285714302
157 157 5.857142857142858
158 158 2.5
159 159 1.2857142857142854
160 160 4.5
161 161 -6.571428571428571
162 162 2.071428571428572
163 163 -6.928571428571429
164 164 -10.500000000000002
165 165 -3.8571428571428568
166 166 -1.0
167 167 -2.3571428571428568
168 168 -3.7857142857142856
169 169 -2.0714285714285707
170 170 -5.285714285714286
171 171 -2.7142857142857144
172 172 -1.7142857142857144
173 173 -5.071428571428571
174 174 1.9285714285714286
175 175 -8.214285714285715
176 176 -2.2857142857142856
177 177 2.0714285714285716
179 179 1.5
180 180 0.6428571428571428
181 181 -0.8571428571428572
182 182 -2.071428571428571
183 183 0.5714285714285714
184 184 3.714285714285714
185 185 -0.857142857142857
186 186 2.2142857142857144
187 187 2.428571428571429
188 188 -1.8571428571428572
189 189 -5.071428571428571
190 190 2.1428571428571423
191 191 1.785714285714286
192 192 0.4285714285714286
193 193 1.9285714285714286
194 194 -5.714285714285715
195 195 0.785714285714286
196 196 1.2142857142857142
197 197 -2.214285714285714
198 198 1.857142857142857
199 199 -1.9999999999999991
200 200 2.2857142857142856
201 201 -2.6428571428571432
202 202 -8.142857142857142
203 203 -1.6428571428571426
204 204 0.3571428571428572
205 205 -2.1428571428571432
206 206 -1.8571428571428572
207 207 5.857142857142858
208 208 -4.428571428571429
209 209 -0.4285714285714288
210 210 4.214285714285714
211 211 1.642857142857143
212 212 1.0
213 213 3.142857142857143
214 214 -3.3571428571428577
215 215 -1.2142857142857142
216 216 -2.5714285714285716
217 217 -0.9285714285714286
218 218 -1.4999999999999998
219 219 0.2142857142857144
220 220 -2.571428571428572
221 221 -0.3571428571428572
222 222 -2.2857142857142856
223 223 1.5
224 224 -4.142857142857144
225 225 2.0
226 226 -1.9285714285714286
227 227 -5.928571428571429
228 228 -2.285714285714286
229 229 2.428571428571429
230 230 -2.2142857142857144
231 231 5.928571428571429
232 232 9.285714285714285
233 233 -0.35714285714285654
234 234 -3.7857142857142856
235 235 0.5714285714285716
236 236 2.428571428571429
237 237 -2.2857142857142865
238 238 -1.5714285714285714
239 239 4.285714285714286
240 240 -1.357142857142857
241 241 -2.0
242 242 -2.7857142857142856
243 243 -1.428571428571428
244 244 -4.142857142857143
245 245 -2.928571428571429
246 246 4.0
247 247 4.0
248 248 -2.2142857142857144
249 249 3.0
250 250 1.357142857142857
251 251 -3.928571428571428
252 252 -0.642857142857143
253 253 -4.714285714285714
254 254 -0.14285714285714302
255 255 0.5714285714285716
256 256 -8.214285714285715
257 257 -6.357142857142857
258 258 -4.0
259 259 0.28571428571428537
260 260 1.0714285714285714
261 261 1.9285714285714286
262 262 2.071428571428572
263 263 2.5
264 264 4.571428571428571
265 265 1.6428571428571426
266 266 1.7857142857142858
267 267 -6.071428571428571
268 268 2.3571428571428577
269 269 0.9285714285714284
270 270 -3.785714285714286
271 271 1.4999999999999998
272 272 0.5714285714285714
273 273 4.7857142857142865
274 274 -2.7142857142857135
275 275 -8.714285714285714
276 276 -1.6428571428571428
277 277 -5.785714285714286
278 278 -1.9285714285714288
279 279 -1.6428571428571428
280 280 3.571428571428572
281 281 4.2857142857142865
282 282 7.214285714285714
283 283 -2.857142857142857
284 284 -8.357142857142858
285 285 -3.571428571428572
286 286 6.642857142857142
287 287 0.5000000000000002
288 288 4.285714285714286
289 289 2.5
290 290 3.785714285714286
291 291 5.714285714285715
292 292 -2.5000000000000004
293 293 -1.928571428571429
294 294 -2.5
295 295 0.0714285714285714
296 296 -1.5
297 297 2.071428571428571
298 298 -2.571428571428571
299 299 -2.0714285714285716
300 300 -7.428571428571429
301 301 1.0714285714285712
302 302 1.3571428571428574
303 303 2.928571428571429
304 304 -1.8571428571428574
305 305 -4.428571428571429
306 306 2.7142857142857144
307 307 1.0
308 308 4.571428571428571
309 309 -2.6428571428571432
310 310 -6.357142857142858
311 311 1.2142857142857137
312 312 0.4285714285714286
313 313 2.357142857142857
314 314 -0.4285714285714284
315 315 -1.2142857142857142
316 316 -1.9285714285714286
317 317 -2.7857142857142856
318 318 -1.9285714285714286
319 319 6.357142857142858
320 320 1.642857142857143
321 321 1.4285714285714286
322 322 -2.857142857142857
323 323 -1.7142857142857142
324 324 1.2857142857142856
325 325 3.071428571428571
326 326 -2.928571428571429
327 327 -5.857142857142857
328 328 1.5714285714285718
329 329 -1.8571428571428568
330 330 4.928571428571429
331 331 0.5714285714285712
332 332 1.642857142857143
333 333 -1.0
334 334 -5.428571428571429
335 335 0.14285714285714324
336 336 1.9285714285714288
337 337 9.142857142857142
338 338 2.142857142857143
339 339 0.4285714285714286
340 340 5.357142857142858
341 341 6.928571428571429
342 342 3.071428571428572
343 343 -7.142857142857143
344 344 -3.1428571428571432
345 345 -6.571428571428571
346 346 3.6428571428571423
347 347 -5.428571428571429
348 348 4.071428571428572
349 349 0.0714285714285714
350 350 -2.5
351 351 -0.2857142857142858
352 352 0.4285714285714286
353 353 -1.9285714285714286
354 354 0.7142857142857144
355 355 -6.5
356 356 -1.7142857142857142
357 357 0.785714285714286
358 358 1.5000000000000004
359 359 1.5000000000000004
360 360 1.6428571428571426
361 361 -4.142857142857143
362 362 0.2142857142857144
363 363 0.35714285714285743
364 364 -0.8571428571428572
365 365 -0.9285714285714286
366 366 1.0
367 367 -2.1428571428571432
368 368 5.928571428571429
369 369 3.0714285714285716
370 370 -3.7857142857142856
371 371 -7.142857142857143
372 372 0.07142857142857117
373 373 2.3571428571428568
374 374 4.142857142857143
375 375 5.214285714285714
376 376 2.928571428571429
377 377 -3.5
378 378 0.4285714285714286
379 379 -0.7142857142857142
380 380 -1.3571428571428572
381 381 -1.0714285714285712
382 382 2.1428571428571432
383 383 1.0
384 384 7.928571428571429
385 385 2.928571428571429
386 386 2.428571428571429
387 387 -2.6428571428571423
389 389 0.7857142857142858
390 390 -2.0714285714285716
391 391 -3.1428571428571432
392 392 4.642857142857143
393 393 -3.2142857142857144
394 394 -5.357142857142858
395 395 -0.785714285714286
396 396 -1.9285714285714286
397 397 -4.5
398 398 1.6428571428571428
399 399 -2.0
400 400 3.6428571428571432
401 401 0.5714285714285714
402 402 2.071428571428572
403 403 -4.7857142857142865
404 404 4.714285714285714
405 405 -5.2857142857142865
406 406 3.8571428571428568
407 407 5.5
408 408 4.357142857142857
409 409 1.6428571428571435
410 410 -4.642857142857143
411 411 2.1428571428571432
412 412 1.285714285714286
413 413 5.142857142857143
414 414 -0.7142857142857142
415 415 2.642857142857143
416 416 1.8571428571428572
417 417 -0.2857142857142858
418 418 -0.2857142857142858
419 419 -5.0
420 420 0.642857142857143
421 421 -5.214285714285714
422 422 -2.428571428571429
423 423 5.714285714285714
424 424 -4.285714285714286
425 425 -1.3571428571428572
426 426 1.0714285714285714
427 427 -0.7857142857142856
428 428 0.2142857142857144
429 429 6.857142857142858
430 430 -2.7857142857142856
431 431 1.3571428571428572
432 432 1.2142857142857144
433 433 -1.7857142857142856
434 434 2.3571428571428577
435 435 5.785714285714286
436 436 -7.928571428571429
437 437 4.571428571428572
438 438 2.928571428571429
439 439 1.5714285714285714
440 440 3.7142857142857144
441 441 1.2857142857142858
442 442 -6.785714285714286
443 443 -1.714285714285714
444 444 -3.5714285714285716
445 445 1.0
446 446 -0.5714285714285714
447 447 1.5714285714285714
448 448 -2.785714285714286
449 449 -3.5
450 450 2.928571428571428
451 451 -1.9285714285714286
452 452 2.571428571428571
453 453 -2.071428571428571
454 454 0.7142857142857144
455 455 0.6428571428571426
456 456 -1.3571428571428579
457 457 3.785714285714286
458 458 -2.3571428571428568
459 459 -0.1428571428571428
460 460 -0.5000000000000004
461 461 -4.642857142857143
462 462 -4.285714285714286
463 463 -3.2857142857142856
464 464 3.928571428571429
465 465 2.714285714285714
466 466 0.7857142857142856
467 467 2.5
468 468 1.4285714285714286
469 469 -0.1428571428571428
470 470 2.928571428571429
471 471 -3.071428571428571
472 472 0.7142857142857144
473 473 4.428571428571429
474 474 4.142857142857142
475 475 2.9999999999999996
476 476 -10.428571428571429
477 477 -0.5714285714285714
478 478 4.0
479 479 1.7857142857142858
480 480 2.7857142857142856
481 481 -4.714285714285714
482 482 3.8571428571428577
483 483 4.071428571428571
484 484 -1.0714285714285714
485 485 -3.071428571428571
486 486 -0.1428571428571428
487 487 8.428571428571429
488 488 1.9999999999999998
489 489 1.642857142857143
490 490 3.7857142857142865
491 491 -0.9999999999999998
492 492 -2.7142857142857144
493 493 -1.1428571428571432
494 494 0.785714285714286
495 495 5.142857142857143
496 496 -1.4285714285714286
497 497 -0.7142857142857142
498 498 2.1428571428571432
499 499 -2.071428571428572
501 501 0.8571428571428568
502 502 4.5
503 503 -2.7142857142857144
504 504 -6.857142857142858
505 505 1.642857142857143
506 506 4.071428571428571
507 507 -6.7142857142857135
508 508 0.9999999999999998
509 509 -4.571428571428572
510 510 0.7142857142857144
511 511 0.0714285714285714
512 512 -7.428571428571429
513 513 4.499999999999999
514 514 0.4285714285714286
515 515 2.428571428571429
516 516 1.9999999999999998
517 517 3.2142857142857144
518 518 -4.714285714285714
519 519 1.9285714285714284
520 520 7.714285714285714
521 521 1.9285714285714284
522 522 4.785714285714286
523 523 -0.7142857142857144
524 524 -3.428571428571429
525 525 -4.7857142857142865
526 526 3.2857142857142856
527 527 -1.5
528 528 -6.214285714285715
529 529 4.428571428571429
530 530 11.142857142857144
531 531 6.714285714285714
532 532 2.7857142857142856
533 533 -1.7857142857142856
534 534 -0.7142857142857146
535 535 -3.0
536 536 1.3571428571428572
537 537 -1.3571428571428572
538 538 -4.142857142857143
539 539 2.214285714285714
540 540 -3.1428571428571432
541 541 2.7857142857142856
542 542 1.5714285714285714
543 543 0.7857142857142856
544 544 -4.0
545 545 6.071428571428571
546 546 -0.2857142857142858
547 547 -0.6428571428571428
548 548 1.7142857142857144
549 549 2.2142857142857144
550 550 9.857142857142858
551 551 -0.4285714285714286
552 552 -3.428571428571429
553 553 -0.2857142857142856
554 554 5.642857142857142
555 555 -0.2142857142857142
556 556 -1.9285714285714284
557 557 -1.0714285714285712
558 558 3.7142857142857144
559 559 4.571428571428572
560 560 7.714285714285714
561 561 -2.0
562 562 -0.2142857142857142
563 563 -0.5
564 564 1.9999999999999998
565 565 6.714285714285714
566 566 -1.9285714285714284
567 567 -0.4285714285714286
568 568 3.428571428571429
569 569 0.3571428571428572
570 570 1.5714285714285718
571 571 0.35714285714285743
572 572 -4.785714285714286
573 573 -5.285714285714286
574 574 3.0
575 575 1.8571428571428572
576 576 5.142857142857143
577 577 1.7142857142857137
578 578 -4.071428571428572
579 579 -3.5714285714285716
580 580 3.7857142857142856
581 581 7.071428571428571
582 582 2.7857142857142856
583 583 -2.428571428571429
584 584 -2.571428571428571
585 585 -7.0
586 586 -2.2857142857142856
587 587 -3.2857142857142856
588 588 5.571428571428572
589 589 -0.642857142857143
590 590 -2.0
591 591 -3.2142857142857144
592 592 1.7857142857142863
593 593 -1.5
594 594 0.2142857142857142
595 595 -4.2857142857142865
596 596 -1.142857142857143
597 597 0.5
598 598 0.7142857142857142
599 599 3.1428571428571432
600 600 6.642857142857143
601 601 0.7142857142857142
602 602 -4.214285714285714
603 603 -7.714285714285714
604 604 -2.357142857142857
605 605 -4.357142857142858
606 606 -1.5000000000000004
607 607 -2.285714285714286
608 608 -2.9285714285714284
609 609 6.142857142857143
610 610 3.2857142857142856
611 611 8.071428571428571
612 612 -6.428571428571429
613 613 -7.142857142857142
614 614 3.2142857142857144
615 615 -2.4285714285714284
616 616 0.3571428571428572
617 617 9.0
618 618 0.7142857142857142
619 619 3.071428571428571
620 620 6.642857142857144
621 621 -1.642857142857143
622 622 -0.7142857142857135
623 623 -1.714285714285714
624 624 -2.0714285714285716
625 625 -2.357142857142857
626 626 2.9285714285714284
627 627 -2.2857142857142856
628 628 0.6428571428571432
629 629 -1.0714285714285712
630 630 -1.285714285714286
631 631 -0.5
632 632 2.142857142857143
633 633 2.7142857142857144
634 634 -3.0714285714285716
635 635 3.4285714285714293
636 636 8.071428571428571
637 637 1.8571428571428572
638 638 -1.3571428571428572
639 639 4.357142857142858
640 640 -7.714285714285715
641 641 0.5714285714285714
642 642 3.7857142857142856
643 643 0.857142857142857
644 644 1.4999999999999998
645 645 0.7857142857142854
646 646 1.9285714285714286
647 647 2.0
648 648 4.357142857142857
649 649 -2.071428571428571
650 650 1.0000000000000002
651 651 -2.1428571428571432
652 652 1.0714285714285714
653 653 -7.857142857142858
654 654 3.0000000000000004
655 655 -0.7857142857142858
656 656 -2.0
657 657 -2.357142857142857
658 658 -2.7142857142857144
659 659 -5.5
660 660 0.7857142857142858
661 661 1.642857142857143
662 662 -3.2857142857142856
663 663 -0.642857142857143
664 664 1.0000000000000004
665 665 1.3571428571428572
666 666 0.2142857142857144
667 667 6.071428571428573
668 668 -5.928571428571429
669 669 1.3571428571428572
670 670 -5.785714285714286
671 671 -3.571428571428571
672 672 -4.857142857142858
673 673 -4.0
674 674 3.5714285714285716
675 675 6.2857142857142865
676 676 -1.4285714285714286
677 677 5.428571428571428
678 678 0.7857142857142858
679 679 -2.928571428571429
680 680 -1.8571428571428577
681 681 3.1428571428571423
682 682 -1.142857142857143
683 683 1.2857142857142856
684 684 -2.1428571428571423
685 685 2.3571428571428568
686 686 -2.0
687 687 -1.2142857142857142
688 688 3.7857142857142865
689 689 -0.6428571428571428
690 690 3.6428571428571423
691 691 -0.7857142857142858
692 692 -3.071428571428571
693 693 -2.928571428571429
694 694 3.0
1 2 -0.9285714285714286
1 10 -0.9285714285714286
1 31 -0.9285714285714286
1 53 -0.9285714285714286
1 62 1.3571428571428572
2 3 2.0
2 10 1.3571428571428572
2 11 -0.5714285714285714
2 89 -0.9285714285714286
2 97 -2.0
2 118 0.9285714285714286
2 123 0.9285714285714286
3 11 -2.0
3 12 -2.0
3 151 -1.3571428571428572
3 157 -1.3571428571428572
3 179 1.3571428571428572
3 186 -1.7857142857142858
4 5 -1.3571428571428572
4 273 -1.7857142857142858
4 281 -1.3571428571428572
4 307 -2.0
5 6 0.5714285714285714
5 342 1.3571428571428572
5 351 -0.5714285714285714
5 378 -2.0
6 7 0.5714285714285714
6 13 -0.9285714285714286
6 407 -2.0
6 415 0.9285714285714286
6 437 -2.0
7 8 -1.3571428571428572
7 13 0.5714285714285714
7 14 1.7857142857142858
7 469 1.3571428571428572
7 504 0.9285714285714286
7 514 -0.9285714285714286
8 9 0.5714285714285714
8 14 -1.3571428571428572
8 15 -0.9285714285714286
8 542 -2.0
8 551 -1.3571428571428572
8 578 -1.7857142857142858
8 586 1.3571428571428572
9 15 0.5714285714285714
9 16 1.3571428571428572
9 613 2.0
9 623 1.3571428571428572
9 651 1.3571428571428572
9 659 0.5714285714285714
10 11 2.0
10 53 0.5714285714285714
10 62 -0.9285714285714286
10 89 1.7857142857142858
10 97 -1.3571428571428572
11 12 -1.7857142857142858
11 118 -2.0
11 123 2.0
11 151 -1.3571428571428572
11 157 -0.9285714285714286
12 179 -1.3571428571428572
12 186 0.9285714285714286
12 208 -1.3571428571428572
12 215 0.9285714285714286
13 14 -2.0
13 437 -0.9285714285714286
13 469 -1.7857142857142858
14 15 0.9285714285714286
14 504 2.0
14 514 1.7857142857142858
14 542 1.7857142857142858
14 551 1.7857142857142858
15 16 -1.3571428571428572
15 586 -2.0
15 613 2.0
15 623 0.9285714285714286
16 651 1.7857142857142858
16 659 1.7857142857142858
16 685 -1.3571428571428572
16 693 -2.0
17 18 1.3571428571428572
17 25 2.0
17 125 0.9285714285714286
17 159 -1.7857142857142858
18 19 0.9285714285714286
18 25 -0.5714285714285714
18 26 -0.9285714285714286
18 188 2.0
18 216 1.3571428571428572
19 20 -0.5714285714285714
19 26 2.0
19 27 -2.0
19 248 2.0
19 283 1.7857142857142858
20 27 -2.0
20 28 1.3571428571428572
20 316 -1.7857142857142858
20 353 2.0
21 22 -2.0
21 29 -0.9285714285714286
21 445 1.3571428571428572
21 479 -0.5714285714285714
22 29 0.9285714285714286
22 30 -1.3571428571428572
22 516 -1.7857142857142858
22 553 0.5714285714285714
23 24 0.5714285714285714
23 31 -1.3571428571428572
23 661 0.9285714285714286
24 31 -0.5714285714285714
24 32 -0.5714285714285714
25 26 -1.7857142857142858
25 159 -2.0
25 188 -0.5714285714285714
26 27 -1.3571428571428572
26 216 -0.5714285714285714
26 248 1.3571428571428572
27 28 0.9285714285714286
27 283 -1.3571428571428572
27 316 1.3571428571428572
28 353 -0.5714285714285714
29 30 -0.9285714285714286
29 479 0.9285714285714286
29 516 1.7857142857142858
30 553 -1.7857142857142858
31 32 0.5714285714285714
32 38 -0.5714285714285714
32 54 -0.9285714285714286
32 62 -0.9285714285714286
33 39 -1.7857142857142858
33 40 -2.0
33 157 -2.0
33 180 0.9285714285714286
33 186 2.0
34 35 -0.5714285714285714
34 41 1.3571428571428572
34 281 -2.0
34 308 -0.9285714285714286
35 41 -0.5714285714285714
35 42 0.5714285714285714
35 343 1.7857142857142858
35 351 1.3571428571428572
35 379 1.3571428571428572
36 37 -0.9285714285714286
36 43 -0.5714285714285714
36 44 -1.7857142857142858
36 470 -0.9285714285714286
36 505 0.5714285714285714
36 514 0.9285714285714286
37 44 0.5714285714285714
37 543 -0.5714285714285714
37 551 -1.7857142857142858
37 579 0.9285714285714286
37 586 -0.9285714285714286
38 39 2.0
38 54 1.7857142857142858
38 62 1.7857142857142858
38 90 0.5714285714285714
38 97 2.0
39 40 1.7857142857142858
39 119 -1.7857142857142858
39 123 0.5714285714285714
39 157 -0.9285714285714286
40 180 0.5714285714285714
40 186 0.5714285714285714
40 209 1.3571428571428572
40 215 1.3571428571428572
41 42 1.7857142857142858
41 308 -0.9285714285714286
41 343 2.0
41 351 -0.9285714285714286
42 43 -1.7857142857142858
42 379 -0.9285714285714286
42 415 2.0
43 44 -1.3571428571428572
43 470 -1.7857142857142858
44 505 0.5714285714285714
44 514 -1.7857142857142858
44 543 0.9285714285714286
44 551 1.7857142857142858
45 652 0.9285714285714286
45 659 -0.9285714285714286
45 686 1.7857142857142858
45 693 1.7857142857142858
46 55 1.3571428571428572
46 135 1.7857142857142858
46 159 1.7857142857142858
46 166 0.5714285714285714
47 48 -1.3571428571428572
47 56 -1.7857142857142858
47 248 -1.7857142857142858
47 257 2.0
47 283 1.7857142857142858
48 49 -0.5714285714285714
48 56 -0.9285714285714286
48 57 1.7857142857142858
48 316 -0.5714285714285714
48 353 0.9285714285714286
49 50 -0.9285714285714286
49 57 -1.3571428571428572
49 58 2.0
49 424 2.0
50 51 -2.0
50 58 -2.0
50 59 0.5714285714285714
50 445 -0.5714285714285714
50 452 0.9285714285714286
50 479 -2.0
50 488 -1.3571428571428572
51 52 -2.0
51 59 -0.5714285714285714
51 60 -1.7857142857142858
51 516 -2.0
51 525 1.7857142857142858
51 553 1.3571428571428572
51 561 -0.9285714285714286
52 53 -2.0
52 60 -1.3571428571428572
52 61 2.0
52 595 0.9285714285714286
52 634 2.0
53 54 -2.0
53 61 0.5714285714285714
53 62 0.5714285714285714
53 661 -1.7857142857142858
53 669 -2.0
54 62 -1.7857142857142858
54 63 0.5714285714285714
54 72 -0.5714285714285714
55 159 1.3571428571428572
55 166 1.3571428571428572
55 188 -1.3571428571428572
55 195 -1.3571428571428572
56 283 -1.3571428571428572
56 316 2.0
57 58 -1.7857142857142858
57 353 1.3571428571428572
58 59 0.5714285714285714
58 424 1.3571428571428572
58 445 1.3571428571428572
58 452 -1.7857142857142858
59 60 1.3571428571428572
59 479 -0.5714285714285714
59 488 1.3571428571428572
59 516 -1.7857142857142858
59 525 1.7857142857142858
60 553 -1.3571428571428572
60 561 2.0
60 595 1.7857142857142858
61 62 0.9285714285714286
61 634 -0.5714285714285714
61 661 0.5714285714285714
62 63 -1.3571428571428572
63 72 -1.7857142857142858
63 98 1.3571428571428572
63 105 -0.9285714285714286
64 65 0.5714285714285714
64 72 -1.7857142857142858
64 73 1.7857142857142858
64 90 0.5714285714285714
64 119 0.5714285714285714
64 124 -0.9285714285714286
65 66 0.9285714285714286
65 73 -0.5714285714285714
65 158 0.9285714285714286
65 180 -0.5714285714285714
65 187 1.3571428571428572
66 67 0.5714285714285714
66 74 1.7857142857142858
66 209 -0.9285714285714286
66 247 2.0
67 68 2.0
67 74 0.9285714285714286
67 75 0.5714285714285714
67 282 -2.0
67 308 1.3571428571428572
67 315 -1.3571428571428572
68 69 0.9285714285714286
68 75 -1.3571428571428572
68 76 -0.5714285714285714
68 343 0.9285714285714286
68 352 -1.3571428571428572
68 379 -1.7857142857142858
68 387 0.9285714285714286
69 76 1.3571428571428572
69 77 2.0
69 408 -1.7857142857142858
69 416 1.3571428571428572
69 444 1.7857142857142858
70 71 1.3571428571428572
70 78 -0.9285714285714286
70 79 -0.9285714285714286
70 543 -2.0
70 552 0.5714285714285714
70 579 2.0
70 587 -1.7857142857142858
71 79 -1.3571428571428572
71 80 0.9285714285714286
71 614 0.5714285714285714
71 624 -0.5714285714285714
71 652 0.9285714285714286
71 660 2.0
72 73 1.7857142857142858
72 90 -1.7857142857142858
73 119 2.0
73 124 -0.9285714285714286
73 158 0.5714285714285714
74 75 1.7857142857142858
74 247 -2.0
74 282 -1.3571428571428572
75 76 -0.5714285714285714
75 308 -0.9285714285714286
75 315 0.5714285714285714
75 352 0.9285714285714286
76 77 -0.5714285714285714
76 379 0.5714285714285714
76 387 0.5714285714285714
76 408 1.7857142857142858
76 416 0.5714285714285714
77 78 -2.0
77 444 1.7857142857142858
77 470 1.7857142857142858
78 79 0.5714285714285714
78 505 -0.9285714285714286
78 515 1.7857142857142858
78 543 1.7857142857142858
78 552 -1.3571428571428572
79 80 1.7857142857142858
79 579 -1.7857142857142858
79 587 1.7857142857142858
79 614 0.9285714285714286
79 624 1.7857142857142858
80 652 -1.3571428571428572
80 660 -2.0
80 686 1.3571428571428572
80 694 1.3571428571428572
81 82 0.9285714285714286
81 91 2.0
81 126 -2.0
81 135 0.9285714285714286
81 160 0.5714285714285714
81 166 -1.7857142857142858
82 83 1.3571428571428572
82 91 -2.0
82 92 -0.9285714285714286
82 195 -2.0
82 222 -0.9285714285714286
83 84 2.0
83 92 0.5714285714285714
83 93 -0.9285714285714286
83 249 -2.0
83 257 0.5714285714285714
83 284 1.7857142857142858
84 85 0.9285714285714286
84 93 2.0
84 94 1.3571428571428572
84 317 1.3571428571428572
84 354 1.3571428571428572
85 86 -0.9285714285714286
85 94 -1.7857142857142858
85 388 2.0
85 424 0.9285714285714286
86 87 1.3571428571428572
86 95 -2.0
86 446 0.5714285714285714
86 452 -0.5714285714285714
86 480 1.7857142857142858
86 488 -0.9285714285714286
87 88 -2.0
87 95 0.9285714285714286
87 525 1.7857142857142858
87 554 -0.5714285714285714
87 561 0.5714285714285714
88 89 -0.5714285714285714
88 96 -1.3571428571428572
88 588 0.5714285714285714
88 595 2.0
88 625 -1.3571428571428572
88 634 0.9285714285714286
89 90 -0.9285714285714286
89 96 -1.3571428571428572
89 97 2.0
89 669 2.0
90 97 -1.3571428571428572
91 92 -0.9285714285714286
91 160 -0.5714285714285714
91 166 -0.9285714285714286
91 195 -0.5714285714285714
92 93 -1.3571428571428572
92 222 2.0
92 249 0.5714285714285714
92 257 1.7857142857142858
93 94 -1.3571428571428572
93 284 1.7857142857142858
93 317 0.5714285714285714
94 354 -0.9285714285714286
94 388 -2.0
95 480 -0.5714285714285714
95 488 -1.3571428571428572
95 525 -1.7857142857142858
96 97 -2.0
96 625 0.5714285714285714
96 634 1.3571428571428572
98 105 -0.5714285714285714
99 100 -1.7857142857142858
99 106 1.7857142857142858
99 107 2.0
99 158 -2.0
99 187 -0.5714285714285714
100 101 -1.3571428571428572
100 107 -1.3571428571428572
100 108 1.3571428571428572
101 102 -0.9285714285714286
101 108 -1.3571428571428572
101 109 -0.5714285714285714
101 282 -0.9285714285714286
101 315 1.7857142857142858
102 109 0.5714285714285714
102 352 0.9285714285714286
102 387 0.5714285714285714
103 104 0.5714285714285714
103 110 -1.3571428571428572
103 515 -1.7857142857142858
104 110 -2.0
104 552 1.7857142857142858
104 587 1.7857142857142858
105 106 1.3571428571428572
106 107 -0.5714285714285714
106 124 0.5714285714285714
107 108 2.0
107 187 -2.0
108 109 -0.5714285714285714
108 247 -2.0
108 282 -2.0
109 315 2.0
109 352 -0.9285714285714286
110 515 -0.9285714285714286
110 552 1.3571428571428572
111 660 0.5714285714285714
111 694 -1.7857142857142858
112 113 1.7857142857142858
112 126 0.5714285714285714
112 136 -1.3571428571428572
112 160 -1.3571428571428572
112 167 -0.5714285714285714
113 114 -2.0
113 196 -2.0
113 223 -0.9285714285714286
114 120 -1.7857142857142858
114 249 -0.5714285714285714
114 284 -0.9285714285714286
114 291 -0.5714285714285714
115 116 -0.5714285714285714
115 121 -2.0
115 446 1.3571428571428572
115 453 0.5714285714285714
115 480 -0.5714285714285714
115 489 -1.3571428571428572
116 117 2.0
116 554 -2.0
116 562 -0.5714285714285714
117 118 0.5714285714285714
117 122 2.0
117 588 -1.7857142857142858
117 596 1.3571428571428572
117 625 1.7857142857142858
117 635 -2.0
118 119 -0.9285714285714286
118 122 1.3571428571428572
118 123 -0.5714285714285714
119 123 -1.7857142857142858
119 124 1.7857142857142858
120 284 1.3571428571428572
120 291 -1.3571428571428572
120 317 1.3571428571428572
120 326 -0.9285714285714286
121 480 -0.9285714285714286
121 489 0.5714285714285714
121 526 -0.5714285714285714
122 123 1.7857142857142858
122 625 2.0
122 635 -0.9285714285714286
123 124 -0.5714285714285714
125 126 -2.0
125 135 -1.7857142857142858
126 127 -1.7857142857142858
126 136 0.5714285714285714
127 128 -1.7857142857142858
127 136 -0.5714285714285714
127 137 1.7857142857142858
127 144 2.0
127 175 1.7857142857142858
128 129 1.7857142857142858
128 137 1.7857142857142858
128 138 -1.7857142857142858
128 231 -2.0
129 138 0.5714285714285714
129 139 0.9285714285714286
129 300 0.9285714285714286
130 131 0.9285714285714286
130 139 -1.7857142857142858
130 140 0.5714285714285714
130 370 0.5714285714285714
131 132 0.5714285714285714
131 140 -2.0
131 141 -0.5714285714285714
131 400 1.7857142857142858
131 430 -1.7857142857142858
132 133 1.7857142857142858
132 141 2.0
132 462 0.5714285714285714
132 496 -0.5714285714285714
133 134 1.7857142857142858
133 142 -2.0
133 535 0.5714285714285714
133 571 -0.9285714285714286
134 142 1.3571428571428572
134 143 0.5714285714285714
134 605 1.7857142857142858
134 643 1.7857142857142858
135 136 -0.9285714285714286
136 137 -0.5714285714285714
136 144 1.7857142857142858
137 138 -0.5714285714285714
137 175 -0.9285714285714286
138 139 2.0
138 231 -2.0
138 266 -1.7857142857142858
139 300 1.3571428571428572
140 141 -1.3571428571428572
140 370 2.0
140 400 -0.9285714285714286
141 430 0.5714285714285714
141 462 -1.3571428571428572
142 143 2.0
142 571 -2.0
142 605 -2.0
143 643 -0.5714285714285714
143 678 -1.3571428571428572
144 145 1.3571428571428572
144 152 1.3571428571428572
144 161 -0.5714285714285714
144 167 -1.3571428571428572
145 146 1.3571428571428572
145 152 1.3571428571428572
145 153 1.3571428571428572
145 196 0.9285714285714286
145 217 1.7857142857142858
145 223 1.7857142857142858
146 153 -2.0
146 154 -2.0
146 250 -0.5714285714285714
146 258 -1.7857142857142858
146 285 -2.0
146 291 -0.9285714285714286
147 154 2.0
147 155 -0.5714285714285714
147 318 -1.3571428571428572
147 326 2.0
147 355 0.5714285714285714
147 363 -1.3571428571428572
148 149 -1.3571428571428572
148 453 -0.9285714285714286
148 481 -1.3571428571428572
148 489 -0.5714285714285714
149 150 -0.5714285714285714
149 156 2.0
149 517 -2.0
149 526 -0.9285714285714286
149 562 0.5714285714285714
150 151 -1.7857142857142858
150 156 -1.3571428571428572
150 589 0.9285714285714286
150 626 -2.0
150 635 0.5714285714285714
151 157 1.3571428571428572
151 662 0.9285714285714286
152 153 -0.9285714285714286
152 161 2.0
152 167 0.9285714285714286
152 196 -0.5714285714285714
153 154 0.9285714285714286
153 217 0.5714285714285714
153 223 -1.7857142857142858
153 250 -1.3571428571428572
153 258 2.0
154 155 2.0
154 285 1.3571428571428572
154 291 -2.0
154 318 1.7857142857142858
154 326 0.9285714285714286
155 355 1.7857142857142858
155 363 0.5714285714285714
156 562 -0.9285714285714286
156 589 1.7857142857142858
156 596 -1.3571428571428572
157 158 -2.0
159 160 -2.0
159 166 1.3571428571428572
160 161 -2.0
160 166 -0.9285714285714286
160 167 1.7857142857142858
161 167 2.0
161 168 1.7857142857142858
161 175 2.0
161 181 1.3571428571428572
162 168 2.0
162 169 -0.9285714285714286
162 231 -1.3571428571428572
162 239 -1.7857142857142858
163 164 1.7857142857142858
163 172 1.7857142857142858
163 462 2.0
163 471 1.3571428571428572
163 496 0.5714285714285714
163 506 -0.5714285714285714
164 165 0.9285714285714286
164 173 2.0
164 535 2.0
164 544 1.7857142857142858
164 571 2.0
165 173 2.0
165 174 -0.9285714285714286
165 605 -0.5714285714285714
165 615 1.3571428571428572
165 643 -0.9285714285714286
165 653 2.0
166 167 1.3571428571428572
167 168 -1.7857142857142858
168 169 1.7857142857142858
168 175 2.0
168 181 -2.0
169 170 0.5714285714285714
169 231 -1.7857142857142858
169 239 -1.3571428571428572
169 266 1.7857142857142858
169 274 2.0
170 171 1.3571428571428572
170 300 2.0
170 309 1.3571428571428572
171 172 -0.5714285714285714
171 370 1.7857142857142858
171 380 1.3571428571428572
171 400 -1.7857142857142858
171 409 0.5714285714285714
172 430 2.0
172 462 -0.9285714285714286
172 471 -0.5714285714285714
173 174 -0.9285714285714286
173 571 0.5714285714285714
173 605 2.0
173 615 -0.5714285714285714
174 643 -2.0
174 653 1.3571428571428572
174 678 0.5714285714285714
175 176 1.3571428571428572
175 181 2.0
176 181 1.3571428571428572
176 182 -2.0
176 197 0.9285714285714286
176 217 -1.3571428571428572
176 224 2.0
177 184 -1.3571428571428572
177 454 2.0
177 481 -0.9285714285714286
177 490 -1.7857142857142858
178 179 -2.0
178 185 0.9285714285714286
178 589 -0.9285714285714286
178 597 2.0
178 626 1.7857142857142858
178 636 -1.7857142857142858
179 180 2.0
179 185 -0.5714285714285714
179 186 -0.9285714285714286
179 662 -0.9285714285714286
179 670 0.9285714285714286
180 186 -1.7857142857142858
180 187 -1.7857142857142858
181 182 -0.9285714285714286
181 197 -0.9285714285714286
182 217 0.9285714285714286
182 224 0.9285714285714286
182 250 1.3571428571428572
182 259 1.7857142857142858
183 355 -0.5714285714285714
184 481 2.0
184 490 -1.7857142857142858
184 517 -2.0
184 527 -0.5714285714285714
185 186 -1.7857142857142858
185 626 0.5714285714285714
185 636 -0.5714285714285714
185 662 1.3571428571428572
185 670 0.9285714285714286
186 187 0.5714285714285714
188 195 1.7857142857142858
189 190 2.0
189 197 0.5714285714285714
189 198 2.0
189 202 2.0
189 232 -0.9285714285714286
189 239 -0.5714285714285714
190 191 -1.7857142857142858
190 198 -2.0
190 274 0.5714285714285714
190 309 -0.9285714285714286
191 192 -1.3571428571428572
191 199 0.5714285714285714
191 335 0.5714285714285714
191 371 2.0
191 380 -1.7857142857142858
192 193 -0.9285714285714286
192 199 2.0
192 401 1.3571428571428572
192 409 -0.5714285714285714
192 431 -0.9285714285714286
193 463 0.5714285714285714
193 471 1.7857142857142858
193 497 -1.3571428571428572
193 506 -2.0
194 200 -0.5714285714285714
194 201 2.0
194 606 0.9285714285714286
194 644 1.3571428571428572
194 653 2.0
195 196 1.3571428571428572
196 197 -0.9285714285714286
197 198 0.5714285714285714
197 202 2.0
198 232 -2.0
198 239 -1.7857142857142858
198 274 1.3571428571428572
199 371 2.0
199 380 0.5714285714285714
199 401 -1.3571428571428572
199 409 -1.7857142857142858
200 201 -0.5714285714285714
200 606 -0.5714285714285714
200 615 -0.5714285714285714
201 644 -0.5714285714285714
201 653 1.7857142857142858
202 203 2.0
202 210 -0.5714285714285714
202 218 1.3571428571428572
202 224 1.3571428571428572
203 204 -0.5714285714285714
203 210 -1.7857142857142858
203 211 0.5714285714285714
203 251 2.0
203 259 -0.9285714285714286
203 286 -0.5714285714285714
203 292 0.9285714285714286
204 205 0.9285714285714286
204 211 -0.9285714285714286
204 212 0.9285714285714286
204 319 -1.3571428571428572
204 327 2.0
204 356 -1.3571428571428572
205 206 0.9285714285714286
205 212 -0.5714285714285714
205 389 1.7857142857142858
205 417 -0.9285714285714286
206 213 1.3571428571428572
206 447 1.3571428571428572
206 454 -1.7857142857142858
207 208 -1.3571428571428572
207 214 -1.7857142857142858
207 590 -0.9285714285714286
207 597 -1.7857142857142858
207 627 -1.7857142857142858
207 636 1.7857142857142858
208 209 2.0
208 214 2.0
208 663 1.7857142857142858
208 670 1.3571428571428572
209 215 -2.0
210 211 -1.7857142857142858
210 218 0.9285714285714286
210 224 1.3571428571428572
210 251 -0.5714285714285714
210 259 -1.7857142857142858
211 212 1.7857142857142858
211 286 -0.9285714285714286
211 292 2.0
211 319 -1.7857142857142858
211 327 -0.5714285714285714
212 356 -1.3571428571428572
212 389 -1.7857142857142858
213 482 -1.3571428571428572
213 490 -1.7857142857142858
213 527 -1.3571428571428572
214 215 0.9285714285714286
214 627 1.3571428571428572
214 636 -0.5714285714285714
214 663 -0.5714285714285714
214 670 2.0
216 222 1.7857142857142858
217 218 -1.3571428571428572
217 223 0.9285714285714286
217 224 -0.5714285714285714
218 219 1.3571428571428572
218 224 -1.3571428571428572
218 225 -2.0
218 232 0.5714285714285714
218 240 2.0
219 225 -1.3571428571428572
219 226 -1.7857142857142858
219 275 1.7857142857142858
219 301 -2.0
219 310 1.7857142857142858
220 227 -0.9285714285714286
220 228 1.3571428571428572
220 401 -0.5714285714285714
220 410 1.7857142857142858
220 431 0.9285714285714286
221 230 1.7857142857142858
221 606 -2.0
221 616 0.5714285714285714
221 644 -0.5714285714285714
221 654 0.5714285714285714
222 223 -0.5714285714285714
223 224 -0.9285714285714286
224 225 1.3571428571428572
225 226 2.0
225 232 -2.0
225 240 -2.0
225 275 2.0
226 227 0.9285714285714286
226 301 -0.5714285714285714
226 310 1.3571428571428572
226 335 2.0
226 344 -2.0
227 228 1.7857142857142858
227 371 1.3571428571428572
227 381 2.0
227 401 1.3571428571428572
227 410 -0.5714285714285714
228 229 -1.7857142857142858
228 431 -2.0
228 463 2.0
228 472 0.9285714285714286
229 497 1.3571428571428572
229 507 -0.5714285714285714
229 536 0.5714285714285714
229 545 -2.0
230 644 -1.3571428571428572
230 654 1.7857142857142858
231 232 -0.5714285714285714
231 239 1.7857142857142858
232 233 -1.7857142857142858
232 239 -0.5714285714285714
232 240 -2.0
233 234 0.9285714285714286
233 240 1.3571428571428572
233 241 0.9285714285714286
233 251 1.3571428571428572
233 260 0.9285714285714286
233 286 -2.0
233 293 -1.3571428571428572
234 235 0.9285714285714286
234 241 -1.7857142857142858
234 242 1.3571428571428572
234 319 0.5714285714285714
234 328 -2.0
234 356 2.0
234 364 1.7857142857142858
235 236 -1.7857142857142858
235 242 1.7857142857142858
235 243 -1.7857142857142858
235 389 -1.3571428571428572
235 394 2.0
235 417 -0.9285714285714286
235 425 0.5714285714285714
236 237 -2.0
236 243 -1.3571428571428572
236 244 0.9285714285714286
236 455 2.0
236 482 -2.0
236 491 1.7857142857142858
237 238 1.3571428571428572
237 518 1.7857142857142858
237 528 0.9285714285714286
237 555 2.0
237 564 -1.7857142857142858
238 245 1.7857142857142858
238 590 -1.3571428571428572
238 598 -1.3571428571428572
238 627 0.5714285714285714
238 637 0.5714285714285714
240 241 2.0
240 251 1.7857142857142858
240 260 -1.7857142857142858
241 242 0.5714285714285714
241 293 0.9285714285714286
241 319 -2.0
241 328 1.3571428571428572
242 243 -0.9285714285714286
242 356 0.9285714285714286
242 364 -0.9285714285714286
242 389 -1.3571428571428572
242 394 1.3571428571428572
243 244 2.0
243 417 1.3571428571428572
243 425 1.7857142857142858
243 447 -0.5714285714285714
243 455 0.9285714285714286
244 482 -0.5714285714285714
244 491 1.7857142857142858
245 246 -2.0
245 627 1.7857142857142858
245 637 1.3571428571428572
245 663 -0.9285714285714286
245 671 0.9285714285714286
246 247 -2.0
248 249 -1.3571428571428572
248 257 2.0
249 250 -2.0
249 257 0.5714285714285714
249 258 1.7857142857142858
250 251 2.0
250 258 0.5714285714285714
250 259 -1.3571428571428572
251 252 -1.7857142857142858
251 259 -1.7857142857142858
251 260 0.9285714285714286
252 253 0.9285714285714286
252 260 -2.0
252 261 -0.9285714285714286
252 267 2.0
252 275 2.0
252 302 -1.3571428571428572
252 310 1.7857142857142858
253 261 0.9285714285714286
253 262 0.5714285714285714
253 336 -2.0
253 344 1.3571428571428572
253 372 2.0
253 381 0.9285714285714286
254 255 2.0
254 263 -1.3571428571428572
254 264 -0.9285714285714286
254 464 1.3571428571428572
254 472 -1.7857142857142858
254 498 -0.9285714285714286
254 507 1.7857142857142858
255 256 2.0
255 264 -2.0
255 265 -1.3571428571428572
255 537 1.3571428571428572
255 545 -1.7857142857142858
255 572 0.5714285714285714
255 580 -1.3571428571428572
256 265 2.0
256 607 0.5714285714285714
256 616 1.7857142857142858
256 645 0.9285714285714286
256 654 0.9285714285714286
257 258 -0.5714285714285714
258 259 2.0
259 260 1.7857142857142858
260 261 -0.5714285714285714
260 267 -0.9285714285714286
260 275 0.5714285714285714
261 262 2.0
261 302 -1.3571428571428572
261 310 -0.9285714285714286
261 336 -2.0
261 344 0.9285714285714286
262 263 -0.9285714285714286
262 372 -0.9285714285714286
262 381 -0.9285714285714286
262 402 -0.9285714285714286
262 410 -0.9285714285714286
263 264 -1.7857142857142858
263 432 2.0
263 464 -1.3571428571428572
263 472 0.9285714285714286
264 265 0.9285714285714286
264 498 -2.0
264 507 1.7857142857142858
264 545 -0.5714285714285714
265 572 -0.5714285714285714
265 580 -2.0
265 607 -2.0
265 616 1.3571428571428572
266 274 -1.7857142857142858
267 268 2.0
267 275 1.7857142857142858
267 276 -0.5714285714285714
267 293 1.7857142857142858
268 269 -2.0
268 276 -0.5714285714285714
268 277 1.3571428571428572
268 320 0.5714285714285714
268 328 -0.5714285714285714
268 357 -1.7857142857142858
268 364 -1.3571428571428572
269 270 2.0
269 277 1.3571428571428572
269 390 -1.7857142857142858
269 394 -0.9285714285714286
269 418 1.7857142857142858
269 425 -1.3571428571428572
270 271 0.5714285714285714
270 278 -0.9285714285714286
270 455 -0.5714285714285714
270 483 1.3571428571428572
270 491 1.3571428571428572
271 272 -0.5714285714285714
271 278 -0.5714285714285714
271 279 -0.9285714285714286
271 519 0.9285714285714286
271 528 2.0
271 556 -0.9285714285714286
271 564 -2.0
272 273 1.7857142857142858
272 279 0.5714285714285714
272 280 -1.7857142857142858
272 598 0.9285714285714286
272 628 -0.5714285714285714
272 637 -0.9285714285714286
273 280 -1.7857142857142858
273 281 -1.7857142857142858
273 664 -1.7857142857142858
273 671 0.5714285714285714
274 275 0.5714285714285714
276 287 0.5714285714285714
276 293 1.7857142857142858
276 320 1.3571428571428572
276 328 -0.9285714285714286
277 357 2.0
277 390 -0.9285714285714286
277 394 2.0
278 279 2.0
278 483 -0.9285714285714286
278 519 1.7857142857142858
278 528 0.5714285714285714
279 280 -1.3571428571428572
279 556 -0.9285714285714286
279 564 1.3571428571428572
279 598 0.9285714285714286
280 281 1.7857142857142858
280 628 2.0
280 637 -2.0
280 664 -1.7857142857142858
280 671 1.3571428571428572
281 282 -0.9285714285714286
283 284 2.0
284 285 1.7857142857142858
284 291 0.5714285714285714
285 286 0.9285714285714286
285 291 0.5714285714285714
285 292 0.9285714285714286
286 287 -1.3571428571428572
286 292 -1.3571428571428572
286 293 -1.3571428571428572
287 288 -2.0
287 293 -0.9285714285714286
287 294 1.7857142857142858
287 302 2.0
287 311 -0.5714285714285714
288 289 -1.7857142857142858
288 294 -0.5714285714285714
288 295 -0.5714285714285714
288 336 -1.3571428571428572
288 345 2.0
288 372 -0.5714285714285714
288 382 0.5714285714285714
289 295 -0.5714285714285714
289 296 1.3571428571428572
289 402 -2.0
289 411 2.0
289 432 -0.9285714285714286
289 438 -0.5714285714285714
290 298 0.9285714285714286
290 299 -1.7857142857142858
290 607 1.7857142857142858
290 617 -2.0
290 645 -0.9285714285714286
290 655 -1.7857142857142858
291 292 -2.0
292 293 2.0
293 294 -0.9285714285714286
294 295 1.7857142857142858
294 302 -1.3571428571428572
294 311 -0.5714285714285714
294 336 1.7857142857142858
294 345 0.5714285714285714
295 296 0.5714285714285714
295 372 2.0
295 382 -0.5714285714285714
295 402 -0.9285714285714286
295 411 -1.7857142857142858
296 297 0.9285714285714286
296 438 -0.9285714285714286
296 464 -1.7857142857142858
296 473 1.3571428571428572
297 298 1.3571428571428572
297 498 -2.0
297 508 -0.5714285714285714
297 537 -1.7857142857142858
298 299 0.9285714285714286
298 572 2.0
298 581 -1.7857142857142858
298 607 0.9285714285714286
298 617 -1.7857142857142858
299 645 -0.5714285714285714
299 655 0.9285714285714286
299 679 0.5714285714285714
299 687 2.0
300 301 1.7857142857142858
300 309 1.3571428571428572
301 302 2.0
301 309 -0.9285714285714286
301 310 -1.3571428571428572
302 303 -0.9285714285714286
302 310 0.5714285714285714
302 311 -0.9285714285714286
303 304 -0.5714285714285714
303 311 -0.5714285714285714
303 312 -1.7857142857142858
303 320 0.9285714285714286
303 329 2.0
303 357 -2.0
304 305 2.0
304 312 -0.9285714285714286
304 390 1.7857142857142858
304 395 1.3571428571428572
304 418 -1.7857142857142858
305 456 1.7857142857142858
305 483 -1.3571428571428572
305 492 2.0
306 307 0.5714285714285714
306 313 -0.9285714285714286
306 314 -1.7857142857142858
306 599 -1.3571428571428572
306 628 1.3571428571428572
306 638 -0.5714285714285714
307 308 -1.3571428571428572
307 314 0.5714285714285714
307 664 -0.5714285714285714
307 672 1.7857142857142858
308 315 -1.7857142857142858
309 310 1.7857142857142858
310 311 1.3571428571428572
311 312 2.0
311 320 -1.3571428571428572
311 329 -0.5714285714285714
312 357 -0.9285714285714286
312 390 1.7857142857142858
312 395 -0.5714285714285714
313 314 0.5714285714285714
313 556 -0.5714285714285714
313 565 -2.0
313 599 0.5714285714285714
314 628 -0.9285714285714286
314 638 0.9285714285714286
314 664 -0.9285714285714286
314 672 2.0
316 317 0.9285714285714286
317 318 0.5714285714285714
317 326 -2.0
318 319 -0.9285714285714286
318 326 0.9285714285714286
318 327 0.9285714285714286
319 320 -1.7857142857142858
319 327 0.9285714285714286
320 321 -0.9285714285714286
320 328 -1.7857142857142858
320 329 1.3571428571428572
321 322 -1.3571428571428572
321 329 2.0
321 330 1.7857142857142858
321 337 -0.9285714285714286
321 345 2.0
321 373 -2.0
321 382 -2.0
322 323 0.9285714285714286
322 330 -0.9285714285714286
322 331 -0.5714285714285714
322 403 1.3571428571428572
322 411 -0.5714285714285714
322 433 2.0
322 438 2.0
323 324 -0.5714285714285714
323 331 2.0
323 332 1.3571428571428572
323 473 -2.0
323 499 0.9285714285714286
323 508 -0.9285714285714286
324 325 -0.5714285714285714
324 332 -1.7857142857142858
324 333 0.9285714285714286
324 538 1.3571428571428572
324 573 1.3571428571428572
324 581 -2.0
325 333 -1.7857142857142858
325 334 1.7857142857142858
325 608 -1.3571428571428572
325 617 -0.9285714285714286
325 646 -2.0
325 655 1.7857142857142858
326 327 2.0
327 328 0.5714285714285714
328 329 1.7857142857142858
329 330 -2.0
329 337 -1.7857142857142858
329 345 -0.9285714285714286
330 331 1.7857142857142858
330 382 -1.7857142857142858
330 403 -2.0
330 411 -1.7857142857142858
331 332 -1.7857142857142858
331 433 -1.3571428571428572
331 438 -2.0
331 473 1.3571428571428572
332 333 0.9285714285714286
332 499 2.0
332 508 -0.5714285714285714
332 538 -1.7857142857142858
333 334 1.3571428571428572
333 573 2.0
333 581 -1.7857142857142858
333 608 1.3571428571428572
333 617 -2.0
334 646 1.7857142857142858
334 655 -0.9285714285714286
334 680 2.0
334 687 -0.5714285714285714
335 336 -1.7857142857142858
335 344 -0.9285714285714286
336 337 -0.5714285714285714
336 344 2.0
336 345 2.0
337 338 -0.9285714285714286
337 345 -1.7857142857142858
337 346 -1.7857142857142858
337 358 -1.3571428571428572
338 346 -2.0
338 347 -1.3571428571428572
338 391 -0.5714285714285714
338 395 1.3571428571428572
338 419 1.3571428571428572
339 340 -1.7857142857142858
339 347 2.0
339 348 -2.0
339 456 1.3571428571428572
339 484 2.0
339 492 -2.0
340 341 -2.0
340 348 -1.3571428571428572
340 349 -0.9285714285714286
340 520 -0.9285714285714286
340 529 -0.9285714285714286
340 557 2.0
340 565 0.5714285714285714
341 342 -1.7857142857142858
341 350 -1.7857142857142858
341 591 -0.5714285714285714
341 629 0.5714285714285714
341 638 -1.3571428571428572
342 343 2.0
342 350 -1.3571428571428572
342 351 -1.7857142857142858
342 665 -0.5714285714285714
342 672 -0.9285714285714286
343 351 1.7857142857142858
343 352 -1.3571428571428572
344 345 1.7857142857142858
345 346 0.9285714285714286
346 347 0.9285714285714286
346 358 -1.3571428571428572
346 391 0.5714285714285714
346 395 -0.9285714285714286
347 348 0.9285714285714286
347 419 2.0
347 456 0.9285714285714286
348 349 -0.5714285714285714
348 484 0.9285714285714286
348 492 1.3571428571428572
348 520 -1.3571428571428572
348 529 -2.0
349 350 1.7857142857142858
349 557 0.5714285714285714
349 565 -2.0
349 591 2.0
349 599 -0.9285714285714286
350 351 -0.9285714285714286
350 629 2.0
350 638 0.9285714285714286
350 665 0.9285714285714286
350 672 0.9285714285714286
351 352 1.3571428571428572
353 354 -1.7857142857142858
354 355 2.0
354 363 -1.3571428571428572
355 356 0.9285714285714286
355 363 1.7857142857142858
356 357 0.5714285714285714
357 364 1.3571428571428572
358 359 -1.3571428571428572
358 365 0.5714285714285714
358 373 2.0
359 360 -2.0
359 365 -1.3571428571428572
359 366 -1.7857142857142858
359 403 0.9285714285714286
359 412 1.3571428571428572
359 433 0.9285714285714286
359 439 1.7857142857142858
360 361 2.0
360 366 -0.5714285714285714
360 367 -2.0
360 474 -2.0
360 499 0.9285714285714286
360 509 2.0
361 362 2.0
361 367 1.3571428571428572
361 368 -0.5714285714285714
361 538 0.5714285714285714
361 546 1.3571428571428572
361 573 -0.5714285714285714
361 582 -2.0
362 368 -2.0
362 369 -0.9285714285714286
362 618 0.9285714285714286
362 646 1.7857142857142858
362 656 -2.0
365 366 1.3571428571428572
365 373 -0.5714285714285714
365 412 0.9285714285714286
366 367 1.7857142857142858
366 474 -1.7857142857142858
367 368 1.3571428571428572
367 499 -1.3571428571428572
367 509 0.5714285714285714
367 538 1.7857142857142858
367 546 -1.3571428571428572
368 369 -2.0
368 573 -0.9285714285714286
368 582 -1.7857142857142858
368 608 2.0
368 618 -2.0
369 656 0.9285714285714286
369 680 0.9285714285714286
369 688 -2.0
370 380 -0.5714285714285714
371 372 -0.5714285714285714
371 380 1.7857142857142858
371 381 0.5714285714285714
372 373 -2.0
372 381 -0.5714285714285714
372 382 0.5714285714285714
373 374 -1.7857142857142858
373 382 2.0
374 375 -0.9285714285714286
374 383 -1.7857142857142858
374 391 0.9285714285714286
374 396 -0.5714285714285714
374 419 0.5714285714285714
374 426 -0.5714285714285714
375 376 -0.9285714285714286
375 383 -2.0
375 384 0.9285714285714286
375 457 -1.3571428571428572
375 484 -0.9285714285714286
376 377 -0.9285714285714286
376 384 -1.3571428571428572
376 385 -0.9285714285714286
376 520 1.3571428571428572
376 530 -0.5714285714285714
376 557 1.3571428571428572
376 566 -0.9285714285714286
377 378 2.0
377 385 1.3571428571428572
377 386 -2.0
377 591 1.7857142857142858
377 600 -0.5714285714285714
377 629 0.9285714285714286
377 639 0.9285714285714286
378 379 0.9285714285714286
378 386 -0.9285714285714286
378 665 -1.3571428571428572
378 673 0.9285714285714286
379 387 0.5714285714285714
381 382 -0.9285714285714286
383 384 -0.5714285714285714
383 419 2.0
383 426 1.3571428571428572
384 385 -1.7857142857142858
384 484 -1.3571428571428572
384 520 -1.7857142857142858
384 530 -2.0
385 386 -0.9285714285714286
385 557 -2.0
385 566 1.3571428571428572
385 591 2.0
385 600 -2.0
386 629 1.7857142857142858
386 639 -1.7857142857142858
386 665 -0.5714285714285714
386 673 2.0
389 390 1.3571428571428572
389 394 0.5714285714285714
390 391 1.7857142857142858
390 394 -0.5714285714285714
390 395 -1.3571428571428572
391 395 -0.9285714285714286
391 396 1.3571428571428572
392 393 -0.5714285714285714
392 397 0.9285714285714286
392 398 -0.5714285714285714
392 465 -2.0
392 474 1.3571428571428572
392 500 -1.7857142857142858
392 509 -2.0
393 398 1.7857142857142858
393 539 -0.5714285714285714
393 546 1.7857142857142858
393 574 -0.5714285714285714
393 582 1.3571428571428572
394 395 0.9285714285714286
395 396 0.9285714285714286
396 397 2.0
396 412 -1.7857142857142858
397 398 1.3571428571428572
397 439 -0.5714285714285714
397 465 -0.5714285714285714
397 474 1.3571428571428572
398 500 -1.7857142857142858
398 509 0.9285714285714286
398 539 -2.0
398 546 -1.3571428571428572
399 647 -1.3571428571428572
399 656 1.3571428571428572
399 681 2.0
400 401 -1.3571428571428572
400 409 -1.3571428571428572
401 409 0.5714285714285714
401 410 -0.5714285714285714
402 403 1.7857142857142858
402 410 2.0
402 411 -2.0
403 411 1.3571428571428572
403 412 1.3571428571428572
404 413 -1.3571428571428572
404 448 -2.0
404 457 -1.3571428571428572
405 406 1.7857142857142858
405 414 0.5714285714285714
405 521 1.7857142857142858
405 530 -1.7857142857142858
405 558 2.0
405 566 0.9285714285714286
406 407 -1.3571428571428572
406 592 -0.9285714285714286
406 600 -1.3571428571428572
406 639 -2.0
407 408 -0.5714285714285714
407 415 -2.0
407 666 1.7857142857142858
407 673 -1.3571428571428572
408 415 -1.7857142857142858
408 416 -2.0
409 410 0.9285714285714286
410 411 2.0
411 412 -1.3571428571428572
412 413 -1.7857142857142858
413 414 0.5714285714285714
413 420 -0.9285714285714286
413 426 -2.0
413 448 0.9285714285714286
413 457 -0.5714285714285714
414 521 1.3571428571428572
414 530 -1.7857142857142858
415 416 -1.7857142857142858
417 418 1.3571428571428572
417 425 -0.5714285714285714
418 419 -2.0
418 425 0.9285714285714286
419 420 2.0
419 426 -0.9285714285714286
420 421 -0.5714285714285714
420 426 2.0
420 427 -1.7857142857142858
420 440 -1.3571428571428572
421 422 2.0
421 427 2.0
421 428 1.7857142857142858
421 465 0.9285714285714286
421 475 -0.9285714285714286
421 500 -0.5714285714285714
421 510 0.5714285714285714
422 423 -2.0
422 428 1.7857142857142858
422 429 -1.3571428571428572
422 539 0.5714285714285714
422 547 -0.9285714285714286
422 574 1.7857142857142858
422 583 0.5714285714285714
423 429 -1.7857142857142858
423 609 -0.9285714285714286
423 619 -1.7857142857142858
423 647 -0.5714285714285714
423 657 1.3571428571428572
426 427 -0.9285714285714286
427 428 -0.5714285714285714
427 440 0.5714285714285714
427 465 0.5714285714285714
427 475 0.9285714285714286
428 429 -0.9285714285714286
428 500 0.9285714285714286
428 510 0.5714285714285714
428 539 -1.7857142857142858
428 547 -2.0
429 574 -2.0
429 583 1.7857142857142858
429 609 -0.5714285714285714
429 619 -2.0
430 431 2.0
431 432 -1.3571428571428572
432 433 -0.9285714285714286
433 438 0.5714285714285714
433 439 0.5714285714285714
434 435 -1.7857142857142858
434 440 -1.7857142857142858
434 441 0.5714285714285714
434 448 2.0
434 458 -1.3571428571428572
435 436 0.9285714285714286
435 441 -1.3571428571428572
435 521 -1.7857142857142858
435 531 -1.7857142857142858
435 558 -2.0
435 567 2.0
436 437 -1.3571428571428572
436 442 1.7857142857142858
436 443 2.0
436 592 -0.5714285714285714
436 601 1.7857142857142858
436 630 1.3571428571428572
436 640 2.0
437 443 0.5714285714285714
437 666 -1.7857142857142858
437 674 0.9285714285714286
438 439 -2.0
439 440 -1.3571428571428572
440 441 -0.5714285714285714
440 448 -0.5714285714285714
440 458 1.3571428571428572
441 442 2.0
441 521 -0.5714285714285714
441 531 -1.3571428571428572
442 443 0.5714285714285714
442 558 1.3571428571428572
442 592 -0.9285714285714286
442 601 2.0
443 630 1.7857142857142858
443 640 0.5714285714285714
443 666 -1.7857142857142858
443 674 -2.0
445 446 -1.3571428571428572
445 452 -1.7857142857142858
446 452 -1.3571428571428572
446 453 1.3571428571428572
447 454 -0.5714285714285714
447 455 -1.7857142857142858
448 449 2.0
448 457 -0.9285714285714286
448 458 1.3571428571428572
449 450 0.5714285714285714
449 458 0.5714285714285714
449 459 0.5714285714285714
449 466 -1.7857142857142858
449 475 -1.7857142857142858
449 501 2.0
449 510 1.3571428571428572
450 451 -0.9285714285714286
450 459 -0.5714285714285714
450 460 -1.7857142857142858
450 540 1.7857142857142858
450 547 1.3571428571428572
450 575 -1.3571428571428572
450 583 -2.0
451 460 0.9285714285714286
451 461 1.7857142857142858
451 610 0.5714285714285714
451 648 -1.7857142857142858
451 657 1.3571428571428572
452 453 2.0
453 454 -0.9285714285714286
454 455 0.5714285714285714
455 456 -1.7857142857142858
456 457 -0.9285714285714286
457 458 1.3571428571428572
458 459 -0.9285714285714286
458 466 0.9285714285714286
458 475 -0.9285714285714286
459 460 -2.0
459 501 2.0
459 510 -0.9285714285714286
459 547 2.0
460 461 1.7857142857142858
460 575 -0.5714285714285714
460 583 -0.5714285714285714
460 610 1.7857142857142858
460 619 0.9285714285714286
461 648 -0.9285714285714286
461 657 -1.7857142857142858
461 682 1.7857142857142858
461 689 2.0
462 463 2.0
462 471 2.0
463 464 -0.9285714285714286
463 471 -0.9285714285714286
463 472 0.5714285714285714
464 472 0.5714285714285714
464 473 -1.7857142857142858
465 466 -2.0
465 474 0.9285714285714286
465 475 -0.5714285714285714
466 467 -2.0
466 475 0.9285714285714286
466 476 1.7857142857142858
466 485 1.3571428571428572
467 468 -0.9285714285714286
467 476 1.3571428571428572
467 477 0.9285714285714286
467 522 1.7857142857142858
467 531 -1.3571428571428572
467 559 -1.3571428571428572
467 567 -0.9285714285714286
468 469 1.3571428571428572
468 477 -2.0
468 478 0.5714285714285714
468 593 -0.9285714285714286
468 601 -0.5714285714285714
468 631 -0.9285714285714286
468 640 2.0
469 470 -2.0
469 478 0.5714285714285714
469 667 -1.3571428571428572
469 674 2.0
471 472 -0.5714285714285714
472 473 -1.3571428571428572
473 474 -2.0
474 475 -2.0
475 476 1.3571428571428572
476 477 1.3571428571428572
476 485 2.0
476 522 0.5714285714285714
476 531 2.0
477 478 -2.0
477 559 1.3571428571428572
477 567 0.5714285714285714
477 593 0.9285714285714286
477 601 -0.5714285714285714
478 631 0.5714285714285714
478 640 -0.5714285714285714
478 667 -1.7857142857142858
478 674 -1.3571428571428572
479 480 -1.3571428571428572
479 488 1.7857142857142858
480 481 -0.5714285714285714
480 488 -0.5714285714285714
481 482 1.7857142857142858
481 489 2.0
481 490 1.7857142857142858
482 483 -1.3571428571428572
482 490 0.5714285714285714
482 491 -0.9285714285714286
483 484 -1.3571428571428572
483 491 -1.7857142857142858
483 492 1.3571428571428572
484 492 1.7857142857142858
485 486 0.5714285714285714
485 493 0.5714285714285714
485 501 -2.0
485 511 0.5714285714285714
486 487 -1.3571428571428572
486 493 0.9285714285714286
486 494 0.5714285714285714
486 540 -0.5714285714285714
486 548 0.5714285714285714
486 575 -0.5714285714285714
487 494 -0.5714285714285714
487 495 -1.7857142857142858
487 610 -0.9285714285714286
487 620 -2.0
487 648 -1.7857142857142858
488 489 -0.9285714285714286
489 490 -1.3571428571428572
490 491 0.5714285714285714
491 492 -1.7857142857142858
493 494 -1.3571428571428572
493 501 -1.3571428571428572
493 511 -0.5714285714285714
493 540 2.0
493 548 0.9285714285714286
494 495 2.0
494 575 0.5714285714285714
494 584 0.9285714285714286
494 610 -0.9285714285714286
494 620 -2.0
495 648 -2.0
495 682 -1.3571428571428572
495 690 -2.0
496 497 2.0
496 506 -0.5714285714285714
497 498 -0.9285714285714286
497 506 -0.9285714285714286
497 507 0.5714285714285714
498 499 1.3571428571428572
498 507 1.7857142857142858
498 508 0.5714285714285714
499 500 0.5714285714285714
499 508 -1.7857142857142858
499 509 -0.5714285714285714
500 501 1.7857142857142858
500 509 1.7857142857142858
500 510 -0.9285714285714286
501 502 -1.3571428571428572
501 510 -1.3571428571428572
501 511 -0.5714285714285714
502 503 -1.7857142857142858
502 512 1.3571428571428572
502 522 -1.3571428571428572
502 532 -1.3571428571428572
502 559 2.0
502 568 -2.0
503 504 -1.7857142857142858
503 512 1.3571428571428572
503 513 -0.5714285714285714
503 593 1.7857142857142858
503 602 1.3571428571428572
503 631 1.7857142857142858
503 641 0.5714285714285714
504 513 1.3571428571428572
504 514 2.0
504 667 1.7857142857142858
504 675 0.5714285714285714
505 514 -0.9285714285714286
505 515 -0.9285714285714286
507 508 1.3571428571428572
508 509 0.9285714285714286
509 510 0.9285714285714286
510 511 -0.9285714285714286
511 522 -0.5714285714285714
511 532 2.0
512 513 1.3571428571428572
512 559 -1.3571428571428572
512 568 1.7857142857142858
512 593 0.9285714285714286
512 602 2.0
513 514 -0.9285714285714286
513 631 -1.3571428571428572
513 641 -0.5714285714285714
513 667 -2.0
513 675 -1.7857142857142858
514 515 -0.5714285714285714
516 525 1.7857142857142858
517 518 2.0
517 526 -1.7857142857142858
517 527 0.5714285714285714
518 519 -1.3571428571428572
518 527 0.9285714285714286
518 528 1.3571428571428572
519 520 -1.7857142857142858
519 528 -0.9285714285714286
519 529 -0.5714285714285714
520 521 -0.9285714285714286
520 529 -0.9285714285714286
520 530 -1.3571428571428572
521 522 0.5714285714285714
521 530 -1.7857142857142858
521 531 -0.5714285714285714
522 523 -2.0
522 531 -1.7857142857142858
522 532 -2.0
523 524 1.7857142857142858
523 532 0.9285714285714286
523 533 2.0
523 548 -2.0
523 576 1.3571428571428572
523 584 -1.3571428571428572
524 533 2.0
524 534 1.3571428571428572
524 611 -1.3571428571428572
524 620 -0.9285714285714286
524 649 0.5714285714285714
525 526 -0.5714285714285714
526 527 0.5714285714285714
527 528 1.3571428571428572
528 529 0.9285714285714286
529 530 -0.9285714285714286
530 531 -0.9285714285714286
531 532 -0.9285714285714286
532 533 -2.0
532 548 0.5714285714285714
533 534 0.5714285714285714
533 576 -1.3571428571428572
533 584 2.0
533 611 -2.0
533 620 0.5714285714285714
534 649 -2.0
534 683 -0.5714285714285714
534 690 1.3571428571428572
535 536 -1.3571428571428572
535 544 1.7857142857142858
536 537 -0.5714285714285714
536 544 1.3571428571428572
536 545 -1.3571428571428572
537 538 1.7857142857142858
537 545 0.5714285714285714
538 539 1.7857142857142858
538 546 -1.3571428571428572
539 540 -2.0
539 546 1.7857142857142858
540 547 1.3571428571428572
540 548 0.5714285714285714
541 542 -0.9285714285714286
541 549 -0.5714285714285714
541 550 -1.3571428571428572
541 594 0.5714285714285714
541 602 -0.9285714285714286
541 632 -0.9285714285714286
541 641 1.3571428571428572
542 543 0.5714285714285714
542 550 -1.3571428571428572
542 551 0.5714285714285714
542 668 1.7857142857142858
542 675 -2.0
543 551 -0.5714285714285714
543 552 -0.9285714285714286
544 545 -0.9285714285714286
546 547 -0.5714285714285714
547 548 -0.5714285714285714
548 549 -1.7857142857142858
549 550 -2.0
549 560 -1.7857142857142858
549 568 1.3571428571428572
549 594 0.5714285714285714
549 602 2.0
550 551 -2.0
550 632 -1.7857142857142858
550 641 -0.9285714285714286
550 668 0.9285714285714286
550 675 -1.3571428571428572
551 552 2.0
553 554 0.9285714285714286
553 561 0.5714285714285714
554 561 -2.0
554 562 -2.0
555 556 1.3571428571428572
555 563 -1.7857142857142858
555 564 -1.3571428571428572
556 557 1.7857142857142858
556 564 1.7857142857142858
556 565 -0.5714285714285714
557 558 -1.7857142857142858
557 565 -1.7857142857142858
557 566 0.9285714285714286
558 559 -1.7857142857142858
558 566 -0.9285714285714286
558 567 -0.5714285714285714
559 560 -2.0
559 567 0.5714285714285714
559 568 -2.0
560 568 -1.3571428571428572
560 569 -0.5714285714285714
560 576 -2.0
561 562 1.7857142857142858
562 563 1.3571428571428572
563 564 0.9285714285714286
564 565 -0.9285714285714286
566 567 0.5714285714285714
567 568 -1.7857142857142858
568 569 0.5714285714285714
569 570 0.5714285714285714
569 576 -1.3571428571428572
569 611 -0.9285714285714286
569 621 1.3571428571428572
570 649 0.5714285714285714
570 683 -1.3571428571428572
570 691 -1.3571428571428572
572 573 2.0
572 580 1.3571428571428572
572 581 -0.5714285714285714
573 574 -0.9285714285714286
573 581 1.7857142857142858
573 582 0.5714285714285714
574 575 -0.9285714285714286
574 582 -0.9285714285714286
574 583 0.5714285714285714
575 576 -1.3571428571428572
575 583 0.5714285714285714
575 584 1.7857142857142858
576 577 0.9285714285714286
576 584 -1.3571428571428572
577 578 -2.0
577 585 0.9285714285714286
577 594 -2.0
577 603 1.7857142857142858
577 632 -1.3571428571428572
578 579 0.9285714285714286
578 585 2.0
578 586 1.7857142857142858
578 668 1.7857142857142858
578 676 1.3571428571428572
579 586 0.5714285714285714
579 587 0.9285714285714286
580 581 -1.7857142857142858
581 582 -0.9285714285714286
582 583 0.9285714285714286
583 584 0.5714285714285714
585 586 0.9285714285714286
585 632 0.5714285714285714
585 668 2.0
585 676 0.5714285714285714
586 587 0.5714285714285714
588 589 -2.0
588 595 -1.7857142857142858
588 596 -0.5714285714285714
589 590 2.0
589 596 -0.5714285714285714
589 597 -0.5714285714285714
590 597 0.9285714285714286
590 598 1.3571428571428572
591 592 -0.9285714285714286
591 599 0.9285714285714286
591 600 -2.0
592 593 -1.7857142857142858
592 600 2.0
592 601 1.3571428571428572
593 594 1.7857142857142858
593 601 -1.7857142857142858
593 602 0.5714285714285714
594 602 -0.5714285714285714
594 603 -0.5714285714285714
595 596 1.3571428571428572
596 597 0.9285714285714286
597 598 -2.0
598 599 -0.5714285714285714
599 600 -1.7857142857142858
600 601 -0.9285714285714286
601 602 -2.0
602 603 1.7857142857142858
603 604 1.3571428571428572
603 612 2.0
603 621 1.3571428571428572
604 650 0.5714285714285714
604 684 -1.3571428571428572
604 691 1.7857142857142858
605 606 1.3571428571428572
605 615 1.7857142857142858
606 607 1.3571428571428572
606 615 1.7857142857142858
606 616 -1.3571428571428572
607 608 0.5714285714285714
607 617 -0.9285714285714286
608 609 -2.0
608 617 0.5714285714285714
608 618 1.7857142857142858
609 610 0.9285714285714286
609 618 -1.7857142857142858
609 619 -1.7857142857142858
610 611 -1.3571428571428572
610 619 -1.3571428571428572
610 620 -2.0
611 612 -0.5714285714285714
611 620 -0.9285714285714286
611 621 -0.9285714285714286
612 613 1.7857142857142858
612 621 -0.5714285714285714
612 622 2.0
612 633 1.7857142857142858
613 614 -1.7857142857142858
613 622 0.5714285714285714
613 623 0.5714285714285714
613 676 2.0
614 623 -2.0
614 624 -0.9285714285714286
615 616 -1.3571428571428572
616 617 -1.3571428571428572
617 618 -0.5714285714285714
618 619 0.9285714285714286
619 620 2.0
620 621 -1.3571428571428572
621 622 1.7857142857142858
622 623 -0.9285714285714286
622 633 -1.3571428571428572
622 676 -1.3571428571428572
623 624 1.7857142857142858
625 634 -2.0
625 635 1.3571428571428572
626 627 -0.5714285714285714
626 635 -1.7857142857142858
626 636 -0.9285714285714286
627 628 2.0
627 636 -2.0
627 637 0.9285714285714286
628 629 -1.7857142857142858
628 637 -1.7857142857142858
628 638 -0.9285714285714286
629 630 -2.0
629 638 0.9285714285714286
629 639 -1.3571428571428572
630 631 -0.9285714285714286
630 639 -0.9285714285714286
630 640 2.0
631 632 1.7857142857142858
631 640 0.9285714285714286
631 641 -1.3571428571428572
632 633 -1.3571428571428572
632 641 0.9285714285714286
633 642 -1.7857142857142858
633 650 -1.7857142857142858
633 658 1.7857142857142858
634 635 1.3571428571428572
635 636 -2.0
636 637 -2.0
637 638 2.0
638 639 -0.5714285714285714
639 640 1.3571428571428572
640 641 -0.5714285714285714
642 650 0.5714285714285714
642 658 0.5714285714285714
642 684 -1.7857142857142858
642 692 -1.3571428571428572
643 644 -0.9285714285714286
643 653 1.7857142857142858
644 645 0.5714285714285714
644 653 0.9285714285714286
644 654 -0.9285714285714286
645 646 -0.5714285714285714
645 654 -2.0
645 655 1.7857142857142858
646 647 -0.5714285714285714
646 655 -0.5714285714285714
646 656 -1.7857142857142858
647 648 -0.5714285714285714
647 656 2.0
647 657 -0.9285714285714286
648 649 0.9285714285714286
648 657 1.7857142857142858
649 650 2.0
650 651 -1.7857142857142858
650 658 -0.5714285714285714
651 652 -2.0
651 658 2.0
651 659 1.3571428571428572
651 677 -0.5714285714285714
652 659 1.7857142857142858
652 660 -1.3571428571428572
653 654 -2.0
654 655 -1.3571428571428572
655 656 0.9285714285714286
656 657 0.5714285714285714
658 659 0.9285714285714286
658 677 -2.0
661 669 -1.3571428571428572
662 663 1.3571428571428572
662 670 0.5714285714285714
663 664 0.9285714285714286
663 670 -0.5714285714285714
663 671 -1.3571428571428572
664 665 2.0
664 671 0.5714285714285714
664 672 0.5714285714285714
665 666 0.9285714285714286
665 672 -1.7857142857142858
665 673 -0.9285714285714286
666 667 -1.3571428571428572
666 673 2.0
667 668 1.3571428571428572
667 674 -1.3571428571428572
667 675 -1.3571428571428572
668 675 -0.5714285714285714
668 676 -1.3571428571428572
670 671 0.5714285714285714
671 672 0.9285714285714286
672 673 1.3571428571428572
674 675 -1.7857142857142858
675 676 2.0
676 677 -1.7857142857142858
677 685 -2.0
677 692 0.9285714285714286
679 680 1.7857142857142858
679 687 0.5714285714285714
680 681 -0.5714285714285714
680 687 -1.3571428571428572
680 688 -0.9285714285714286
681 682 -2.0
681 688 -2.0
681 689 -0.5714285714285714
682 683 1.7857142857142858
682 690 0.9285714285714286
683 684 1.7857142857142858
683 690 -2.0
683 691 -0.9285714285714286
684 685 0.5714285714285714
684 691 0.9285714285714286
684 692 2.0
685 686 -0.9285714285714286
685 693 1.3571428571428572
686 693 1.7857142857142858
686 694 -2.0
687 688 0.5714285714285714
688 689 0.5714285714285714
689 690 -1.3571428571428572
690 691 -0.5714285714285714
691 692 0.9285714285714286
692 693 0.5714285714285714
693 694 -0.5714285714285714
