839 3401
1 1 -3.0
2 2 -2.5
3 3 -4.571428571428571
4 4 5.071428571428571
5 5 1.357142857142857
6 6 3.0
7 7 0.7142857142857142
8 8 -4.642857142857143
9 9 1.3571428571428572
10 10 -0.07142857142857206
11 11 -0.5714285714285712
12 12 4.571428571428571
13 13 0.5
14 14 -0.7857142857142856
15 15 -4.642857142857142
16 16 4.428571428571429
17 17 -0.4285714285714286
18 18 -1.6428571428571428
19 19 0.3571428571428572
20 20 2.571428571428571
21 21 1.5000000000000002
22 22 -2.220446049250313e-16
23 23 -0.4285714285714286
24 24 5.142857142857143
25 25 0.2142857142857144
26 26 -0.7857142857142858
27 27 0.4285714285714288
28 28 2.571428571428571
29 29 2.9285714285714284
30 30 8.857142857142858
31 31 -0.5714285714285716
32 32 0.7142857142857144
33 33 2.428571428571429
34 34 -0.7857142857142856
35 35 0.2142857142857144
36 36 1.7857142857142858
37 37 -2.357142857142857
38 38 1.4285714285714286
39 39 1.3571428571428574
40 40 5.2857142857142865
41 41 1.5714285714285716
42 42 -1.8571428571428574
43 43 -4.714285714285714
44 44 3.357142857142857
45 45 1.1428571428571428
46 46 -2.5714285714285716
47 47 0.2142857142857142
48 48 -3.7142857142857153
49 49 -7.142857142857143
50 50 -0.1428571428571428
51 51 0.4285714285714286
52 52 0.7857142857142858
53 53 2.357142857142857
54 54 -0.5714285714285714
55 55 4.7857142857142865
56 56 -0.1428571428571428
57 57 -0.5714285714285714
58 58 4.142857142857142
59 59 1.3571428571428572
60 60 -5.214285714285714
61 61 1.642857142857143
62 62 -5.142857142857142
63 63 6.5
64 64 -2.357142857142857
65 65 -0.7142857142857142
66 66 -3.1428571428571432
67 67 -3.2857142857142856
68 68 -0.0714285714285714
69 69 2.7857142857142856
70 70 -1.5714285714285716
71 71 -1.3571428571428572
72 72 1.642857142857143
73 73 7.714285714285715
75 75 -3.8571428571428577
76 76 -1.2857142857142858
78 78 -8.142857142857142
79 79 2.2142857142857144
80 80 -6.2142857142857135
81 81 0.5714285714285714
82 82 -0.2857142857142856
83 83 1.1428571428571428
84 84 -1.3571428571428574
85 85 0.2142857142857144
86 86 -5.214285714285714
87 87 -1.5000000000000002
88 88 -1.5714285714285714
89 89 -0.7857142857142858
90 90 1.5714285714285714
91 91 -1.3571428571428572
92 92 -5.428571428571429
93 93 -3.8571428571428577
94 94 -0.785714285714286
95 95 1.9285714285714282
96 96 -4.571428571428572
97 97 -2.3571428571428577
98 98 2.428571428571429
99 99 -2.1428571428571423
100 100 -5.285714285714286
101 101 0.5714285714285714
103 103 -0.2142857142857142
104 104 2.428571428571429
105 105 -4.928571428571429
106 106 5.357142857142857
107 107 4.642857142857144
108 108 -1.2142857142857144
109 109 -8.285714285714286
110 110 0.8571428571428572
111 111 2.8571428571428568
112 112 0.9285714285714286
113 113 -7.714285714285714
114 114 -1.9999999999999998
115 115 -4.928571428571429
116 116 -0.642857142857143
117 117 0.7142857142857142
118 118 5.857142857142858
119 119 2.928571428571429
120 120 5.0
121 121 -3.6428571428571423
122 122 -0.21428571428571397
123 123 -2.928571428571428
124 124 0.1428571428571428
125 125 1.0
126 126 4.0
127 127 8.785714285714286
128 128 1.2142857142857144
129 129 0.4285714285714286
130 130 -3.2142857142857144
131 131 -1.4285714285714286
132 132 -4.285714285714286
133 133 3.0714285714285716
134 134 5.071428571428571
135 135 9.0
136 136 -0.07142857142857117
137 137 -1.0714285714285712
138 138 3.428571428571429
139 139 -4.642857142857142
140 140 1.3571428571428568
141 141 -2.5714285714285716
142 142 -2.142857142857143
143 143 -3.0
144 144 3.5714285714285716
145 145 -3.7142857142857144
146 146 3.0
147 147 -3.3571428571428577
148 148 0.0714285714285714
149 149 -0.4999999999999998
150 150 -4.071428571428572
151 151 -0.714285714285714
152 152 3.7142857142857144
153 153 3.7142857142857144
154 154 2.7857142857142856
155 155 -3.8571428571428568
156 156 -1.5
157 157 -0.5714285714285714
158 158 -3.428571428571429
159 159 0.6428571428571428
160 160 0.21428571428571352
161 161 -1.3571428571428574
162 162 -0.3571428571428572
163 163 2.4285714285714284
164 164 5.5
165 165 -0.07142857142857117
166 166 0.9285714285714282
167 167 -3.857142857142857
168 168 -0.7142857142857142
169 169 -3.3571428571428577
170 170 -5.142857142857143
171 171 0.9285714285714286
172 172 -0.5714285714285716
173 173 3.0
174 174 -2.857142857142857
175 175 -4.071428571428572
176 176 0.7857142857142858
177 177 -5.357142857142857
178 178 3.142857142857143
179 179 2.714285714285714
180 180 -3.8571428571428577
181 181 0.357142857142857
182 182 0.2857142857142858
183 183 0.7857142857142858
184 184 0.2142857142857144
185 185 0.3571428571428572
186 186 0.0714285714285714
187 187 -2.071428571428571
188 188 -2.285714285714286
189 189 -2.785714285714286
190 190 3.1428571428571432
191 191 3.071428571428572
192 192 3.428571428571429
193 193 6.642857142857142
194 194 -1.0000000000000004
195 195 0.9285714285714286
196 196 5.071428571428571
197 197 3.2857142857142856
198 198 -1.2857142857142858
199 199 3.2142857142857144
200 200 0.714285714285714
201 201 4.571428571428571
202 202 1.7857142857142856
203 203 5.785714285714286
204 204 0.7857142857142858
205 205 -2.9285714285714284
206 206 -1.4285714285714286
207 207 -1.0714285714285712
208 208 2.857142857142857
209 209 -3.3571428571428568
210 210 -0.7142857142857142
211 211 -3.071428571428571
212 212 0.9285714285714288
213 213 0.2142857142857142
214 214 -2.7857142857142856
215 215 -6.5
216 216 2.3571428571428568
217 217 -0.2857142857142856
218 218 1.2857142857142856
219 219 -1.9285714285714286
220 220 -2.142857142857143
221 221 1.0
222 222 0.2857142857142858
223 223 0.5714285714285712
224 224 2.857142857142857
225 225 -1.0
226 226 -0.7857142857142865
227 227 3.7142857142857153
228 228 -0.7142857142857142
229 229 0.5714285714285714
230 230 1.4285714285714286
231 231 -0.8571428571428572
232 232 -3.2142857142857144
233 233 1.2857142857142858
234 234 2.5714285714285716
235 235 -4.142857142857142
236 236 0.7857142857142858
237 237 1.9285714285714284
238 238 0.1428571428571428
239 239 -3.0
240 240 5.071428571428572
241 241 0.0714285714285714
242 242 -2.928571428571429
243 243 1.7857142857142858
244 244 -2.285714285714286
245 245 4.357142857142857
246 246 -2.5714285714285716
247 247 7.071428571428572
248 248 -2.4285714285714284
249 249 -3.5714285714285716
250 250 -3.7857142857142856
251 251 2.214285714285714
252 252 2.6428571428571423
253 253 1.4285714285714286
254 254 -1.0714285714285718
255 255 4.428571428571429
256 256 -1.9285714285714284
257 257 -3.0000000000000004
258 258 2.5000000000000004
259 259 2.5
260 260 6.428571428571429
261 261 -0.7857142857142856
262 262 0.5714285714285714
264 264 -6.42857142857143
265 265 -1.285714285714286
266 266 -1.6428571428571423
267 267 1.4285714285714286
268 268 -0.2857142857142856
269 269 7.571428571428571
270 270 2.220446049250313e-16
271 271 -6.5
272 272 -4.428571428571429
273 273 5.5
274 274 2.0714285714285716
275 275 0.4285714285714284
276 276 6.071428571428571
277 277 0.5714285714285714
278 278 1.5714285714285714
279 279 -4.5
280 280 5.285714285714286
281 281 1.0
282 282 -3.357142857142857
283 283 -2.2857142857142856
284 284 0.5714285714285718
285 285 4.5
286 286 3.7142857142857144
287 287 2.142857142857143
288 288 3.071428571428571
289 289 -1.0714285714285714
290 290 -2.928571428571429
291 291 -3.500000000000001
292 292 -1.7142857142857144
293 293 -2.928571428571429
294 294 2.220446049250313e-16
295 295 3.8571428571428577
296 296 0.3571428571428572
297 297 -0.9285714285714286
298 298 -0.28571428571428603
299 299 1.2857142857142858
300 300 3.7142857142857144
301 301 -3.2142857142857144
302 302 0.1428571428571428
303 303 -1.2857142857142858
304 304 4.857142857142858
305 305 -0.714285714285714
306 306 2.2142857142857144
307 307 -2.0714285714285716
308 308 9.357142857142858
309 309 1.2142857142857142
310 310 -0.2857142857142858
311 311 -4.0
312 312 8.142857142857142
313 313 5.142857142857142
314 314 2.6428571428571432
315 315 4.142857142857143
316 316 -0.2857142857142858
317 317 3.357142857142857
318 318 -2.5
319 319 2.0
320 320 0.714285714285714
321 321 1.6428571428571428
322 322 5.285714285714285
323 323 2.357142857142857
324 324 1.7857142857142858
325 325 5.357142857142858
326 326 -0.7857142857142854
327 327 6.5
328 328 3.7142857142857144
329 329 2.357142857142857
330 330 -1.8571428571428572
331 331 -1.2857142857142856
332 332 -10.071428571428571
333 333 -2.7142857142857144
334 334 3.2857142857142865
335 335 5.0
336 336 0.357142857142857
337 337 3.5714285714285716
338 338 -1.357142857142857
339 339 -7.571428571428571
340 340 -1.6428571428571428
341 341 -2.9285714285714293
342 342 -2.6428571428571432
343 343 2.6428571428571432
344 344 -1.2142857142857144
345 345 -4.142857142857142
346 346 1.4285714285714286
347 347 0.5714285714285714
348 348 1.785714285714286
349 349 -1.0714285714285716
350 350 -5.142857142857142
351 351 -0.4285714285714284
352 352 0.21428571428571463
353 353 -4.857142857142858
354 354 -2.1428571428571432
355 355 7.5
356 356 5.071428571428571
357 357 0.1428571428571428
358 358 -1.0
359 359 9.285714285714285
360 360 -1.5714285714285718
361 361 3.7857142857142865
362 362 1.071428571428572
363 363 1.0
364 364 -4.0
365 365 -0.3571428571428572
366 366 -0.5
367 367 -0.21428571428571463
368 368 1.7857142857142856
369 369 -2.0714285714285716
370 370 4.214285714285714
371 371 -9.0
372 372 -5.142857142857142
373 373 -1.642857142857143
374 374 8.142857142857144
375 375 -0.7857142857142854
376 376 -1.642857142857143
377 377 -1.6428571428571426
378 378 0.4999999999999998
379 379 4.357142857142858
380 380 -0.7142857142857144
381 381 -3.2857142857142856
382 382 -4.357142857142858
383 383 -2.5
384 384 1.0
385 385 1.642857142857143
386 386 -1.2142857142857142
387 387 -0.3571428571428572
388 388 -4.0
389 389 -3.785714285714286
390 390 4.5
391 391 1.5
392 392 -1.642857142857143
393 393 -0.5714285714285714
394 394 -2.5714285714285716
395 395 -4.357142857142857
396 396 1.0714285714285716
397 397 1.7857142857142858
398 398 8.285714285714285
399 399 -1.2857142857142856
400 400 -6.000000000000001
401 401 -0.7857142857142856
402 402 -6.642857142857143
403 403 -4.928571428571429
404 404 -3.6428571428571432
405 405 1.0
406 406 9.214285714285715
407 407 -5.571428571428571
408 408 4.214285714285715
409 409 -2.142857142857143
410 410 3.928571428571429
411 411 -5.785714285714286
412 412 -0.7857142857142858
413 413 -0.21428571428571397
414 414 1.142857142857143
415 415 2.428571428571429
416 416 -5.857142857142858
417 417 1.7142857142857146
418 418 1.0714285714285714
419 419 1.2142857142857142
420 420 1.0714285714285714
421 421 2.999999999999999
422 422 1.1428571428571428
423 423 1.7857142857142854
424 424 -2.1428571428571432
425 425 2.5
426 426 2.5
427 427 -2.0714285714285716
428 428 -1.3571428571428568
429 429 -9.857142857142858
430 430 -0.4285714285714286
431 431 1.214285714285715
432 432 1.4285714285714286
433 433 0.14285714285714324
434 434 6.714285714285714
435 435 1.4999999999999998
436 436 -0.7857142857142858
437 437 -9.357142857142858
438 438 -4.928571428571429
439 439 2.7142857142857144
440 440 0.2857142857142856
441 441 1.0714285714285716
442 442 5.92857142857143
443 443 -0.2142857142857144
444 444 1.2857142857142858
445 445 -1.6428571428571428
446 446 -1.0714285714285712
447 447 -0.14285714285714235
448 448 -1.5714285714285714
449 449 -3.3571428571428568
450 450 -5.642857142857143
451 451 -6.857142857142858
452 452 5.857142857142857
453 453 2.928571428571429
454 454 1.9285714285714286
455 455 3.357142857142857
456 456 7.0
457 457 1.5714285714285716
458 458 -0.2142857142857142
459 459 2.3571428571428568
460 460 -1.142857142857143
461 461 1.8571428571428572
462 462 -1.142857142857143
463 463 -0.7857142857142854
464 464 -1.142857142857143
465 465 4.714285714285714
466 466 1.642857142857143
467 467 -4.357142857142858
468 468 3.500000000000001
469 469 7.642857142857142
470 470 -3.2857142857142865
471 471 1.2142857142857146
472 472 1.1428571428571432
473 473 0.07142857142857095
474 474 3.428571428571429
475 475 -1.0714285714285714
476 476 -0.785714285714286
477 477 3.2857142857142856
478 478 0.5
479 479 2.8571428571428577
480 480 -3.1428571428571423
481 481 3.2857142857142865
482 482 10.071428571428573
483 483 -1.142857142857143
484 484 1.8571428571428574
485 485 -0.9285714285714284
486 486 -3.9999999999999996
487 487 2.3571428571428577
488 488 0.357142857142857
489 489 -4.071428571428571
490 490 2.5714285714285716
491 491 -1.9285714285714288
492 492 1.7857142857142858
493 493 1.9285714285714286
494 494 -1.0714285714285714
495 495 -4.357142857142857
496 496 -3.8571428571428577
497 497 -3.8571428571428568
498 498 5.000000000000001
499 499 -2.9999999999999996
500 500 2.357142857142857
501 501 1.642857142857143
502 502 1.0714285714285714
503 503 2.2857142857142856
504 504 -3.142857142857143
505 505 1.1428571428571428
506 506 7.071428571428571
507 507 7.142857142857142
508 508 0.4285714285714288
509 509 -0.0714285714285714
510 510 -5.857142857142858
512 512 -2.7142857142857144
513 513 -0.642857142857143
514 514 3.0
515 515 -1.3571428571428572
516 516 0.07142857142857162
517 517 0.5714285714285721
518 518 -0.5000000000000004
519 519 -1.7857142857142856
520 520 -2.142857142857143
521 521 -2.6428571428571423
522 522 4.785714285714286
523 523 1.0714285714285716
524 524 1.4285714285714286
525 525 -2.6428571428571432
526 526 -2.3571428571428577
527 527 1.9285714285714286
528 528 -1.9999999999999998
529 529 -4.214285714285714
530 530 -10.357142857142858
531 531 -2.4285714285714284
532 532 4.285714285714286
533 533 4.357142857142858
534 534 0.2142857142857142
535 535 -0.2857142857142856
536 536 -0.9285714285714286
537 537 -3.0
538 538 3.6428571428571432
539 539 -0.4285714285714284
540 540 -9.357142857142858
541 541 -4.571428571428571
542 542 -1.142857142857143
543 543 -4.5
544 544 -2.0
545 545 -2.1428571428571423
546 546 7.999999999999999
547 547 5.714285714285714
548 548 0.1428571428571428
549 549 5.285714285714286
550 550 3.5
551 551 0.3571428571428572
552 552 -2.7857142857142856
553 553 0.1428571428571428
554 554 5.571428571428571
555 555 -4.357142857142858
556 556 -2.7857142857142856
557 557 0.9285714285714288
558 558 -3.8571428571428577
559 559 -4.92857142857143
560 560 2.928571428571429
561 561 2.2857142857142856
562 562 6.642857142857142
563 563 -3.071428571428571
564 564 -3.0
565 565 -6.428571428571429
566 566 3.4999999999999996
567 567 2.928571428571429
568 568 -0.9285714285714279
569 569 -2.2857142857142856
570 570 7.071428571428571
571 571 -0.07142857142857117
572 572 3.857142857142857
573 573 -1.4285714285714286
574 574 3.5714285714285716
575 575 -0.7857142857142858
576 576 -0.2857142857142856
577 577 -1.4285714285714286
578 578 2.2857142857142856
579 579 -6.928571428571428
580 580 -7.0
581 581 -1.4285714285714286
582 582 5.928571428571429
583 583 4.714285714285714
584 584 -2.3571428571428568
585 585 5.857142857142857
586 586 5.714285714285714
587 587 -2.6428571428571423
588 588 5.857142857142858
589 589 -3.4999999999999996
590 590 -0.14285714285714324
591 591 -0.5
592 592 -1.4999999999999998
593 593 4.428571428571429
594 594 2.857142857142857
595 595 4.857142857142858
596 596 5.428571428571429
597 597 5.785714285714286
598 598 -0.21428571428571463
599 599 -4.142857142857142
600 600 -1.214285714285714
601 601 -1.3571428571428572
602 602 2.5
603 603 1.142857142857143
604 604 -10.214285714285715
605 605 -3.6428571428571423
606 606 -0.14285714285714302
607 607 4.428571428571429
608 608 -0.4285714285714286
609 609 3.571428571428571
610 610 1.8571428571428572
611 611 3.714285714285715
612 612 9.5
613 613 4.7142857142857135
614 614 -4.357142857142858
615 615 -6.928571428571429
616 616 4.357142857142857
617 617 3.0
618 618 6.0
619 619 -3.2857142857142856
620 620 -0.2142857142857142
621 621 2.9999999999999996
622 622 3.3571428571428577
623 623 -2.6428571428571432
624 624 1.0
625 625 -2.642857142857143
626 626 -1.6428571428571437
627 627 -7.071428571428572
628 628 -3.928571428571429
629 629 -8.0
630 630 -0.5000000000000002
631 631 2.857142857142857
632 632 2.071428571428571
633 633 -3.0
634 634 6.285714285714286
635 635 1.9285714285714286
636 636 -3.214285714285714
637 637 -1.5714285714285716
638 638 -4.571428571428572
639 639 -0.7142857142857144
640 640 -0.5714285714285712
641 641 5.714285714285714
642 642 -1.8571428571428574
643 643 1.2857142857142854
644 644 -1.7142857142857144
645 645 5.357142857142858
646 646 0.5
647 647 1.0
648 648 1.1428571428571432
649 649 -1.3571428571428572
650 650 -4.857142857142858
651 651 -3.5
652 652 1.5714285714285718
653 653 -8.357142857142858
654 654 0.5714285714285714
655 655 4.571428571428572
656 656 -7.2142857142857135
657 657 -7.357142857142857
658 658 2.6428571428571432
659 659 3.785714285714286
660 660 0.6428571428571426
661 661 -0.7142857142857142
662 662 -3.3571428571428577
663 663 1.1428571428571428
664 664 -1.0714285714285714
665 665 5.5
666 666 -2.7857142857142856
667 667 -5.857142857142858
668 668 2.7857142857142865
669 669 6.928571428571429
670 670 4.5
671 671 4.142857142857143
672 672 5.0
673 673 0.4285714285714288
674 674 2.071428571428571
675 675 -4.571428571428571
676 676 -2.0
677 677 4.071428571428571
678 678 3.2142857142857144
679 679 1.4285714285714284
680 680 -2.6428571428571432
681 681 2.0
682 682 -5.357142857142857
683 683 0.2142857142857142
684 684 4.285714285714286
685 685 -4.357142857142857
686 686 -6.071428571428571
687 687 -1.214285714285714
688 688 -5.142857142857143
689 689 -6.285714285714286
690 690 5.785714285714286
691 691 2.5
692 692 4.5
693 693 5.642857142857143
694 694 -3.2142857142857144
695 695 -5.714285714285714
696 696 -4.928571428571429
697 697 -2.7857142857142856
698 698 -4.428571428571429
699 699 4.214285714285714
700 700 4.7142857142857135
701 701 6.7857142857142865
702 702 -1.1428571428571428
703 703 3.571428571428571
704 704 5.785714285714286
705 705 -4.0
706 706 4.642857142857143
707 707 3.5000000000000004
708 708 2.5
709 709 4.571428571428571
710 710 1.5714285714285716
711 711 4.071428571428571
712 712 -1.5
713 713 5.928571428571428
714 714 2.7142857142857144
715 715 4.0
716 716 4.571428571428571
717 717 4.571428571428571
718 718 8.5
719 719 0.714285714285714
720 720 1.2142857142857146
721 721 -2.2142857142857144
722 722 -1.5714285714285714
723 723 -5.000000000000001
724 724 2.5
725 725 3.5
726 726 3.8571428571428577
727 727 2.428571428571429
728 728 -0.5714285714285716
729 729 -7.142857142857142
730 730 -1.928571428571429
731 731 -4.857142857142858
732 732 -5.5
733 733 -3.5
734 734 3.3571428571428577
735 735 -0.14285714285714213
736 736 1.3571428571428565
737 737 -5.642857142857142
738 738 6.142857142857142
739 739 1.642857142857143
740 740 3.571428571428571
741 741 1.2142857142857144
742 742 1.2857142857142856
743 743 -3.6428571428571423
744 744 1.142857142857143
745 745 -1.6428571428571428
746 746 -2.7142857142857135
747 747 -0.857142857142857
748 748 2.5714285714285716
749 749 -3.2857142857142856
750 750 -4.571428571428571
751 751 -3.642857142857143
752 752 0.5000000000000004
753 753 -7.571428571428571
754 754 -4.642857142857142
755 755 1.5714285714285714
756 756 2.7857142857142856
757 757 2.7142857142857144
758 758 -0.7142857142857142
759 759 0.14285714285714324
760 760 -2.142857142857143
761 761 -5.999999999999999
762 762 -5.714285714285714
763 763 3.428571428571429
764 764 -0.07142857142857117
765 765 8.285714285714286
766 766 -3.071428571428571
767 767 -1.5000000000000002
768 768 1.0714285714285712
769 769 -3.6428571428571432
770 770 1.7857142857142858
771 771 -1.7142857142857142
772 772 3.928571428571429
773 773 4.571428571428571
774 774 3.2142857142857144
775 775 7.428571428571429
776 776 0.9285714285714286
777 777 -3.2857142857142856
778 778 -1.6428571428571428
779 779 -2.071428571428571
780 780 -1.2142857142857142
781 781 -2.2142857142857144
782 782 -0.2142857142857144
783 783 -0.5714285714285714
784 784 -0.7142857142857144
785 785 0.1428571428571428
786 786 -3.3571428571428577
787 787 -0.07142857142857162
788 788 0.5714285714285716
789 789 6.857142857142857
790 790 2.5000000000000004
791 791 -2.8571428571428568
792 792 -0.2857142857142858
793 793 -3.642857142857143
794 794 0.8571428571428572
795 795 3.714285714285714
796 796 -4.928571428571429
797 797 -0.0714285714285714
798 798 6.785714285714286
799 799 -2.357142857142857
800 800 -0.5
801 801 -2.7142857142857144
802 802 -1.2142857142857149
803 803 6.928571428571429
804 804 -2.7857142857142856
805 805 0.2857142857142856
806 806 -2.571428571428571
807 807 -0.5714285714285716
808 808 6.928571428571429
809 809 -5.071428571428572
810 810 -1.9285714285714286
811 811 1.5000000000000007
812 812 0.2142857142857142
813 813 -6.285714285714285
814 814 -3.999999999999999
815 815 -4.285714285714286
816 816 -2.5
817 817 -0.9285714285714286
818 818 -1.071428571428572
819 819 -2.571428571428572
820 820 -4.857142857142858
821 821 2.857142857142857
822 822 1.9999999999999998
823 823 -2.0
824 824 0.5714285714285712
825 825 -3.7142857142857144
826 826 -3.5
827 827 2.928571428571428
828 828 -3.285714285714286
829 829 1.8571428571428565
830 830 -0.0714285714285714
831 831 -4.714285714285714
832 832 5.071428571428571
833 833 0.5
834 834 -2.0714285714285716
835 835 1.5000000000000004
836 836 2.6428571428571432
837 837 1.5
838 838 9.642857142857142
839 839 1.9285714285714286
1 2 0.5714285714285714
1 10 1.7857142857142858
1 44 -1.3571428571428572
1 53 2.0
1 97 0.5714285714285714
1 107 -0.5714285714285714
2 3 -1.3571428571428572
2 10 1.3571428571428572
2 136 -2.0
2 145 1.3571428571428572
2 169 2.0
2 174 0.5714285714285714
3 11 0.5714285714285714
3 12 -1.3571428571428572
3 223 0.9285714285714286
3 230 2.0
3 272 1.7857142857142858
3 280 2.0
4 5 0.9285714285714286
4 376 -2.0
4 385 -2.0
4 412 -2.0
5 6 0.5714285714285714
5 452 -2.0
5 461 0.9285714285714286
5 491 -1.7857142857142858
6 7 -1.7857142857142858
6 13 -1.7857142857142858
6 524 1.3571428571428572
6 533 -1.3571428571428572
7 8 0.5714285714285714
7 13 1.7857142857142858
7 14 -2.0
7 591 -2.0
7 630 1.7857142857142858
7 641 0.9285714285714286
8 9 -0.9285714285714286
8 14 2.0
8 15 1.3571428571428572
8 672 -2.0
8 682 0.9285714285714286
8 712 1.7857142857142858
8 720 0.9285714285714286
9 15 -1.3571428571428572
9 16 -0.5714285714285714
9 749 1.7857142857142858
9 760 -1.7857142857142858
9 791 0.9285714285714286
9 800 0.5714285714285714
10 11 2.0
10 97 -1.7857142857142858
10 107 -1.3571428571428572
10 136 -1.3571428571428572
10 145 -0.5714285714285714
11 12 -0.9285714285714286
11 169 0.9285714285714286
11 174 -1.7857142857142858
11 223 1.7857142857142858
11 230 -2.0
12 272 -0.9285714285714286
12 280 -1.7857142857142858
12 305 1.3571428571428572
12 313 -0.9285714285714286
13 14 -0.9285714285714286
13 556 -0.9285714285714286
13 591 1.3571428571428572
14 15 -0.5714285714285714
14 630 -0.9285714285714286
14 641 -0.5714285714285714
14 672 2.0
14 682 1.7857142857142858
15 16 2.0
15 712 2.0
15 720 0.5714285714285714
15 749 2.0
15 760 -1.3571428571428572
16 17 -1.3571428571428572
16 791 -1.3571428571428572
16 800 -2.0
16 829 -0.5714285714285714
16 837 -0.5714285714285714
17 35 0.5714285714285714
17 78 -0.5714285714285714
17 87 1.7857142857142858
18 19 0.9285714285714286
18 27 -1.3571428571428572
18 205 2.0
18 215 2.0
18 258 -1.3571428571428572
18 267 -0.5714285714285714
19 27 -1.3571428571428572
19 28 1.7857142857142858
19 290 0.5714285714285714
19 298 -1.3571428571428572
19 320 -0.9285714285714286
20 21 0.5714285714285714
20 29 -0.5714285714285714
20 30 -0.5714285714285714
20 434 -1.7857142857142858
20 444 0.5714285714285714
20 474 0.5714285714285714
20 482 -1.3571428571428572
21 22 0.5714285714285714
21 30 -1.7857142857142858
21 31 2.0
21 508 -0.9285714285714286
21 515 -0.5714285714285714
21 548 -1.3571428571428572
22 23 0.9285714285714286
22 31 0.9285714285714286
22 32 1.3571428571428572
22 572 2.0
22 583 -1.7857142857142858
22 612 -2.0
22 621 -2.0
23 24 -0.9285714285714286
23 32 0.9285714285714286
23 33 -1.3571428571428572
23 653 2.0
23 664 1.7857142857142858
23 693 -0.9285714285714286
23 704 -2.0
24 33 -2.0
24 34 -1.7857142857142858
24 729 0.5714285714285714
24 740 -1.3571428571428572
24 772 -0.5714285714285714
24 782 0.9285714285714286
25 26 0.5714285714285714
25 35 0.9285714285714286
25 36 -1.3571428571428572
25 69 0.5714285714285714
25 118 -0.9285714285714286
26 36 0.9285714285714286
26 37 -0.5714285714285714
26 154 -1.3571428571428572
26 162 1.7857142857142858
26 194 -0.5714285714285714
27 28 2.0
27 258 0.5714285714285714
27 267 2.0
27 290 -1.3571428571428572
27 298 -0.9285714285714286
28 29 -2.0
28 320 -0.5714285714285714
28 358 -1.7857142857142858
28 368 -2.0
29 30 -1.7857142857142858
29 395 1.7857142857142858
29 434 0.5714285714285714
29 444 -0.9285714285714286
30 31 -1.7857142857142858
30 474 -2.0
30 482 -1.7857142857142858
30 508 -0.9285714285714286
30 515 1.7857142857142858
31 32 0.5714285714285714
31 548 1.7857142857142858
31 572 -0.9285714285714286
31 583 -2.0
32 612 -2.0
32 621 -1.7857142857142858
32 653 2.0
32 664 -1.7857142857142858
33 34 1.3571428571428572
33 693 -1.7857142857142858
33 704 1.3571428571428572
33 729 2.0
33 740 -2.0
34 35 0.5714285714285714
34 772 -1.7857142857142858
34 782 2.0
34 811 1.7857142857142858
34 821 -1.3571428571428572
35 36 -1.3571428571428572
35 69 -0.9285714285714286
36 37 1.3571428571428572
36 118 1.3571428571428572
36 154 -0.9285714285714286
36 162 -1.7857142857142858
37 194 0.9285714285714286
37 243 -1.3571428571428572
37 250 2.0
38 39 0.5714285714285714
38 47 1.3571428571428572
38 195 -1.3571428571428572
38 251 -2.0
39 40 -0.9285714285714286
39 47 -1.7857142857142858
39 48 2.0
39 283 0.5714285714285714
39 314 -1.7857142857142858
40 41 -1.7857142857142858
40 48 0.9285714285714286
40 49 -0.5714285714285714
40 349 -0.9285714285714286
40 387 -2.0
41 49 2.0
41 50 -1.7857142857142858
41 424 0.5714285714285714
41 464 -0.5714285714285714
42 43 0.9285714285714286
42 51 -2.0
42 565 2.0
42 603 0.9285714285714286
43 51 2.0
43 52 0.5714285714285714
43 644 -0.5714285714285714
43 685 1.7857142857142858
44 45 1.3571428571428572
44 53 -2.0
44 803 -1.3571428571428572
45 46 -1.3571428571428572
45 53 -0.5714285714285714
45 55 -0.5714285714285714
46 54 0.5714285714285714
46 147 1.3571428571428572
46 177 2.0
47 48 1.3571428571428572
47 251 -0.5714285714285714
47 283 -0.5714285714285714
48 49 1.7857142857142858
48 314 -1.7857142857142858
48 349 -0.5714285714285714
49 50 1.3571428571428572
49 387 2.0
49 424 0.5714285714285714
50 464 0.5714285714285714
51 52 -1.3571428571428572
51 644 0.9285714285714286
53 55 -1.7857142857142858
54 177 1.7857142857142858
54 233 -1.7857142857142858
55 61 0.9285714285714286
55 98 -1.3571428571428572
55 107 -2.0
56 62 2.0
56 63 -2.0
56 230 0.9285714285714286
56 273 0.5714285714285714
56 280 -1.3571428571428572
57 58 -0.9285714285714286
57 64 0.5714285714285714
57 413 0.9285714285714286
58 64 0.5714285714285714
58 65 0.5714285714285714
58 453 -2.0
58 461 -0.5714285714285714
58 492 -1.7857142857142858
59 60 2.0
59 66 1.7857142857142858
59 67 -1.7857142857142858
59 631 -2.0
59 641 -1.3571428571428572
60 67 1.3571428571428572
60 673 0.9285714285714286
60 682 0.9285714285714286
60 713 -0.5714285714285714
60 720 0.5714285714285714
61 62 1.7857142857142858
61 98 -1.7857142857142858
61 107 -1.3571428571428572
61 137 0.5714285714285714
61 145 -1.7857142857142858
62 63 2.0
62 174 1.3571428571428572
62 230 -2.0
63 273 -1.7857142857142858
63 280 -2.0
63 306 -1.7857142857142858
63 313 -0.9285714285714286
64 65 1.3571428571428572
64 413 -0.5714285714285714
64 453 1.7857142857142858
64 461 -1.3571428571428572
65 66 -1.7857142857142858
65 492 0.5714285714285714
65 525 0.5714285714285714
65 533 -0.5714285714285714
66 67 1.3571428571428572
66 592 1.7857142857142858
67 631 1.7857142857142858
67 641 -1.7857142857142858
67 673 1.7857142857142858
67 682 0.5714285714285714
68 69 0.9285714285714286
68 792 -0.5714285714285714
68 800 0.9285714285714286
68 830 0.5714285714285714
68 837 -1.7857142857142858
69 79 -2.0
69 87 -1.3571428571428572
70 71 -0.5714285714285714
70 81 1.3571428571428572
70 215 1.3571428571428572
70 267 -0.5714285714285714
71 72 0.5714285714285714
71 298 1.3571428571428572
72 73 -1.3571428571428572
72 82 0.9285714285714286
72 368 -1.7857142857142858
73 74 -2.0
73 82 0.5714285714285714
73 83 -2.0
73 444 -0.9285714285714286
73 482 -2.0
74 75 -0.5714285714285714
74 83 1.7857142857142858
74 515 1.3571428571428572
74 548 -0.5714285714285714
75 76 1.7857142857142858
75 84 -1.3571428571428572
75 583 2.0
75 621 2.0
76 77 1.7857142857142858
76 84 0.5714285714285714
76 85 -1.3571428571428572
76 664 -0.9285714285714286
76 704 -0.5714285714285714
77 78 1.3571428571428572
77 85 -1.7857142857142858
77 86 1.3571428571428572
77 740 -0.9285714285714286
77 782 -1.7857142857142858
78 79 1.7857142857142858
78 86 1.7857142857142858
78 87 2.0
78 821 1.7857142857142858
79 80 1.3571428571428572
79 87 -2.0
79 88 -1.3571428571428572
80 88 2.0
80 89 -0.9285714285714286
80 162 2.0
80 194 1.7857142857142858
81 267 -1.3571428571428572
81 298 -0.5714285714285714
82 83 0.5714285714285714
82 444 -1.7857142857142858
83 482 -0.9285714285714286
83 515 -0.5714285714285714
84 85 1.7857142857142858
84 621 -0.5714285714285714
84 664 0.9285714285714286
85 86 1.7857142857142858
85 704 -2.0
85 740 1.3571428571428572
86 87 -0.9285714285714286
86 782 1.7857142857142858
86 821 -0.5714285714285714
87 88 2.0
88 89 0.9285714285714286
88 162 -2.0
89 194 -0.5714285714285714
89 250 1.3571428571428572
90 100 -0.5714285714285714
90 206 0.9285714285714286
90 251 -1.3571428571428572
90 259 -0.5714285714285714
91 92 0.5714285714285714
91 101 1.3571428571428572
91 349 1.3571428571428572
91 359 -1.3571428571428572
91 387 -0.5714285714285714
92 93 0.9285714285714286
92 101 -0.5714285714285714
92 102 1.7857142857142858
92 424 1.7857142857142858
92 464 0.9285714285714286
93 94 0.9285714285714286
93 102 -1.7857142857142858
93 103 2.0
93 543 1.7857142857142858
94 95 0.9285714285714286
94 103 -1.3571428571428572
94 104 -0.9285714285714286
94 565 0.9285714285714286
94 573 1.7857142857142858
94 603 -0.9285714285714286
94 613 -0.5714285714285714
95 96 2.0
95 104 0.9285714285714286
95 105 -2.0
95 644 -1.7857142857142858
95 654 0.5714285714285714
95 685 -2.0
95 694 -0.5714285714285714
96 97 0.9285714285714286
96 105 1.7857142857142858
96 106 -0.5714285714285714
96 730 1.7857142857142858
96 773 -1.3571428571428572
97 98 2.0
97 106 1.3571428571428572
97 107 2.0
97 803 -1.7857142857142858
97 812 -0.9285714285714286
98 99 -2.0
98 107 1.3571428571428572
98 108 -2.0
98 119 1.3571428571428572
99 108 0.5714285714285714
99 109 1.3571428571428572
99 147 -0.9285714285714286
99 155 1.3571428571428572
99 177 1.7857142857142858
100 251 1.3571428571428572
100 259 1.3571428571428572
100 283 1.3571428571428572
100 291 1.7857142857142858
101 424 -1.3571428571428572
102 103 -2.0
102 464 2.0
103 104 0.5714285714285714
103 543 1.7857142857142858
103 565 0.5714285714285714
103 573 -1.3571428571428572
104 105 0.5714285714285714
104 603 -1.7857142857142858
104 613 -1.7857142857142858
104 644 1.7857142857142858
104 654 -1.7857142857142858
105 106 -0.5714285714285714
105 685 2.0
105 694 1.7857142857142858
105 730 1.3571428571428572
106 107 -1.7857142857142858
106 773 -2.0
106 803 -1.7857142857142858
107 108 -0.9285714285714286
108 109 2.0
108 119 -1.3571428571428572
108 147 2.0
108 155 0.9285714285714286
109 177 1.7857142857142858
109 233 1.3571428571428572
109 244 1.7857142857142858
110 120 -2.0
110 137 -1.7857142857142858
110 170 2.0
110 175 0.9285714285714286
111 112 -2.0
111 120 -1.7857142857142858
111 231 0.9285714285714286
111 273 -2.0
111 281 2.0
112 113 0.9285714285714286
112 121 0.5714285714285714
112 306 -1.3571428571428572
112 347 0.9285714285714286
113 114 1.3571428571428572
113 121 2.0
113 122 1.7857142857142858
113 386 2.0
113 413 -0.9285714285714286
113 422 0.5714285714285714
114 122 -0.9285714285714286
114 123 0.9285714285714286
114 453 0.5714285714285714
114 462 2.0
114 492 -1.3571428571428572
114 500 -0.5714285714285714
115 123 1.3571428571428572
115 124 1.7857142857142858
115 525 -2.0
115 534 1.7857142857142858
115 563 2.0
116 117 -0.9285714285714286
116 125 0.9285714285714286
116 126 -0.5714285714285714
116 673 1.7857142857142858
116 683 -0.5714285714285714
116 713 -2.0
116 721 2.0
117 118 -2.0
117 126 -0.9285714285714286
117 127 -0.5714285714285714
117 750 2.0
117 761 0.9285714285714286
117 792 1.3571428571428572
117 801 -0.5714285714285714
118 127 -1.3571428571428572
118 830 -0.9285714285714286
118 838 -2.0
119 120 -2.0
119 137 -0.9285714285714286
120 170 1.3571428571428572
120 231 -0.5714285714285714
121 122 2.0
121 347 -0.9285714285714286
122 123 0.5714285714285714
122 413 -1.7857142857142858
122 422 -2.0
122 462 0.5714285714285714
123 124 -0.5714285714285714
123 492 1.3571428571428572
123 500 -0.9285714285714286
123 525 2.0
123 534 -1.7857142857142858
124 125 -1.3571428571428572
124 563 -0.9285714285714286
124 592 0.9285714285714286
125 126 -0.9285714285714286
125 631 0.9285714285714286
125 642 -0.9285714285714286
125 673 -0.5714285714285714
125 683 0.9285714285714286
126 127 -2.0
126 713 -1.7857142857142858
126 721 1.7857142857142858
126 750 -0.9285714285714286
126 761 1.3571428571428572
127 792 -2.0
127 801 -1.7857142857142858
127 830 0.9285714285714286
127 838 -2.0
128 129 0.9285714285714286
128 139 2.0
128 196 -2.0
128 206 -1.7857142857142858
128 252 -0.9285714285714286
128 259 0.5714285714285714
129 130 2.0
129 139 -1.3571428571428572
129 140 -0.5714285714285714
129 291 0.5714285714285714
129 321 -2.0
130 131 0.9285714285714286
130 140 -0.5714285714285714
130 141 -1.3571428571428572
130 350 1.7857142857142858
130 359 -1.3571428571428572
130 388 1.7857142857142858
131 132 -0.9285714285714286
131 141 2.0
131 142 -0.5714285714285714
131 425 2.0
131 465 -2.0
132 133 1.3571428571428572
132 142 2.0
132 502 0.9285714285714286
132 543 0.9285714285714286
133 134 -1.3571428571428572
133 143 0.9285714285714286
133 566 -1.7857142857142858
133 573 -1.7857142857142858
133 604 0.9285714285714286
133 613 -1.3571428571428572
134 135 -1.7857142857142858
134 143 -1.3571428571428572
134 654 -1.7857142857142858
134 686 1.7857142857142858
134 694 -0.5714285714285714
135 136 -0.5714285714285714
135 144 -1.3571428571428572
135 722 -1.7857142857142858
135 730 -2.0
135 763 -0.5714285714285714
135 773 -0.9285714285714286
136 137 1.7857142857142858
136 144 -1.3571428571428572
136 145 1.7857142857142858
136 812 1.7857142857142858
137 138 -0.5714285714285714
137 145 2.0
138 146 -0.5714285714285714
138 155 -1.3571428571428572
138 178 -0.9285714285714286
139 140 0.5714285714285714
139 252 2.0
139 259 -0.5714285714285714
139 291 2.0
140 141 1.7857142857142858
140 350 -0.5714285714285714
140 359 -2.0
141 142 1.3571428571428572
141 388 0.5714285714285714
141 425 -1.7857142857142858
142 465 1.3571428571428572
142 502 -2.0
143 604 2.0
143 613 -0.5714285714285714
143 654 2.0
144 145 0.9285714285714286
144 763 -0.9285714285714286
144 773 -1.7857142857142858
144 812 0.9285714285714286
146 178 -1.3571428571428572
146 234 -2.0
146 244 0.9285714285714286
147 155 0.9285714285714286
148 149 -1.7857142857142858
148 156 -0.5714285714285714
148 157 1.7857142857142858
148 224 0.5714285714285714
148 231 1.3571428571428572
148 274 0.5714285714285714
148 281 -2.0
149 150 0.9285714285714286
149 157 -1.3571428571428572
149 158 1.7857142857142858
149 307 0.9285714285714286
149 338 0.5714285714285714
149 347 -0.5714285714285714
150 151 -1.3571428571428572
150 158 -1.3571428571428572
150 159 1.3571428571428572
150 377 2.0
150 386 1.3571428571428572
150 414 0.5714285714285714
150 422 0.5714285714285714
151 159 -1.7857142857142858
151 462 0.9285714285714286
151 493 0.9285714285714286
151 500 2.0
152 153 -2.0
152 160 -0.5714285714285714
152 593 -1.7857142857142858
152 632 -1.3571428571428572
152 642 2.0
153 160 -2.0
153 674 0.9285714285714286
153 683 1.3571428571428572
153 721 -2.0
154 161 0.5714285714285714
154 162 0.9285714285714286
154 838 -2.0
155 156 2.0
156 157 -1.3571428571428572
156 175 2.0
156 224 -0.5714285714285714
157 158 0.5714285714285714
157 274 0.9285714285714286
157 281 -0.9285714285714286
157 307 0.9285714285714286
158 159 1.7857142857142858
158 338 1.3571428571428572
158 347 2.0
158 377 -0.9285714285714286
158 386 -1.7857142857142858
159 414 -1.7857142857142858
159 422 -2.0
159 462 1.7857142857142858
160 632 0.5714285714285714
160 642 1.3571428571428572
160 674 1.7857142857142858
160 683 -1.3571428571428572
161 162 -0.5714285714285714
161 793 1.3571428571428572
161 801 1.7857142857142858
161 838 -1.7857142857142858
163 164 -2.0
163 196 -1.7857142857142858
163 207 1.7857142857142858
163 252 0.9285714285714286
163 260 -1.3571428571428572
164 165 -2.0
164 292 -0.5714285714285714
164 322 -0.9285714285714286
165 171 -0.9285714285714286
165 350 1.7857142857142858
165 360 2.0
165 388 -1.3571428571428572
165 396 0.5714285714285714
166 167 2.0
166 172 -0.5714285714285714
166 566 -2.0
166 574 -0.5714285714285714
166 604 2.0
166 614 -1.7857142857142858
167 168 2.0
167 655 0.9285714285714286
167 686 0.9285714285714286
167 695 -2.0
168 169 -0.5714285714285714
168 173 -1.7857142857142858
168 722 2.0
168 731 1.3571428571428572
168 763 -1.3571428571428572
168 774 -0.9285714285714286
169 170 -0.9285714285714286
169 173 0.5714285714285714
169 174 1.3571428571428572
170 174 1.3571428571428572
170 175 1.3571428571428572
171 388 0.5714285714285714
171 396 -1.7857142857142858
171 425 -0.5714285714285714
171 435 1.7857142857142858
172 604 0.9285714285714286
172 614 2.0
172 655 -1.7857142857142858
173 174 -1.7857142857142858
173 763 2.0
173 774 -2.0
174 175 1.7857142857142858
175 176 -2.0
176 178 2.0
176 186 -1.3571428571428572
176 234 0.5714285714285714
177 178 -2.0
178 179 -1.7857142857142858
178 186 0.9285714285714286
179 180 0.9285714285714286
179 186 1.7857142857142858
179 187 -2.0
179 232 0.9285714285714286
179 274 -2.0
179 282 -0.5714285714285714
180 181 1.3571428571428572
180 187 2.0
180 188 1.3571428571428572
180 307 0.5714285714285714
180 338 -1.7857142857142858
180 348 -0.5714285714285714
181 182 -0.9285714285714286
181 188 -0.5714285714285714
181 189 1.7857142857142858
181 377 0.5714285714285714
181 414 -0.5714285714285714
181 423 -2.0
182 183 -1.3571428571428572
182 189 1.3571428571428572
182 190 2.0
182 463 -1.7857142857142858
182 493 -0.9285714285714286
182 501 1.3571428571428572
183 190 -2.0
183 191 0.9285714285714286
183 526 2.0
183 535 -0.9285714285714286
183 564 0.5714285714285714
184 185 0.5714285714285714
184 192 -1.3571428571428572
184 684 0.5714285714285714
185 193 -2.0
185 751 -0.9285714285714286
185 762 1.3571428571428572
185 793 2.0
185 802 -1.3571428571428572
186 187 0.9285714285714286
186 224 -1.7857142857142858
186 232 -0.5714285714285714
187 188 0.9285714285714286
187 274 0.5714285714285714
187 282 0.5714285714285714
187 307 -0.9285714285714286
188 189 -0.5714285714285714
188 338 2.0
188 348 -1.7857142857142858
188 377 0.9285714285714286
189 190 -1.7857142857142858
189 414 -0.5714285714285714
189 423 0.5714285714285714
189 463 2.0
190 191 -1.3571428571428572
190 493 -1.3571428571428572
190 501 1.3571428571428572
190 526 -0.5714285714285714
190 535 0.5714285714285714
191 192 -1.7857142857142858
191 593 0.9285714285714286
191 602 -1.7857142857142858
192 632 1.3571428571428572
192 643 0.9285714285714286
192 674 -2.0
192 684 -0.5714285714285714
193 194 -0.5714285714285714
193 793 -1.7857142857142858
193 802 -0.9285714285714286
193 839 -1.3571428571428572
195 196 -0.9285714285714286
195 206 1.3571428571428572
196 197 -0.9285714285714286
196 207 0.5714285714285714
197 198 -0.9285714285714286
197 207 0.9285714285714286
197 208 -0.9285714285714286
197 216 -2.0
197 268 0.5714285714285714
198 199 -0.5714285714285714
198 208 1.3571428571428572
198 209 2.0
198 330 -0.5714285714285714
199 200 1.3571428571428572
199 209 0.5714285714285714
199 210 -2.0
199 369 -2.0
199 405 -0.5714285714285714
200 201 -2.0
200 210 1.3571428571428572
200 211 0.5714285714285714
200 483 -2.0
201 202 1.3571428571428572
201 211 -1.7857142857142858
201 212 -0.9285714285714286
201 516 0.5714285714285714
201 549 -1.7857142857142858
202 203 -2.0
202 212 -2.0
202 584 1.7857142857142858
202 622 -0.9285714285714286
203 204 -1.3571428571428572
203 213 -2.0
203 665 -1.7857142857142858
203 705 1.3571428571428572
204 205 0.5714285714285714
204 213 1.3571428571428572
204 214 -0.9285714285714286
204 741 0.9285714285714286
204 783 -1.3571428571428572
205 214 0.5714285714285714
205 215 1.7857142857142858
205 822 -2.0
206 207 0.9285714285714286
207 208 -1.3571428571428572
207 216 -1.7857142857142858
208 209 -0.5714285714285714
208 268 -1.3571428571428572
209 210 -0.9285714285714286
209 330 0.9285714285714286
209 369 1.3571428571428572
210 211 0.9285714285714286
210 405 1.3571428571428572
211 212 2.0
211 516 1.3571428571428572
212 549 -2.0
212 584 2.0
213 214 1.7857142857142858
213 705 -1.3571428571428572
214 215 1.3571428571428572
214 783 0.5714285714285714
214 822 -0.5714285714285714
216 217 2.0
216 225 -0.5714285714285714
216 253 0.5714285714285714
216 260 -0.5714285714285714
217 218 -1.7857142857142858
217 225 -1.7857142857142858
217 226 1.3571428571428572
217 292 0.9285714285714286
217 315 1.3571428571428572
217 322 -1.7857142857142858
218 226 -0.9285714285714286
218 227 0.5714285714285714
218 351 -0.9285714285714286
218 360 -1.3571428571428572
218 389 1.3571428571428572
218 396 1.7857142857142858
219 227 2.0
219 228 -0.9285714285714286
219 426 -0.9285714285714286
219 435 1.3571428571428572
219 466 -0.9285714285714286
219 475 1.3571428571428572
220 221 0.5714285714285714
220 574 -1.7857142857142858
220 605 2.0
220 614 1.3571428571428572
221 222 -1.3571428571428572
221 229 1.3571428571428572
221 645 -2.0
221 655 -1.3571428571428572
221 695 1.7857142857142858
222 223 -0.5714285714285714
222 229 -1.3571428571428572
222 723 2.0
222 731 1.3571428571428572
222 764 -0.9285714285714286
222 774 0.5714285714285714
223 230 -0.9285714285714286
223 804 -1.7857142857142858
224 231 -2.0
224 232 0.9285714285714286
225 226 2.0
225 253 1.7857142857142858
225 260 -1.7857142857142858
225 292 1.3571428571428572
226 227 -2.0
226 315 -0.5714285714285714
226 322 -2.0
226 351 2.0
226 360 0.9285714285714286
227 228 2.0
227 389 -0.9285714285714286
227 396 -1.7857142857142858
227 426 -1.7857142857142858
227 435 -1.7857142857142858
228 466 0.5714285714285714
228 475 -0.9285714285714286
229 695 0.5714285714285714
229 723 -0.5714285714285714
229 731 -0.5714285714285714
230 231 0.5714285714285714
231 232 0.5714285714285714
232 235 1.3571428571428572
233 234 -1.7857142857142858
233 244 0.9285714285714286
234 235 2.0
234 244 -1.3571428571428572
235 236 0.5714285714285714
235 245 -1.7857142857142858
235 282 2.0
236 237 2.0
236 245 -2.0
236 348 -1.3571428571428572
237 238 -2.0
237 246 -0.5714285714285714
237 423 -1.3571428571428572
238 239 1.3571428571428572
238 246 1.3571428571428572
238 247 -2.0
238 463 0.5714285714285714
238 501 0.5714285714285714
239 240 -0.9285714285714286
239 247 0.5714285714285714
239 248 1.3571428571428572
239 535 2.0
239 564 -1.3571428571428572
240 241 0.5714285714285714
240 248 -1.7857142857142858
240 602 -0.9285714285714286
240 643 -2.0
241 242 1.3571428571428572
241 684 -2.0
242 243 0.9285714285714286
242 249 -0.5714285714285714
242 762 1.7857142857142858
242 802 -0.5714285714285714
243 249 0.5714285714285714
243 250 -1.3571428571428572
243 839 -0.5714285714285714
245 282 -0.5714285714285714
246 247 -1.7857142857142858
246 423 1.7857142857142858
246 463 1.7857142857142858
247 248 -0.9285714285714286
247 501 -2.0
247 535 -0.9285714285714286
248 564 1.7857142857142858
248 602 2.0
249 250 1.7857142857142858
249 802 1.7857142857142858
251 252 0.9285714285714286
251 259 -0.5714285714285714
252 253 -2.0
252 259 -1.7857142857142858
252 260 -1.7857142857142858
253 254 0.9285714285714286
253 260 -1.3571428571428572
253 261 -1.3571428571428572
253 268 1.7857142857142858
253 275 -1.7857142857142858
254 261 -2.0
254 262 -0.5714285714285714
254 330 0.9285714285714286
254 339 1.7857142857142858
255 256 -1.3571428571428572
255 265 -1.7857142857142858
255 584 -2.0
255 594 0.9285714285714286
255 622 -2.0
255 633 1.7857142857142858
256 257 2.0
256 266 -0.9285714285714286
256 665 -1.7857142857142858
256 675 2.0
256 705 2.0
257 258 -1.3571428571428572
257 266 -2.0
257 741 -0.5714285714285714
257 752 2.0
257 783 2.0
257 794 0.9285714285714286
258 267 -0.9285714285714286
258 822 0.5714285714285714
259 260 -0.9285714285714286
260 261 1.3571428571428572
261 262 -0.5714285714285714
261 268 2.0
261 275 1.3571428571428572
262 263 -0.9285714285714286
262 330 0.5714285714285714
262 339 0.9285714285714286
262 369 0.9285714285714286
262 378 -0.9285714285714286
263 264 0.9285714285714286
263 405 1.7857142857142858
263 415 -1.7857142857142858
264 265 0.9285714285714286
264 483 1.7857142857142858
264 494 -0.5714285714285714
264 516 1.3571428571428572
264 527 2.0
265 549 -0.5714285714285714
265 584 1.7857142857142858
265 594 0.9285714285714286
266 705 2.0
266 741 2.0
266 752 0.5714285714285714
268 269 -1.3571428571428572
268 275 -1.3571428571428572
269 275 -2.0
269 276 -1.3571428571428572
269 293 -0.9285714285714286
269 315 -1.3571428571428572
269 323 -0.5714285714285714
270 278 -2.0
270 575 1.7857142857142858
270 605 -1.7857142857142858
270 615 2.0
271 272 1.7857142857142858
271 279 1.3571428571428572
271 723 2.0
271 732 -0.9285714285714286
271 764 1.3571428571428572
271 775 0.9285714285714286
272 273 -0.9285714285714286
272 279 1.7857142857142858
272 280 -2.0
272 804 2.0
272 813 0.9285714285714286
273 274 -0.9285714285714286
273 280 -1.3571428571428572
273 281 0.9285714285714286
274 281 -1.7857142857142858
274 282 0.5714285714285714
275 276 1.3571428571428572
275 293 2.0
276 315 -1.3571428571428572
276 323 -0.9285714285714286
276 351 -2.0
276 361 -1.7857142857142858
277 466 -0.5714285714285714
278 605 -1.3571428571428572
278 615 1.3571428571428572
278 645 -1.3571428571428572
278 656 1.7857142857142858
279 280 1.7857142857142858
279 764 -1.7857142857142858
279 775 -2.0
279 804 2.0
279 813 1.3571428571428572
280 281 -0.5714285714285714
281 282 1.3571428571428572
283 291 0.9285714285714286
284 285 -1.3571428571428572
284 293 -1.3571428571428572
284 294 0.5714285714285714
284 299 0.9285714285714286
284 331 -1.3571428571428572
284 339 2.0
285 286 -1.7857142857142858
285 294 -1.3571428571428572
285 378 -1.3571428571428572
285 415 1.3571428571428572
286 287 1.3571428571428572
286 295 -1.7857142857142858
286 445 -0.5714285714285714
286 484 -0.9285714285714286
287 288 -2.0
287 295 -1.3571428571428572
287 517 1.3571428571428572
287 527 -0.9285714285714286
287 550 -0.5714285714285714
288 585 -1.7857142857142858
288 594 -2.0
288 623 0.9285714285714286
288 633 1.7857142857142858
289 290 0.5714285714285714
289 296 0.9285714285714286
289 297 -0.5714285714285714
289 742 -0.9285714285714286
289 784 2.0
289 794 -0.9285714285714286
290 297 1.3571428571428572
290 298 1.7857142857142858
291 292 -1.7857142857142858
292 293 1.7857142857142858
293 294 2.0
293 299 -0.5714285714285714
294 331 0.5714285714285714
294 378 -1.7857142857142858
295 484 -0.9285714285714286
295 494 -0.5714285714285714
295 517 1.3571428571428572
295 527 -0.5714285714285714
296 297 0.5714285714285714
296 742 -0.9285714285714286
296 752 -0.9285714285714286
297 784 1.3571428571428572
297 794 -1.7857142857142858
299 300 0.5714285714285714
299 308 -1.3571428571428572
299 316 -1.7857142857142858
299 323 0.9285714285714286
300 301 -2.0
300 308 -1.7857142857142858
300 309 -2.0
300 352 0.5714285714285714
300 361 1.3571428571428572
300 390 -1.3571428571428572
300 397 0.9285714285714286
301 302 1.3571428571428572
301 309 1.3571428571428572
301 310 0.9285714285714286
301 427 0.9285714285714286
301 436 -1.3571428571428572
301 467 2.0
302 303 1.3571428571428572
302 310 -0.9285714285714286
302 503 -0.5714285714285714
302 536 -1.3571428571428572
303 311 -0.9285714285714286
303 567 1.7857142857142858
303 575 -0.9285714285714286
304 305 -2.0
304 312 -0.9285714285714286
304 724 -1.3571428571428572
304 732 1.7857142857142858
304 765 -1.7857142857142858
304 775 -0.5714285714285714
305 306 0.9285714285714286
305 312 -2.0
305 313 -1.3571428571428572
305 805 1.7857142857142858
305 813 2.0
306 307 0.5714285714285714
306 313 -0.5714285714285714
308 309 -0.9285714285714286
308 316 -0.5714285714285714
308 323 -1.3571428571428572
308 352 -2.0
308 361 -1.3571428571428572
309 310 -0.5714285714285714
309 397 -0.5714285714285714
309 427 0.5714285714285714
309 436 0.9285714285714286
310 467 1.7857142857142858
310 503 -0.9285714285714286
311 606 1.3571428571428572
311 615 1.7857142857142858
311 656 1.7857142857142858
312 313 -1.3571428571428572
312 765 -0.5714285714285714
312 775 -1.7857142857142858
312 805 -0.5714285714285714
312 813 -0.9285714285714286
314 321 0.9285714285714286
315 316 0.9285714285714286
315 322 -1.3571428571428572
315 323 -1.7857142857142858
316 317 -2.0
316 323 1.3571428571428572
316 324 0.9285714285714286
316 331 2.0
316 340 -0.5714285714285714
317 324 -0.5714285714285714
317 325 0.5714285714285714
317 379 -1.3571428571428572
317 406 -2.0
317 416 2.0
318 326 -1.3571428571428572
318 327 0.5714285714285714
318 517 1.3571428571428572
318 528 1.3571428571428572
318 550 0.5714285714285714
319 320 -0.5714285714285714
319 329 -1.7857142857142858
319 742 1.3571428571428572
319 753 1.3571428571428572
319 784 -0.5714285714285714
319 795 -1.7857142857142858
320 329 1.3571428571428572
321 322 -0.5714285714285714
322 323 1.3571428571428572
323 324 -1.3571428571428572
324 325 -0.9285714285714286
324 331 1.3571428571428572
324 340 0.5714285714285714
324 379 -1.7857142857142858
325 326 1.3571428571428572
325 406 -2.0
325 416 -0.5714285714285714
325 445 -1.7857142857142858
325 454 -2.0
326 327 -0.9285714285714286
326 484 -1.7857142857142858
326 495 2.0
326 517 0.5714285714285714
326 528 0.9285714285714286
327 328 -1.7857142857142858
327 550 -0.5714285714285714
327 585 -1.7857142857142858
327 595 -2.0
328 623 -1.3571428571428572
328 634 -1.3571428571428572
328 666 -0.5714285714285714
328 676 1.3571428571428572
329 784 -0.5714285714285714
329 795 -1.3571428571428572
330 331 -2.0
330 339 2.0
331 332 0.9285714285714286
331 339 1.7857142857142858
331 340 -2.0
332 333 -2.0
332 340 1.7857142857142858
332 341 2.0
332 352 2.0
332 362 2.0
332 390 2.0
332 398 1.3571428571428572
333 334 2.0
333 341 0.9285714285714286
333 342 1.3571428571428572
333 427 1.3571428571428572
333 437 1.7857142857142858
333 467 -1.3571428571428572
333 476 -1.3571428571428572
334 335 -1.3571428571428572
334 342 0.5714285714285714
334 343 -1.3571428571428572
334 503 -1.3571428571428572
334 509 -1.7857142857142858
334 536 0.9285714285714286
334 544 -0.9285714285714286
335 336 -0.5714285714285714
335 343 -0.9285714285714286
335 344 -0.5714285714285714
335 576 2.0
335 606 -1.7857142857142858
335 616 -1.7857142857142858
336 337 -1.3571428571428572
336 646 -1.3571428571428572
336 657 2.0
336 697 0.9285714285714286
337 345 0.5714285714285714
337 724 -0.5714285714285714
337 733 1.7857142857142858
337 765 -2.0
337 776 -2.0
338 347 -1.3571428571428572
338 348 0.5714285714285714
339 340 -0.9285714285714286
340 341 1.3571428571428572
340 352 2.0
340 362 -0.5714285714285714
341 342 2.0
341 390 -2.0
341 398 -1.3571428571428572
341 427 -0.9285714285714286
341 437 0.9285714285714286
342 343 1.7857142857142858
342 467 0.5714285714285714
342 476 -0.9285714285714286
342 503 -0.9285714285714286
342 509 -1.7857142857142858
343 344 -0.9285714285714286
343 536 0.5714285714285714
343 544 1.3571428571428572
343 567 -1.7857142857142858
343 576 -1.3571428571428572
344 606 1.7857142857142858
344 616 0.9285714285714286
345 346 0.5714285714285714
345 765 2.0
345 776 1.3571428571428572
345 805 -0.9285714285714286
345 814 0.5714285714285714
346 347 -2.0
347 348 1.3571428571428572
349 350 1.7857142857142858
349 359 -0.5714285714285714
350 351 0.5714285714285714
350 359 -2.0
350 360 1.7857142857142858
351 352 -1.7857142857142858
351 360 2.0
351 361 0.5714285714285714
352 353 -0.5714285714285714
352 361 -1.3571428571428572
352 362 0.9285714285714286
353 354 -0.5714285714285714
353 362 0.9285714285714286
353 363 0.9285714285714286
353 370 0.9285714285714286
353 379 -0.5714285714285714
353 407 1.7857142857142858
353 416 2.0
354 363 -0.9285714285714286
354 364 1.7857142857142858
354 446 -1.7857142857142858
354 454 0.9285714285714286
354 485 0.9285714285714286
354 495 1.7857142857142858
355 356 -1.7857142857142858
355 365 -1.3571428571428572
355 366 -0.5714285714285714
355 586 0.9285714285714286
355 595 -1.3571428571428572
355 624 -2.0
355 634 -1.3571428571428572
356 357 -1.3571428571428572
356 366 -1.3571428571428572
356 367 -0.5714285714285714
356 667 2.0
356 676 -2.0
356 706 -1.3571428571428572
356 714 1.3571428571428572
357 358 -0.5714285714285714
357 367 -2.0
357 743 1.3571428571428572
357 753 2.0
357 785 1.7857142857142858
357 795 -1.3571428571428572
358 368 2.0
358 823 1.3571428571428572
359 360 -2.0
360 361 -1.7857142857142858
361 362 0.5714285714285714
362 363 -0.9285714285714286
362 370 -2.0
362 379 -2.0
363 364 2.0
363 416 -0.5714285714285714
363 446 -0.5714285714285714
363 454 -0.9285714285714286
364 365 2.0
364 485 0.5714285714285714
364 495 0.5714285714285714
364 518 -2.0
364 528 -0.9285714285714286
365 366 -0.5714285714285714
365 551 1.3571428571428572
365 586 -2.0
365 595 0.9285714285714286
366 367 2.0
366 624 1.3571428571428572
366 634 -1.7857142857142858
366 667 2.0
366 676 -0.5714285714285714
367 706 -0.5714285714285714
367 714 -1.3571428571428572
367 743 1.3571428571428572
367 753 1.3571428571428572
369 378 1.7857142857142858
370 371 -0.9285714285714286
370 379 -1.7857142857142858
370 380 0.9285714285714286
370 398 -1.3571428571428572
371 372 1.7857142857142858
371 380 1.7857142857142858
371 381 1.3571428571428572
371 428 1.3571428571428572
371 437 1.7857142857142858
371 468 0.9285714285714286
371 476 0.9285714285714286
372 373 1.7857142857142858
372 381 2.0
372 504 0.9285714285714286
372 509 1.7857142857142858
372 537 -1.3571428571428572
372 544 -1.7857142857142858
373 374 -1.7857142857142858
373 382 1.7857142857142858
373 576 -0.5714285714285714
373 607 1.7857142857142858
373 616 -1.3571428571428572
374 375 -1.7857142857142858
374 382 -0.9285714285714286
374 383 -1.3571428571428572
374 647 -0.9285714285714286
374 657 0.5714285714285714
374 688 -1.3571428571428572
374 697 -0.5714285714285714
375 376 0.5714285714285714
375 383 1.7857142857142858
375 384 -1.3571428571428572
375 733 2.0
375 766 -1.7857142857142858
375 776 1.3571428571428572
376 384 -0.5714285714285714
376 385 1.7857142857142858
376 806 0.9285714285714286
376 814 0.9285714285714286
377 386 -0.9285714285714286
378 379 1.7857142857142858
379 380 1.3571428571428572
380 391 -1.7857142857142858
380 398 -2.0
380 428 -1.3571428571428572
380 437 1.7857142857142858
381 468 -1.7857142857142858
381 476 -0.5714285714285714
381 504 0.9285714285714286
381 509 1.3571428571428572
382 383 0.5714285714285714
382 607 0.9285714285714286
382 657 2.0
383 384 -1.3571428571428572
383 688 1.3571428571428572
383 697 0.5714285714285714
383 733 0.9285714285714286
384 385 -2.0
384 766 0.5714285714285714
384 776 0.5714285714285714
384 806 1.7857142857142858
384 814 1.3571428571428572
385 386 0.5714285714285714
387 388 0.9285714285714286
388 389 0.9285714285714286
388 396 0.5714285714285714
389 390 -0.9285714285714286
389 396 1.3571428571428572
389 397 2.0
390 391 1.3571428571428572
390 397 -1.7857142857142858
390 398 -1.7857142857142858
391 392 -0.5714285714285714
391 398 -0.5714285714285714
391 399 -1.7857142857142858
391 407 0.9285714285714286
391 417 0.9285714285714286
392 393 0.5714285714285714
392 399 0.5714285714285714
392 400 -0.5714285714285714
392 446 1.3571428571428572
392 455 -2.0
392 485 1.3571428571428572
392 496 0.9285714285714286
393 400 0.9285714285714286
393 401 1.3571428571428572
393 518 -1.3571428571428572
393 529 1.7857142857142858
393 551 -0.9285714285714286
393 557 -1.7857142857142858
394 395 2.0
394 403 1.3571428571428572
394 404 1.3571428571428572
394 743 -2.0
394 754 0.9285714285714286
394 785 0.9285714285714286
394 796 -2.0
395 404 1.7857142857142858
395 823 -1.7857142857142858
395 831 0.5714285714285714
396 397 -1.7857142857142858
397 398 -0.5714285714285714
398 399 -2.0
399 400 1.7857142857142858
399 407 1.3571428571428572
399 417 0.9285714285714286
399 446 1.7857142857142858
399 455 -1.3571428571428572
400 401 1.7857142857142858
400 485 -0.9285714285714286
400 496 -0.5714285714285714
400 518 1.7857142857142858
400 529 1.7857142857142858
401 402 2.0
401 551 0.5714285714285714
401 557 -1.3571428571428572
401 586 -1.7857142857142858
401 596 -1.7857142857142858
402 403 1.7857142857142858
402 624 2.0
402 635 1.7857142857142858
402 667 -0.9285714285714286
403 404 -1.7857142857142858
403 706 -0.9285714285714286
403 715 0.9285714285714286
403 743 1.7857142857142858
403 754 1.7857142857142858
404 785 -1.3571428571428572
404 796 1.7857142857142858
404 823 0.9285714285714286
404 831 0.9285714285714286
405 406 -1.7857142857142858
405 415 -1.7857142857142858
406 407 -2.0
406 415 -2.0
406 416 0.5714285714285714
407 408 0.5714285714285714
407 416 2.0
407 417 0.9285714285714286
408 409 0.5714285714285714
408 417 -1.7857142857142858
408 418 1.3571428571428572
408 428 -2.0
408 438 -0.9285714285714286
408 468 -2.0
409 410 -1.7857142857142858
409 418 -2.0
409 504 1.3571428571428572
409 510 2.0
409 537 2.0
410 419 -2.0
410 577 -0.5714285714285714
410 607 1.3571428571428572
410 617 -0.9285714285714286
411 412 1.7857142857142858
411 420 -0.9285714285714286
411 421 1.7857142857142858
411 734 1.7857142857142858
411 766 1.3571428571428572
412 421 1.3571428571428572
412 806 -0.9285714285714286
412 815 0.5714285714285714
413 414 2.0
413 422 0.5714285714285714
414 422 0.5714285714285714
414 423 -1.3571428571428572
415 416 1.7857142857142858
416 417 -1.3571428571428572
417 418 1.3571428571428572
417 428 -1.3571428571428572
417 438 -1.3571428571428572
418 468 -2.0
418 504 -1.7857142857142858
418 510 2.0
419 420 1.7857142857142858
419 607 -1.7857142857142858
419 617 -0.5714285714285714
419 647 1.3571428571428572
420 421 -2.0
420 688 0.9285714285714286
420 698 0.9285714285714286
420 734 -1.7857142857142858
421 766 0.5714285714285714
421 777 -1.3571428571428572
421 806 -2.0
421 815 -1.3571428571428572
422 423 0.5714285714285714
424 425 0.5714285714285714
425 426 -0.9285714285714286
425 435 -1.7857142857142858
426 427 1.7857142857142858
426 435 -2.0
426 436 1.3571428571428572
427 428 0.9285714285714286
427 436 -2.0
427 437 -0.5714285714285714
428 429 2.0
428 437 1.7857142857142858
429 430 -1.7857142857142858
429 438 1.3571428571428572
429 439 0.9285714285714286
429 447 1.7857142857142858
429 455 1.7857142857142858
429 486 2.0
429 496 1.7857142857142858
430 431 1.7857142857142858
430 439 -2.0
430 440 -0.9285714285714286
430 519 2.0
430 529 1.3571428571428572
430 552 -1.3571428571428572
430 557 1.3571428571428572
431 432 -0.5714285714285714
431 440 -1.7857142857142858
431 441 -2.0
431 596 0.5714285714285714
431 625 1.3571428571428572
431 635 -0.5714285714285714
432 433 -1.7857142857142858
432 441 2.0
432 442 0.5714285714285714
432 668 -2.0
432 707 0.9285714285714286
432 715 -0.5714285714285714
433 434 -0.5714285714285714
433 442 0.5714285714285714
433 443 -1.7857142857142858
433 744 1.3571428571428572
433 754 0.5714285714285714
433 786 0.9285714285714286
433 796 0.5714285714285714
434 443 -2.0
434 824 -2.0
434 831 -0.9285714285714286
435 436 0.9285714285714286
436 437 0.9285714285714286
437 438 0.9285714285714286
438 439 2.0
438 447 2.0
438 455 0.9285714285714286
439 440 -1.7857142857142858
439 486 1.7857142857142858
439 496 -1.7857142857142858
439 519 -0.9285714285714286
439 529 -0.9285714285714286
440 441 2.0
440 552 2.0
440 557 2.0
440 596 -1.7857142857142858
441 442 -1.7857142857142858
441 625 0.5714285714285714
441 635 -0.9285714285714286
441 668 -0.9285714285714286
442 443 -0.9285714285714286
442 707 -2.0
442 715 -2.0
442 744 0.5714285714285714
442 754 -0.9285714285714286
443 444 1.7857142857142858
443 786 -0.5714285714285714
443 796 0.5714285714285714
443 824 1.3571428571428572
443 831 1.7857142857142858
445 446 2.0
445 454 2.0
446 447 -0.9285714285714286
446 454 -1.3571428571428572
446 455 0.5714285714285714
447 448 2.0
447 455 -0.9285714285714286
447 456 -2.0
447 469 -1.7857142857142858
448 449 -0.5714285714285714
448 456 0.5714285714285714
448 457 -1.3571428571428572
448 505 1.3571428571428572
448 510 1.3571428571428572
448 538 -1.7857142857142858
449 450 -0.5714285714285714
449 457 1.3571428571428572
449 458 -2.0
449 577 1.7857142857142858
449 608 1.3571428571428572
449 617 2.0
450 451 0.9285714285714286
450 458 2.0
450 459 1.3571428571428572
450 648 0.5714285714285714
450 658 1.3571428571428572
450 689 2.0
450 698 -2.0
451 452 0.9285714285714286
451 460 1.7857142857142858
451 725 1.3571428571428572
451 767 0.9285714285714286
451 777 0.9285714285714286
452 453 -1.3571428571428572
452 460 -1.7857142857142858
452 461 0.9285714285714286
452 807 -0.5714285714285714
452 815 -2.0
453 461 -1.3571428571428572
453 462 -0.5714285714285714
454 455 -0.5714285714285714
455 456 -1.7857142857142858
456 457 -0.9285714285714286
456 469 -0.9285714285714286
456 505 -0.5714285714285714
456 510 -1.3571428571428572
457 458 -1.7857142857142858
457 538 0.5714285714285714
457 577 0.5714285714285714
458 459 0.5714285714285714
458 608 2.0
458 617 -0.5714285714285714
458 648 -0.5714285714285714
458 658 0.5714285714285714
459 460 -0.5714285714285714
459 689 -1.3571428571428572
459 698 0.5714285714285714
459 725 -0.9285714285714286
459 734 -2.0
460 461 1.3571428571428572
460 767 -1.3571428571428572
460 777 0.9285714285714286
460 807 -0.5714285714285714
460 815 1.3571428571428572
461 462 -1.7857142857142858
462 463 -1.7857142857142858
464 465 -1.7857142857142858
465 466 -0.9285714285714286
465 475 -1.3571428571428572
466 467 -1.7857142857142858
466 475 2.0
467 468 1.7857142857142858
467 476 1.3571428571428572
468 469 -1.7857142857142858
468 476 1.3571428571428572
469 470 -2.0
469 477 -0.5714285714285714
469 486 -0.5714285714285714
470 471 0.9285714285714286
470 477 -1.7857142857142858
470 478 1.7857142857142858
470 519 1.7857142857142858
470 530 1.7857142857142858
470 552 1.3571428571428572
470 558 -0.5714285714285714
471 472 -1.7857142857142858
471 478 -0.5714285714285714
471 479 -1.7857142857142858
471 597 1.7857142857142858
471 625 -1.7857142857142858
471 636 2.0
472 473 -1.7857142857142858
472 479 -1.3571428571428572
472 480 2.0
472 668 0.5714285714285714
472 677 2.0
472 707 0.5714285714285714
472 716 -1.3571428571428572
473 474 1.7857142857142858
473 480 -2.0
473 481 1.7857142857142858
473 744 -2.0
473 755 0.9285714285714286
473 786 1.7857142857142858
473 797 -0.5714285714285714
474 481 1.3571428571428572
474 482 -2.0
474 824 -1.7857142857142858
474 832 -1.3571428571428572
477 478 -0.9285714285714286
477 486 -0.9285714285714286
477 530 0.9285714285714286
478 479 0.5714285714285714
478 597 -1.3571428571428572
479 480 0.5714285714285714
479 625 0.5714285714285714
479 636 -0.5714285714285714
479 668 0.9285714285714286
479 677 -1.7857142857142858
480 481 0.5714285714285714
480 707 1.7857142857142858
480 716 -0.5714285714285714
480 744 1.3571428571428572
480 755 -0.5714285714285714
481 482 -2.0
481 786 -0.9285714285714286
481 797 -0.9285714285714286
481 824 -1.7857142857142858
481 832 -1.3571428571428572
483 494 1.3571428571428572
484 485 -1.7857142857142858
484 494 1.7857142857142858
484 495 1.7857142857142858
485 486 0.5714285714285714
485 495 -1.7857142857142858
485 496 2.0
486 487 0.5714285714285714
486 496 0.5714285714285714
487 488 -2.0
487 505 -0.9285714285714286
487 511 1.3571428571428572
487 538 -1.3571428571428572
488 489 1.3571428571428572
488 497 1.3571428571428572
488 578 0.9285714285714286
488 608 -2.0
489 497 0.9285714285714286
489 498 -1.3571428571428572
489 648 1.7857142857142858
489 659 1.7857142857142858
489 689 0.9285714285714286
489 699 -1.3571428571428572
490 491 0.5714285714285714
490 498 -1.3571428571428572
490 499 -0.9285714285714286
490 725 -0.5714285714285714
490 735 -1.7857142857142858
490 767 0.5714285714285714
490 778 0.9285714285714286
491 492 1.7857142857142858
491 499 1.3571428571428572
491 807 -2.0
491 816 2.0
492 493 -0.5714285714285714
492 500 -1.7857142857142858
493 500 0.9285714285714286
493 501 -0.9285714285714286
494 495 -0.9285714285714286
495 496 0.9285714285714286
497 498 1.7857142857142858
497 608 0.5714285714285714
497 648 -1.3571428571428572
497 659 0.5714285714285714
498 499 -0.5714285714285714
498 689 0.5714285714285714
498 699 -0.9285714285714286
498 725 -1.7857142857142858
498 735 -1.3571428571428572
499 767 0.9285714285714286
499 778 -0.9285714285714286
499 807 1.7857142857142858
499 816 1.3571428571428572
500 501 -2.0
503 504 0.5714285714285714
503 509 0.9285714285714286
504 505 0.9285714285714286
504 509 -1.7857142857142858
504 510 2.0
505 510 -0.5714285714285714
505 511 -1.3571428571428572
506 507 -1.3571428571428572
506 512 -1.7857142857142858
506 513 0.9285714285714286
506 587 0.9285714285714286
506 597 -2.0
506 626 -2.0
506 636 -1.7857142857142858
507 513 -2.0
507 669 -1.7857142857142858
507 677 -2.0
507 708 1.7857142857142858
507 716 -1.7857142857142858
508 514 0.9285714285714286
508 515 1.3571428571428572
508 825 0.9285714285714286
508 832 -1.7857142857142858
509 510 1.3571428571428572
510 511 -0.9285714285714286
511 512 0.9285714285714286
511 520 -0.9285714285714286
511 530 0.9285714285714286
512 513 1.7857142857142858
512 558 0.9285714285714286
512 587 1.7857142857142858
512 597 -0.9285714285714286
513 626 -0.5714285714285714
513 636 1.3571428571428572
513 669 -1.7857142857142858
513 677 0.9285714285714286
514 515 -2.0
514 787 2.0
514 797 -2.0
514 825 -1.3571428571428572
514 832 -0.5714285714285714
516 517 -2.0
516 527 -1.3571428571428572
517 518 -1.7857142857142858
517 527 -2.0
517 528 0.5714285714285714
518 519 0.9285714285714286
518 528 0.9285714285714286
518 529 2.0
519 520 -0.9285714285714286
519 529 -2.0
519 530 0.9285714285714286
520 521 -0.9285714285714286
520 530 1.7857142857142858
520 531 1.7857142857142858
520 539 1.3571428571428572
521 531 2.0
521 532 1.3571428571428572
521 568 2.0
521 578 -1.7857142857142858
522 523 0.5714285714285714
522 532 -2.0
522 649 0.5714285714285714
522 659 -0.5714285714285714
522 690 -2.0
522 699 -1.3571428571428572
523 524 -1.7857142857142858
523 726 -0.9285714285714286
523 735 -0.9285714285714286
523 778 2.0
524 525 1.7857142857142858
524 533 -2.0
524 808 -1.3571428571428572
524 816 0.5714285714285714
525 526 -2.0
525 533 1.3571428571428572
525 534 0.9285714285714286
526 534 2.0
526 535 0.9285714285714286
527 528 0.9285714285714286
528 529 -1.7857142857142858
529 530 2.0
530 531 2.0
531 532 -1.3571428571428572
531 539 2.0
531 568 -2.0
531 578 -2.0
532 649 -0.9285714285714286
532 659 -1.3571428571428572
533 534 -1.7857142857142858
534 535 -1.3571428571428572
536 537 -0.5714285714285714
536 544 1.3571428571428572
537 538 0.9285714285714286
537 544 2.0
538 539 -2.0
539 540 -2.0
539 545 -0.9285714285714286
539 559 2.0
540 541 1.7857142857142858
540 545 2.0
540 546 2.0
540 587 1.7857142857142858
540 626 2.0
540 637 1.7857142857142858
541 542 1.7857142857142858
541 546 0.9285714285714286
541 547 -2.0
541 669 2.0
541 678 0.9285714285714286
541 708 0.9285714285714286
541 717 -1.7857142857142858
542 547 -0.5714285714285714
542 745 -0.5714285714285714
542 756 2.0
542 787 -0.5714285714285714
542 798 -0.9285714285714286
545 546 -1.7857142857142858
545 559 0.9285714285714286
545 587 0.5714285714285714
545 598 1.3571428571428572
546 547 -1.3571428571428572
546 626 -1.7857142857142858
546 637 -2.0
546 669 -2.0
546 678 -2.0
547 708 -1.3571428571428572
547 745 0.9285714285714286
547 756 -1.3571428571428572
549 550 -0.9285714285714286
550 551 -2.0
551 552 2.0
551 557 -1.3571428571428572
552 557 -1.7857142857142858
552 558 0.5714285714285714
553 554 -0.5714285714285714
553 559 1.3571428571428572
553 560 -0.9285714285714286
553 568 -1.7857142857142858
553 579 1.7857142857142858
554 555 -0.5714285714285714
554 560 -2.0
554 660 0.9285714285714286
554 690 -2.0
554 700 -1.3571428571428572
555 556 2.0
555 561 0.9285714285714286
555 562 2.0
555 726 0.9285714285714286
555 736 -0.9285714285714286
555 768 -0.5714285714285714
555 779 0.5714285714285714
556 562 -0.5714285714285714
556 808 1.3571428571428572
556 817 0.9285714285714286
557 558 2.0
558 559 0.9285714285714286
559 560 -0.9285714285714286
559 568 -1.3571428571428572
559 579 2.0
560 561 0.5714285714285714
560 649 -0.5714285714285714
560 660 0.9285714285714286
561 562 -2.0
561 690 -1.7857142857142858
561 726 0.5714285714285714
561 736 -0.5714285714285714
562 768 -1.7857142857142858
562 779 -1.3571428571428572
562 808 -0.9285714285714286
562 817 -2.0
563 564 2.0
565 566 0.9285714285714286
565 573 2.0
566 573 1.3571428571428572
566 574 -2.0
567 575 -2.0
567 576 -0.9285714285714286
568 569 1.3571428571428572
568 578 0.9285714285714286
568 579 1.7857142857142858
569 570 -1.7857142857142858
569 579 0.5714285714285714
569 580 1.7857142857142858
569 588 0.9285714285714286
569 598 -0.5714285714285714
569 627 0.9285714285714286
569 637 -0.9285714285714286
570 571 0.5714285714285714
570 580 2.0
570 581 -1.7857142857142858
570 670 -1.3571428571428572
570 678 -1.3571428571428572
570 709 -2.0
570 717 -1.3571428571428572
571 572 -0.9285714285714286
571 581 0.5714285714285714
571 582 -0.9285714285714286
571 746 1.3571428571428572
571 756 -0.5714285714285714
571 788 2.0
571 798 -2.0
572 582 -0.5714285714285714
572 583 -2.0
572 826 0.5714285714285714
572 833 -2.0
573 574 -0.5714285714285714
574 575 1.3571428571428572
575 576 0.5714285714285714
576 577 0.5714285714285714
577 578 -0.9285714285714286
578 579 0.5714285714285714
579 580 -0.5714285714285714
579 588 -0.5714285714285714
579 598 1.3571428571428572
580 581 2.0
580 637 1.3571428571428572
580 670 -1.3571428571428572
580 678 1.7857142857142858
581 582 -0.9285714285714286
581 709 1.7857142857142858
581 717 -0.5714285714285714
581 746 0.9285714285714286
581 756 -0.5714285714285714
582 583 -0.9285714285714286
582 788 -2.0
582 798 -0.9285714285714286
582 826 -0.5714285714285714
582 833 0.9285714285714286
584 585 0.5714285714285714
584 594 -1.7857142857142858
585 586 -1.3571428571428572
585 594 -0.9285714285714286
585 595 -0.5714285714285714
586 595 -0.9285714285714286
586 596 -0.5714285714285714
587 588 -2.0
587 597 -1.7857142857142858
587 598 1.3571428571428572
588 589 -1.3571428571428572
588 598 -1.7857142857142858
588 599 0.9285714285714286
588 609 -2.0
589 590 1.7857142857142858
589 599 0.5714285714285714
589 600 0.9285714285714286
589 650 -0.9285714285714286
589 660 1.3571428571428572
589 691 0.5714285714285714
589 700 0.5714285714285714
590 591 0.5714285714285714
590 600 0.9285714285714286
590 601 -0.5714285714285714
590 727 -1.7857142857142858
590 736 -0.5714285714285714
590 769 -2.0
590 779 1.7857142857142858
591 592 0.5714285714285714
591 809 -0.5714285714285714
591 817 0.5714285714285714
592 593 -1.7857142857142858
593 602 -1.7857142857142858
595 596 -0.9285714285714286
596 597 -0.9285714285714286
597 598 -0.5714285714285714
598 599 -0.9285714285714286
599 600 2.0
599 609 1.7857142857142858
599 650 1.7857142857142858
599 660 -2.0
600 601 -1.7857142857142858
600 691 0.9285714285714286
600 700 -0.5714285714285714
600 727 0.5714285714285714
600 736 -1.7857142857142858
601 769 0.9285714285714286
601 779 2.0
601 809 1.3571428571428572
601 817 -0.5714285714285714
603 604 2.0
603 613 -1.3571428571428572
604 605 2.0
604 613 0.9285714285714286
604 614 -0.5714285714285714
605 606 -0.5714285714285714
605 614 2.0
605 615 1.3571428571428572
606 607 -2.0
606 616 1.3571428571428572
607 608 -0.9285714285714286
607 616 -2.0
607 617 -1.7857142857142858
608 617 -0.5714285714285714
609 610 -2.0
609 618 -1.7857142857142858
609 627 -1.3571428571428572
609 638 1.7857142857142858
610 611 -1.3571428571428572
610 618 -2.0
610 619 1.7857142857142858
610 670 2.0
610 679 2.0
610 709 -0.9285714285714286
610 718 -1.3571428571428572
611 612 -0.5714285714285714
611 619 -1.7857142857142858
611 620 -1.7857142857142858
611 746 -0.5714285714285714
611 757 0.5714285714285714
611 788 1.7857142857142858
612 620 -1.7857142857142858
612 621 -2.0
612 826 -0.5714285714285714
612 834 -0.5714285714285714
614 615 1.3571428571428572
615 616 -0.9285714285714286
616 617 -0.5714285714285714
618 619 1.3571428571428572
618 627 0.5714285714285714
618 638 -0.5714285714285714
618 670 -1.7857142857142858
618 679 -1.7857142857142858
619 620 2.0
619 709 0.5714285714285714
619 718 -2.0
619 746 1.3571428571428572
620 621 1.3571428571428572
620 788 1.7857142857142858
620 834 -1.3571428571428572
622 623 0.9285714285714286
622 633 -1.3571428571428572
623 624 -0.5714285714285714
623 633 1.3571428571428572
623 634 1.3571428571428572
624 625 -1.7857142857142858
624 634 -0.5714285714285714
624 635 0.5714285714285714
625 626 1.3571428571428572
625 635 0.5714285714285714
625 636 1.7857142857142858
626 627 1.7857142857142858
626 636 1.7857142857142858
626 637 -0.9285714285714286
627 628 1.7857142857142858
627 637 1.3571428571428572
627 638 2.0
628 629 0.5714285714285714
628 639 -0.9285714285714286
628 650 1.3571428571428572
628 661 -2.0
628 691 1.3571428571428572
628 701 1.7857142857142858
629 639 1.3571428571428572
629 640 1.7857142857142858
629 727 0.5714285714285714
629 737 1.7857142857142858
629 769 0.5714285714285714
629 780 1.3571428571428572
630 631 -2.0
630 640 1.7857142857142858
630 641 -0.5714285714285714
630 809 1.7857142857142858
630 818 -1.3571428571428572
631 632 1.3571428571428572
631 641 -2.0
631 642 -0.9285714285714286
632 642 -2.0
632 643 -2.0
633 634 -0.5714285714285714
634 635 -2.0
635 636 -1.3571428571428572
637 638 0.9285714285714286
638 650 1.3571428571428572
638 661 -0.9285714285714286
639 640 -0.5714285714285714
639 691 -1.3571428571428572
639 701 -0.9285714285714286
639 727 1.7857142857142858
639 737 1.3571428571428572
640 641 -0.9285714285714286
640 769 -0.5714285714285714
640 780 -0.9285714285714286
640 809 0.5714285714285714
640 818 -0.5714285714285714
641 642 0.5714285714285714
642 643 1.7857142857142858
644 654 1.3571428571428572
645 646 -2.0
645 655 -2.0
645 656 2.0
646 647 1.7857142857142858
646 656 -0.9285714285714286
646 657 2.0
647 648 0.5714285714285714
647 657 -1.7857142857142858
647 658 -2.0
648 649 0.5714285714285714
648 658 -1.7857142857142858
648 659 -0.9285714285714286
649 650 1.3571428571428572
649 659 -0.5714285714285714
649 660 0.9285714285714286
650 651 0.5714285714285714
650 660 -2.0
650 661 1.3571428571428572
651 652 1.7857142857142858
651 661 1.3571428571428572
651 662 2.0
651 679 1.3571428571428572
651 710 -1.7857142857142858
651 718 -1.7857142857142858
652 653 -1.3571428571428572
652 662 0.9285714285714286
652 663 -2.0
652 747 -0.9285714285714286
652 757 1.3571428571428572
652 789 -1.3571428571428572
653 663 0.5714285714285714
653 664 2.0
653 827 1.3571428571428572
653 834 1.7857142857142858
654 655 -0.9285714285714286
655 656 0.5714285714285714
656 657 2.0
657 658 0.5714285714285714
658 659 -1.3571428571428572
659 660 -1.3571428571428572
660 661 0.5714285714285714
661 662 0.9285714285714286
661 679 -0.5714285714285714
662 663 0.9285714285714286
662 710 1.3571428571428572
662 718 -1.3571428571428572
662 747 0.5714285714285714
662 757 -2.0
663 664 -0.9285714285714286
663 789 -0.5714285714285714
663 827 -0.9285714285714286
663 834 1.7857142857142858
665 666 -1.3571428571428572
665 675 -0.5714285714285714
666 667 1.3571428571428572
666 675 1.3571428571428572
666 676 2.0
667 668 2.0
667 676 -0.5714285714285714
668 669 -1.3571428571428572
668 677 -2.0
669 670 -2.0
669 677 0.5714285714285714
669 678 -0.5714285714285714
670 678 1.7857142857142858
670 679 -1.7857142857142858
671 672 1.3571428571428572
671 680 -0.5714285714285714
671 681 -1.3571428571428572
671 728 -1.7857142857142858
671 737 -0.9285714285714286
671 770 0.9285714285714286
671 780 -1.7857142857142858
672 673 -0.9285714285714286
672 681 -0.9285714285714286
672 682 -1.7857142857142858
672 810 -1.3571428571428572
672 818 -1.3571428571428572
673 674 -2.0
673 682 0.5714285714285714
673 683 -2.0
674 683 0.5714285714285714
674 684 -1.3571428571428572
675 676 1.7857142857142858
677 678 -1.7857142857142858
678 679 -2.0
679 680 1.3571428571428572
680 681 0.5714285714285714
680 692 -0.9285714285714286
680 701 -0.9285714285714286
680 728 1.3571428571428572
680 737 1.7857142857142858
681 682 0.5714285714285714
681 770 -1.7857142857142858
681 780 0.5714285714285714
681 810 0.9285714285714286
681 818 -0.5714285714285714
682 683 1.7857142857142858
683 684 -0.9285714285714286
685 686 2.0
685 694 0.5714285714285714
686 695 1.3571428571428572
687 688 0.5714285714285714
687 696 2.0
687 697 -1.3571428571428572
688 689 0.9285714285714286
688 697 0.9285714285714286
688 698 1.7857142857142858
689 690 -0.5714285714285714
689 698 1.7857142857142858
689 699 2.0
690 691 2.0
690 699 -2.0
690 700 0.5714285714285714
691 692 -2.0
691 700 -2.0
691 701 -2.0
692 701 -2.0
692 702 1.7857142857142858
692 710 -1.3571428571428572
693 703 -1.3571428571428572
693 704 -2.0
693 827 1.7857142857142858
693 835 -1.3571428571428572
694 695 2.0
695 696 2.0
696 697 0.9285714285714286
697 698 1.3571428571428572
699 700 -0.5714285714285714
700 701 -1.3571428571428572
701 702 -1.3571428571428572
702 703 0.5714285714285714
702 710 1.3571428571428572
702 747 0.5714285714285714
702 758 -1.7857142857142858
703 704 -0.5714285714285714
703 789 -1.3571428571428572
703 827 -1.7857142857142858
703 835 0.9285714285714286
706 707 0.5714285714285714
706 714 -1.7857142857142858
706 715 -0.5714285714285714
707 708 -1.7857142857142858
707 715 -1.7857142857142858
707 716 -1.7857142857142858
708 709 -0.5714285714285714
708 716 -0.9285714285714286
708 717 -0.5714285714285714
709 710 -2.0
709 717 0.5714285714285714
709 718 -2.0
710 711 -0.9285714285714286
710 718 1.7857142857142858
711 712 -2.0
711 719 -0.5714285714285714
711 728 2.0
711 738 -2.0
711 770 -0.5714285714285714
712 713 -2.0
712 719 1.3571428571428572
712 720 -2.0
712 810 0.5714285714285714
712 819 1.7857142857142858
713 720 -0.9285714285714286
713 721 1.3571428571428572
714 715 -0.9285714285714286
715 716 0.9285714285714286
716 717 0.9285714285714286
717 718 -1.7857142857142858
719 720 0.5714285714285714
719 770 -0.9285714285714286
719 810 -0.5714285714285714
719 819 -0.5714285714285714
720 721 -0.9285714285714286
722 723 -0.5714285714285714
722 730 1.3571428571428572
722 731 0.5714285714285714
723 724 -0.5714285714285714
723 731 1.3571428571428572
723 732 1.3571428571428572
724 732 0.5714285714285714
724 733 -0.5714285714285714
725 726 -2.0
725 734 -1.3571428571428572
725 735 1.7857142857142858
726 727 -2.0
726 735 -1.3571428571428572
726 736 0.9285714285714286
727 728 1.3571428571428572
727 736 -2.0
727 737 -0.9285714285714286
728 737 -0.5714285714285714
728 738 -1.7857142857142858
729 739 1.3571428571428572
729 740 1.3571428571428572
729 828 0.9285714285714286
729 835 0.9285714285714286
730 731 -0.5714285714285714
731 732 1.3571428571428572
732 733 1.3571428571428572
733 734 -2.0
734 735 2.0
735 736 1.7857142857142858
736 737 1.7857142857142858
737 738 1.3571428571428572
738 739 -1.7857142857142858
738 748 -1.3571428571428572
738 758 -0.5714285714285714
739 740 -2.0
739 790 2.0
739 828 0.5714285714285714
739 835 -1.7857142857142858
741 742 -1.7857142857142858
741 752 -1.7857142857142858
742 743 0.5714285714285714
742 752 -0.9285714285714286
742 753 1.3571428571428572
743 754 0.5714285714285714
744 745 -2.0
744 754 1.3571428571428572
744 755 -1.7857142857142858
745 746 0.5714285714285714
745 755 1.7857142857142858
745 756 0.9285714285714286
746 747 -0.5714285714285714
746 756 -0.9285714285714286
746 757 0.5714285714285714
747 748 0.5714285714285714
747 757 -1.3571428571428572
747 758 2.0
748 749 -0.5714285714285714
748 759 -1.7857142857142858
748 771 0.5714285714285714
749 750 0.5714285714285714
749 759 0.5714285714285714
749 760 0.9285714285714286
749 819 -2.0
750 751 0.5714285714285714
750 760 1.7857142857142858
750 761 0.5714285714285714
751 761 2.0
751 762 2.0
752 753 0.5714285714285714
753 754 0.9285714285714286
754 755 -0.5714285714285714
755 756 -1.3571428571428572
756 757 -0.9285714285714286
757 758 -0.9285714285714286
758 759 2.0
759 760 2.0
759 771 -0.9285714285714286
759 819 -2.0
760 761 0.5714285714285714
761 762 0.5714285714285714
763 764 -1.3571428571428572
763 773 0.5714285714285714
763 774 -1.7857142857142858
764 765 -0.5714285714285714
764 774 2.0
764 775 1.3571428571428572
765 766 -1.3571428571428572
765 775 -2.0
765 776 -2.0
766 767 1.3571428571428572
766 776 0.5714285714285714
766 777 1.7857142857142858
767 768 -0.9285714285714286
767 777 1.3571428571428572
767 778 -1.3571428571428572
768 769 1.7857142857142858
768 778 1.3571428571428572
768 779 -0.9285714285714286
769 770 0.9285714285714286
769 780 2.0
770 771 -0.9285714285714286
770 780 0.5714285714285714
771 772 2.0
771 781 1.3571428571428572
771 790 0.5714285714285714
771 799 -0.9285714285714286
772 781 -1.7857142857142858
772 782 -1.3571428571428572
772 828 0.9285714285714286
772 836 -1.3571428571428572
773 774 0.9285714285714286
774 775 -2.0
775 776 -1.3571428571428572
776 777 0.5714285714285714
777 778 -0.9285714285714286
778 779 0.5714285714285714
779 780 -0.5714285714285714
781 782 -1.3571428571428572
781 790 -1.3571428571428572
781 799 1.3571428571428572
781 828 2.0
781 836 2.0
783 784 -2.0
783 794 1.3571428571428572
784 785 -1.7857142857142858
784 794 0.9285714285714286
784 795 1.3571428571428572
785 786 1.7857142857142858
785 795 -0.5714285714285714
785 796 -0.9285714285714286
786 787 -2.0
786 796 1.7857142857142858
786 797 0.5714285714285714
787 788 -0.5714285714285714
787 797 1.7857142857142858
787 798 -0.5714285714285714
788 789 -1.7857142857142858
788 798 -1.7857142857142858
789 790 -1.7857142857142858
790 791 -1.3571428571428572
790 799 -0.5714285714285714
791 792 0.9285714285714286
791 799 1.3571428571428572
791 800 1.7857142857142858
791 820 0.5714285714285714
792 793 0.5714285714285714
792 800 -1.3571428571428572
792 801 1.3571428571428572
793 801 0.5714285714285714
793 802 0.9285714285714286
794 795 -1.3571428571428572
795 796 1.3571428571428572
796 797 1.7857142857142858
797 798 -0.5714285714285714
799 800 0.5714285714285714
799 820 0.5714285714285714
801 802 1.3571428571428572
803 812 -2.0
804 813 0.5714285714285714
805 806 -1.7857142857142858
805 813 1.7857142857142858
805 814 -0.5714285714285714
806 807 2.0
806 814 0.5714285714285714
806 815 2.0
807 808 -2.0
807 815 1.3571428571428572
807 816 0.5714285714285714
808 809 -2.0
808 816 -2.0
809 810 0.5714285714285714
809 817 2.0
809 818 1.3571428571428572
810 819 1.7857142857142858
811 820 0.5714285714285714
811 821 -0.9285714285714286
811 829 -2.0
811 836 -0.9285714285714286
813 814 0.5714285714285714
814 815 0.5714285714285714
815 816 1.7857142857142858
816 817 -1.7857142857142858
817 818 1.7857142857142858
818 819 1.7857142857142858
819 820 1.7857142857142858
820 821 -1.7857142857142858
820 829 1.7857142857142858
820 836 1.3571428571428572
823 824 0.9285714285714286
823 831 0.5714285714285714
824 825 0.9285714285714286
824 831 1.7857142857142858
825 826 1.3571428571428572
825 832 0.9285714285714286
825 833 0.9285714285714286
826 827 1.7857142857142858
826 834 0.9285714285714286
827 828 -1.7857142857142858
827 834 -2.0
827 835 -1.3571428571428572
828 829 -1.3571428571428572
828 835 2.0
829 830 -0.9285714285714286
829 836 -0.5714285714285714
829 837 1.7857142857142858
830 837 1.3571428571428572
830 838 -0.9285714285714286
832 833 -0.9285714285714286
833 834 0.5714285714285714
834 835 0.9285714285714286
835 836 -1.7857142857142858
836 837 -1.3571428571428572
837 838 -0.9285714285714286
