989 4012
1 1 2.3571428571428568
2 2 5.214285714285714
3 3 1.3571428571428574
4 4 -3.928571428571429
5 5 0.5714285714285714
6 6 5.142857142857142
7 7 -0.7142857142857144
8 8 2.7857142857142856
9 9 2.7857142857142856
10 10 0.2142857142857144
11 11 -1.6428571428571428
12 12 -0.6428571428571428
13 13 -5.428571428571429
14 14 0.9285714285714286
15 15 -1.2142857142857144
16 16 -7.571428571428572
17 17 5.92857142857143
18 18 7.428571428571429
19 19 0.642857142857143
20 20 -0.785714285714286
21 21 2.6428571428571432
22 22 -0.2857142857142858
23 23 -1.9999999999999996
24 24 -0.6428571428571428
25 25 4.0
26 26 6.642857142857142
27 27 -4.357142857142857
28 28 0.2142857142857144
29 29 3.071428571428571
30 30 5.714285714285715
31 31 1.0000000000000002
32 32 1.0714285714285712
33 33 3.500000000000001
34 34 -1.6428571428571415
35 35 2.5714285714285716
36 36 -0.14285714285714324
37 37 -0.6428571428571432
38 38 -1.142857142857143
39 39 -9.357142857142858
40 40 1.8571428571428572
41 41 -1.4285714285714286
42 42 -1.0714285714285714
43 43 -1.4285714285714286
44 44 -0.2857142857142858
45 45 -1.2857142857142858
46 46 2.1428571428571432
47 47 6.071428571428572
48 48 1.7142857142857142
49 49 6.857142857142858
50 50 1.642857142857143
51 51 5.142857142857143
52 52 -1.7857142857142863
53 53 -3.928571428571429
54 54 -1.5714285714285716
55 55 1.5714285714285716
56 56 0.1428571428571428
57 57 3.1428571428571432
58 58 1.8571428571428572
59 59 3.7857142857142856
60 60 0.2857142857142858
61 61 -0.4285714285714286
62 62 6.071428571428572
63 63 4.0
64 64 -1.857142857142858
65 65 -3.785714285714286
66 66 -4.214285714285714
67 67 -1.071428571428571
68 68 -1.7142857142857146
69 69 -1.0
70 70 6.5
71 71 2.357142857142857
72 72 -0.8571428571428577
73 73 -4.428571428571429
74 74 -1.4999999999999996
75 75 -3.0714285714285716
76 76 -2.357142857142857
77 77 1.7857142857142858
78 78 -7.071428571428572
79 79 -2.2142857142857144
80 80 -0.9285714285714288
81 81 2.357142857142857
82 82 1.5714285714285716
83 83 3.1428571428571432
84 84 0.49999999999999956
85 85 3.571428571428571
86 86 -0.5
87 87 3.500000000000001
88 88 -3.4285714285714284
89 89 0.35714285714285676
90 90 -2.071428571428571
92 92 3.642857142857143
93 93 6.928571428571429
94 94 1.2142857142857144
95 95 5.0
96 96 3.9285714285714284
97 97 -1.7857142857142858
99 99 1.9999999999999998
100 100 -1.4285714285714286
101 101 -5.42857142857143
102 102 3.142857142857143
103 103 3.4285714285714284
104 104 -1.7857142857142858
105 105 1.4285714285714286
106 106 -7.071428571428571
107 107 2.2857142857142856
108 108 3.3571428571428577
109 109 -1.5
110 110 -5.785714285714286
111 111 -10.857142857142858
112 112 1.2142857142857137
113 113 1.7142857142857142
114 114 1.7857142857142856
115 115 -3.5
116 116 5.071428571428571
117 117 -1.7142857142857144
118 118 -4.2857142857142865
119 119 3.2142857142857144
120 120 3.428571428571429
121 121 -1.1428571428571428
122 122 0.4285714285714284
123 123 1.071428571428571
124 124 -1.3571428571428565
125 125 -3.7857142857142856
126 126 1.7142857142857144
127 127 0.7142857142857142
128 128 3.7857142857142856
129 129 -1.7142857142857149
130 130 4.857142857142857
131 131 1.3571428571428568
132 132 2.928571428571429
133 133 0.7142857142857142
134 134 7.071428571428572
135 135 -0.7142857142857144
136 136 3.6428571428571423
137 137 -0.1428571428571428
138 138 -2.7857142857142856
139 139 -7.285714285714286
140 140 -5.642857142857142
141 141 0.2857142857142858
142 142 2.642857142857143
143 143 1.5000000000000002
144 144 5.357142857142858
145 145 1.4285714285714288
146 146 -2.928571428571429
147 147 -2.2142857142857144
148 148 -3.8571428571428577
149 149 -1.7142857142857146
150 150 -3.5714285714285716
151 151 1.4285714285714288
152 152 4.857142857142858
153 153 5.071428571428571
154 154 -0.6428571428571423
155 155 1.0714285714285714
156 156 3.6428571428571432
157 157 0.9285714285714288
158 158 -3.285714285714286
159 159 2.0
160 160 -3.785714285714286
161 161 1.5
162 162 -2.7142857142857144
163 163 -0.4285714285714286
164 164 -2.2857142857142856
165 165 2.785714285714286
166 166 0.3571428571428572
167 167 1.3571428571428572
168 168 -0.642857142857143
169 169 -6.928571428571429
170 170 -1.5
171 171 -2.3571428571428577
172 172 -3.2857142857142856
173 173 -4.285714285714286
174 174 -1.8571428571428568
175 175 0.2142857142857144
176 176 -1.6428571428571435
177 177 3.1428571428571432
178 178 -3.285714285714286
179 179 5.071428571428572
180 180 3.7857142857142856
181 181 6.5
182 182 -5.357142857142858
183 183 0.1428571428571428
184 184 0.8571428571428572
185 185 1.9999999999999998
186 186 0.8571428571428572
187 187 -2.1428571428571432
188 188 0.5714285714285716
189 189 3.1428571428571432
190 190 -2.2857142857142856
191 191 -4.0
192 192 5.714285714285714
193 193 -4.440892098500626e-16
194 194 2.2857142857142856
195 195 4.5
196 196 -0.4285714285714286
197 197 0.5
198 198 -1.5000000000000002
199 199 -9.071428571428571
200 200 -1.7857142857142858
201 201 0.6428571428571428
202 202 -4.571428571428571
203 203 -0.8571428571428572
204 204 3.1428571428571432
205 205 -2.5714285714285716
206 206 -2.7142857142857144
207 207 -2.5
208 208 -3.928571428571429
209 209 1.714285714285714
210 210 0.2142857142857144
211 211 -2.071428571428571
212 212 0.2142857142857144
213 213 -2.1428571428571423
214 214 -2.4285714285714284
215 215 3.357142857142857
216 216 -1.8571428571428572
217 217 -1.3571428571428572
218 218 4.785714285714286
219 219 6.285714285714286
220 220 1.9285714285714286
221 221 5.285714285714286
222 222 4.571428571428571
223 223 4.642857142857143
224 224 1.0714285714285714
225 225 -1.857142857142857
226 226 3.5
227 227 2.071428571428572
228 228 -4.785714285714286
229 229 -4.642857142857142
230 230 6.428571428571428
231 231 0.3571428571428572
232 232 -5.714285714285714
233 233 7.2857142857142865
234 234 7.857142857142858
235 235 2.0
236 236 -3.571428571428571
237 237 1.4285714285714286
238 238 3.6428571428571423
239 239 7.071428571428571
240 240 2.7857142857142856
241 241 -0.07142857142857162
242 242 2.0
243 243 -0.07142857142857117
244 244 0.2857142857142858
245 245 4.071428571428571
246 246 0.642857142857143
247 247 3.2857142857142847
248 248 -1.642857142857143
249 249 0.2857142857142858
250 250 -1.7142857142857142
251 251 -7.428571428571429
252 252 -4.642857142857143
253 253 -6.214285714285714
254 254 -7.071428571428571
255 255 2.2142857142857144
256 256 4.2142857142857135
257 257 -4.285714285714286
258 258 -1.2857142857142858
259 259 -0.7857142857142858
260 260 -0.14285714285714302
261 261 -7.714285714285715
262 262 -4.714285714285714
263 263 -3.428571428571428
264 264 0.9285714285714288
265 265 -1.9285714285714288
266 266 0.6428571428571432
267 267 1.5714285714285718
268 268 -0.5714285714285714
269 269 -2.0
270 270 -3.357142857142857
271 271 -2.928571428571429
272 272 4.142857142857143
273 273 1.9285714285714286
274 274 -4.642857142857142
275 275 -4.357142857142857
276 276 1.928571428571429
277 277 0.3571428571428572
278 278 2.7142857142857144
279 279 1.5714285714285716
280 280 -2.428571428571429
281 281 -5.571428571428571
282 282 1.4285714285714288
283 283 -3.6428571428571432
284 284 -6.571428571428571
285 285 0.2142857142857142
286 286 -0.6428571428571428
287 287 1.357142857142857
288 288 -1.3571428571428572
289 289 0.2142857142857144
290 290 0.2857142857142856
291 291 -0.6428571428571428
292 292 3.4285714285714284
293 293 0.7857142857142856
294 294 4.928571428571429
295 295 1.4285714285714286
296 296 3.2142857142857144
297 297 -7.214285714285715
298 298 2.428571428571429
299 299 4.857142857142858
300 300 -2.1428571428571432
301 301 -1.4285714285714288
302 302 -6.571428571428572
303 303 0.9285714285714286
304 304 5.2857142857142865
305 305 2.928571428571429
306 306 3.4285714285714293
307 307 5.142857142857143
308 308 -0.21428571428571397
309 309 -1.8571428571428572
310 310 -4.785714285714286
311 311 -1.2142857142857144
312 312 -0.714285714285714
313 313 0.7857142857142856
314 314 -5.142857142857142
315 315 1.0714285714285714
316 316 -3.357142857142857
317 317 -0.2857142857142856
318 318 0.14285714285714302
319 319 1.4285714285714286
320 320 -3.4285714285714284
321 321 -3.3571428571428577
322 322 -1.7142857142857142
323 323 -1.6428571428571428
324 324 -3.857142857142857
325 325 1.4999999999999996
326 326 -3.142857142857143
327 327 0.5000000000000002
329 329 0.14285714285714302
330 330 -2.6428571428571432
331 331 -5.428571428571429
332 332 -1.5
333 333 -0.2857142857142858
334 334 -0.28571428571428514
335 335 1.7142857142857142
336 336 -9.214285714285715
337 337 -2.5
338 338 -4.428571428571429
339 339 -1.4999999999999998
340 340 1.7857142857142858
341 341 -1.5
342 342 0.3571428571428572
343 343 -1.8571428571428572
344 344 -1.4285714285714284
345 345 -3.2142857142857144
346 346 -3.0714285714285716
347 347 -5.571428571428572
348 348 0.4999999999999998
349 349 0.7142857142857142
350 350 -4.142857142857143
351 351 1.0714285714285714
352 352 -1.7857142857142856
353 353 7.571428571428569
354 354 2.428571428571429
355 355 3.7142857142857144
356 356 -0.7857142857142858
357 357 4.0
359 359 0.4999999999999998
360 360 2.142857142857143
361 361 1.5714285714285712
362 362 6.285714285714286
363 363 0.42857142857142927
364 364 -0.9285714285714286
365 365 -4.2857142857142865
366 366 -1.4285714285714286
367 367 -2.357142857142857
368 368 -4.5
369 369 2.7142857142857153
370 370 8.857142857142858
371 371 1.0714285714285714
372 372 -0.35714285714285765
373 373 1.2857142857142858
374 374 2.8571428571428568
375 375 -1.2142857142857142
376 376 0.9285714285714284
377 377 2.2857142857142856
378 378 -1.1428571428571428
379 379 5.642857142857143
380 380 2.3571428571428568
381 381 -2.7142857142857144
382 382 -1.1428571428571428
383 383 -3.642857142857143
384 384 -0.7142857142857142
385 385 1.7857142857142858
386 386 -3.7142857142857144
387 387 1.9999999999999996
388 388 2.5
389 389 -4.214285714285714
390 390 -3.357142857142857
391 391 -1.7857142857142858
392 392 2.357142857142857
393 393 2.357142857142857
394 394 7.0
395 395 4.642857142857142
396 396 -1.7142857142857149
397 397 7.571428571428571
398 398 6.285714285714286
399 399 1.7142857142857137
400 400 -0.7857142857142858
401 401 -1.2142857142857144
402 402 -5.357142857142858
403 403 1.4285714285714286
404 404 -2.857142857142857
405 405 -6.071428571428572
406 406 -3.3571428571428577
407 407 -3.428571428571429
408 408 -3.2857142857142856
409 409 -5.5
410 410 -5.285714285714286
411 411 -1.5714285714285716
412 412 5.571428571428571
413 413 2.071428571428571
414 414 -1.5
415 415 0.4285714285714286
416 416 -1.0000000000000004
417 417 -2.428571428571429
418 418 -0.6428571428571428
419 419 -4.357142857142857
420 420 -2.214285714285715
421 421 -1.7857142857142856
422 422 -0.7857142857142858
423 423 -3.0
424 424 0.5714285714285716
425 425 -3.2142857142857144
426 426 -2.357142857142857
427 427 -3.1428571428571432
428 428 -2.928571428571429
429 429 4.428571428571428
430 430 -3.285714285714285
431 431 -4.440892098500626e-16
432 432 3.571428571428572
433 433 0.4285714285714288
434 434 -3.7142857142857144
435 435 0.28571428571428603
436 436 1.6428571428571428
437 437 -2.357142857142857
438 438 6.428571428571429
439 439 -5.285714285714286
440 440 -12.0
441 441 3.0
442 442 1.2142857142857144
443 443 1.785714285714286
444 444 1.9999999999999998
445 445 -3.642857142857143
446 446 0.14285714285714324
447 447 -5.642857142857144
448 448 -4.928571428571429
449 449 -4.071428571428571
450 450 2.2857142857142856
451 451 -0.4285714285714288
452 452 -0.9285714285714288
453 453 0.4285714285714286
454 454 2.3571428571428577
455 455 -1.1428571428571428
456 456 2.7142857142857144
457 457 -5.071428571428571
458 458 2.071428571428571
459 459 -2.928571428571429
460 460 2.500000000000001
461 461 -0.14285714285714324
462 462 -4.785714285714286
463 463 -5.928571428571429
464 464 1.5000000000000002
465 465 1.9285714285714286
466 466 5.285714285714286
467 467 3.7857142857142856
468 468 -3.1428571428571432
469 469 2.9285714285714284
470 470 -3.0
471 471 -4.428571428571429
472 472 -1.071428571428571
473 473 3.642857142857143
474 474 -0.9285714285714288
475 475 1.0714285714285714
476 476 -4.7142857142857135
477 477 3.2142857142857144
478 478 0.9285714285714286
479 479 -3.785714285714286
480 480 -3.7142857142857144
481 481 6.785714285714285
482 482 1.7142857142857144
483 483 -0.4285714285714284
484 484 2.7142857142857144
485 485 7.857142857142858
486 486 2.5
487 487 3.928571428571429
488 488 4.714285714285714
489 489 -1.8571428571428572
490 490 -1.6428571428571428
491 491 2.714285714285714
492 492 1.2142857142857144
493 493 1.7142857142857144
494 494 4.285714285714286
495 495 2.7857142857142856
496 496 4.357142857142857
497 497 -3.428571428571429
498 498 3.857142857142857
499 499 1.6428571428571423
500 500 -5.5
501 501 3.500000000000001
502 502 -4.071428571428571
503 503 0.4285714285714284
504 504 0.07142857142857117
505 505 -1.0
506 506 0.5714285714285716
507 507 -4.285714285714286
508 508 2.9285714285714284
509 509 -1.0714285714285714
510 510 1.928571428571429
511 511 -5.357142857142858
512 512 1.2142857142857144
513 513 -2.3571428571428568
514 514 0.1428571428571428
515 515 -4.357142857142858
516 516 -1.2142857142857144
517 517 -3.714285714285714
518 518 0.785714285714286
519 519 1.0
520 520 2.8571428571428577
521 521 0.8571428571428572
522 522 -8.071428571428573
523 523 -0.21428571428571397
524 524 -2.7142857142857144
525 525 -4.5
526 526 6.857142857142857
527 527 1.9285714285714284
528 528 -1.4285714285714286
529 529 2.571428571428571
530 530 -1.571428571428571
531 531 -6.2857142857142865
532 532 -3.928571428571429
533 533 -1.5
534 534 -0.21428571428571463
535 535 -5.928571428571429
536 536 0.6428571428571428
537 537 -0.7142857142857144
538 538 -4.5
539 539 3.142857142857143
540 540 4.357142857142857
541 541 -2.642857142857143
542 542 1.5
543 543 -2.5000000000000004
544 544 -0.9285714285714286
545 545 -1.7142857142857142
546 546 -2.571428571428571
547 547 1.9285714285714284
548 548 0.7142857142857142
549 549 4.7142857142857135
550 550 -1.0714285714285714
551 551 0.4285714285714288
552 552 -1.0
553 553 1.7142857142857146
554 554 -2.571428571428571
555 555 2.5
556 556 3.928571428571429
557 557 -2.7857142857142856
558 558 0.5714285714285721
559 559 1.2142857142857137
560 560 1.8571428571428572
561 561 4.571428571428571
562 562 -4.642857142857143
563 563 0.2142857142857144
564 564 -1.7857142857142854
565 565 5.785714285714286
566 566 4.857142857142858
567 567 2.0
568 568 -5.571428571428571
569 569 -0.8571428571428572
570 570 0.9285714285714286
571 571 -4.857142857142858
572 572 -2.0714285714285716
573 573 4.714285714285714
574 574 -1.5
575 575 -3.3571428571428568
576 576 -5.714285714285714
577 577 -1.9285714285714288
578 578 3.2857142857142856
579 579 0.9285714285714286
580 580 -2.928571428571429
581 581 -4.428571428571429
582 582 0.5
583 583 4.214285714285714
584 584 -0.5714285714285714
585 585 -0.14285714285714302
586 586 3.357142857142857
587 587 -4.7857142857142865
588 588 5.785714285714286
589 589 -0.1428571428571428
590 590 -2.7142857142857144
591 591 0.4285714285714286
592 592 -3.6428571428571432
593 593 -2.7142857142857144
594 594 0.9285714285714288
595 595 -1.5714285714285714
596 596 0.357142857142857
597 597 2.428571428571429
598 598 -6.357142857142857
599 599 1.0714285714285716
600 600 -1.8571428571428574
601 601 1.5714285714285716
602 602 -1.5
603 603 5.714285714285714
604 604 2.1428571428571432
605 605 4.142857142857143
606 606 3.071428571428571
607 607 -5.928571428571429
608 608 -3.7857142857142856
609 609 -5.714285714285714
610 610 8.428571428571427
611 611 8.285714285714286
612 612 -2.9285714285714284
613 613 -4.7857142857142865
614 614 -5.357142857142858
615 615 2.6428571428571432
616 616 -2.1428571428571432
617 617 0.7142857142857142
618 618 2.8571428571428568
619 619 1.4285714285714282
620 620 -0.4285714285714288
621 621 -0.28571428571428603
622 622 2.928571428571429
623 623 1.4999999999999998
624 624 -0.5714285714285714
625 625 0.3571428571428572
626 626 -3.0
627 627 1.0714285714285716
628 628 -1.3571428571428572
629 629 3.571428571428572
630 630 3.0
631 631 0.9285714285714286
632 632 0.6428571428571428
633 633 2.0
634 634 2.2857142857142856
635 635 -0.7142857142857144
636 636 1.2142857142857142
637 637 -4.5
638 638 3.7857142857142856
639 639 0.9999999999999998
640 640 -6.357142857142858
641 641 -3.928571428571429
642 642 -8.142857142857142
643 643 -2.7142857142857144
644 644 -1.6428571428571428
645 645 1.5
646 646 3.642857142857143
647 647 3.2142857142857144
648 648 -2.2857142857142856
649 649 0.1428571428571428
650 650 3.5
651 651 -7.571428571428572
652 652 -5.785714285714286
653 653 -1.2142857142857142
654 654 1.3571428571428572
655 655 7.857142857142858
656 656 2.7857142857142856
657 657 -0.14285714285714302
658 658 -0.07142857142857162
659 659 0.1428571428571428
660 660 -0.2857142857142858
661 661 -3.2857142857142856
662 662 -2.7857142857142856
663 663 7.357142857142858
664 664 1.7142857142857144
665 665 2.428571428571429
666 666 2.857142857142857
667 667 2.4285714285714284
668 668 0.7857142857142858
669 669 4.642857142857143
670 670 1.7142857142857144
671 671 1.3571428571428572
672 672 1.0714285714285718
673 673 2.5714285714285716
674 674 -0.7857142857142856
675 675 -0.0714285714285714
676 676 -0.5000000000000002
677 677 -3.7142857142857144
678 678 0.9999999999999996
679 679 2.8571428571428568
680 680 1.071428571428571
681 681 6.571428571428572
682 682 -3.8571428571428577
683 683 2.071428571428571
684 684 6.785714285714286
685 685 1.0
686 686 -1.6428571428571428
687 687 -6.357142857142858
688 688 3.071428571428571
689 689 4.785714285714286
690 690 2.0
691 691 -2.428571428571429
692 692 -2.2142857142857144
693 693 -4.0
694 694 -5.857142857142857
695 695 3.714285714285715
696 696 -3.571428571428572
697 697 -5.214285714285715
698 698 -1.5714285714285714
699 699 -3.0714285714285716
700 700 -1.2142857142857144
701 701 0.5714285714285714
702 702 2.857142857142857
703 703 0.7857142857142856
704 704 -3.7142857142857135
705 705 -7.428571428571429
706 706 2.8571428571428577
707 707 -4.357142857142858
708 708 -3.0
709 709 -3.8571428571428568
710 710 -6.5
711 711 -5.642857142857143
712 712 -6.357142857142857
713 713 -0.857142857142857
714 714 1.142857142857143
715 715 1.4285714285714288
716 716 -4.142857142857142
717 717 -2.1428571428571423
718 718 2.000000000000001
719 719 1.2142857142857142
721 721 -2.7142857142857144
722 722 0.35714285714285765
723 723 -3.857142857142857
724 724 -3.6428571428571432
725 725 -0.7142857142857144
726 726 5.428571428571429
727 727 0.7142857142857142
728 728 -1.2857142857142854
729 729 1.2857142857142854
730 730 -0.9285714285714286
731 731 4.285714285714286
732 732 -3.2857142857142856
733 733 -2.357142857142857
734 734 2.357142857142857
735 735 4.0
736 736 -0.07142857142857162
737 737 5.214285714285714
738 738 0.2142857142857144
739 739 1.8571428571428572
740 740 3.2142857142857144
741 741 -4.142857142857142
742 742 1.3571428571428572
743 743 -1.2857142857142858
744 744 1.7142857142857142
745 745 5.857142857142858
746 746 5.571428571428571
747 747 0.1428571428571428
748 748 3.928571428571429
749 749 -3.5714285714285716
750 750 -6.142857142857142
751 751 -0.642857142857143
752 752 -4.928571428571428
753 753 2.571428571428571
754 754 4.071428571428571
755 755 -2.7142857142857144
756 756 -6.857142857142858
757 757 0.14285714285714235
758 758 4.642857142857142
759 759 -6.857142857142857
760 760 -2.928571428571429
761 761 4.857142857142857
762 762 2.5714285714285716
763 763 -3.2857142857142856
764 764 6.428571428571429
765 765 1.3571428571428572
766 766 -4.285714285714286
767 767 -0.4285714285714288
768 768 -2.357142857142857
769 769 4.285714285714286
770 770 3.214285714285714
771 771 -4.285714285714286
772 772 1.7857142857142856
773 773 -3.9285714285714293
774 774 2.785714285714286
775 775 7.642857142857142
776 776 1.9285714285714288
777 777 -2.2142857142857144
778 778 0.9999999999999998
779 779 0.7142857142857142
780 780 -1.5714285714285716
781 781 -4.0
782 782 0.35714285714285743
783 783 4.214285714285714
784 784 -5.142857142857142
785 785 -3.428571428571429
786 786 6.142857142857142
787 787 -6.214285714285714
788 788 -5.142857142857144
789 789 4.857142857142858
790 790 4.357142857142858
791 791 5.928571428571429
792 792 2.7142857142857144
793 793 -5.571428571428569
794 794 4.357142857142857
795 795 -1.6428571428571428
796 796 0.6428571428571428
797 797 5.7857142857142865
798 798 1.8571428571428572
799 799 -4.642857142857143
800 800 -4.214285714285714
801 801 -2.428571428571429
802 802 1.7142857142857142
803 803 1.6428571428571426
804 804 0.9285714285714286
805 805 -2.220446049250313e-16
806 806 -3.2857142857142856
807 807 9.285714285714285
808 808 -1.7142857142857149
809 809 -3.5
810 810 2.220446049250313e-16
811 811 -5.214285714285715
812 812 -3.7142857142857153
813 813 2.5000000000000004
814 814 4.642857142857144
815 815 -5.928571428571429
816 816 -3.3571428571428568
817 817 5.928571428571429
818 818 2.7857142857142856
819 819 -2.0714285714285716
820 820 0.28571428571428537
821 821 -9.642857142857142
822 822 0.1428571428571428
823 823 3.7857142857142856
824 824 0.9285714285714288
825 825 2.357142857142857
826 826 -6.714285714285714
827 827 -0.7857142857142856
828 828 0.5714285714285714
829 829 2.6428571428571432
830 830 -1.5714285714285714
831 831 1.7142857142857142
832 832 -0.14285714285714324
833 833 3.1428571428571423
834 834 0.3571428571428572
835 835 5.071428571428571
836 836 -2.928571428571429
837 837 -1.4285714285714286
838 838 3.428571428571429
839 839 4.142857142857143
840 840 -3.5714285714285716
841 841 -1.8571428571428572
842 842 -1.3571428571428572
843 843 1.9285714285714284
844 844 0.8571428571428574
845 845 0.5
846 846 4.071428571428571
847 847 2.3571428571428577
848 848 2.2857142857142856
849 849 -2.3571428571428577
850 850 -1.7857142857142858
851 851 0.4285714285714286
852 852 -0.2142857142857142
853 853 2.3571428571428577
854 854 -7.071428571428571
855 855 -0.4999999999999989
856 856 5.071428571428572
857 857 -2.7142857142857144
858 858 -5.285714285714286
859 859 -3.428571428571429
860 860 -4.142857142857143
861 861 -5.214285714285714
862 862 4.2857142857142865
863 863 0.3571428571428572
864 864 -1.6428571428571423
865 865 0.07142857142857162
866 866 3.928571428571429
867 867 -3.571428571428571
868 868 -6.5
869 869 1.5714285714285716
870 870 1.4285714285714286
871 871 4.5
872 872 0.4285714285714288
873 873 2.2857142857142856
874 874 -1.3571428571428572
875 875 6.2142857142857135
876 876 4.642857142857142
877 877 -6.5
878 878 -5.642857142857142
879 879 -3.6428571428571423
880 880 2.928571428571429
881 881 5.285714285714286
882 882 -3.3571428571428577
883 883 -0.9285714285714286
884 884 -1.1428571428571428
885 885 -0.8571428571428572
886 886 5.714285714285714
887 887 0.5714285714285712
888 888 -0.0714285714285714
889 889 0.4285714285714284
890 890 5.785714285714286
891 891 -3.142857142857143
892 892 2.2142857142857144
893 893 2.857142857142857
894 894 -1.2142857142857146
895 895 2.2142857142857144
896 896 1.9285714285714288
897 897 0.14285714285714324
898 898 1.7857142857142856
899 899 -5.857142857142858
900 900 -1.9285714285714284
901 901 2.7857142857142856
902 902 -2.2142857142857135
903 903 2.7142857142857144
904 904 3.214285714285714
905 905 -1.8571428571428572
906 906 -3.357142857142857
907 907 -1.9999999999999996
909 909 6.785714285714286
910 910 2.071428571428571
911 911 -2.5714285714285716
912 912 -4.214285714285714
913 913 3.8571428571428577
914 914 7.857142857142858
915 915 0.7857142857142858
916 916 1.2857142857142856
917 917 2.2857142857142856
918 918 5.357142857142858
919 919 0.714285714285714
920 920 1.7142857142857142
921 921 4.2857142857142865
922 922 -0.357142857142857
923 923 -0.6428571428571428
924 924 1.5
925 925 0.7142857142857142
926 926 4.285714285714287
927 927 -0.2142857142857144
928 928 3.9285714285714284
929 929 0.6428571428571428
930 930 -1.5714285714285716
931 931 -7.928571428571429
932 932 1.7857142857142856
933 933 1.0
934 934 0.714285714285714
935 935 0.8571428571428572
936 936 3.571428571428571
937 937 -5.357142857142858
938 938 1.8571428571428572
939 939 4.357142857142857
940 940 -1.142857142857143
941 941 -0.35714285714285676
942 942 7.142857142857143
943 943 0.5714285714285714
944 944 0.7857142857142858
945 945 0.2857142857142858
946 946 0.357142857142857
947 947 -1.357142857142857
948 948 7.571428571428572
949 949 -3.571428571428571
950 950 -1.2142857142857144
951 951 -2.428571428571429
952 952 3.428571428571429
953 953 5.071428571428571
954 954 3.1428571428571432
955 955 -3.214285714285714
956 956 3.5
957 957 -3.428571428571429
958 958 -2.6428571428571432
959 959 3.071428571428572
960 960 -4.214285714285714
961 961 5.071428571428572
962 962 4.7142857142857135
963 963 4.642857142857142
964 964 0.5714285714285714
965 965 0.3571428571428572
966 966 1.7857142857142854
967 967 -3.3571428571428577
968 968 1.357142857142857
969 969 3.928571428571429
970 970 4.2142857142857135
971 971 -5.357142857142858
972 972 2.1428571428571423
973 973 1.4285714285714284
974 974 1.9999999999999998
975 975 -0.2857142857142858
976 976 -3.3571428571428568
978 978 1.9999999999999998
979 979 -10.071428571428571
980 980 -2.5
981 981 -0.8571428571428568
982 982 -3.714285714285715
983 983 1.642857142857143
984 984 6.071428571428571
985 985 3.7142857142857153
986 986 -0.21428571428571352
988 988 4.928571428571429
989 989 -0.4285714285714286
1 2 -0.5714285714285714
1 11 1.3571428571428572
1 47 -0.9285714285714286
1 57 -1.7857142857142858
1 103 -1.3571428571428572
1 114 0.9285714285714286
2 3 0.5714285714285714
2 11 0.5714285714285714
2 12 -1.3571428571428572
2 166 -2.0
2 175 0.9285714285714286
2 220 -1.3571428571428572
2 226 -2.0
3 12 2.0
3 13 2.0
3 280 -0.5714285714285714
3 288 -1.7857142857142858
3 334 -1.7857142857142858
3 343 -1.7857142857142858
4 5 1.3571428571428572
4 486 1.3571428571428572
4 496 -0.5714285714285714
4 524 1.7857142857142858
5 6 -0.5714285714285714
5 568 1.3571428571428572
5 578 -0.9285714285714286
5 610 -1.7857142857142858
6 7 0.9285714285714286
6 14 -1.7857142857142858
6 645 -0.5714285714285714
6 655 -1.7857142857142858
6 681 -1.3571428571428572
7 8 -2.0
7 14 0.5714285714285714
7 15 -0.5714285714285714
7 719 -2.0
7 761 2.0
7 773 1.7857142857142858
8 9 0.9285714285714286
8 15 -0.9285714285714286
8 16 1.7857142857142858
8 807 -2.0
8 818 0.5714285714285714
8 850 -0.5714285714285714
8 859 -0.5714285714285714
9 16 1.3571428571428572
9 17 -1.3571428571428572
9 890 -2.0
9 902 0.5714285714285714
9 936 -0.9285714285714286
9 946 -1.3571428571428572
10 18 -2.0
10 19 2.0
10 83 -1.3571428571428572
10 92 0.9285714285714286
10 143 -1.7857142857142858
10 154 2.0
11 12 -1.3571428571428572
11 103 -0.9285714285714286
11 114 1.7857142857142858
11 166 2.0
11 175 -1.7857142857142858
12 13 0.5714285714285714
12 220 -0.5714285714285714
12 226 -0.5714285714285714
12 280 0.5714285714285714
12 288 1.3571428571428572
13 334 2.0
13 343 -0.5714285714285714
13 390 2.0
13 399 -0.5714285714285714
14 15 1.3571428571428572
14 681 -2.0
14 719 0.9285714285714286
15 16 0.9285714285714286
15 761 1.7857142857142858
15 773 0.9285714285714286
15 807 -0.9285714285714286
15 818 -1.3571428571428572
16 17 0.9285714285714286
16 850 0.9285714285714286
16 859 0.5714285714285714
16 890 -0.9285714285714286
16 902 2.0
17 18 0.5714285714285714
17 936 -1.3571428571428572
17 946 -0.9285714285714286
17 978 -2.0
17 987 -1.7857142857142858
18 19 -2.0
18 38 -2.0
18 83 -2.0
19 143 1.7857142857142858
19 154 -0.5714285714285714
19 201 -0.9285714285714286
19 210 -0.9285714285714286
20 21 0.5714285714285714
20 30 -1.3571428571428572
20 260 -0.5714285714285714
20 271 0.9285714285714286
20 318 1.7857142857142858
20 328 -0.5714285714285714
21 30 -2.0
21 31 0.9285714285714286
21 373 -1.7857142857142858
21 382 -0.9285714285714286
21 425 0.5714285714285714
22 23 1.3571428571428572
22 32 -0.9285714285714286
22 33 -1.3571428571428572
22 548 1.3571428571428572
22 559 -2.0
22 591 0.9285714285714286
22 600 0.9285714285714286
23 24 0.9285714285714286
23 33 -1.7857142857142858
23 34 -1.3571428571428572
23 628 0.9285714285714286
23 636 1.3571428571428572
23 672 0.5714285714285714
24 25 0.9285714285714286
24 34 -1.7857142857142858
24 35 -0.5714285714285714
24 698 0.5714285714285714
24 710 0.5714285714285714
24 742 -0.5714285714285714
24 752 0.5714285714285714
25 26 -1.7857142857142858
25 35 1.7857142857142858
25 36 -1.7857142857142858
25 786 -0.9285714285714286
25 798 0.9285714285714286
25 829 -1.7857142857142858
25 841 -1.3571428571428572
26 36 -2.0
26 37 -0.5714285714285714
26 869 -0.9285714285714286
26 880 0.9285714285714286
26 915 -1.3571428571428572
26 926 -0.9285714285714286
27 28 0.5714285714285714
27 38 0.9285714285714286
27 39 -0.9285714285714286
27 74 2.0
27 125 1.7857142857142858
28 29 -2.0
28 39 2.0
28 40 -0.9285714285714286
28 184 -0.9285714285714286
28 193 2.0
28 248 -0.9285714285714286
29 40 -1.7857142857142858
29 302 1.7857142857142858
29 309 0.9285714285714286
29 354 -2.0
30 31 -1.7857142857142858
30 318 -1.7857142857142858
30 328 2.0
30 373 -1.3571428571428572
30 382 0.5714285714285714
31 32 -1.3571428571428572
31 425 2.0
31 466 -1.3571428571428572
31 477 0.5714285714285714
32 33 1.7857142857142858
32 506 0.5714285714285714
32 548 -0.5714285714285714
32 559 -0.5714285714285714
33 34 0.5714285714285714
33 591 -0.9285714285714286
33 600 -1.7857142857142858
33 628 0.9285714285714286
33 636 -0.9285714285714286
34 35 -1.3571428571428572
34 672 2.0
34 698 1.7857142857142858
34 710 1.7857142857142858
35 742 -1.7857142857142858
35 752 0.5714285714285714
35 786 -1.7857142857142858
35 798 0.5714285714285714
36 37 2.0
36 829 -1.3571428571428572
36 841 1.7857142857142858
36 869 0.9285714285714286
36 880 0.5714285714285714
37 38 1.7857142857142858
37 915 -0.5714285714285714
37 926 -2.0
37 958 2.0
37 969 -2.0
38 39 1.3571428571428572
38 74 -0.9285714285714286
39 40 1.7857142857142858
39 125 1.3571428571428572
39 184 2.0
39 193 1.7857142857142858
40 248 0.5714285714285714
40 302 -0.9285714285714286
40 309 -0.5714285714285714
41 42 0.9285714285714286
41 51 -0.9285714285714286
41 250 -0.5714285714285714
41 311 2.0
42 43 0.9285714285714286
42 51 -1.7857142857142858
42 52 -1.3571428571428572
42 366 1.7857142857142858
42 419 0.5714285714285714
43 44 -1.7857142857142858
43 52 1.3571428571428572
43 53 1.3571428571428572
43 457 0.9285714285714286
43 498 -1.3571428571428572
44 53 1.3571428571428572
44 54 -2.0
44 538 0.9285714285714286
44 581 1.7857142857142858
45 46 -0.9285714285714286
45 55 1.7857142857142858
45 691 -1.3571428571428572
45 733 1.7857142857142858
46 55 -0.9285714285714286
46 56 -0.9285714285714286
46 777 -1.3571428571428572
46 821 2.0
47 48 -2.0
47 57 -1.3571428571428572
47 950 -1.7857142857142858
48 49 -0.9285714285714286
48 57 1.7857142857142858
48 59 -0.5714285714285714
49 50 -1.3571428571428572
49 58 -2.0
49 177 -0.5714285714285714
49 230 -2.0
50 58 0.5714285714285714
50 292 -1.7857142857142858
50 347 0.9285714285714286
51 52 -0.5714285714285714
51 311 -0.9285714285714286
51 366 -0.9285714285714286
52 53 -0.5714285714285714
52 419 2.0
52 457 0.9285714285714286
53 54 1.7857142857142858
53 498 0.9285714285714286
53 538 -0.9285714285714286
54 581 1.7857142857142858
55 56 -0.5714285714285714
55 733 -0.9285714285714286
55 777 -0.9285714285714286
56 821 1.3571428571428572
57 59 -1.7857142857142858
58 230 -1.7857142857142858
58 292 1.3571428571428572
59 66 0.9285714285714286
59 104 -0.5714285714285714
59 114 -1.7857142857142858
60 67 0.5714285714285714
60 68 0.9285714285714286
60 288 -0.9285714285714286
60 335 -1.7857142857142858
60 343 0.9285714285714286
61 62 -0.9285714285714286
61 69 1.3571428571428572
61 496 -2.0
61 525 2.0
62 69 0.9285714285714286
62 70 -1.3571428571428572
62 569 -2.0
62 578 -1.7857142857142858
62 611 -0.9285714285714286
63 64 -1.3571428571428572
63 71 1.3571428571428572
63 72 -1.7857142857142858
63 720 -1.7857142857142858
63 762 -1.3571428571428572
63 773 0.9285714285714286
64 72 -2.0
64 808 0.9285714285714286
64 818 0.9285714285714286
64 851 2.0
64 859 1.3571428571428572
65 74 2.0
65 84 1.3571428571428572
65 92 -0.9285714285714286
65 154 1.3571428571428572
66 67 2.0
66 104 2.0
66 114 -0.9285714285714286
66 167 -1.7857142857142858
66 175 2.0
67 68 -0.9285714285714286
67 221 -0.5714285714285714
67 226 -0.9285714285714286
67 288 0.9285714285714286
68 335 1.7857142857142858
68 343 1.3571428571428572
68 391 0.5714285714285714
68 399 -2.0
69 70 -2.0
69 525 1.3571428571428572
69 569 1.3571428571428572
69 578 -2.0
70 71 -1.3571428571428572
70 611 -2.0
70 646 2.0
70 655 -1.7857142857142858
71 72 -0.5714285714285714
71 720 -1.7857142857142858
72 762 2.0
72 773 1.7857142857142858
72 808 -0.5714285714285714
72 818 2.0
73 74 1.7857142857142858
73 937 -0.5714285714285714
73 946 -0.5714285714285714
73 979 1.7857142857142858
73 987 2.0
74 84 -2.0
74 92 -1.3571428571428572
75 76 1.7857142857142858
75 86 -0.5714285714285714
75 261 1.7857142857142858
75 271 0.9285714285714286
75 319 0.9285714285714286
75 328 -1.7857142857142858
76 77 1.7857142857142858
76 374 -1.7857142857142858
76 382 0.5714285714285714
77 78 -0.5714285714285714
77 87 -1.7857142857142858
77 467 -0.5714285714285714
77 477 -2.0
77 507 1.3571428571428572
78 79 1.3571428571428572
78 87 1.3571428571428572
78 88 2.0
78 549 -2.0
78 559 1.7857142857142858
78 592 1.3571428571428572
78 600 1.7857142857142858
79 80 -1.3571428571428572
79 88 2.0
79 629 2.0
79 636 0.9285714285714286
79 666 -1.3571428571428572
79 672 -1.3571428571428572
80 81 -1.7857142857142858
80 89 -1.7857142857142858
80 699 0.9285714285714286
80 710 1.3571428571428572
80 743 1.7857142857142858
80 752 1.7857142857142858
81 89 -2.0
81 90 1.7857142857142858
81 787 0.5714285714285714
81 798 -0.9285714285714286
81 830 0.9285714285714286
81 841 -0.9285714285714286
82 83 -0.5714285714285714
82 90 0.5714285714285714
82 91 -1.7857142857142858
82 880 -0.9285714285714286
82 916 0.5714285714285714
82 926 0.5714285714285714
83 84 0.9285714285714286
83 91 2.0
83 92 -1.3571428571428572
83 959 -1.3571428571428572
83 969 0.5714285714285714
84 85 -0.5714285714285714
84 92 1.7857142857142858
84 93 -2.0
85 93 -1.3571428571428572
85 94 0.9285714285714286
85 185 -2.0
85 193 -0.5714285714285714
85 239 -1.7857142857142858
85 248 1.7857142857142858
86 319 0.5714285714285714
86 328 0.9285714285714286
86 374 1.3571428571428572
86 382 -1.7857142857142858
87 88 -0.9285714285714286
87 507 0.5714285714285714
87 549 -1.7857142857142858
87 559 -0.9285714285714286
88 592 1.3571428571428572
88 600 1.3571428571428572
88 629 -1.7857142857142858
88 636 -0.5714285714285714
89 90 0.9285714285714286
89 752 0.5714285714285714
89 787 0.5714285714285714
89 798 1.3571428571428572
90 91 -1.7857142857142858
90 830 1.3571428571428572
90 841 -1.3571428571428572
90 880 0.5714285714285714
91 92 -1.3571428571428572
91 916 0.9285714285714286
91 926 -0.9285714285714286
91 959 2.0
91 969 0.9285714285714286
92 93 -1.3571428571428572
93 94 -1.3571428571428572
93 185 -1.7857142857142858
93 193 0.9285714285714286
94 95 -0.9285714285714286
94 239 -0.9285714285714286
94 248 2.0
94 309 -0.9285714285714286
95 355 -1.7857142857142858
95 408 -0.9285714285714286
95 417 -1.3571428571428572
96 107 -1.3571428571428572
96 311 -2.0
96 320 -0.5714285714285714
97 98 1.7857142857142858
97 108 -1.3571428571428572
97 457 -0.5714285714285714
97 468 1.3571428571428572
97 498 0.5714285714285714
98 99 0.5714285714285714
98 108 -1.7857142857142858
98 109 -1.3571428571428572
98 538 1.3571428571428572
98 581 -0.5714285714285714
99 100 0.9285714285714286
99 109 -0.9285714285714286
99 110 -0.5714285714285714
99 667 -2.0
100 101 -2.0
100 110 0.5714285714285714
100 111 0.9285714285714286
100 691 1.7857142857142858
100 700 -1.3571428571428572
100 733 0.5714285714285714
101 102 1.3571428571428572
101 111 1.3571428571428572
101 112 -2.0
101 777 1.7857142857142858
101 788 1.7857142857142858
101 821 1.3571428571428572
101 831 1.7857142857142858
102 103 2.0
102 112 -1.7857142857142858
102 113 -2.0
102 870 -1.3571428571428572
102 917 -1.3571428571428572
103 104 -0.5714285714285714
103 113 1.3571428571428572
103 114 -2.0
103 950 -0.5714285714285714
103 960 -1.3571428571428572
104 105 -0.5714285714285714
104 115 0.9285714285714286
104 126 0.5714285714285714
105 106 2.0
105 115 1.3571428571428572
105 116 -2.0
105 177 -1.3571428571428572
105 186 0.9285714285714286
105 230 -1.7857142857142858
106 116 0.5714285714285714
106 117 2.0
106 292 1.3571428571428572
106 347 0.5714285714285714
106 356 0.5714285714285714
107 311 1.7857142857142858
107 320 -1.7857142857142858
107 375 -0.9285714285714286
108 498 -2.0
108 538 1.7857142857142858
109 110 1.7857142857142858
109 581 2.0
110 111 2.0
110 667 -1.7857142857142858
110 691 2.0
110 700 1.7857142857142858
111 112 0.9285714285714286
111 733 0.9285714285714286
111 744 2.0
111 777 1.3571428571428572
111 788 1.3571428571428572
112 113 0.9285714285714286
112 821 1.7857142857142858
112 831 -2.0
112 870 0.9285714285714286
113 114 -1.7857142857142858
113 917 -2.0
113 950 1.7857142857142858
114 115 2.0
115 116 -1.3571428571428572
115 126 1.3571428571428572
115 177 0.5714285714285714
115 186 -1.3571428571428572
116 117 -2.0
116 230 0.9285714285714286
116 292 -1.7857142857142858
116 303 0.5714285714285714
117 347 0.9285714285714286
117 356 -0.5714285714285714
117 400 1.3571428571428572
118 126 -1.7857142857142858
118 127 2.0
118 167 1.3571428571428572
118 221 1.3571428571428572
118 227 1.3571428571428572
119 120 -1.7857142857142858
119 391 -2.0
119 454 0.5714285714285714
120 128 -0.9285714285714286
120 129 -0.5714285714285714
120 497 0.9285714285714286
120 525 0.9285714285714286
120 535 -2.0
121 122 2.0
121 129 0.9285714285714286
121 130 -1.7857142857142858
121 569 0.9285714285714286
121 579 -1.3571428571428572
121 611 1.3571428571428572
121 619 -0.9285714285714286
122 130 -2.0
122 131 -0.5714285714285714
122 646 -1.3571428571428572
122 656 0.5714285714285714
122 688 0.9285714285714286
123 124 -0.9285714285714286
123 132 -1.3571428571428572
123 133 2.0
123 808 1.7857142857142858
123 819 -2.0
123 851 -0.5714285714285714
124 125 1.7857142857142858
124 133 -1.3571428571428572
124 134 -1.7857142857142858
124 891 -0.9285714285714286
124 903 2.0
124 937 2.0
124 947 0.5714285714285714
125 134 -1.7857142857142858
125 979 2.0
125 988 -1.3571428571428572
126 127 -0.9285714285714286
126 167 -0.9285714285714286
127 221 -2.0
127 227 -1.7857142857142858
127 289 2.0
128 129 -2.0
128 454 -1.7857142857142858
128 497 0.9285714285714286
129 130 -2.0
129 525 2.0
129 535 1.3571428571428572
129 579 2.0
130 131 1.7857142857142858
130 611 -2.0
130 619 0.5714285714285714
130 646 0.5714285714285714
131 132 -0.5714285714285714
131 688 -2.0
132 133 -2.0
132 762 0.5714285714285714
132 774 -1.3571428571428572
132 819 1.7857142857142858
133 134 -0.5714285714285714
133 851 -2.0
133 860 -0.5714285714285714
133 891 2.0
133 903 1.7857142857142858
134 937 -1.7857142857142858
134 947 -1.7857142857142858
134 979 2.0
134 988 -1.3571428571428572
135 144 -2.0
135 155 1.7857142857142858
135 202 0.9285714285714286
136 137 -1.3571428571428572
136 147 -0.5714285714285714
136 261 1.7857142857142858
136 272 -2.0
136 319 -0.5714285714285714
136 329 -0.9285714285714286
137 147 1.3571428571428572
137 374 -1.3571428571428572
137 383 0.9285714285714286
137 426 0.5714285714285714
138 139 0.5714285714285714
138 148 0.9285714285714286
138 467 0.9285714285714286
138 478 -0.5714285714285714
138 507 0.9285714285714286
139 140 0.5714285714285714
139 148 1.7857142857142858
139 149 1.3571428571428572
139 549 -1.3571428571428572
139 560 0.5714285714285714
139 592 1.7857142857142858
139 601 2.0
140 149 -0.5714285714285714
140 150 0.9285714285714286
140 629 0.9285714285714286
140 666 1.7857142857142858
140 673 2.0
141 142 -0.9285714285714286
141 151 0.5714285714285714
141 152 -1.3571428571428572
141 787 2.0
141 799 0.9285714285714286
141 830 -0.9285714285714286
141 842 -0.5714285714285714
142 143 0.9285714285714286
142 152 -2.0
142 153 0.9285714285714286
142 881 -2.0
142 916 -1.3571428571428572
142 927 1.7857142857142858
143 144 -1.3571428571428572
143 153 -1.7857142857142858
143 154 1.3571428571428572
143 959 1.3571428571428572
143 970 -2.0
144 145 2.0
144 154 -2.0
144 155 -2.0
145 146 -1.7857142857142858
145 155 -1.3571428571428572
145 156 -2.0
145 185 2.0
145 194 0.5714285714285714
145 239 -1.7857142857142858
145 249 0.9285714285714286
146 156 2.0
146 157 0.5714285714285714
146 310 1.7857142857142858
146 355 -0.5714285714285714
146 365 0.9285714285714286
147 319 -0.5714285714285714
147 329 2.0
147 374 -0.9285714285714286
147 383 0.9285714285714286
148 149 1.3571428571428572
148 507 -0.5714285714285714
148 549 0.9285714285714286
148 560 -0.5714285714285714
149 150 1.7857142857142858
149 592 0.9285714285714286
149 601 -1.3571428571428572
149 629 -1.7857142857142858
150 151 0.9285714285714286
150 666 -0.5714285714285714
150 673 -1.3571428571428572
150 699 0.9285714285714286
150 711 0.9285714285714286
151 152 -2.0
151 743 -0.9285714285714286
151 787 -0.5714285714285714
151 799 0.5714285714285714
152 153 -0.9285714285714286
152 830 1.7857142857142858
152 842 0.5714285714285714
152 881 -0.9285714285714286
153 154 -0.5714285714285714
153 916 -2.0
153 927 -1.3571428571428572
153 959 -1.3571428571428572
153 970 2.0
154 155 -0.9285714285714286
155 156 -0.9285714285714286
155 185 1.7857142857142858
155 194 0.5714285714285714
156 157 -0.9285714285714286
156 239 -1.7857142857142858
156 249 -1.3571428571428572
156 310 1.3571428571428572
157 355 0.5714285714285714
157 365 2.0
157 408 -1.7857142857142858
157 418 -1.3571428571428572
158 159 -0.5714285714285714
158 169 0.9285714285714286
158 251 1.3571428571428572
158 262 2.0
158 312 -1.3571428571428572
158 320 0.9285714285714286
159 160 1.3571428571428572
159 169 0.9285714285714286
159 170 -0.5714285714285714
159 375 -1.7857142857142858
159 427 -1.3571428571428572
160 161 -1.3571428571428572
160 170 2.0
160 458 -0.9285714285714286
160 468 1.7857142857142858
160 499 0.9285714285714286
161 162 1.3571428571428572
161 171 -0.5714285714285714
161 172 1.7857142857142858
161 539 -1.7857142857142858
161 582 -0.9285714285714286
162 172 0.9285714285714286
162 622 -0.9285714285714286
162 667 1.3571428571428572
163 164 1.3571428571428572
163 173 0.5714285714285714
163 692 2.0
163 700 -0.9285714285714286
163 734 -0.5714285714285714
163 744 -2.0
164 165 -0.9285714285714286
164 173 2.0
164 788 1.7857142857142858
164 822 -0.5714285714285714
164 831 -1.3571428571428572
165 166 1.3571428571428572
165 174 -1.3571428571428572
165 862 -0.9285714285714286
165 870 -0.5714285714285714
165 906 0.5714285714285714
165 917 -0.9285714285714286
166 167 -0.5714285714285714
166 174 -1.7857142857142858
166 175 -1.3571428571428572
166 960 2.0
167 175 0.5714285714285714
168 176 -0.9285714285714286
168 293 1.7857142857142858
168 303 0.9285714285714286
168 348 -0.5714285714285714
168 356 -0.5714285714285714
169 170 -0.9285714285714286
169 312 2.0
169 320 2.0
169 375 2.0
170 171 -2.0
170 427 1.7857142857142858
170 458 -0.5714285714285714
170 468 1.7857142857142858
171 172 2.0
171 499 2.0
171 539 0.9285714285714286
172 582 0.5714285714285714
172 622 -2.0
173 734 1.3571428571428572
173 744 0.9285714285714286
173 788 -0.5714285714285714
174 175 -0.5714285714285714
174 906 1.7857142857142858
174 917 2.0
174 960 1.7857142857142858
176 231 -0.5714285714285714
176 293 1.7857142857142858
176 303 1.3571428571428572
177 186 -1.7857142857142858
178 179 -0.9285714285714286
178 187 -1.3571428571428572
178 188 2.0
178 281 1.7857142857142858
178 289 1.7857142857142858
178 336 1.7857142857142858
178 344 -1.7857142857142858
179 180 1.7857142857142858
179 188 -0.9285714285714286
179 189 -1.7857142857142858
179 392 0.5714285714285714
179 444 -2.0
179 454 -1.7857142857142858
180 181 -0.5714285714285714
180 189 -0.9285714285714286
180 190 -1.3571428571428572
180 487 -1.3571428571428572
180 497 0.5714285714285714
180 526 -1.3571428571428572
180 535 -0.5714285714285714
181 190 -0.5714285714285714
181 579 -2.0
181 612 -1.3571428571428572
181 619 -2.0
182 183 0.9285714285714286
182 191 0.9285714285714286
182 721 0.5714285714285714
182 763 0.9285714285714286
182 774 2.0
183 191 -2.0
183 809 1.3571428571428572
183 819 -1.3571428571428572
183 860 0.9285714285714286
184 185 -0.5714285714285714
184 192 -1.7857142857142858
184 193 -1.3571428571428572
184 988 1.7857142857142858
185 193 0.5714285714285714
185 194 -2.0
186 187 1.3571428571428572
187 188 -0.5714285714285714
187 227 1.3571428571428572
187 281 1.3571428571428572
188 189 -2.0
188 336 1.3571428571428572
188 344 0.9285714285714286
188 392 -1.3571428571428572
189 190 2.0
189 444 -0.5714285714285714
189 454 -1.3571428571428572
189 487 0.9285714285714286
189 497 0.5714285714285714
190 526 -0.9285714285714286
190 535 1.7857142857142858
190 579 1.3571428571428572
191 763 1.7857142857142858
191 774 0.5714285714285714
191 809 0.9285714285714286
191 819 1.7857142857142858
192 193 -1.3571428571428572
192 938 -1.3571428571428572
192 947 0.5714285714285714
192 988 -1.7857142857142858
193 194 -2.0
194 211 0.5714285714285714
195 204 -1.7857142857142858
195 272 -1.7857142857142858
195 329 -0.9285714285714286
196 205 1.3571428571428572
196 478 -0.9285714285714286
197 198 -0.9285714285714286
197 206 1.3571428571428572
197 673 -0.9285714285714286
198 199 0.5714285714285714
198 207 0.9285714285714286
198 711 0.9285714285714286
199 200 1.3571428571428572
199 207 1.7857142857142858
199 208 2.0
199 799 1.3571428571428572
199 842 2.0
200 201 2.0
200 208 1.3571428571428572
200 209 -2.0
200 927 -0.9285714285714286
201 202 1.3571428571428572
201 209 0.9285714285714286
201 210 -2.0
201 970 -2.0
202 210 1.3571428571428572
202 211 0.9285714285714286
203 212 -0.9285714285714286
203 213 1.3571428571428572
203 310 -0.9285714285714286
203 365 1.3571428571428572
204 205 -0.5714285714285714
204 329 0.5714285714285714
204 383 -1.3571428571428572
205 478 1.7857142857142858
206 601 1.3571428571428572
207 208 -2.0
207 799 1.7857142857142858
208 209 1.7857142857142858
208 842 1.3571428571428572
208 881 -0.5714285714285714
209 210 1.3571428571428572
209 927 -2.0
209 970 -1.7857142857142858
211 212 0.5714285714285714
212 213 -1.7857142857142858
212 249 1.3571428571428572
212 310 0.5714285714285714
213 365 0.5714285714285714
213 418 2.0
214 215 -1.3571428571428572
214 251 1.7857142857142858
214 263 0.5714285714285714
214 312 2.0
214 321 -0.5714285714285714
215 216 1.3571428571428572
215 376 -1.3571428571428572
215 428 -2.0
216 223 -0.9285714285714286
216 458 -0.5714285714285714
216 469 0.5714285714285714
216 499 -0.5714285714285714
216 508 2.0
217 218 -0.9285714285714286
217 224 0.9285714285714286
217 692 2.0
217 701 1.3571428571428572
217 734 -2.0
218 219 -0.5714285714285714
218 789 -0.5714285714285714
218 822 -1.3571428571428572
218 832 -1.3571428571428572
219 220 -0.5714285714285714
219 225 -2.0
219 862 -1.7857142857142858
219 871 -1.3571428571428572
219 906 1.7857142857142858
219 918 -1.7857142857142858
220 221 -1.3571428571428572
220 225 0.5714285714285714
220 226 1.3571428571428572
221 226 -0.9285714285714286
221 227 -1.7857142857142858
222 228 2.0
222 229 -0.5714285714285714
222 293 -2.0
222 348 -2.0
222 357 -2.0
223 499 -0.9285714285714286
223 508 -2.0
223 539 -1.3571428571428572
223 550 0.5714285714285714
224 734 -1.7857142857142858
224 745 1.7857142857142858
224 789 -2.0
225 226 1.3571428571428572
225 906 0.5714285714285714
225 918 1.3571428571428572
226 227 -1.7857142857142858
227 228 0.5714285714285714
228 229 -0.5714285714285714
228 231 2.0
228 240 -0.5714285714285714
228 293 1.3571428571428572
229 348 2.0
229 357 2.0
229 409 1.7857142857142858
230 231 -1.7857142857142858
231 232 1.7857142857142858
231 240 -1.7857142857142858
232 233 -0.9285714285714286
232 240 0.9285714285714286
232 241 1.7857142857142858
232 281 1.3571428571428572
232 290 2.0
232 336 0.5714285714285714
232 345 -1.7857142857142858
233 234 -2.0
233 241 -2.0
233 242 1.3571428571428572
233 392 -1.7857142857142858
233 444 -0.5714285714285714
233 455 -1.3571428571428572
234 235 -1.3571428571428572
234 242 -0.5714285714285714
234 243 -1.7857142857142858
234 487 0.5714285714285714
234 526 -1.3571428571428572
234 536 -1.3571428571428572
235 236 2.0
235 243 0.9285714285714286
235 244 -1.7857142857142858
235 580 -2.0
235 612 2.0
235 620 -1.7857142857142858
236 244 2.0
236 245 2.0
236 647 -2.0
236 657 1.3571428571428572
236 689 -1.7857142857142858
237 238 -0.5714285714285714
237 246 0.9285714285714286
237 820 -1.7857142857142858
238 247 0.9285714285714286
238 892 -0.9285714285714286
238 904 -2.0
238 938 0.9285714285714286
238 948 -2.0
239 248 -1.3571428571428572
239 249 0.5714285714285714
240 241 -1.7857142857142858
240 281 -0.9285714285714286
240 290 1.3571428571428572
241 242 -2.0
241 336 1.3571428571428572
241 345 1.3571428571428572
241 392 1.3571428571428572
242 243 -1.3571428571428572
242 444 0.5714285714285714
242 455 0.9285714285714286
242 487 -0.9285714285714286
243 244 -0.5714285714285714
243 526 0.5714285714285714
243 536 1.3571428571428572
243 580 0.9285714285714286
244 245 -1.3571428571428572
244 612 2.0
244 620 -0.5714285714285714
244 647 2.0
244 657 -2.0
245 246 -1.7857142857142858
245 721 -2.0
245 731 -0.9285714285714286
246 763 0.5714285714285714
246 775 -0.5714285714285714
246 809 2.0
246 820 -1.7857142857142858
247 248 1.3571428571428572
247 938 -2.0
247 948 -1.7857142857142858
247 989 -1.7857142857142858
248 249 -1.7857142857142858
250 251 1.3571428571428572
250 262 0.9285714285714286
251 252 0.9285714285714286
251 263 2.0
252 253 2.0
252 263 1.7857142857142858
252 264 -2.0
252 273 1.3571428571428572
252 330 0.5714285714285714
253 254 1.7857142857142858
253 264 -1.3571428571428572
253 265 1.7857142857142858
253 436 2.0
254 255 1.7857142857142858
254 265 0.5714285714285714
254 266 0.5714285714285714
254 479 0.5714285714285714
254 517 1.7857142857142858
255 256 -1.3571428571428572
255 266 -1.7857142857142858
255 267 -1.7857142857142858
255 602 0.9285714285714286
256 257 -1.7857142857142858
256 267 -0.9285714285714286
256 268 -0.5714285714285714
256 637 1.3571428571428572
256 674 -0.9285714285714286
257 258 0.9285714285714286
257 268 1.3571428571428572
257 712 1.7857142857142858
257 753 2.0
258 259 -1.7857142857142858
258 269 0.9285714285714286
258 800 1.7857142857142858
258 843 -0.5714285714285714
259 260 1.3571428571428572
259 269 -0.9285714285714286
259 270 1.3571428571428572
259 882 1.3571428571428572
259 928 -0.5714285714285714
260 261 1.7857142857142858
260 270 -2.0
260 271 -1.7857142857142858
260 971 1.3571428571428572
261 271 1.7857142857142858
261 272 0.5714285714285714
262 263 1.7857142857142858
263 264 -1.3571428571428572
263 273 -1.3571428571428572
264 265 2.0
264 330 1.7857142857142858
265 266 -2.0
265 436 -1.3571428571428572
265 479 0.9285714285714286
266 267 0.5714285714285714
266 517 2.0
267 268 -1.3571428571428572
267 602 0.5714285714285714
267 637 1.3571428571428572
268 674 0.5714285714285714
268 712 0.5714285714285714
269 270 2.0
269 843 -2.0
269 882 2.0
270 271 2.0
270 928 -2.0
270 971 2.0
271 272 -0.9285714285714286
273 274 -1.3571428571428572
273 283 -1.7857142857142858
273 313 -0.5714285714285714
273 321 1.7857142857142858
274 275 0.5714285714285714
274 283 1.7857142857142858
274 284 2.0
274 376 -0.9285714285714286
274 420 0.5714285714285714
274 428 2.0
275 284 1.3571428571428572
275 285 2.0
275 459 -1.3571428571428572
275 500 1.7857142857142858
276 285 -1.7857142857142858
276 286 -1.3571428571428572
276 540 0.9285714285714286
276 550 0.9285714285714286
276 583 -2.0
276 593 1.3571428571428572
277 278 -1.7857142857142858
277 701 0.5714285714285714
277 735 1.7857142857142858
277 745 -0.9285714285714286
278 279 -1.7857142857142858
278 287 0.9285714285714286
278 778 1.7857142857142858
278 789 -0.9285714285714286
278 832 -0.9285714285714286
279 280 2.0
279 287 -1.7857142857142858
279 863 1.7857142857142858
279 871 -0.9285714285714286
279 907 0.9285714285714286
279 918 -1.7857142857142858
280 288 1.7857142857142858
280 951 -1.3571428571428572
281 282 2.0
281 289 -2.0
281 290 2.0
282 290 -0.9285714285714286
282 294 -0.5714285714285714
282 349 -0.5714285714285714
282 357 -1.3571428571428572
283 313 0.9285714285714286
283 321 0.9285714285714286
283 376 1.7857142857142858
284 285 1.3571428571428572
284 420 1.7857142857142858
284 428 2.0
284 459 -0.5714285714285714
284 469 -1.3571428571428572
285 286 2.0
285 500 -0.9285714285714286
285 508 -0.5714285714285714
285 540 -1.3571428571428572
285 550 -0.9285714285714286
286 583 -1.3571428571428572
286 593 1.3571428571428572
287 832 1.7857142857142858
287 863 -1.3571428571428572
287 871 -0.9285714285714286
289 290 -2.0
290 291 -0.9285714285714286
290 294 -1.7857142857142858
291 349 2.0
291 357 -1.7857142857142858
291 409 1.3571428571428572
292 293 -0.5714285714285714
292 303 -2.0
293 294 -1.3571428571428572
293 303 -1.7857142857142858
294 295 1.7857142857142858
294 304 -1.7857142857142858
294 337 -1.7857142857142858
294 345 0.5714285714285714
295 296 -0.9285714285714286
295 304 -0.9285714285714286
295 393 1.7857142857142858
295 445 -1.3571428571428572
295 455 -1.7857142857142858
296 297 1.3571428571428572
296 305 -0.5714285714285714
296 488 -2.0
296 527 0.9285714285714286
296 536 -2.0
297 298 0.9285714285714286
297 305 -0.5714285714285714
297 306 0.5714285714285714
297 570 1.7857142857142858
297 580 1.7857142857142858
297 620 1.3571428571428572
298 299 -1.3571428571428572
298 306 2.0
298 307 -1.3571428571428572
298 648 0.9285714285714286
298 657 -1.7857142857142858
298 689 -1.7857142857142858
299 300 0.9285714285714286
299 307 -0.5714285714285714
299 722 -0.9285714285714286
299 731 -2.0
299 775 -0.9285714285714286
300 301 1.7857142857142858
300 852 -0.5714285714285714
301 302 0.5714285714285714
301 308 1.3571428571428572
301 893 -0.5714285714285714
301 904 -0.5714285714285714
301 939 -0.5714285714285714
301 948 -0.5714285714285714
302 308 1.3571428571428572
302 309 1.7857142857142858
302 989 2.0
304 337 -1.3571428571428572
304 345 0.5714285714285714
304 393 -1.7857142857142858
305 306 -1.3571428571428572
305 527 -2.0
305 536 2.0
305 570 -1.7857142857142858
305 580 1.3571428571428572
306 307 -2.0
306 620 -1.7857142857142858
306 648 -1.7857142857142858
306 657 0.9285714285714286
307 689 1.3571428571428572
307 722 -2.0
307 731 -0.5714285714285714
308 309 -1.3571428571428572
308 939 -1.3571428571428572
308 948 -1.7857142857142858
308 989 2.0
309 310 2.0
311 312 -0.5714285714285714
311 320 0.9285714285714286
312 313 -0.5714285714285714
312 320 0.5714285714285714
312 321 -1.3571428571428572
313 314 1.3571428571428572
313 321 1.7857142857142858
313 322 -1.3571428571428572
313 330 -0.5714285714285714
313 338 -1.7857142857142858
314 322 2.0
314 323 0.5714285714285714
314 436 1.7857142857142858
314 446 -0.5714285714285714
315 316 -1.3571428571428572
315 326 0.5714285714285714
315 712 0.9285714285714286
315 723 1.3571428571428572
315 753 -2.0
315 765 -0.5714285714285714
316 317 -0.5714285714285714
316 327 0.5714285714285714
316 800 1.7857142857142858
316 811 0.9285714285714286
316 843 2.0
317 318 -1.7857142857142858
317 327 1.3571428571428572
317 882 2.0
317 894 -1.3571428571428572
317 928 -1.3571428571428572
317 940 2.0
318 319 0.5714285714285714
318 328 -0.9285714285714286
318 971 2.0
319 328 -0.5714285714285714
319 329 -1.7857142857142858
320 321 1.3571428571428572
321 322 -0.5714285714285714
322 323 0.5714285714285714
322 330 -0.9285714285714286
322 338 2.0
323 324 1.3571428571428572
323 436 -1.3571428571428572
323 446 -1.7857142857142858
323 479 0.9285714285714286
323 489 1.3571428571428572
324 325 1.3571428571428572
324 517 0.5714285714285714
324 528 0.5714285714285714
325 326 -0.5714285714285714
325 602 -2.0
325 613 -1.7857142857142858
325 637 0.5714285714285714
325 649 0.9285714285714286
326 674 0.5714285714285714
326 712 2.0
326 723 0.5714285714285714
327 843 -1.3571428571428572
327 882 -2.0
327 894 0.9285714285714286
328 329 0.9285714285714286
330 338 1.7857142857142858
331 338 -0.9285714285714286
331 339 0.5714285714285714
331 377 1.7857142857142858
331 420 2.0
331 429 2.0
332 341 1.7857142857142858
332 702 0.9285714285714286
332 735 0.5714285714285714
332 746 -1.7857142857142858
333 334 0.9285714285714286
333 342 -2.0
333 872 1.3571428571428572
333 907 0.9285714285714286
333 919 -0.9285714285714286
334 335 -2.0
334 342 -2.0
334 343 0.5714285714285714
334 951 2.0
334 961 0.5714285714285714
335 336 -0.5714285714285714
335 343 -0.9285714285714286
335 344 1.7857142857142858
336 337 1.7857142857142858
336 344 0.9285714285714286
336 345 2.0
337 345 0.9285714285714286
337 346 0.5714285714285714
337 349 1.7857142857142858
337 358 0.5714285714285714
338 339 2.0
338 377 1.3571428571428572
339 420 -2.0
339 429 -1.7857142857142858
339 459 1.3571428571428572
339 470 1.3571428571428572
340 583 -1.7857142857142858
341 735 -1.7857142857142858
341 746 0.9285714285714286
341 790 0.5714285714285714
342 343 1.3571428571428572
342 907 -0.9285714285714286
342 919 2.0
342 951 1.7857142857142858
342 961 -0.5714285714285714
343 344 0.9285714285714286
344 345 -1.3571428571428572
345 346 0.9285714285714286
346 349 -2.0
346 358 1.7857142857142858
346 410 1.7857142857142858
347 348 1.7857142857142858
347 356 1.3571428571428572
348 349 -1.3571428571428572
348 356 -0.9285714285714286
348 357 0.5714285714285714
349 350 0.5714285714285714
349 357 -0.5714285714285714
349 358 -0.5714285714285714
350 358 1.7857142857142858
350 359 1.3571428571428572
350 445 1.7857142857142858
350 456 -1.3571428571428572
351 360 -0.5714285714285714
351 361 -0.9285714285714286
351 570 -1.3571428571428572
351 621 1.7857142857142858
352 353 1.3571428571428572
352 362 2.0
352 722 0.5714285714285714
352 732 0.5714285714285714
352 764 -1.3571428571428572
352 776 -1.3571428571428572
353 362 -2.0
353 363 -1.7857142857142858
353 810 -2.0
353 852 -1.7857142857142858
353 861 -1.3571428571428572
354 355 -1.3571428571428572
354 364 0.9285714285714286
355 365 -0.5714285714285714
356 357 0.9285714285714286
357 358 -1.7857142857142858
358 393 -1.7857142857142858
359 360 1.7857142857142858
359 445 -1.3571428571428572
359 456 -1.3571428571428572
359 488 -0.9285714285714286
360 361 -1.7857142857142858
360 527 1.7857142857142858
360 537 -2.0
360 570 -1.3571428571428572
361 621 1.3571428571428572
361 648 1.7857142857142858
361 658 -2.0
362 363 -1.7857142857142858
362 764 -1.7857142857142858
362 776 -1.7857142857142858
362 810 -0.9285714285714286
363 364 -2.0
363 852 0.5714285714285714
363 861 2.0
363 893 0.5714285714285714
363 905 2.0
364 949 2.0
366 375 0.5714285714285714
367 368 0.9285714285714286
367 377 -0.9285714285714286
367 378 1.7857142857142858
367 384 0.5714285714285714
367 437 -2.0
367 446 2.0
368 369 2.0
368 378 1.7857142857142858
368 489 -2.0
368 528 1.7857142857142858
369 370 -1.7857142857142858
369 379 -1.3571428571428572
369 561 -1.7857142857142858
369 603 -1.7857142857142858
369 613 2.0
370 371 -2.0
370 379 -1.3571428571428572
370 638 -1.3571428571428572
370 649 -0.5714285714285714
370 675 -1.7857142857142858
371 713 1.7857142857142858
371 723 -2.0
371 754 0.5714285714285714
371 765 0.5714285714285714
372 373 0.9285714285714286
372 380 0.9285714285714286
372 381 1.3571428571428572
372 883 0.9285714285714286
372 929 -1.7857142857142858
372 940 -2.0
373 374 -1.3571428571428572
373 381 0.9285714285714286
373 382 1.3571428571428572
374 382 -0.5714285714285714
374 383 1.7857142857142858
375 376 1.3571428571428572
376 377 -1.7857142857142858
377 378 -1.7857142857142858
377 384 -0.9285714285714286
378 437 0.5714285714285714
378 446 -1.7857142857142858
378 489 0.5714285714285714
379 603 -1.3571428571428572
379 613 1.7857142857142858
379 638 -2.0
379 649 -1.3571428571428572
380 381 -0.9285714285714286
380 883 -1.7857142857142858
380 894 -0.5714285714285714
381 382 0.5714285714285714
381 929 1.3571428571428572
381 940 -0.5714285714285714
382 383 1.3571428571428572
384 385 0.5714285714285714
384 394 -0.5714285714285714
384 421 -0.9285714285714286
384 429 2.0
385 386 1.7857142857142858
385 394 -2.0
385 395 0.5714285714285714
385 460 -1.3571428571428572
385 470 -0.9285714285714286
385 501 -1.3571428571428572
385 509 0.9285714285714286
386 387 1.3571428571428572
386 395 -1.3571428571428572
386 396 1.7857142857142858
386 541 1.3571428571428572
386 551 -1.7857142857142858
386 584 0.5714285714285714
387 388 -0.9285714285714286
387 396 1.3571428571428572
387 623 -2.0
387 659 -1.7857142857142858
388 397 -2.0
388 693 1.7857142857142858
388 702 -1.3571428571428572
389 390 1.3571428571428572
389 398 -0.9285714285714286
389 864 2.0
389 872 -0.9285714285714286
389 908 1.7857142857142858
389 919 0.9285714285714286
390 391 1.7857142857142858
390 399 -0.5714285714285714
390 952 0.5714285714285714
390 961 -1.7857142857142858
391 392 -0.5714285714285714
391 399 2.0
392 393 -0.5714285714285714
394 395 -0.5714285714285714
394 429 -0.9285714285714286
394 460 -2.0
394 470 -0.9285714285714286
395 396 0.9285714285714286
395 501 -1.7857142857142858
395 509 -1.7857142857142858
395 541 1.3571428571428572
395 551 -2.0
396 584 -1.7857142857142858
396 623 -0.5714285714285714
397 736 -2.0
397 746 -1.7857142857142858
397 790 -1.7857142857142858
398 399 -0.5714285714285714
398 908 -2.0
398 919 -1.3571428571428572
398 952 -2.0
398 961 0.5714285714285714
400 401 -0.5714285714285714
401 409 1.7857142857142858
402 410 2.0
402 411 2.0
402 456 1.3571428571428572
403 412 0.5714285714285714
403 621 -2.0
404 405 0.9285714285714286
404 412 -0.5714285714285714
404 413 0.5714285714285714
404 658 1.3571428571428572
404 690 0.5714285714285714
405 406 -0.5714285714285714
405 413 1.7857142857142858
405 414 0.5714285714285714
405 732 1.3571428571428572
405 776 2.0
406 414 0.5714285714285714
406 415 1.3571428571428572
406 861 2.0
407 408 2.0
407 416 -0.5714285714285714
407 417 2.0
408 417 2.0
408 418 2.0
409 410 0.5714285714285714
410 411 0.9285714285714286
411 456 -1.3571428571428572
412 413 -1.7857142857142858
412 621 -1.7857142857142858
412 658 -2.0
413 414 -2.0
413 690 -2.0
413 732 1.3571428571428572
414 415 0.5714285714285714
414 776 1.7857142857142858
415 416 -2.0
415 861 0.5714285714285714
415 905 -0.9285714285714286
416 417 1.7857142857142858
416 949 1.7857142857142858
417 418 -2.0
419 427 1.7857142857142858
420 421 -0.5714285714285714
420 428 1.7857142857142858
420 429 -1.3571428571428572
421 422 1.3571428571428572
421 429 -2.0
421 430 0.5714285714285714
421 437 1.3571428571428572
421 447 2.0
422 430 -1.3571428571428572
422 431 -0.5714285714285714
422 490 -0.5714285714285714
422 518 0.5714285714285714
422 529 1.3571428571428572
423 432 -0.5714285714285714
423 433 2.0
423 638 -1.3571428571428572
423 650 2.0
423 675 0.9285714285714286
424 425 -1.7857142857142858
424 435 2.0
424 883 0.9285714285714286
424 895 -1.3571428571428572
424 929 -0.9285714285714286
424 941 0.5714285714285714
425 426 1.7857142857142858
425 435 -1.3571428571428572
425 980 2.0
427 428 0.9285714285714286
428 429 -1.7857142857142858
429 430 -0.5714285714285714
430 431 0.5714285714285714
430 437 1.7857142857142858
430 447 0.9285714285714286
430 490 1.3571428571428572
431 432 1.7857142857142858
431 518 -0.5714285714285714
431 529 -0.5714285714285714
431 561 -2.0
431 571 1.3571428571428572
432 433 -1.3571428571428572
432 603 -0.5714285714285714
432 614 -2.0
432 638 0.9285714285714286
432 650 -1.7857142857142858
433 434 1.3571428571428572
433 675 0.9285714285714286
433 713 -2.0
433 724 -1.3571428571428572
434 754 0.5714285714285714
434 766 1.3571428571428572
434 801 -0.9285714285714286
434 812 1.3571428571428572
435 929 -0.9285714285714286
435 941 2.0
435 980 -2.0
436 437 -1.3571428571428572
436 446 -1.3571428571428572
437 438 -2.0
437 446 2.0
437 447 2.0
438 439 0.5714285714285714
438 447 -2.0
438 448 -0.9285714285714286
438 460 -2.0
438 471 1.7857142857142858
438 501 -0.9285714285714286
438 510 -0.9285714285714286
439 440 2.0
439 448 0.9285714285714286
439 449 0.5714285714285714
439 541 -0.9285714285714286
439 552 1.3571428571428572
439 584 1.3571428571428572
439 594 -0.5714285714285714
440 441 0.9285714285714286
440 449 0.9285714285714286
440 450 1.7857142857142858
440 623 2.0
440 630 0.5714285714285714
440 659 1.7857142857142858
440 668 2.0
441 442 -1.3571428571428572
441 450 0.5714285714285714
441 451 -1.7857142857142858
441 703 -0.9285714285714286
441 736 1.3571428571428572
441 747 -1.7857142857142858
442 443 -1.7857142857142858
442 779 0.5714285714285714
442 791 0.9285714285714286
442 823 -0.9285714285714286
442 834 1.3571428571428572
443 452 0.5714285714285714
443 864 2.0
443 873 -1.3571428571428572
443 908 0.5714285714285714
443 920 -1.7857142857142858
444 445 0.5714285714285714
444 454 -1.3571428571428572
444 455 1.3571428571428572
445 455 2.0
445 456 2.0
446 447 1.3571428571428572
447 448 1.3571428571428572
447 460 0.5714285714285714
447 471 -0.5714285714285714
448 449 1.3571428571428572
448 501 -0.9285714285714286
448 510 2.0
448 541 0.5714285714285714
448 552 0.5714285714285714
449 450 -1.7857142857142858
449 584 0.5714285714285714
449 594 2.0
449 623 1.7857142857142858
449 630 -1.3571428571428572
450 451 -0.9285714285714286
450 659 -0.5714285714285714
450 668 -1.7857142857142858
450 693 1.7857142857142858
450 703 -1.3571428571428572
451 736 1.7857142857142858
451 747 1.3571428571428572
452 453 -1.7857142857142858
452 908 0.9285714285714286
452 920 2.0
452 952 0.5714285714285714
452 962 -1.3571428571428572
453 454 1.3571428571428572
454 455 2.0
455 456 -2.0
457 458 1.7857142857142858
457 468 2.0
458 459 0.9285714285714286
458 468 -1.7857142857142858
458 469 -0.9285714285714286
459 460 1.3571428571428572
459 469 -0.5714285714285714
459 470 1.7857142857142858
460 461 -2.0
460 470 0.9285714285714286
460 471 2.0
461 462 -0.9285714285714286
461 471 1.3571428571428572
461 480 2.0
461 490 0.5714285714285714
461 519 0.9285714285714286
461 529 -1.7857142857142858
462 472 1.7857142857142858
462 473 0.5714285714285714
462 562 0.5714285714285714
462 571 2.0
462 604 -0.5714285714285714
462 614 1.3571428571428572
463 464 0.9285714285714286
463 474 1.7857142857142858
463 475 1.7857142857142858
463 714 -1.7857142857142858
463 724 1.7857142857142858
463 755 -0.5714285714285714
463 766 2.0
464 465 -1.3571428571428572
464 475 -1.3571428571428572
464 476 1.7857142857142858
464 802 -1.7857142857142858
464 812 1.7857142857142858
464 844 -0.9285714285714286
464 853 -0.5714285714285714
465 466 -1.3571428571428572
465 476 1.7857142857142858
465 884 -1.3571428571428572
465 895 0.5714285714285714
465 930 1.7857142857142858
465 941 -2.0
466 467 -0.5714285714285714
466 477 -0.5714285714285714
466 972 -2.0
466 980 0.5714285714285714
467 477 -1.7857142857142858
467 478 -1.7857142857142858
468 469 -2.0
469 470 1.3571428571428572
470 471 -0.5714285714285714
471 480 1.3571428571428572
471 490 -0.9285714285714286
472 473 -1.7857142857142858
472 519 -1.7857142857142858
472 529 2.0
472 562 1.7857142857142858
472 571 -0.9285714285714286
473 474 1.3571428571428572
473 604 -2.0
473 614 0.9285714285714286
473 639 -1.3571428571428572
473 650 -1.3571428571428572
474 475 -2.0
474 676 -2.0
474 724 1.7857142857142858
475 476 2.0
475 755 1.7857142857142858
475 766 -0.5714285714285714
475 802 -0.9285714285714286
475 812 -1.7857142857142858
476 844 0.9285714285714286
476 853 -1.7857142857142858
476 884 -1.7857142857142858
476 895 1.7857142857142858
477 478 0.5714285714285714
479 489 1.3571428571428572
480 481 0.9285714285714286
480 490 2.0
480 491 -0.5714285714285714
480 510 -2.0
481 482 -1.3571428571428572
481 491 -2.0
481 492 -0.5714285714285714
481 542 -1.3571428571428572
481 552 -1.3571428571428572
481 585 0.9285714285714286
481 594 -2.0
482 483 -0.9285714285714286
482 492 1.7857142857142858
482 624 0.5714285714285714
482 630 -1.7857142857142858
482 660 1.7857142857142858
482 668 -1.7857142857142858
483 484 0.9285714285714286
483 493 1.7857142857142858
483 703 2.0
483 737 -2.0
483 747 -1.3571428571428572
484 485 -1.3571428571428572
484 493 -0.5714285714285714
484 494 0.9285714285714286
484 780 -1.3571428571428572
484 791 -0.9285714285714286
484 824 0.5714285714285714
484 834 -0.9285714285714286
485 486 -2.0
485 494 -1.3571428571428572
485 495 -0.9285714285714286
485 873 -1.3571428571428572
485 909 0.9285714285714286
485 920 -1.7857142857142858
486 495 -0.9285714285714286
486 496 -1.7857142857142858
486 953 1.7857142857142858
486 962 -0.9285714285714286
487 488 -1.7857142857142858
487 497 -1.3571428571428572
489 490 0.5714285714285714
490 491 -1.3571428571428572
491 502 1.7857142857142858
491 510 -0.5714285714285714
491 542 1.3571428571428572
491 552 -1.3571428571428572
492 594 -1.7857142857142858
492 624 -2.0
492 630 1.3571428571428572
493 494 -0.5714285714285714
493 737 -0.9285714285714286
493 780 -2.0
493 791 0.5714285714285714
494 824 -0.5714285714285714
494 834 -1.3571428571428572
494 873 -1.3571428571428572
495 496 -1.7857142857142858
495 909 -0.9285714285714286
495 920 1.7857142857142858
495 953 -0.9285714285714286
495 962 0.9285714285714286
496 497 1.7857142857142858
498 499 -2.0
499 500 0.9285714285714286
499 508 -2.0
500 501 1.3571428571428572
500 508 0.5714285714285714
500 509 1.7857142857142858
501 502 2.0
501 509 -0.9285714285714286
501 510 -0.9285714285714286
502 503 -2.0
502 510 -0.9285714285714286
502 511 -0.5714285714285714
502 519 1.7857142857142858
502 530 2.0
503 504 1.7857142857142858
503 511 1.7857142857142858
503 512 -0.9285714285714286
503 562 -0.5714285714285714
503 572 1.7857142857142858
503 604 -0.9285714285714286
503 615 -1.3571428571428572
504 512 -0.5714285714285714
504 513 -1.3571428571428572
504 639 -0.5714285714285714
504 651 -0.5714285714285714
504 676 -0.5714285714285714
504 682 1.7857142857142858
505 506 -1.3571428571428572
505 515 1.7857142857142858
505 516 0.5714285714285714
505 884 2.0
505 896 -0.9285714285714286
505 930 -2.0
505 942 0.9285714285714286
506 507 2.0
506 516 -0.9285714285714286
506 972 0.9285714285714286
506 981 -1.7857142857142858
508 509 -0.9285714285714286
509 510 2.0
510 511 -0.5714285714285714
511 512 0.5714285714285714
511 519 0.9285714285714286
511 530 2.0
511 562 1.7857142857142858
511 572 -0.5714285714285714
512 513 -1.7857142857142858
512 604 0.5714285714285714
512 615 -1.3571428571428572
512 639 1.3571428571428572
512 651 0.9285714285714286
513 514 1.3571428571428572
513 676 1.3571428571428572
513 682 1.3571428571428572
513 714 2.0
513 725 -0.5714285714285714
514 515 1.3571428571428572
514 755 0.9285714285714286
514 767 -2.0
514 802 -1.7857142857142858
515 516 1.7857142857142858
515 844 1.7857142857142858
515 854 0.5714285714285714
515 884 -2.0
515 896 -0.9285714285714286
516 930 1.7857142857142858
516 942 -1.3571428571428572
516 972 -2.0
516 981 1.3571428571428572
517 518 1.3571428571428572
517 528 -2.0
518 519 0.5714285714285714
518 528 -0.9285714285714286
518 529 -1.7857142857142858
519 520 -2.0
519 529 -2.0
519 530 0.5714285714285714
520 521 -1.7857142857142858
520 530 -1.3571428571428572
520 531 2.0
520 542 0.9285714285714286
520 553 1.3571428571428572
520 585 -2.0
521 522 1.7857142857142858
521 531 0.9285714285714286
521 624 0.5714285714285714
521 631 -0.5714285714285714
521 660 -1.7857142857142858
522 532 2.0
522 704 1.3571428571428572
522 737 2.0
522 748 0.9285714285714286
523 524 1.3571428571428572
523 533 0.5714285714285714
523 534 2.0
523 874 -1.7857142857142858
523 909 -1.3571428571428572
523 921 -0.5714285714285714
524 525 -1.3571428571428572
524 534 0.9285714285714286
524 953 -1.3571428571428572
524 963 1.3571428571428572
525 526 -1.7857142857142858
525 535 1.3571428571428572
526 527 -2.0
526 535 2.0
526 536 -2.0
527 536 -2.0
527 537 1.3571428571428572
528 529 2.0
529 530 -1.7857142857142858
530 531 1.3571428571428572
530 542 -1.7857142857142858
530 553 0.5714285714285714
531 585 -0.5714285714285714
531 624 0.5714285714285714
531 631 2.0
532 533 0.9285714285714286
532 737 0.5714285714285714
532 748 -0.9285714285714286
532 780 1.3571428571428572
533 534 -2.0
533 824 2.0
533 835 -1.3571428571428572
533 874 1.3571428571428572
534 909 0.9285714285714286
534 921 -0.5714285714285714
534 953 0.9285714285714286
534 963 -2.0
535 536 2.0
536 537 1.3571428571428572
538 539 1.3571428571428572
539 540 -1.3571428571428572
539 550 -0.9285714285714286
540 550 -0.5714285714285714
540 551 -2.0
541 542 -2.0
541 551 1.3571428571428572
541 552 0.9285714285714286
542 543 1.3571428571428572
542 552 -0.5714285714285714
542 553 0.5714285714285714
543 544 1.3571428571428572
543 554 1.3571428571428572
543 563 -0.5714285714285714
543 572 1.3571428571428572
543 605 -1.7857142857142858
543 615 -0.5714285714285714
544 545 -0.5714285714285714
544 554 0.5714285714285714
544 555 -2.0
544 651 2.0
544 677 -1.7857142857142858
544 682 1.3571428571428572
545 546 -0.9285714285714286
545 555 0.9285714285714286
545 556 -1.3571428571428572
545 725 0.9285714285714286
545 756 1.7857142857142858
545 767 0.9285714285714286
546 547 -0.5714285714285714
546 556 2.0
546 557 2.0
546 803 0.9285714285714286
546 845 -1.7857142857142858
546 854 0.9285714285714286
547 548 -0.5714285714285714
547 557 0.5714285714285714
547 558 0.9285714285714286
547 885 0.9285714285714286
547 896 -1.7857142857142858
547 931 0.5714285714285714
547 942 -2.0
548 549 -1.3571428571428572
548 558 0.9285714285714286
548 559 -0.9285714285714286
548 973 1.3571428571428572
548 981 -0.9285714285714286
549 559 1.7857142857142858
549 560 -0.9285714285714286
550 551 2.0
551 552 2.0
552 553 -0.5714285714285714
553 554 -0.9285714285714286
553 563 -1.7857142857142858
553 572 -0.9285714285714286
554 555 -0.5714285714285714
554 605 2.0
554 615 -1.7857142857142858
554 640 1.3571428571428572
554 651 0.5714285714285714
555 556 -1.7857142857142858
555 677 2.0
555 682 -2.0
555 725 0.9285714285714286
556 557 -1.7857142857142858
556 756 1.3571428571428572
556 767 -1.7857142857142858
556 803 -0.5714285714285714
557 558 -0.9285714285714286
557 845 0.9285714285714286
557 854 2.0
557 885 -1.3571428571428572
557 896 1.3571428571428572
558 559 0.5714285714285714
558 931 0.5714285714285714
558 942 -1.7857142857142858
558 973 -1.7857142857142858
558 981 0.9285714285714286
559 560 -0.9285714285714286
561 562 0.5714285714285714
561 571 -1.3571428571428572
562 563 -0.5714285714285714
562 571 2.0
562 572 -0.9285714285714286
563 564 0.5714285714285714
563 572 0.9285714285714286
563 573 -0.5714285714285714
563 586 1.7857142857142858
564 565 -2.0
564 573 -0.9285714285714286
564 574 0.5714285714285714
564 625 1.7857142857142858
564 661 1.7857142857142858
565 566 -1.7857142857142858
565 574 -1.3571428571428572
565 575 -1.7857142857142858
565 704 1.3571428571428572
565 738 1.7857142857142858
565 748 -2.0
566 567 -1.7857142857142858
566 575 -1.7857142857142858
566 576 0.9285714285714286
566 781 1.7857142857142858
566 792 -1.7857142857142858
566 825 0.9285714285714286
566 835 -1.3571428571428572
567 568 -1.3571428571428572
567 577 -0.5714285714285714
567 865 1.3571428571428572
567 910 -0.5714285714285714
567 921 0.9285714285714286
568 569 1.7857142857142858
568 577 2.0
568 578 1.7857142857142858
568 954 1.7857142857142858
568 963 -1.7857142857142858
569 578 -1.7857142857142858
569 579 0.5714285714285714
570 580 1.7857142857142858
571 572 1.7857142857142858
572 573 -1.3571428571428572
573 574 1.3571428571428572
573 586 -1.7857142857142858
573 625 0.5714285714285714
573 631 -2.0
574 575 0.9285714285714286
574 661 -1.3571428571428572
574 704 1.3571428571428572
575 576 2.0
575 738 2.0
575 748 2.0
575 781 -1.7857142857142858
575 792 1.7857142857142858
576 577 1.7857142857142858
576 825 -0.9285714285714286
576 835 1.3571428571428572
576 865 0.5714285714285714
577 578 2.0
577 910 0.5714285714285714
577 921 -0.9285714285714286
577 954 -0.9285714285714286
577 963 -2.0
578 579 -0.5714285714285714
579 580 -0.9285714285714286
581 582 -0.5714285714285714
582 583 1.3571428571428572
582 593 -0.9285714285714286
583 584 -1.3571428571428572
583 593 0.9285714285714286
584 585 1.7857142857142858
584 594 -0.5714285714285714
585 586 -2.0
585 594 2.0
586 587 1.3571428571428572
586 595 -1.3571428571428572
586 605 -1.3571428571428572
587 588 -1.7857142857142858
587 595 2.0
587 596 1.3571428571428572
587 640 -0.9285714285714286
587 652 2.0
587 677 1.3571428571428572
587 683 -0.5714285714285714
588 589 -0.9285714285714286
588 596 -2.0
588 597 -2.0
588 726 -2.0
588 756 2.0
588 768 0.9285714285714286
589 597 0.5714285714285714
589 598 -0.9285714285714286
589 803 0.5714285714285714
589 813 2.0
589 845 -0.5714285714285714
589 855 -0.5714285714285714
590 591 0.5714285714285714
590 598 1.3571428571428572
590 599 -1.3571428571428572
590 885 -1.3571428571428572
590 897 0.5714285714285714
590 931 2.0
590 943 0.9285714285714286
591 592 -1.7857142857142858
591 599 0.5714285714285714
591 600 1.3571428571428572
591 973 -0.5714285714285714
591 982 -0.5714285714285714
592 600 1.7857142857142858
592 601 -1.7857142857142858
595 596 0.9285714285714286
595 605 0.9285714285714286
595 652 -0.9285714285714286
596 597 1.3571428571428572
596 726 -2.0
597 598 -1.3571428571428572
597 756 -1.3571428571428572
597 768 1.7857142857142858
597 803 -2.0
597 813 0.5714285714285714
598 599 0.5714285714285714
598 845 1.3571428571428572
598 855 1.3571428571428572
598 885 2.0
598 897 2.0
599 600 -1.7857142857142858
599 931 1.3571428571428572
599 943 -1.3571428571428572
599 982 0.9285714285714286
600 601 -1.7857142857142858
602 613 2.0
603 604 -2.0
603 613 -0.5714285714285714
603 614 0.5714285714285714
604 605 -0.5714285714285714
604 614 1.3571428571428572
604 615 2.0
605 606 -2.0
605 615 -1.3571428571428572
606 607 -0.5714285714285714
606 625 -1.3571428571428572
606 632 1.7857142857142858
606 661 -0.9285714285714286
607 608 0.9285714285714286
607 616 2.0
607 705 1.7857142857142858
607 738 1.7857142857142858
608 609 2.0
608 616 0.9285714285714286
608 617 1.3571428571428572
608 781 -2.0
608 793 2.0
608 825 0.5714285714285714
608 836 -2.0
609 610 -2.0
609 617 0.5714285714285714
609 618 -0.5714285714285714
609 865 1.3571428571428572
609 875 2.0
609 910 0.5714285714285714
609 922 1.7857142857142858
610 611 -1.7857142857142858
610 618 0.9285714285714286
610 954 -2.0
610 964 -1.7857142857142858
611 612 -2.0
611 619 -0.9285714285714286
612 619 0.9285714285714286
612 620 1.3571428571428572
613 614 1.3571428571428572
614 615 1.7857142857142858
616 617 -1.3571428571428572
616 738 -1.7857142857142858
616 781 1.7857142857142858
616 793 0.5714285714285714
617 618 -0.9285714285714286
617 825 0.5714285714285714
617 836 1.3571428571428572
617 865 -1.3571428571428572
617 875 -0.9285714285714286
618 910 0.9285714285714286
618 922 -1.7857142857142858
618 954 -2.0
618 964 0.5714285714285714
619 620 0.9285714285714286
620 621 0.9285714285714286
623 624 -0.9285714285714286
623 630 -1.7857142857142858
624 625 0.5714285714285714
624 630 -0.5714285714285714
624 631 1.7857142857142858
625 631 -1.3571428571428572
625 632 -0.5714285714285714
626 627 -0.5714285714285714
626 633 0.9285714285714286
626 634 1.7857142857142858
626 715 1.3571428571428572
626 726 -0.9285714285714286
626 757 1.7857142857142858
626 768 -1.3571428571428572
627 634 -1.7857142857142858
627 804 2.0
627 813 -1.3571428571428572
627 846 -1.3571428571428572
627 855 2.0
628 629 -2.0
628 635 1.7857142857142858
628 636 0.9285714285714286
628 974 -1.7857142857142858
628 982 0.5714285714285714
629 636 -0.9285714285714286
630 631 0.5714285714285714
631 632 -1.3571428571428572
632 633 -0.9285714285714286
632 641 1.3571428571428572
632 652 -0.9285714285714286
633 634 0.5714285714285714
633 683 0.5714285714285714
633 715 -1.7857142857142858
633 726 -1.3571428571428572
634 757 -2.0
634 768 0.5714285714285714
634 804 -2.0
634 813 0.5714285714285714
635 636 -2.0
635 932 0.5714285714285714
635 943 0.9285714285714286
635 982 -0.5714285714285714
637 638 1.7857142857142858
637 649 -0.5714285714285714
638 639 -2.0
638 649 2.0
638 650 -1.7857142857142858
639 640 2.0
639 650 -1.7857142857142858
639 651 1.3571428571428572
640 641 1.3571428571428572
640 651 0.5714285714285714
640 652 2.0
641 642 1.7857142857142858
641 652 0.9285714285714286
641 653 -0.9285714285714286
641 662 -0.5714285714285714
642 653 0.5714285714285714
642 654 2.0
642 694 2.0
642 705 1.7857142857142858
643 644 2.0
643 654 -1.7857142857142858
643 793 0.5714285714285714
643 826 1.3571428571428572
643 836 0.5714285714285714
644 645 -0.9285714285714286
644 866 1.3571428571428572
644 875 -1.3571428571428572
644 922 0.5714285714285714
645 646 0.9285714285714286
645 655 -0.9285714285714286
645 955 0.5714285714285714
645 964 -0.5714285714285714
646 647 -1.7857142857142858
646 655 -2.0
646 656 -2.0
647 648 0.9285714285714286
647 656 -1.7857142857142858
647 657 -0.5714285714285714
648 657 -0.9285714285714286
648 658 1.3571428571428572
649 650 -0.5714285714285714
650 651 1.7857142857142858
651 652 0.9285714285714286
652 653 1.7857142857142858
653 654 -1.3571428571428572
653 694 0.5714285714285714
653 705 0.5714285714285714
654 782 -2.0
654 793 1.7857142857142858
655 656 -1.3571428571428572
656 657 1.7857142857142858
657 658 1.3571428571428572
659 660 -0.9285714285714286
659 668 1.3571428571428572
660 661 1.7857142857142858
660 668 -0.5714285714285714
661 662 2.0
662 663 1.3571428571428572
662 669 1.3571428571428572
662 684 -1.3571428571428572
663 664 -1.3571428571428572
663 669 -1.7857142857142858
663 670 -1.7857142857142858
663 715 -2.0
663 727 -1.7857142857142858
663 757 1.7857142857142858
663 769 -1.7857142857142858
664 665 -0.5714285714285714
664 670 -2.0
664 671 2.0
664 804 -0.5714285714285714
664 814 -1.7857142857142858
664 846 2.0
664 856 0.5714285714285714
665 671 -1.3571428571428572
665 886 1.3571428571428572
665 898 -0.9285714285714286
665 944 -0.9285714285714286
666 672 -1.3571428571428572
666 673 -1.3571428571428572
669 670 -0.9285714285714286
669 684 -0.9285714285714286
669 715 -1.7857142857142858
669 727 -0.5714285714285714
670 671 2.0
670 757 -0.5714285714285714
670 769 0.9285714285714286
670 804 2.0
670 814 -1.3571428571428572
671 846 0.9285714285714286
671 856 -2.0
671 886 -2.0
671 898 -0.9285714285714286
672 673 -0.9285714285714286
674 675 0.5714285714285714
675 676 -0.5714285714285714
676 677 1.3571428571428572
676 682 0.9285714285714286
677 682 1.3571428571428572
677 683 -0.5714285714285714
678 679 -0.5714285714285714
678 684 -1.7857142857142858
678 685 1.7857142857142858
678 694 1.3571428571428572
678 706 -1.7857142857142858
679 680 -0.9285714285714286
679 685 -1.3571428571428572
679 782 -1.3571428571428572
679 794 0.5714285714285714
679 826 -0.5714285714285714
679 837 1.3571428571428572
680 681 0.9285714285714286
680 686 1.3571428571428572
680 687 1.3571428571428572
680 866 -0.9285714285714286
680 876 -2.0
680 911 0.9285714285714286
680 923 -1.7857142857142858
681 687 -0.5714285714285714
681 955 -1.7857142857142858
681 965 -1.7857142857142858
682 683 -0.9285714285714286
683 684 -0.5714285714285714
684 685 0.5714285714285714
684 694 -1.3571428571428572
684 706 -1.3571428571428572
685 686 -2.0
685 782 0.9285714285714286
685 794 -0.9285714285714286
686 687 2.0
686 826 0.9285714285714286
686 866 -2.0
686 876 1.3571428571428572
687 911 -1.3571428571428572
687 923 2.0
687 955 2.0
687 965 0.9285714285714286
688 689 -2.0
689 690 -0.5714285714285714
691 692 -1.3571428571428572
691 700 1.3571428571428572
692 700 0.9285714285714286
692 701 -1.3571428571428572
693 702 -0.9285714285714286
693 703 1.3571428571428572
694 695 1.3571428571428572
694 705 1.3571428571428572
694 706 0.5714285714285714
695 696 -0.5714285714285714
695 706 -1.3571428571428572
695 716 -1.7857142857142858
695 727 1.3571428571428572
695 758 -1.7857142857142858
695 769 -0.9285714285714286
696 697 1.3571428571428572
696 707 0.5714285714285714
696 708 0.9285714285714286
696 805 -0.9285714285714286
696 814 -0.9285714285714286
696 847 1.7857142857142858
696 856 1.3571428571428572
697 698 -1.3571428571428572
697 708 1.7857142857142858
697 709 1.3571428571428572
697 887 1.7857142857142858
697 898 -0.9285714285714286
697 933 -0.5714285714285714
697 944 1.7857142857142858
698 699 0.5714285714285714
698 709 1.3571428571428572
698 710 0.5714285714285714
698 975 -1.3571428571428572
698 983 -0.5714285714285714
699 710 -1.3571428571428572
699 711 2.0
700 701 -0.5714285714285714
701 702 -0.5714285714285714
702 703 -0.9285714285714286
703 704 -0.9285714285714286
704 705 0.5714285714285714
705 706 1.3571428571428572
706 707 -1.3571428571428572
706 716 2.0
706 727 -0.9285714285714286
707 708 0.9285714285714286
707 758 1.7857142857142858
707 769 1.7857142857142858
707 805 -1.3571428571428572
707 814 2.0
708 709 2.0
708 847 0.5714285714285714
708 856 -1.7857142857142858
708 887 -2.0
708 898 0.5714285714285714
709 710 1.7857142857142858
709 933 -0.9285714285714286
709 944 -0.9285714285714286
709 975 0.5714285714285714
709 983 -1.3571428571428572
710 711 1.7857142857142858
712 713 -0.9285714285714286
712 723 2.0
713 714 -0.5714285714285714
713 723 0.5714285714285714
713 724 2.0
714 724 -1.3571428571428572
714 725 0.5714285714285714
715 716 -0.5714285714285714
715 726 2.0
715 727 1.3571428571428572
716 717 2.0
716 727 1.3571428571428572
716 728 0.5714285714285714
716 739 0.5714285714285714
717 718 0.5714285714285714
717 728 2.0
717 729 1.3571428571428572
717 783 -1.7857142857142858
717 794 -2.0
717 827 1.3571428571428572
717 837 -1.3571428571428572
718 719 -0.9285714285714286
718 729 1.3571428571428572
718 730 0.5714285714285714
718 867 -1.3571428571428572
718 876 -2.0
718 912 -2.0
718 923 1.7857142857142858
719 720 1.7857142857142858
719 730 -1.3571428571428572
719 956 -0.5714285714285714
719 965 0.9285714285714286
720 721 1.7857142857142858
721 722 0.5714285714285714
721 731 1.7857142857142858
722 731 -0.5714285714285714
722 732 2.0
723 724 1.3571428571428572
724 725 -0.5714285714285714
725 726 -0.5714285714285714
726 727 -0.5714285714285714
727 728 -0.9285714285714286
728 729 -0.9285714285714286
728 739 0.5714285714285714
728 783 -0.9285714285714286
728 794 0.9285714285714286
729 730 0.9285714285714286
729 827 -1.3571428571428572
729 837 -1.7857142857142858
729 867 0.9285714285714286
729 876 -1.7857142857142858
730 912 1.7857142857142858
730 923 -1.7857142857142858
730 956 -0.5714285714285714
730 965 1.3571428571428572
731 732 -2.0
733 734 2.0
733 744 -2.0
734 735 -0.9285714285714286
734 744 1.3571428571428572
734 745 -1.7857142857142858
735 736 -1.3571428571428572
735 745 -0.9285714285714286
735 746 -1.3571428571428572
736 737 -0.5714285714285714
736 746 -0.9285714285714286
736 747 1.7857142857142858
737 738 -2.0
737 747 -0.9285714285714286
737 748 -1.3571428571428572
738 748 -2.0
739 740 -1.3571428571428572
739 749 0.9285714285714286
739 758 -0.5714285714285714
739 770 -2.0
740 741 0.9285714285714286
740 749 -0.5714285714285714
740 750 -1.3571428571428572
740 805 -1.7857142857142858
740 815 0.9285714285714286
740 847 -1.7857142857142858
740 857 1.7857142857142858
741 742 2.0
741 750 2.0
741 751 0.5714285714285714
741 887 -1.7857142857142858
741 899 -0.9285714285714286
741 933 1.3571428571428572
742 743 1.3571428571428572
742 751 -0.5714285714285714
742 752 0.5714285714285714
742 975 -0.5714285714285714
742 984 -1.7857142857142858
743 752 -0.9285714285714286
744 745 -2.0
745 746 -2.0
746 747 1.3571428571428572
747 748 -0.5714285714285714
749 750 2.0
749 758 -2.0
749 770 -0.5714285714285714
749 805 2.0
749 815 1.7857142857142858
750 751 -1.7857142857142858
750 847 2.0
750 857 0.9285714285714286
750 887 0.5714285714285714
750 899 1.7857142857142858
751 752 1.7857142857142858
751 933 -0.5714285714285714
751 975 -0.5714285714285714
751 984 1.7857142857142858
753 754 -2.0
753 765 -0.5714285714285714
754 755 -0.9285714285714286
754 765 -1.3571428571428572
754 766 -0.9285714285714286
755 756 0.5714285714285714
755 766 0.9285714285714286
756 757 1.3571428571428572
756 767 0.5714285714285714
756 768 0.5714285714285714
757 758 -1.3571428571428572
757 768 -0.5714285714285714
757 769 -0.5714285714285714
758 759 2.0
758 769 -1.7857142857142858
758 770 -0.9285714285714286
759 760 2.0
759 771 -0.9285714285714286
759 783 2.0
759 795 0.5714285714285714
759 827 -0.5714285714285714
759 838 1.7857142857142858
760 761 -0.5714285714285714
760 771 2.0
760 772 -1.3571428571428572
760 867 -1.3571428571428572
760 877 1.7857142857142858
760 912 -1.3571428571428572
760 924 1.7857142857142858
761 762 -2.0
761 772 -1.3571428571428572
761 773 -0.9285714285714286
761 956 -1.7857142857142858
761 966 -2.0
762 763 0.5714285714285714
762 773 -0.5714285714285714
762 774 -1.7857142857142858
763 764 -0.9285714285714286
763 774 0.9285714285714286
763 775 -0.5714285714285714
764 775 -1.7857142857142858
764 776 -0.5714285714285714
765 766 0.5714285714285714
766 767 0.9285714285714286
767 768 1.7857142857142858
768 769 -1.3571428571428572
769 770 -0.5714285714285714
770 783 -0.9285714285714286
770 795 1.7857142857142858
771 772 -1.3571428571428572
771 827 1.3571428571428572
771 838 1.7857142857142858
771 867 -0.5714285714285714
771 877 2.0
772 773 1.3571428571428572
772 912 1.7857142857142858
772 924 0.5714285714285714
772 956 -2.0
772 966 0.5714285714285714
773 774 -1.3571428571428572
774 775 -1.7857142857142858
775 776 -2.0
777 788 1.3571428571428572
778 779 -2.0
778 789 0.5714285714285714
778 790 -1.3571428571428572
779 780 1.3571428571428572
779 790 1.3571428571428572
779 791 -2.0
780 781 1.7857142857142858
780 791 -0.9285714285714286
780 792 1.3571428571428572
781 782 2.0
781 792 -0.9285714285714286
781 793 1.3571428571428572
782 783 -0.5714285714285714
782 793 2.0
782 794 -1.3571428571428572
783 784 1.7857142857142858
783 794 -2.0
783 795 -1.7857142857142858
784 785 -2.0
784 795 -1.3571428571428572
784 796 0.9285714285714286
784 815 2.0
784 848 1.7857142857142858
784 857 2.0
785 786 -1.7857142857142858
785 796 0.9285714285714286
785 797 1.3571428571428572
785 888 1.3571428571428572
785 899 1.7857142857142858
785 934 1.7857142857142858
786 787 0.9285714285714286
786 797 -0.5714285714285714
786 798 -2.0
786 976 1.7857142857142858
786 984 -1.7857142857142858
787 798 0.9285714285714286
787 799 1.7857142857142858
788 789 -0.5714285714285714
789 790 -1.3571428571428572
790 791 -1.7857142857142858
791 792 -1.7857142857142858
792 793 -1.3571428571428572
793 794 -1.3571428571428572
794 795 1.7857142857142858
795 796 2.0
795 815 -1.3571428571428572
796 797 -2.0
796 848 -1.3571428571428572
796 888 -0.5714285714285714
796 899 -0.5714285714285714
797 798 -0.9285714285714286
797 934 -0.9285714285714286
797 976 -1.7857142857142858
797 984 -0.9285714285714286
798 799 -1.7857142857142858
800 801 -1.3571428571428572
800 811 2.0
801 802 1.3571428571428572
801 811 1.3571428571428572
801 812 2.0
802 803 2.0
802 812 -0.5714285714285714
803 804 -0.5714285714285714
803 813 -2.0
804 805 0.9285714285714286
804 813 -0.9285714285714286
804 814 -1.7857142857142858
805 814 0.5714285714285714
805 815 0.5714285714285714
806 807 -1.7857142857142858
806 816 2.0
806 817 2.0
806 868 1.3571428571428572
806 877 -1.3571428571428572
806 913 2.0
806 924 -0.9285714285714286
807 808 1.3571428571428572
807 817 -2.0
807 818 -0.5714285714285714
807 957 -2.0
807 966 -1.3571428571428572
808 809 -2.0
808 818 -1.7857142857142858
808 819 2.0
809 810 2.0
809 819 -1.3571428571428572
809 820 0.5714285714285714
810 820 0.9285714285714286
811 812 0.9285714285714286
813 814 -1.3571428571428572
815 816 2.0
816 817 -0.5714285714285714
816 828 -0.5714285714285714
816 838 -1.7857142857142858
816 868 0.9285714285714286
816 877 1.3571428571428572
817 818 -2.0
817 913 -1.7857142857142858
817 924 -2.0
817 957 1.3571428571428572
817 966 -0.9285714285714286
818 819 -0.5714285714285714
819 820 1.7857142857142858
821 822 1.3571428571428572
821 831 1.7857142857142858
822 831 -1.3571428571428572
822 832 1.7857142857142858
823 824 -1.7857142857142858
823 833 -2.0
823 834 0.9285714285714286
824 825 -1.7857142857142858
824 834 2.0
824 835 -1.3571428571428572
825 826 -0.5714285714285714
825 835 -0.5714285714285714
825 836 -0.5714285714285714
826 827 2.0
826 836 1.7857142857142858
826 837 1.7857142857142858
827 828 0.9285714285714286
827 837 -0.9285714285714286
827 838 -2.0
828 838 -1.7857142857142858
828 839 -0.9285714285714286
828 848 1.7857142857142858
829 830 -1.3571428571428572
829 840 -0.5714285714285714
829 841 1.3571428571428572
829 976 2.0
829 985 -0.9285714285714286
830 841 1.7857142857142858
830 842 -2.0
831 832 -0.5714285714285714
832 833 -0.5714285714285714
833 834 -0.5714285714285714
834 835 -1.7857142857142858
836 837 1.7857142857142858
837 838 0.5714285714285714
838 839 -2.0
839 840 0.9285714285714286
839 848 -1.3571428571428572
839 888 -1.3571428571428572
839 900 0.5714285714285714
840 841 0.5714285714285714
840 934 1.7857142857142858
840 976 1.7857142857142858
840 985 -0.9285714285714286
844 845 -1.7857142857142858
844 853 -1.7857142857142858
844 854 0.9285714285714286
845 846 -1.7857142857142858
845 854 1.7857142857142858
845 855 1.3571428571428572
846 847 -0.9285714285714286
846 855 -0.9285714285714286
846 856 -2.0
847 848 -2.0
847 857 -2.0
848 849 -0.5714285714285714
848 857 -0.5714285714285714
849 858 2.0
849 868 0.9285714285714286
849 878 1.3571428571428572
849 913 -1.3571428571428572
850 851 -0.9285714285714286
850 858 2.0
850 859 -0.5714285714285714
850 957 0.9285714285714286
851 859 -0.9285714285714286
851 860 2.0
852 861 2.0
853 854 1.7857142857142858
854 855 -0.9285714285714286
855 856 -1.7857142857142858
856 857 0.5714285714285714
858 859 1.7857142857142858
858 913 -2.0
858 957 0.5714285714285714
858 967 0.9285714285714286
859 860 1.7857142857142858
862 863 -2.0
862 870 1.3571428571428572
862 871 -0.9285714285714286
863 864 0.5714285714285714
863 871 2.0
863 872 -1.3571428571428572
864 872 -0.9285714285714286
864 873 -2.0
865 866 -0.5714285714285714
865 874 0.5714285714285714
865 875 -2.0
866 867 2.0
866 875 -2.0
866 876 -1.7857142857142858
867 868 0.5714285714285714
867 876 2.0
867 877 1.3571428571428572
868 877 1.7857142857142858
868 878 0.9285714285714286
869 879 0.5714285714285714
869 880 -0.9285714285714286
869 977 0.5714285714285714
869 985 -1.7857142857142858
870 871 -1.7857142857142858
871 872 -0.5714285714285714
872 873 2.0
873 874 1.7857142857142858
874 875 -0.5714285714285714
875 876 -1.3571428571428572
876 877 0.9285714285714286
877 878 -1.3571428571428572
878 879 1.3571428571428572
878 889 1.3571428571428572
878 900 2.0
879 880 -1.3571428571428572
879 935 2.0
879 977 2.0
879 985 -0.9285714285714286
880 881 -1.7857142857142858
882 883 -1.3571428571428572
882 894 1.3571428571428572
883 884 1.3571428571428572
883 894 1.7857142857142858
883 895 -0.9285714285714286
884 885 2.0
884 896 0.9285714285714286
885 886 -1.7857142857142858
885 896 1.3571428571428572
885 897 -0.9285714285714286
886 887 -0.9285714285714286
886 897 -1.7857142857142858
886 898 -0.5714285714285714
887 888 -1.3571428571428572
887 898 1.3571428571428572
887 899 1.7857142857142858
888 889 2.0
888 899 2.0
888 900 -2.0
889 890 -1.7857142857142858
889 900 1.7857142857142858
889 901 -1.7857142857142858
889 914 -2.0
890 891 0.9285714285714286
890 901 -0.5714285714285714
890 902 -2.0
890 967 0.5714285714285714
891 892 0.9285714285714286
891 902 2.0
891 903 -1.7857142857142858
892 893 -1.3571428571428572
892 903 -1.7857142857142858
892 904 0.9285714285714286
893 904 -0.9285714285714286
893 905 -0.5714285714285714
894 895 -0.9285714285714286
895 896 -1.3571428571428572
896 897 -0.5714285714285714
897 898 0.5714285714285714
898 899 -0.9285714285714286
899 900 0.9285714285714286
900 901 -1.3571428571428572
901 902 0.5714285714285714
901 914 -0.5714285714285714
901 967 0.9285714285714286
902 903 -0.9285714285714286
903 904 -2.0
904 905 1.3571428571428572
906 907 -1.7857142857142858
906 917 1.7857142857142858
906 918 -1.3571428571428572
907 908 -0.9285714285714286
907 918 2.0
907 919 1.7857142857142858
908 909 -1.7857142857142858
908 919 -0.5714285714285714
908 920 2.0
909 910 -0.5714285714285714
909 920 -2.0
909 921 -2.0
910 911 0.5714285714285714
910 921 -1.7857142857142858
910 922 -1.7857142857142858
911 912 2.0
911 922 -1.3571428571428572
911 923 1.7857142857142858
912 913 2.0
912 923 -1.3571428571428572
912 924 1.3571428571428572
913 914 -1.3571428571428572
913 924 -1.3571428571428572
914 915 0.5714285714285714
914 925 -1.7857142857142858
914 935 -1.7857142857142858
914 945 -0.9285714285714286
915 916 -0.9285714285714286
915 925 1.7857142857142858
915 926 -1.3571428571428572
915 977 -0.9285714285714286
915 986 2.0
916 926 0.5714285714285714
916 927 0.9285714285714286
917 918 -1.7857142857142858
918 919 -2.0
919 920 -0.5714285714285714
920 921 -1.3571428571428572
921 922 2.0
922 923 0.9285714285714286
923 924 -0.9285714285714286
925 926 -2.0
925 935 0.9285714285714286
925 945 1.7857142857142858
925 977 -2.0
925 986 0.5714285714285714
926 927 1.7857142857142858
928 929 -0.9285714285714286
928 940 0.9285714285714286
929 930 -0.5714285714285714
929 940 1.3571428571428572
929 941 1.7857142857142858
930 931 0.5714285714285714
930 941 0.5714285714285714
930 942 -0.5714285714285714
931 932 0.9285714285714286
931 942 0.5714285714285714
931 943 1.3571428571428572
932 933 -0.9285714285714286
932 943 -0.5714285714285714
932 944 -1.7857142857142858
933 934 -1.3571428571428572
933 944 2.0
934 935 -2.0
935 936 0.9285714285714286
935 945 -0.9285714285714286
936 937 0.5714285714285714
936 945 -1.3571428571428572
936 946 0.5714285714285714
936 968 -2.0
937 938 1.7857142857142858
937 946 1.3571428571428572
937 947 2.0
938 939 1.3571428571428572
938 947 -0.5714285714285714
938 948 -2.0
939 948 -1.7857142857142858
939 949 -2.0
940 941 -0.5714285714285714
941 942 -2.0
942 943 -0.9285714285714286
943 944 -0.9285714285714286
945 946 0.5714285714285714
945 968 0.5714285714285714
947 948 0.5714285714285714
948 949 1.7857142857142858
950 960 1.7857142857142858
951 952 0.9285714285714286
951 961 -0.9285714285714286
952 953 -0.5714285714285714
952 961 -0.9285714285714286
952 962 -2.0
953 954 -1.7857142857142858
953 962 -1.3571428571428572
953 963 -1.7857142857142858
954 955 1.7857142857142858
954 963 -1.7857142857142858
954 964 1.7857142857142858
955 956 2.0
955 964 -1.3571428571428572
956 957 1.7857142857142858
956 965 -1.7857142857142858
956 966 -0.5714285714285714
957 966 1.3571428571428572
957 967 -0.5714285714285714
958 959 -0.5714285714285714
958 968 1.7857142857142858
958 969 -0.5714285714285714
958 978 -1.7857142857142858
958 986 1.7857142857142858
959 969 -1.7857142857142858
959 970 -1.3571428571428572
961 962 -2.0
962 963 2.0
963 964 1.3571428571428572
964 965 -0.5714285714285714
965 966 0.5714285714285714
966 967 0.5714285714285714
967 968 0.9285714285714286
968 969 -2.0
968 978 -2.0
968 986 1.3571428571428572
969 970 0.9285714285714286
972 973 -1.7857142857142858
972 980 1.3571428571428572
972 981 1.3571428571428572
973 974 -2.0
973 981 1.3571428571428572
973 982 2.0
974 975 1.7857142857142858
974 982 2.0
974 983 -2.0
975 976 1.7857142857142858
975 984 -1.3571428571428572
976 977 -2.0
976 984 -2.0
976 985 1.7857142857142858
977 978 2.0
977 985 0.9285714285714286
977 986 -0.5714285714285714
978 979 2.0
978 986 -2.0
978 987 1.7857142857142858
979 987 1.3571428571428572
979 988 0.9285714285714286
980 981 0.5714285714285714
981 982 -2.0
982 983 1.3571428571428572
983 984 0.9285714285714286
984 985 -0.9285714285714286
985 986 -0.9285714285714286
986 987 -2.0
987 988 -1.3571428571428572
988 989 -1.7857142857142858
