839 3399
1 1 -6.071428571428571
2 2 -10.214285714285715
3 3 -2.428571428571429
4 4 0.642857142857143
5 5 -0.4285714285714288
6 6 -2.2857142857142856
7 7 -5.214285714285714
8 8 -3.7857142857142865
9 9 -1.4285714285714282
10 10 4.285714285714286
11 11 -2.9285714285714284
12 12 -2.9285714285714284
13 13 -2.428571428571429
14 14 1.5
15 15 2.357142857142857
16 16 -3.8571428571428577
17 17 -0.7857142857142856
18 18 -1.2142857142857144
19 19 0.0714285714285714
20 20 -6.857142857142858
21 21 -3.928571428571429
22 22 3.1428571428571432
23 23 -5.857142857142858
24 24 -1.1428571428571432
25 25 0.0714285714285714
26 26 0.6428571428571428
27 27 -2.142857142857143
28 28 5.071428571428571
29 29 -0.0714285714285714
30 30 -7.142857142857142
31 31 -1.7857142857142858
32 32 1.9285714285714286
33 33 -0.8571428571428572
34 34 7.642857142857142
35 35 2.357142857142857
36 36 3.428571428571429
37 37 -0.9285714285714286
38 38 -0.7857142857142856
39 39 -3.571428571428572
40 40 4.642857142857142
41 41 7.214285714285714
42 42 0.3571428571428572
43 43 4.571428571428571
44 44 -1.8571428571428572
45 45 3.571428571428571
46 46 3.1428571428571432
47 47 2.0
48 48 0.2142857142857142
49 49 1.9285714285714286
50 50 1.6428571428571428
51 51 4.071428571428571
52 52 -2.1428571428571432
53 53 -0.8571428571428568
54 54 -1.0
55 55 2.0
56 56 -3.2857142857142856
57 57 -2.071428571428571
58 58 1.9285714285714282
59 59 -6.071428571428571
60 60 -1.5714285714285714
61 61 -1.2142857142857144
62 62 -2.2142857142857135
63 63 -4.642857142857142
64 64 1.1428571428571428
65 65 -5.428571428571429
66 66 -0.9285714285714286
67 67 -4.071428571428571
68 68 -4.714285714285714
69 69 -3.571428571428572
70 70 1.9285714285714288
71 71 1.0
72 72 0.4285714285714286
73 73 0.8571428571428572
74 74 -5.357142857142858
75 75 -3.071428571428571
76 76 4.642857142857143
77 77 3.571428571428571
78 78 -1.9285714285714286
79 79 -0.5
80 80 -1.9285714285714286
81 81 0.9285714285714286
82 82 2.0
83 83 -1.9999999999999998
84 84 -3.2142857142857144
85 85 -6.071428571428572
86 86 -2.7857142857142856
87 87 0.2142857142857142
88 88 4.0
89 89 -1.5
90 90 3.7142857142857144
91 91 0.9285714285714286
92 92 3.0
93 93 -2.428571428571429
94 94 7.571428571428571
95 95 -2.7142857142857144
96 96 -2.7857142857142865
97 97 -2.8571428571428577
98 98 0.3571428571428572
99 99 -4.928571428571429
100 100 -4.571428571428571
101 101 6.142857142857142
102 102 1.9285714285714286
103 103 1.8571428571428574
104 104 1.0714285714285712
105 105 -2.6428571428571432
106 106 -4.071428571428571
107 107 -5.214285714285714
108 108 3.428571428571429
109 109 1.9285714285714286
110 110 0.2142857142857142
111 111 -4.428571428571429
112 112 -3.071428571428571
113 113 4.285714285714286
114 114 4.571428571428571
115 115 8.357142857142858
116 116 2.0714285714285716
117 117 -0.2857142857142858
118 118 4.642857142857142
119 119 4.2142857142857135
120 120 0.28571428571428603
121 121 0.2857142857142858
122 122 9.142857142857142
123 123 1.0
124 124 2.1428571428571423
125 125 0.0714285714285714
126 126 4.7142857142857135
127 127 6.214285714285714
128 128 1.0714285714285716
129 129 4.0
130 130 0.5
131 131 -1.8571428571428574
132 132 0.9285714285714286
133 133 -0.5714285714285714
134 134 -6.5
135 135 -3.2857142857142856
136 136 -0.357142857142857
137 137 0.14285714285714302
138 138 -0.7142857142857142
139 139 3.2142857142857144
140 140 5.071428571428571
141 141 -7.0
142 142 -0.8571428571428572
143 143 -2.0
144 144 -4.357142857142858
145 145 -3.2142857142857144
146 146 2.6428571428571432
147 147 -1.2857142857142858
148 148 4.071428571428571
149 149 -1.0
150 150 -6.642857142857142
151 151 -3.0714285714285716
152 152 2.4285714285714284
153 153 3.0714285714285716
154 154 -0.1428571428571428
155 155 -0.1428571428571428
156 156 3.0000000000000004
157 157 0.6428571428571428
158 158 2.8571428571428568
159 159 -2.857142857142857
160 160 8.857142857142858
161 161 4.285714285714286
162 162 0.5714285714285712
163 163 4.285714285714286
164 164 -1.285714285714286
165 165 -2.571428571428571
166 166 -6.2857142857142865
167 167 -0.7142857142857142
168 168 -2.5714285714285716
169 169 -5.142857142857142
170 170 2.357142857142857
171 171 -2.5
172 172 -0.2142857142857144
173 173 2.571428571428571
174 174 -9.785714285714285
175 175 -0.2142857142857142
176 176 4.142857142857142
177 177 2.357142857142857
178 178 1.5000000000000002
179 179 -6.142857142857143
180 180 3.5
181 181 0.7142857142857144
182 182 -0.4285714285714288
183 183 4.857142857142858
184 184 -1.3571428571428572
185 185 2.220446049250313e-16
186 186 -3.2142857142857144
187 187 -7.785714285714286
188 188 2.6428571428571432
189 189 -1.7142857142857144
190 190 2.928571428571429
191 191 -3.2142857142857144
192 192 3.8571428571428563
193 193 -1.3571428571428572
194 194 -2.7142857142857144
195 195 -1.5714285714285714
196 196 6.642857142857144
197 197 -0.2142857142857144
198 198 5.428571428571429
199 199 -1.6428571428571426
200 200 1.0
201 201 0.2142857142857144
202 202 2.2142857142857144
203 203 -0.1428571428571428
204 204 -0.6428571428571426
205 205 2.428571428571429
206 206 -1.2857142857142854
207 207 3.5714285714285716
208 208 5.214285714285714
209 209 2.7142857142857135
210 210 -2.2142857142857144
211 211 -6.714285714285714
212 212 -1.5000000000000002
213 213 3.0
214 214 -2.071428571428572
215 215 -1.8571428571428572
216 216 -6.714285714285715
217 217 2.3571428571428577
218 218 -1.6428571428571423
219 219 -2.428571428571429
220 220 2.142857142857143
221 221 3.714285714285714
222 222 2.6428571428571432
223 223 3.142857142857143
224 224 -0.4285714285714286
225 225 4.5
226 226 -1.3571428571428574
227 227 3.7142857142857144
228 228 1.2142857142857144
229 229 -4.714285714285714
230 230 -1.0714285714285716
231 231 -2.928571428571429
233 233 2.285714285714286
234 234 2.7857142857142856
236 236 0.2142857142857142
237 237 4.357142857142858
238 238 -2.2142857142857144
241 241 5.142857142857143
242 242 1.1428571428571428
243 243 -0.3571428571428572
244 244 0.7857142857142858
245 245 -4.714285714285714
246 246 -0.9285714285714286
247 247 4.857142857142858
248 248 -8.071428571428571
249 249 4.357142857142858
250 250 3.7857142857142865
251 251 -0.42857142857142794
252 252 1.857142857142857
253 253 3.2857142857142856
254 254 -3.8571428571428577
255 255 4.0
256 256 -5.357142857142857
257 257 1.9285714285714288
258 258 3.8571428571428568
259 259 -0.2857142857142856
260 260 1.5714285714285714
261 261 -3.071428571428572
262 262 -6.142857142857143
263 263 -2.357142857142857
264 264 -10.285714285714286
265 265 -1.0
266 266 -2.5
267 267 4.071428571428571
268 268 2.3571428571428577
269 269 5.428571428571429
270 270 -2.7142857142857144
271 271 -2.6428571428571432
272 272 -10.285714285714285
273 273 -0.14285714285714235
274 274 2.9285714285714284
275 275 0.4285714285714286
276 276 6.714285714285714
277 277 2.0
278 278 -0.7142857142857142
279 279 -5.142857142857143
280 280 -2.2857142857142856
281 281 2.5000000000000004
282 282 -1.7142857142857142
283 283 1.4285714285714286
284 284 3.9285714285714284
285 285 -4.571428571428571
286 286 -5.071428571428571
287 287 -1.5000000000000002
288 288 3.7857142857142856
289 289 2.9999999999999996
290 290 0.5
291 291 1.5714285714285716
292 292 -3.9285714285714297
293 293 3.0
294 294 -2.928571428571429
295 295 4.214285714285714
296 296 7.571428571428571
297 297 2.928571428571429
298 298 2.571428571428571
299 299 6.0
300 300 -0.49999999999999956
301 301 0.7857142857142858
302 302 -1.7857142857142851
303 303 -0.7857142857142858
304 304 -0.2857142857142856
305 305 4.071428571428571
306 306 2.4285714285714284
307 307 1.7857142857142858
308 308 -3.5
309 309 7.2857142857142865
310 310 -6.5
311 311 0.642857142857143
312 312 -3.1428571428571423
313 313 -3.7142857142857135
314 314 -3.0
315 315 8.642857142857142
316 316 -0.357142857142857
317 317 1.2142857142857142
318 318 -5.285714285714286
319 319 -4.142857142857143
320 320 1.1428571428571428
321 321 -1.4999999999999998
322 322 5.642857142857142
323 323 0.5714285714285721
324 324 -1.785714285714286
325 325 -1.5000000000000002
326 326 3.0
327 327 -2.3571428571428568
328 328 -3.2142857142857144
329 329 0.6428571428571428
330 330 6.357142857142858
331 331 6.785714285714286
332 332 1.7142857142857146
333 333 7.142857142857142
334 334 -1.4285714285714284
335 335 -3.071428571428571
336 336 -5.285714285714286
337 337 -1.5714285714285714
338 338 4.428571428571429
339 339 -2.1428571428571432
340 340 -3.928571428571429
341 341 3.571428571428572
342 342 3.2142857142857144
343 343 0.07142857142857117
344 344 -2.928571428571429
345 345 -0.4285714285714286
346 346 -1.5
347 347 2.5000000000000004
348 348 1.5714285714285714
349 349 -2.928571428571429
350 350 -5.7857142857142865
351 351 -6.785714285714285
352 352 2.3571428571428568
353 353 6.0
354 354 -3.0000000000000004
355 355 3.142857142857143
356 356 -0.2857142857142858
357 357 8.928571428571429
358 358 1.8571428571428572
359 359 -3.7857142857142856
360 360 -3.7142857142857144
361 361 2.7142857142857144
362 362 -2.928571428571428
363 363 -0.7142857142857149
364 364 -0.6428571428571432
365 365 -3.3571428571428577
367 367 1.857142857142857
368 368 -1.7857142857142858
369 369 -6.5
370 370 -0.2142857142857144
371 371 4.428571428571429
372 372 5.142857142857143
373 373 -2.1428571428571432
374 374 -4.214285714285714
375 375 -6.142857142857143
376 376 1.8571428571428572
377 377 0.5714285714285714
378 378 -5.571428571428571
379 379 0.21428571428571463
380 380 -2.0
381 381 2.9285714285714284
382 382 1.0
383 383 -8.285714285714286
384 384 -7.357142857142858
385 385 0.14285714285714302
386 386 3.0
387 387 3.2857142857142856
388 388 6.785714285714286
389 389 3.4285714285714284
390 390 2.285714285714286
391 391 -0.07142857142857162
392 392 -3.714285714285715
393 393 2.0
394 394 0.2142857142857144
395 395 0.1428571428571428
396 396 3.714285714285714
397 397 -5.857142857142858
398 398 5.2857142857142865
399 399 3.571428571428571
400 400 9.571428571428571
401 401 3.714285714285715
402 402 -1.3571428571428572
403 403 0.21428571428571463
404 404 -7.142857142857143
405 405 1.4285714285714286
406 406 -3.3571428571428577
407 407 3.7142857142857144
408 408 0.42857142857142816
409 409 3.1428571428571423
410 410 -0.2857142857142856
411 411 5.5
412 412 1.0714285714285712
413 413 -1.6428571428571428
414 414 -6.7857142857142865
415 415 -3.7142857142857144
416 416 -2.6428571428571423
417 417 1.0714285714285716
418 418 0.8571428571428572
419 419 -2.428571428571429
420 420 2.2857142857142856
421 421 -5.214285714285714
422 422 -5.357142857142858
423 423 -2.7142857142857144
424 424 4.928571428571429
425 425 -4.2857142857142865
426 426 8.285714285714285
427 427 8.142857142857142
428 428 3.071428571428572
429 429 -0.4285714285714286
430 430 -2.2142857142857144
431 431 -3.0
432 432 3.1428571428571423
433 433 1.5714285714285714
434 434 -7.928571428571429
435 435 -0.6428571428571426
436 436 3.571428571428572
437 437 3.0
438 438 7.5
439 439 0.785714285714286
440 440 -4.142857142857142
441 441 -0.5714285714285718
442 442 1.0714285714285716
443 443 -6.142857142857142
444 444 -1.7857142857142856
445 445 -3.2142857142857144
446 446 -5.571428571428571
447 447 2.928571428571429
448 448 1.7142857142857142
449 449 1.7857142857142858
450 450 1.2857142857142856
451 451 -0.8571428571428565
452 452 1.0714285714285714
453 453 -7.000000000000001
454 454 1.8571428571428572
455 455 -1.8571428571428572
456 456 -0.07142857142857117
457 457 2.7142857142857144
458 458 1.5
459 459 -4.928571428571429
460 460 -6.571428571428571
461 461 0.8571428571428572
462 462 4.071428571428571
463 463 -3.2142857142857144
464 464 0.1428571428571428
465 465 -2.1428571428571432
466 466 -1.3571428571428572
467 467 1.7142857142857144
468 468 -2.2142857142857144
470 470 0.1428571428571428
471 471 -3.6428571428571432
472 472 0.14285714285714302
473 473 -1.0714285714285716
474 474 -5.142857142857143
475 475 4.071428571428572
476 476 2.7857142857142856
477 477 -2.3571428571428568
478 478 -1.142857142857143
479 479 1.5714285714285714
480 480 -2.6428571428571423
481 481 3.7857142857142856
482 482 -2.7857142857142856
483 483 -1.9999999999999998
484 484 -4.285714285714286
485 485 6.857142857142858
486 486 -2.5
487 487 -2.571428571428571
488 488 1.1428571428571428
489 489 -4.5
490 490 -2.428571428571429
491 491 1.5714285714285714
492 492 6.285714285714285
493 493 -0.5714285714285716
494 494 -1.285714285714286
495 495 -4.142857142857142
496 496 -2.857142857142857
497 497 0.3571428571428572
498 498 -6.571428571428571
499 499 8.714285714285715
500 500 2.928571428571429
501 501 1.9285714285714282
502 502 2.7142857142857144
503 503 -5.7142857142857135
504 504 -0.857142857142857
505 505 1.0714285714285716
506 506 2.428571428571429
507 507 -4.428571428571429
508 508 -3.1428571428571432
509 509 2.928571428571429
510 510 3.2142857142857144
511 511 -4.714285714285714
512 512 -6.714285714285714
513 513 2.2857142857142856
514 514 -2.3571428571428568
515 515 -5.214285714285714
516 516 -6.5
517 517 -5.071428571428571
518 518 -3.0
519 519 -0.9999999999999998
520 520 -0.4285714285714284
521 521 2.6428571428571432
522 522 -2.8571428571428577
523 523 1.0
524 524 -6.714285714285714
525 525 -2.0
526 526 1.6428571428571423
527 527 -1.9999999999999993
528 528 -1.1428571428571421
529 529 4.2857142857142865
530 530 -9.5
531 531 2.571428571428571
532 532 -2.428571428571429
533 533 -2.5
534 534 4.714285714285714
535 535 2.7857142857142856
536 536 0.7857142857142858
537 537 -1.1428571428571428
538 538 -1.9999999999999998
539 539 -3.3571428571428568
540 540 1.2857142857142856
541 541 0.6428571428571428
542 542 -5.857142857142858
543 543 1.0
544 544 -4.928571428571429
545 545 2.928571428571429
546 546 2.5714285714285716
547 547 0.714285714285714
548 548 3.8571428571428577
549 549 1.4285714285714286
550 550 -1.7857142857142858
551 551 4.571428571428571
552 552 6.357142857142858
553 553 -1.2857142857142858
554 554 3.3571428571428577
555 555 0.2142857142857142
556 556 -7.2857142857142865
557 557 4.714285714285714
558 558 3.2857142857142856
559 559 -5.5
560 560 4.642857142857143
561 561 -6.2857142857142865
562 562 -3.428571428571429
563 563 0.3571428571428572
564 564 0.6428571428571428
565 565 -3.2142857142857144
566 566 -1.2142857142857142
567 567 -1.642857142857143
568 568 1.0
569 569 1.7142857142857146
570 570 -1.7142857142857146
571 571 2.428571428571429
572 572 4.428571428571429
573 573 -0.21428571428571397
574 574 4.785714285714286
575 575 -0.3571428571428572
576 576 1.642857142857143
577 577 2.571428571428572
578 578 -3.357142857142857
579 579 -1.8571428571428574
580 580 3.4999999999999996
581 581 2.5
582 582 1.357142857142857
583 583 2.6428571428571432
584 584 3.7142857142857144
585 585 -7.714285714285715
586 586 -1.9285714285714286
587 587 -2.1428571428571432
588 588 -3.0
589 589 -4.785714285714286
590 590 -2.2857142857142856
591 591 2.071428571428571
592 592 0.1428571428571428
593 593 -5.642857142857143
594 594 3.7857142857142856
595 595 2.0000000000000004
596 596 -0.9285714285714288
597 597 -6.642857142857142
598 598 7.7142857142857135
599 599 -2.2857142857142856
600 600 5.357142857142858
601 601 3.8571428571428568
602 602 -5.142857142857143
603 603 1.8571428571428577
604 604 -0.7857142857142863
605 605 -9.0
606 606 -3.3571428571428577
607 607 1.9285714285714284
608 608 -2.428571428571429
609 609 2.571428571428571
610 610 4.642857142857143
611 611 0.9999999999999998
612 612 -2.857142857142857
613 613 5.285714285714286
614 614 4.071428571428571
615 615 3.2857142857142856
616 616 7.5
617 617 -5.571428571428571
618 618 0.357142857142857
619 619 1.642857142857143
620 620 1.2857142857142858
621 621 -2.2142857142857144
622 622 0.3571428571428572
623 623 4.214285714285714
624 624 -2.714285714285714
625 625 -2.1428571428571432
626 626 2.1428571428571423
627 627 -7.714285714285714
628 628 -3.5
629 629 4.142857142857142
630 630 3.7142857142857144
631 631 -0.1428571428571428
632 632 -1.2142857142857144
633 633 0.2857142857142858
634 634 1.3571428571428572
635 635 -0.2142857142857144
636 636 3.8571428571428568
637 637 5.071428571428571
638 638 3.428571428571429
639 639 -1.3571428571428574
640 640 1.7857142857142863
641 641 3.1428571428571423
642 642 3.071428571428571
643 643 1.2857142857142858
644 644 -1.2142857142857142
645 645 2.0
646 646 0.2142857142857142
647 647 4.857142857142857
648 648 5.857142857142857
649 649 5.642857142857143
650 650 -3.857142857142857
651 651 0.0714285714285714
652 652 -5.2857142857142865
653 653 -2.2142857142857144
654 654 -6.714285714285714
655 655 0.5
656 656 -6.928571428571429
657 657 1.5
658 658 2.928571428571429
659 659 3.1428571428571432
660 660 1.0000000000000002
661 661 -0.857142857142857
662 662 -7.928571428571429
663 663 -0.2857142857142858
664 664 0.28571428571428537
665 665 -1.4285714285714284
666 666 -2.2142857142857144
667 667 1.2142857142857146
668 668 2.357142857142857
669 669 -2.357142857142857
670 670 3.8571428571428577
671 671 -3.7857142857142856
672 672 0.4285714285714286
673 673 2.428571428571429
674 674 0.8571428571428563
675 675 -1.5714285714285716
676 676 -6.571428571428571
677 677 -2.642857142857143
678 678 8.0
679 679 3.1428571428571423
680 680 1.0000000000000002
681 681 -1.428571428571429
682 682 0.4999999999999998
683 683 -8.428571428571429
684 684 1.9999999999999998
685 685 -0.5000000000000002
686 686 1.0
687 687 1.0
688 688 3.0000000000000004
689 689 -4.071428571428571
690 690 -4.2857142857142865
691 691 -6.571428571428571
692 692 1.5714285714285714
693 693 -0.8571428571428572
694 694 8.214285714285715
695 695 -0.2142857142857142
696 696 1.7857142857142858
697 697 -3.1428571428571423
698 698 -0.07142857142857162
699 699 -0.0714285714285714
700 700 0.9999999999999996
701 701 1.7142857142857144
702 702 0.3571428571428572
703 703 -6.785714285714286
704 704 5.714285714285714
705 705 -1.7857142857142856
706 706 -2.3571428571428568
707 707 1.9285714285714286
708 708 3.285714285714286
709 709 -4.0
710 710 -9.5
711 711 -0.7857142857142858
712 712 -2.7857142857142865
713 713 3.7857142857142856
714 714 -3.2857142857142856
715 715 -6.928571428571429
716 716 7.0
717 717 0.7142857142857142
718 718 -1.1428571428571432
719 719 1.4285714285714286
720 720 -0.0714285714285714
721 721 5.5
722 722 -6.0
723 723 -4.285714285714286
724 724 -2.857142857142857
725 725 -6.428571428571428
726 726 4.071428571428571
727 727 -0.8571428571428574
728 728 -2.1428571428571432
729 729 -3.2857142857142856
730 730 -5.571428571428572
731 731 -2.8571428571428568
732 732 1.9285714285714286
733 733 0.2142857142857144
734 734 2.7857142857142856
735 735 5.428571428571429
736 736 -1.7142857142857146
737 737 1.5000000000000002
738 738 2.571428571428571
739 739 0.2142857142857142
740 740 -4.142857142857143
741 741 0.785714285714286
742 742 -2.3571428571428577
743 743 4.714285714285714
744 744 -6.357142857142858
745 745 0.785714285714286
746 746 -1.9285714285714284
747 747 2.3571428571428577
748 748 -4.285714285714285
749 749 1.5714285714285712
750 750 1.285714285714286
751 751 -1.0714285714285716
752 752 -0.5
753 753 0.2142857142857142
754 754 3.571428571428571
755 755 -0.0714285714285714
756 756 -0.2857142857142858
757 757 0.6428571428571428
758 758 1.9285714285714284
759 759 0.2857142857142856
761 761 -3.571428571428572
762 762 -3.7142857142857144
763 763 1.2142857142857142
764 764 10.071428571428573
765 765 1.2142857142857149
766 766 -1.5000000000000002
767 767 2.642857142857143
768 768 -6.285714285714286
769 769 5.214285714285715
770 770 -1.6428571428571426
771 771 1.785714285714286
772 772 4.071428571428571
773 773 -5.642857142857142
774 774 -2.1428571428571432
775 775 5.642857142857142
776 776 -2.9285714285714297
777 777 -1.9285714285714286
778 778 -4.7857142857142865
779 779 0.28571428571428537
780 780 -2.8571428571428568
781 781 4.2857142857142865
782 782 -1.3571428571428572
783 783 -6.0
784 784 -0.7857142857142856
785 785 5.285714285714286
786 786 -0.07142857142857162
787 787 -1.0000000000000002
788 788 1.1428571428571432
789 789 -1.8571428571428574
790 790 2.6428571428571423
791 791 3.2857142857142856
792 792 5.285714285714286
793 793 5.0
794 794 -4.428571428571429
795 795 6.642857142857143
796 796 -0.5714285714285714
797 797 -4.2857142857142865
798 798 1.0714285714285714
799 799 4.5
800 800 -0.6428571428571428
801 801 7.142857142857142
802 802 7.785714285714286
803 803 -1.7142857142857144
804 804 -2.1428571428571432
805 805 -2.857142857142857
806 806 -2.3571428571428568
807 807 -0.6428571428571423
808 808 -5.357142857142858
809 809 -1.4999999999999998
810 810 1.2857142857142858
811 811 -1.0
812 812 -6.071428571428571
813 813 2.1428571428571432
814 814 -6.0
815 815 4.2142857142857135
816 816 1.7857142857142858
817 817 2.0
818 818 -5.285714285714285
819 819 1.857142857142857
820 820 4.714285714285714
821 821 -0.5
822 822 -0.9285714285714288
823 823 -0.5000000000000002
824 824 -1.5714285714285712
825 825 -1.7857142857142858
826 826 2.857142857142857
827 827 -3.4285714285714284
828 828 -2.7142857142857144
829 829 -2.2857142857142856
830 830 -1.7142857142857144
831 831 -2.8571428571428568
832 832 -1.4285714285714288
833 833 2.071428571428571
834 834 4.2857142857142865
835 835 0.357142857142857
836 836 3.0000000000000004
837 837 3.571428571428571
838 838 -2.071428571428572
839 839 0.857142857142857
1 2 1.3571428571428572
1 10 -1.3571428571428572
1 44 0.9285714285714286
1 53 1.3571428571428572
1 97 1.7857142857142858
1 107 2.0
2 3 1.7857142857142858
2 10 -0.5714285714285714
2 11 0.9285714285714286
2 136 0.9285714285714286
2 145 2.0
2 169 1.7857142857142858
2 174 2.0
3 11 1.7857142857142858
3 12 1.7857142857142858
3 223 -2.0
3 230 -0.9285714285714286
3 272 1.7857142857142858
3 280 -1.7857142857142858
4 5 0.9285714285714286
4 376 -1.7857142857142858
4 385 2.0
4 412 -1.7857142857142858
5 6 1.7857142857142858
5 461 -0.9285714285714286
5 491 -1.3571428571428572
6 7 -0.5714285714285714
6 13 -0.9285714285714286
6 524 2.0
6 533 0.5714285714285714
6 556 -0.5714285714285714
7 8 0.9285714285714286
7 13 1.7857142857142858
7 14 1.7857142857142858
7 591 0.9285714285714286
7 630 0.9285714285714286
7 641 -0.5714285714285714
8 9 -0.9285714285714286
8 14 0.9285714285714286
8 15 -0.5714285714285714
8 672 0.5714285714285714
8 682 2.0
8 712 1.7857142857142858
8 720 -0.9285714285714286
9 15 2.0
9 16 2.0
9 749 -1.7857142857142858
9 760 -0.9285714285714286
9 791 2.0
9 800 -0.9285714285714286
10 11 -0.9285714285714286
10 97 -0.9285714285714286
10 107 1.7857142857142858
10 136 -0.9285714285714286
10 145 -1.3571428571428572
11 12 -0.9285714285714286
11 169 2.0
11 174 2.0
11 223 -0.5714285714285714
11 230 -1.3571428571428572
12 272 2.0
12 280 -0.5714285714285714
12 305 -1.3571428571428572
12 313 2.0
13 14 1.7857142857142858
13 556 1.7857142857142858
13 591 -2.0
14 15 -1.7857142857142858
14 630 -1.3571428571428572
14 641 -0.5714285714285714
14 672 -0.9285714285714286
14 682 -1.3571428571428572
15 16 -0.5714285714285714
15 712 -0.9285714285714286
15 720 0.5714285714285714
15 749 -2.0
15 760 0.9285714285714286
16 17 -0.9285714285714286
16 791 1.3571428571428572
16 800 2.0
16 829 1.7857142857142858
16 837 -1.7857142857142858
17 35 0.5714285714285714
17 78 0.5714285714285714
17 87 0.5714285714285714
18 19 0.9285714285714286
18 27 0.9285714285714286
18 205 -2.0
18 215 1.3571428571428572
18 258 -0.9285714285714286
18 267 0.9285714285714286
19 27 0.5714285714285714
19 28 -1.7857142857142858
19 290 1.3571428571428572
19 298 -0.5714285714285714
19 320 -0.5714285714285714
20 21 0.5714285714285714
20 29 0.5714285714285714
20 434 2.0
20 444 0.5714285714285714
20 474 1.3571428571428572
20 482 1.7857142857142858
21 22 -0.9285714285714286
21 30 1.7857142857142858
21 31 1.7857142857142858
21 508 1.3571428571428572
21 515 1.3571428571428572
21 548 -2.0
22 23 0.9285714285714286
22 31 -1.3571428571428572
22 32 -1.3571428571428572
22 572 1.3571428571428572
22 583 -1.7857142857142858
22 612 -1.3571428571428572
22 621 1.3571428571428572
23 24 1.7857142857142858
23 32 1.3571428571428572
23 33 2.0
23 653 1.7857142857142858
23 664 0.9285714285714286
23 693 -0.9285714285714286
23 704 -2.0
24 34 -2.0
24 740 1.7857142857142858
24 772 1.3571428571428572
24 782 -1.7857142857142858
25 26 0.9285714285714286
25 35 0.5714285714285714
25 36 -2.0
25 69 1.3571428571428572
25 118 -0.9285714285714286
26 36 -2.0
26 37 -1.3571428571428572
26 154 1.7857142857142858
26 162 1.7857142857142858
26 194 -1.7857142857142858
27 28 0.5714285714285714
27 258 1.7857142857142858
27 267 -0.9285714285714286
27 290 0.5714285714285714
27 298 -1.3571428571428572
28 29 -1.3571428571428572
28 320 -0.5714285714285714
28 358 -1.3571428571428572
28 368 -0.5714285714285714
29 30 0.5714285714285714
29 395 -0.5714285714285714
29 434 1.7857142857142858
29 444 -0.9285714285714286
30 31 0.9285714285714286
30 474 1.7857142857142858
30 482 0.5714285714285714
30 508 0.5714285714285714
30 515 0.9285714285714286
31 32 -1.3571428571428572
31 548 -0.9285714285714286
31 572 0.9285714285714286
31 583 1.7857142857142858
32 612 1.7857142857142858
32 621 -0.9285714285714286
32 653 0.5714285714285714
32 664 -2.0
33 34 -2.0
33 693 -0.9285714285714286
33 704 1.7857142857142858
33 729 0.5714285714285714
33 740 -0.5714285714285714
34 35 -2.0
34 772 -0.5714285714285714
34 811 -2.0
34 821 0.9285714285714286
35 36 -0.9285714285714286
35 69 -0.5714285714285714
36 37 0.9285714285714286
36 118 0.5714285714285714
36 154 -1.7857142857142858
36 162 1.7857142857142858
37 194 1.3571428571428572
37 243 0.5714285714285714
37 250 -0.5714285714285714
38 39 0.9285714285714286
38 47 0.9285714285714286
38 195 0.9285714285714286
38 251 -2.0
39 40 -0.5714285714285714
39 47 -0.9285714285714286
39 48 1.7857142857142858
39 283 0.5714285714285714
39 314 1.7857142857142858
40 41 -2.0
40 48 -1.3571428571428572
40 49 2.0
40 349 -0.9285714285714286
40 387 -1.7857142857142858
41 49 -2.0
41 50 -2.0
41 424 -1.7857142857142858
41 464 0.5714285714285714
42 43 -0.5714285714285714
42 51 0.5714285714285714
42 565 0.5714285714285714
42 603 -0.9285714285714286
43 51 -2.0
43 52 -0.5714285714285714
43 644 0.5714285714285714
43 685 -2.0
44 45 -0.5714285714285714
44 53 0.9285714285714286
44 803 0.5714285714285714
45 46 -1.7857142857142858
45 53 0.5714285714285714
45 55 -1.7857142857142858
46 54 -1.3571428571428572
46 147 -0.9285714285714286
46 177 0.9285714285714286
47 48 1.3571428571428572
47 251 -2.0
47 283 -1.3571428571428572
48 49 -2.0
48 314 -0.5714285714285714
48 349 0.5714285714285714
49 50 0.9285714285714286
49 387 0.9285714285714286
49 424 -1.7857142857142858
50 464 -0.5714285714285714
51 52 1.3571428571428572
51 603 -2.0
51 644 -2.0
52 685 1.3571428571428572
53 55 -2.0
54 177 0.5714285714285714
54 233 1.7857142857142858
55 61 1.7857142857142858
55 98 2.0
55 107 -2.0
56 62 -1.3571428571428572
56 63 0.5714285714285714
56 230 1.3571428571428572
56 273 1.3571428571428572
56 280 1.3571428571428572
57 58 0.9285714285714286
57 64 0.9285714285714286
57 385 -1.7857142857142858
57 413 2.0
58 64 -2.0
58 65 -0.5714285714285714
58 453 0.9285714285714286
58 461 0.5714285714285714
58 492 -1.7857142857142858
59 60 1.7857142857142858
59 66 -2.0
59 67 1.7857142857142858
59 592 0.9285714285714286
59 631 1.7857142857142858
59 641 1.7857142857142858
60 67 2.0
60 673 0.5714285714285714
60 682 -2.0
60 713 -1.3571428571428572
60 720 0.5714285714285714
61 62 1.3571428571428572
61 98 -0.5714285714285714
61 107 2.0
61 137 -1.3571428571428572
61 145 -2.0
62 63 0.5714285714285714
62 170 0.5714285714285714
62 174 2.0
62 230 -0.9285714285714286
63 273 -0.5714285714285714
63 280 1.3571428571428572
63 306 0.9285714285714286
63 313 1.7857142857142858
64 65 1.7857142857142858
64 413 -0.9285714285714286
64 461 -0.9285714285714286
65 66 1.7857142857142858
65 492 -0.9285714285714286
65 525 2.0
65 533 1.3571428571428572
66 67 0.5714285714285714
66 592 0.5714285714285714
67 631 -1.3571428571428572
67 673 -0.9285714285714286
67 682 2.0
68 69 1.3571428571428572
68 792 -0.9285714285714286
68 800 0.9285714285714286
68 830 2.0
68 837 1.3571428571428572
69 79 2.0
69 87 -0.5714285714285714
70 71 -0.5714285714285714
70 81 1.7857142857142858
70 215 -1.7857142857142858
70 267 -1.3571428571428572
71 72 -1.3571428571428572
71 298 0.9285714285714286
72 73 -0.5714285714285714
72 82 0.9285714285714286
72 368 0.5714285714285714
73 74 0.9285714285714286
73 82 -0.5714285714285714
73 83 0.5714285714285714
73 444 0.5714285714285714
73 482 -1.7857142857142858
74 75 2.0
74 83 2.0
74 515 1.3571428571428572
74 548 -0.9285714285714286
75 76 -0.9285714285714286
75 84 2.0
75 583 -1.7857142857142858
75 621 1.7857142857142858
76 77 -0.5714285714285714
76 84 -2.0
76 85 1.7857142857142858
76 664 -0.9285714285714286
76 704 -2.0
77 78 -1.3571428571428572
77 85 0.5714285714285714
77 86 -2.0
77 740 -2.0
77 782 1.7857142857142858
78 79 0.9285714285714286
78 86 1.7857142857142858
78 87 1.7857142857142858
78 821 -1.7857142857142858
79 80 1.3571428571428572
79 87 -2.0
79 88 -1.7857142857142858
80 88 -0.5714285714285714
80 89 0.5714285714285714
80 162 0.5714285714285714
81 267 -0.9285714285714286
81 298 -1.7857142857142858
82 83 -0.5714285714285714
82 444 -1.7857142857142858
83 482 2.0
83 515 -2.0
84 85 2.0
84 621 1.7857142857142858
84 664 -0.5714285714285714
85 86 0.9285714285714286
85 704 -0.5714285714285714
85 740 1.3571428571428572
86 87 0.5714285714285714
86 782 0.9285714285714286
86 821 0.5714285714285714
87 88 -0.5714285714285714
88 89 0.9285714285714286
88 162 -2.0
89 194 1.7857142857142858
89 250 -1.7857142857142858
90 100 0.5714285714285714
90 206 -0.9285714285714286
90 251 -1.3571428571428572
90 259 -2.0
91 92 -0.9285714285714286
91 101 -1.7857142857142858
91 349 1.3571428571428572
91 359 1.3571428571428572
91 387 -0.9285714285714286
92 93 2.0
92 101 -2.0
92 102 -0.5714285714285714
92 424 -0.9285714285714286
92 464 -0.5714285714285714
93 94 -1.3571428571428572
93 102 1.3571428571428572
93 103 1.7857142857142858
93 543 -1.3571428571428572
94 95 -0.9285714285714286
94 103 -0.9285714285714286
94 104 -0.5714285714285714
94 565 -0.5714285714285714
94 573 -1.3571428571428572
94 603 -0.9285714285714286
94 613 -0.9285714285714286
95 96 -1.7857142857142858
95 104 1.7857142857142858
95 105 1.7857142857142858
95 644 2.0
95 654 0.9285714285714286
95 685 0.9285714285714286
95 694 -2.0
96 97 2.0
96 105 1.3571428571428572
96 106 2.0
96 730 -1.3571428571428572
96 773 0.5714285714285714
97 98 -0.5714285714285714
97 106 1.7857142857142858
97 107 -0.5714285714285714
97 803 -2.0
97 812 1.3571428571428572
98 99 2.0
98 107 0.5714285714285714
98 108 -1.7857142857142858
98 119 -2.0
99 108 0.5714285714285714
99 109 1.3571428571428572
99 147 1.3571428571428572
99 155 0.5714285714285714
99 177 -0.9285714285714286
100 251 1.7857142857142858
100 259 1.7857142857142858
100 283 1.3571428571428572
100 291 -0.9285714285714286
101 387 -0.5714285714285714
101 424 -1.7857142857142858
102 103 -1.7857142857142858
102 464 -0.9285714285714286
103 104 2.0
103 543 -0.5714285714285714
103 565 -0.5714285714285714
103 573 -1.7857142857142858
104 105 -1.7857142857142858
104 603 2.0
104 613 -1.7857142857142858
104 644 -1.3571428571428572
104 654 -1.3571428571428572
105 106 -0.9285714285714286
105 685 1.3571428571428572
105 694 -0.9285714285714286
105 730 1.7857142857142858
106 107 -0.5714285714285714
106 803 1.7857142857142858
107 108 2.0
108 109 -0.9285714285714286
108 119 -0.5714285714285714
108 147 -0.9285714285714286
108 155 -1.7857142857142858
109 177 -2.0
109 233 -0.9285714285714286
109 244 0.5714285714285714
110 111 1.7857142857142858
110 119 -2.0
110 120 -0.5714285714285714
110 137 2.0
110 170 -2.0
110 175 0.5714285714285714
111 112 -0.9285714285714286
111 120 2.0
111 231 2.0
111 273 1.3571428571428572
111 281 -1.7857142857142858
112 113 -1.3571428571428572
112 121 2.0
112 306 2.0
112 347 1.3571428571428572
113 114 -0.5714285714285714
113 121 -1.3571428571428572
113 122 -2.0
113 386 -0.9285714285714286
113 413 0.5714285714285714
113 422 1.3571428571428572
114 115 -2.0
114 122 -0.5714285714285714
114 123 0.9285714285714286
114 453 2.0
114 462 -2.0
114 492 -0.5714285714285714
114 500 -1.7857142857142858
115 123 0.5714285714285714
115 124 -1.3571428571428572
115 525 -1.7857142857142858
115 534 -2.0
115 563 -1.7857142857142858
116 125 -1.3571428571428572
116 126 2.0
116 673 -1.7857142857142858
116 683 1.7857142857142858
116 713 -0.9285714285714286
116 721 -1.7857142857142858
117 118 -2.0
117 126 0.9285714285714286
117 127 -0.5714285714285714
117 750 0.9285714285714286
117 761 1.7857142857142858
117 792 0.5714285714285714
117 801 -1.3571428571428572
118 127 -0.9285714285714286
118 830 -1.3571428571428572
119 120 0.9285714285714286
119 137 -0.5714285714285714
120 170 -1.7857142857142858
120 175 0.9285714285714286
120 231 -1.7857142857142858
121 122 -0.9285714285714286
121 347 0.5714285714285714
121 386 -0.5714285714285714
122 123 -0.9285714285714286
122 413 -1.7857142857142858
122 422 -0.9285714285714286
122 462 -2.0
123 124 1.7857142857142858
123 492 -1.3571428571428572
123 500 -1.3571428571428572
123 525 1.3571428571428572
123 534 -2.0
124 563 -0.5714285714285714
124 592 -2.0
125 126 -0.5714285714285714
125 631 1.3571428571428572
125 642 0.9285714285714286
125 673 -1.7857142857142858
125 683 1.3571428571428572
126 127 -1.7857142857142858
126 713 -0.5714285714285714
126 721 -2.0
126 750 -1.7857142857142858
126 761 -0.9285714285714286
127 792 -2.0
127 801 -1.3571428571428572
127 830 1.7857142857142858
127 838 -1.3571428571428572
128 129 -1.7857142857142858
128 139 2.0
128 196 -0.9285714285714286
128 206 2.0
128 252 -0.5714285714285714
128 259 -1.7857142857142858
129 130 -0.5714285714285714
129 139 -1.7857142857142858
129 140 -1.3571428571428572
129 291 0.5714285714285714
129 321 0.9285714285714286
130 131 -1.7857142857142858
130 140 -0.9285714285714286
130 141 1.7857142857142858
130 350 0.5714285714285714
130 359 1.3571428571428572
130 388 -0.9285714285714286
131 132 -0.9285714285714286
131 141 0.9285714285714286
131 142 0.9285714285714286
131 425 1.7857142857142858
131 465 0.9285714285714286
132 133 -0.9285714285714286
132 142 0.9285714285714286
132 502 -0.9285714285714286
132 543 0.9285714285714286
133 134 1.7857142857142858
133 143 -2.0
133 566 0.5714285714285714
133 573 2.0
133 604 0.9285714285714286
133 613 -1.7857142857142858
134 135 1.3571428571428572
134 143 2.0
134 654 1.3571428571428572
134 686 2.0
134 694 -2.0
135 136 -0.9285714285714286
135 144 2.0
135 722 -0.9285714285714286
135 730 2.0
135 763 -2.0
135 773 1.7857142857142858
136 137 -1.3571428571428572
136 144 -1.3571428571428572
136 145 2.0
136 812 2.0
137 138 0.5714285714285714
137 145 0.5714285714285714
138 146 0.5714285714285714
138 155 -1.3571428571428572
138 178 0.9285714285714286
139 140 -2.0
139 252 -1.7857142857142858
139 259 0.9285714285714286
139 291 -0.5714285714285714
140 141 0.5714285714285714
140 321 0.5714285714285714
140 350 -1.3571428571428572
140 359 -0.5714285714285714
141 142 1.3571428571428572
141 388 1.7857142857142858
141 425 0.5714285714285714
142 465 -0.5714285714285714
142 502 -1.7857142857142858
143 604 -1.3571428571428572
143 613 1.3571428571428572
143 654 2.0
144 145 2.0
144 763 -0.5714285714285714
144 773 0.9285714285714286
144 812 1.3571428571428572
146 178 -0.9285714285714286
146 234 -0.9285714285714286
146 244 -1.3571428571428572
147 155 1.7857142857142858
148 149 0.5714285714285714
148 156 -1.7857142857142858
148 157 -2.0
148 224 1.7857142857142858
148 231 -2.0
148 274 -2.0
148 281 1.3571428571428572
149 150 1.3571428571428572
149 157 1.7857142857142858
149 158 -1.3571428571428572
149 307 2.0
149 338 -2.0
149 347 -1.3571428571428572
150 151 1.3571428571428572
150 158 -0.5714285714285714
150 159 0.5714285714285714
150 377 1.3571428571428572
150 414 2.0
150 422 0.5714285714285714
151 159 0.5714285714285714
151 462 -2.0
151 493 1.3571428571428572
151 500 1.7857142857142858
152 153 -1.7857142857142858
152 160 -2.0
152 593 2.0
152 632 1.3571428571428572
152 642 -2.0
153 160 0.9285714285714286
153 674 -1.7857142857142858
153 683 0.9285714285714286
153 721 -1.3571428571428572
154 161 -0.9285714285714286
154 162 -0.9285714285714286
154 838 2.0
155 156 0.9285714285714286
156 157 0.5714285714285714
156 175 -1.3571428571428572
156 224 -1.3571428571428572
157 158 1.3571428571428572
157 274 -0.9285714285714286
157 281 0.5714285714285714
157 307 -2.0
158 338 1.7857142857142858
158 347 -1.7857142857142858
158 377 -1.3571428571428572
158 386 -0.9285714285714286
159 414 1.3571428571428572
159 422 -0.5714285714285714
159 462 0.9285714285714286
160 632 -2.0
160 642 -2.0
160 674 -2.0
160 683 -1.7857142857142858
161 162 -1.7857142857142858
161 793 -1.3571428571428572
161 801 -2.0
161 838 1.7857142857142858
163 164 -1.3571428571428572
163 196 -2.0
163 207 -0.9285714285714286
163 252 -0.9285714285714286
163 260 0.9285714285714286
164 165 1.7857142857142858
164 292 1.7857142857142858
164 322 -0.9285714285714286
165 171 1.3571428571428572
165 350 1.7857142857142858
165 360 0.5714285714285714
165 388 -0.9285714285714286
165 396 -2.0
166 167 1.7857142857142858
166 172 1.3571428571428572
166 566 -0.9285714285714286
166 574 1.3571428571428572
166 604 1.7857142857142858
166 614 0.9285714285714286
167 168 -1.3571428571428572
167 655 1.3571428571428572
167 686 -2.0
167 695 0.9285714285714286
168 169 0.5714285714285714
168 722 1.7857142857142858
168 731 2.0
168 763 1.3571428571428572
168 774 -1.7857142857142858
169 170 2.0
169 173 -1.7857142857142858
169 174 0.5714285714285714
170 174 -0.5714285714285714
170 175 -0.5714285714285714
171 388 -1.7857142857142858
171 396 1.7857142857142858
171 425 0.5714285714285714
171 435 0.5714285714285714
172 604 1.7857142857142858
172 614 -0.9285714285714286
172 655 -2.0
173 174 1.7857142857142858
173 763 -2.0
173 774 -0.5714285714285714
174 175 2.0
175 176 -1.3571428571428572
176 178 -2.0
176 186 0.5714285714285714
176 234 -1.3571428571428572
177 178 -0.9285714285714286
178 179 2.0
178 186 -0.5714285714285714
179 180 -2.0
179 186 0.5714285714285714
179 187 2.0
179 224 -1.3571428571428572
179 232 2.0
179 274 0.9285714285714286
179 282 2.0
180 181 -1.3571428571428572
180 187 1.7857142857142858
180 188 -1.3571428571428572
180 307 -1.7857142857142858
180 338 -0.5714285714285714
180 348 1.7857142857142858
181 182 -2.0
181 188 -1.7857142857142858
181 189 -0.9285714285714286
181 377 1.3571428571428572
181 414 2.0
181 423 2.0
182 183 0.9285714285714286
182 189 0.9285714285714286
182 190 -1.7857142857142858
182 463 0.9285714285714286
182 493 -0.5714285714285714
182 501 2.0
183 190 -1.7857142857142858
183 191 0.9285714285714286
183 526 -0.9285714285714286
183 535 -2.0
183 564 -2.0
184 185 1.7857142857142858
184 192 0.9285714285714286
184 684 -1.3571428571428572
185 193 1.3571428571428572
185 751 -0.9285714285714286
185 762 1.3571428571428572
185 793 -1.7857142857142858
185 802 -1.7857142857142858
186 187 2.0
186 224 2.0
186 232 -1.3571428571428572
187 188 1.3571428571428572
187 282 -1.3571428571428572
187 307 2.0
188 189 0.9285714285714286
188 338 -1.3571428571428572
188 348 0.9285714285714286
188 377 -1.3571428571428572
189 190 -0.5714285714285714
189 414 2.0
189 423 -2.0
189 463 1.3571428571428572
190 191 -0.9285714285714286
190 493 0.5714285714285714
190 501 0.9285714285714286
190 526 -1.3571428571428572
190 535 2.0
191 192 0.9285714285714286
191 593 0.9285714285714286
191 602 1.3571428571428572
192 632 -0.5714285714285714
192 643 -1.7857142857142858
192 674 -1.3571428571428572
192 684 -2.0
193 194 1.3571428571428572
193 793 -1.3571428571428572
193 802 -2.0
193 839 2.0
195 196 -1.3571428571428572
195 206 2.0
196 197 -0.5714285714285714
196 207 -1.7857142857142858
197 198 -1.3571428571428572
197 207 0.9285714285714286
197 208 -0.5714285714285714
197 216 1.7857142857142858
198 199 -0.9285714285714286
198 208 -0.5714285714285714
198 209 -2.0
198 330 -0.5714285714285714
199 200 0.5714285714285714
199 209 -1.7857142857142858
199 210 1.7857142857142858
199 369 2.0
200 201 -1.3571428571428572
200 210 -2.0
200 483 1.7857142857142858
201 202 0.9285714285714286
201 211 2.0
201 212 -0.5714285714285714
201 516 0.5714285714285714
201 549 -1.7857142857142858
202 203 -0.9285714285714286
202 212 0.9285714285714286
202 584 -1.7857142857142858
202 622 -1.3571428571428572
203 204 -1.3571428571428572
203 213 2.0
203 665 1.7857142857142858
203 705 -1.3571428571428572
204 205 -2.0
204 213 -1.7857142857142858
204 214 2.0
204 741 1.7857142857142858
204 783 2.0
205 214 -1.7857142857142858
205 215 1.3571428571428572
205 822 2.0
206 207 -1.7857142857142858
207 208 -1.7857142857142858
207 216 1.7857142857142858
208 209 -1.3571428571428572
208 268 -0.9285714285714286
209 210 2.0
209 330 -1.3571428571428572
209 369 1.7857142857142858
210 211 1.3571428571428572
210 405 -0.9285714285714286
211 212 1.3571428571428572
211 516 2.0
212 549 1.7857142857142858
212 584 -2.0
213 214 -2.0
213 705 0.5714285714285714
213 741 -1.7857142857142858
214 215 0.9285714285714286
214 783 2.0
214 822 0.9285714285714286
216 217 1.7857142857142858
216 225 -0.9285714285714286
216 253 1.3571428571428572
216 260 0.9285714285714286
217 218 -2.0
217 225 -1.7857142857142858
217 226 2.0
217 292 0.5714285714285714
217 315 -2.0
217 322 -0.9285714285714286
218 226 1.3571428571428572
218 227 0.5714285714285714
218 351 2.0
218 360 -0.9285714285714286
218 389 2.0
218 396 -1.3571428571428572
219 227 -0.5714285714285714
219 228 0.5714285714285714
219 435 2.0
219 466 1.7857142857142858
219 475 -1.3571428571428572
220 221 -2.0
220 574 -0.5714285714285714
220 605 1.3571428571428572
220 614 -0.9285714285714286
221 222 -0.5714285714285714
221 229 0.9285714285714286
221 645 -0.5714285714285714
221 655 -0.5714285714285714
221 695 -0.9285714285714286
222 223 -0.9285714285714286
222 229 2.0
222 723 -1.7857142857142858
222 731 -1.3571428571428572
222 764 -1.7857142857142858
222 774 1.7857142857142858
223 230 0.9285714285714286
223 804 -0.5714285714285714
224 231 1.3571428571428572
224 232 -2.0
225 253 -1.7857142857142858
225 260 -2.0
225 292 2.0
226 227 0.5714285714285714
226 315 -1.7857142857142858
226 322 -2.0
226 351 -0.5714285714285714
226 360 1.7857142857142858
227 228 1.7857142857142858
227 389 -1.3571428571428572
227 396 -0.9285714285714286
227 426 -1.7857142857142858
227 435 -2.0
228 466 -1.7857142857142858
228 475 -1.7857142857142858
229 695 -1.3571428571428572
229 723 1.7857142857142858
229 731 1.3571428571428572
230 231 2.0
231 232 1.3571428571428572
233 234 -1.3571428571428572
233 244 -1.7857142857142858
234 235 -0.9285714285714286
234 244 1.7857142857142858
235 236 1.7857142857142858
235 245 0.9285714285714286
235 282 -1.7857142857142858
236 237 -1.7857142857142858
236 245 1.7857142857142858
236 348 -2.0
237 238 -1.3571428571428572
237 246 -1.7857142857142858
237 423 0.5714285714285714
238 239 2.0
238 246 1.7857142857142858
238 247 0.9285714285714286
238 463 -0.5714285714285714
238 501 -0.5714285714285714
239 240 2.0
239 247 -2.0
239 248 2.0
239 535 -2.0
239 564 -2.0
240 241 -2.0
240 248 1.7857142857142858
240 643 -1.7857142857142858
241 242 -1.7857142857142858
241 684 -1.3571428571428572
242 243 1.7857142857142858
242 762 -0.5714285714285714
242 802 -0.5714285714285714
243 249 -0.9285714285714286
243 250 -2.0
243 839 0.9285714285714286
245 282 2.0
246 247 -1.7857142857142858
246 423 1.7857142857142858
246 463 0.9285714285714286
247 248 0.9285714285714286
247 501 -0.9285714285714286
247 535 -2.0
248 564 1.3571428571428572
248 602 2.0
249 250 0.5714285714285714
249 802 -2.0
249 839 -2.0
251 252 2.0
251 259 2.0
252 253 -0.5714285714285714
252 259 1.3571428571428572
252 260 -1.3571428571428572
253 254 0.9285714285714286
253 260 1.3571428571428572
253 261 -0.5714285714285714
253 268 -2.0
253 275 -2.0
254 261 0.9285714285714286
254 262 2.0
254 330 -2.0
254 339 2.0
255 265 -1.7857142857142858
255 584 0.5714285714285714
255 594 -2.0
255 622 0.5714285714285714
255 633 -1.3571428571428572
256 257 -1.3571428571428572
256 266 0.9285714285714286
256 665 2.0
256 675 1.7857142857142858
256 705 2.0
257 258 -0.9285714285714286
257 266 0.5714285714285714
257 741 -1.7857142857142858
257 752 -1.7857142857142858
257 783 2.0
257 794 1.3571428571428572
258 267 -1.7857142857142858
258 822 -2.0
259 260 -2.0
260 261 0.5714285714285714
261 262 -0.5714285714285714
261 268 1.3571428571428572
261 275 1.3571428571428572
262 263 1.7857142857142858
262 330 -1.3571428571428572
262 339 0.9285714285714286
262 369 1.3571428571428572
262 378 2.0
263 264 0.9285714285714286
263 405 0.5714285714285714
263 415 -0.9285714285714286
264 265 1.7857142857142858
264 483 2.0
264 494 1.7857142857142858
264 516 2.0
264 527 1.7857142857142858
265 549 0.5714285714285714
265 584 -0.9285714285714286
265 594 1.3571428571428572
266 705 0.5714285714285714
266 741 -1.3571428571428572
266 752 1.7857142857142858
268 269 -1.3571428571428572
268 275 0.5714285714285714
269 275 2.0
269 276 -0.9285714285714286
269 293 -2.0
269 315 -1.3571428571428572
269 323 -1.7857142857142858
270 278 -0.5714285714285714
270 575 0.5714285714285714
270 605 1.3571428571428572
270 615 1.3571428571428572
271 272 0.9285714285714286
271 279 0.9285714285714286
271 723 1.3571428571428572
271 732 0.9285714285714286
271 764 -0.5714285714285714
271 775 -0.9285714285714286
272 273 0.5714285714285714
272 279 1.7857142857142858
272 280 -0.5714285714285714
272 804 1.7857142857142858
272 813 2.0
273 274 -1.7857142857142858
273 280 0.5714285714285714
273 281 -1.3571428571428572
274 281 -0.9285714285714286
274 282 1.7857142857142858
275 276 -1.7857142857142858
275 293 -0.5714285714285714
276 315 -1.3571428571428572
276 323 0.9285714285714286
276 351 -1.7857142857142858
276 361 -1.7857142857142858
277 466 -2.0
278 605 2.0
278 615 -1.3571428571428572
278 645 -1.3571428571428572
278 656 2.0
279 280 1.3571428571428572
279 764 -2.0
279 775 2.0
279 804 2.0
279 813 -0.9285714285714286
280 281 0.5714285714285714
281 282 -0.9285714285714286
283 291 -2.0
284 285 0.5714285714285714
284 293 1.7857142857142858
284 294 -2.0
284 299 -2.0
284 331 -1.3571428571428572
284 339 -0.9285714285714286
285 286 1.3571428571428572
285 294 1.7857142857142858
285 378 -0.9285714285714286
285 415 1.7857142857142858
286 287 0.5714285714285714
286 295 -2.0
286 445 1.7857142857142858
286 484 2.0
286 494 1.3571428571428572
287 288 -2.0
287 295 -0.9285714285714286
287 517 0.9285714285714286
287 527 2.0
287 550 0.9285714285714286
288 594 -2.0
288 623 -1.7857142857142858
288 633 2.0
289 290 -2.0
289 296 -1.7857142857142858
289 297 -1.7857142857142858
289 742 -0.5714285714285714
289 784 1.3571428571428572
289 794 1.7857142857142858
290 297 1.3571428571428572
290 298 -1.7857142857142858
291 292 1.3571428571428572
292 293 -1.7857142857142858
293 294 1.3571428571428572
293 299 -1.7857142857142858
294 331 2.0
294 339 -2.0
294 378 1.7857142857142858
295 484 0.9285714285714286
295 494 -2.0
295 517 1.7857142857142858
295 527 -2.0
296 297 -1.7857142857142858
296 742 -2.0
296 752 -2.0
297 298 2.0
297 784 -1.7857142857142858
297 794 -0.9285714285714286
299 300 -0.9285714285714286
299 308 0.5714285714285714
299 316 -0.9285714285714286
299 323 -0.9285714285714286
300 301 1.7857142857142858
300 308 2.0
300 309 -1.7857142857142858
300 352 -1.7857142857142858
300 361 -1.3571428571428572
300 390 2.0
300 397 0.5714285714285714
301 302 -1.3571428571428572
301 309 -2.0
301 310 2.0
301 427 0.5714285714285714
301 436 -1.7857142857142858
302 303 2.0
302 310 0.5714285714285714
302 503 0.5714285714285714
303 311 -2.0
303 567 -0.5714285714285714
303 575 1.3571428571428572
304 305 -0.9285714285714286
304 312 2.0
304 724 0.5714285714285714
304 732 -0.9285714285714286
304 765 1.3571428571428572
304 775 -1.7857142857142858
305 306 -1.3571428571428572
305 312 -0.9285714285714286
305 313 1.3571428571428572
305 805 -1.7857142857142858
305 813 0.9285714285714286
306 307 -2.0
306 313 -2.0
308 309 -0.9285714285714286
308 316 0.9285714285714286
308 323 0.9285714285714286
308 352 1.7857142857142858
308 361 -1.7857142857142858
309 310 0.5714285714285714
309 390 -1.3571428571428572
309 397 1.7857142857142858
309 427 -1.7857142857142858
309 436 -1.7857142857142858
310 467 1.3571428571428572
310 503 2.0
311 606 1.3571428571428572
311 615 0.9285714285714286
311 656 -0.9285714285714286
312 313 0.5714285714285714
312 765 0.9285714285714286
312 775 -1.7857142857142858
312 805 1.7857142857142858
312 813 0.5714285714285714
314 321 1.7857142857142858
315 316 0.5714285714285714
315 322 -0.9285714285714286
315 323 -1.7857142857142858
316 317 0.5714285714285714
316 323 0.5714285714285714
316 324 1.7857142857142858
316 331 -1.3571428571428572
316 340 -1.7857142857142858
317 324 0.9285714285714286
317 325 -0.5714285714285714
317 379 0.5714285714285714
317 406 -0.9285714285714286
317 416 -1.7857142857142858
318 326 1.7857142857142858
318 327 1.7857142857142858
318 517 0.5714285714285714
318 528 0.5714285714285714
318 550 0.5714285714285714
319 320 2.0
319 329 1.3571428571428572
319 742 1.7857142857142858
319 753 -1.7857142857142858
319 784 1.3571428571428572
319 795 -0.5714285714285714
320 329 -2.0
321 322 -1.7857142857142858
322 323 0.9285714285714286
323 324 0.5714285714285714
324 325 1.3571428571428572
324 331 -2.0
324 340 0.9285714285714286
324 379 -1.7857142857142858
325 326 -1.3571428571428572
325 406 0.9285714285714286
325 416 -2.0
325 445 1.7857142857142858
325 454 1.3571428571428572
326 327 -2.0
326 484 0.5714285714285714
326 495 -1.7857142857142858
326 517 -2.0
326 528 1.7857142857142858
327 328 2.0
327 550 1.3571428571428572
327 585 0.5714285714285714
327 595 -1.3571428571428572
328 623 -2.0
328 634 -0.5714285714285714
328 666 2.0
328 676 1.7857142857142858
329 784 1.3571428571428572
329 795 -1.3571428571428572
330 331 -2.0
330 339 0.9285714285714286
331 332 -0.9285714285714286
331 339 -0.5714285714285714
331 340 -0.5714285714285714
332 333 -0.5714285714285714
332 340 1.3571428571428572
332 341 1.3571428571428572
332 352 -1.7857142857142858
332 362 2.0
332 390 -1.3571428571428572
332 398 -1.7857142857142858
333 334 0.9285714285714286
333 341 -0.9285714285714286
333 342 -2.0
333 427 -2.0
333 467 -0.5714285714285714
333 476 -2.0
334 335 2.0
334 342 -0.5714285714285714
334 343 -2.0
334 503 2.0
334 509 1.7857142857142858
334 536 -1.3571428571428572
334 544 -1.3571428571428572
335 336 1.7857142857142858
335 343 -1.7857142857142858
335 344 0.9285714285714286
335 576 0.5714285714285714
335 606 1.3571428571428572
335 616 -1.7857142857142858
336 337 0.5714285714285714
336 646 -2.0
336 657 0.9285714285714286
336 687 2.0
336 697 2.0
337 345 -0.9285714285714286
337 724 0.9285714285714286
337 733 -1.3571428571428572
337 765 0.5714285714285714
337 776 1.7857142857142858
338 347 -0.9285714285714286
338 348 -1.3571428571428572
339 340 1.7857142857142858
340 341 1.3571428571428572
340 352 1.7857142857142858
340 362 -0.9285714285714286
341 342 -2.0
341 390 -0.9285714285714286
341 398 1.3571428571428572
341 427 -1.7857142857142858
341 437 -2.0
342 343 0.9285714285714286
342 467 -1.7857142857142858
342 476 -1.3571428571428572
342 503 1.7857142857142858
342 509 1.7857142857142858
343 344 0.9285714285714286
343 536 -1.3571428571428572
343 544 2.0
343 567 1.7857142857142858
343 576 -0.5714285714285714
344 606 2.0
344 616 -0.9285714285714286
345 346 0.9285714285714286
345 765 -1.3571428571428572
345 776 -1.3571428571428572
345 805 1.7857142857142858
345 814 1.3571428571428572
346 347 0.5714285714285714
347 348 -0.9285714285714286
349 350 1.3571428571428572
349 359 0.5714285714285714
350 351 2.0
350 359 2.0
350 360 -0.5714285714285714
351 352 2.0
351 360 1.7857142857142858
351 361 1.3571428571428572
352 353 -2.0
352 361 -0.5714285714285714
352 362 -1.7857142857142858
353 354 -1.3571428571428572
353 362 -1.3571428571428572
353 363 1.7857142857142858
353 370 -0.9285714285714286
353 379 -0.9285714285714286
353 407 -1.7857142857142858
353 416 0.5714285714285714
354 363 0.5714285714285714
354 364 1.3571428571428572
354 446 1.7857142857142858
354 454 -1.3571428571428572
354 495 2.0
355 356 -0.5714285714285714
355 365 0.9285714285714286
355 366 -2.0
355 586 -0.5714285714285714
355 595 -1.7857142857142858
355 624 1.7857142857142858
355 634 -0.9285714285714286
356 357 -0.9285714285714286
356 366 0.9285714285714286
356 367 1.7857142857142858
356 667 -0.9285714285714286
356 676 0.9285714285714286
356 706 -0.9285714285714286
357 358 -1.3571428571428572
357 367 -1.7857142857142858
357 743 -1.3571428571428572
357 753 -0.5714285714285714
357 785 -0.9285714285714286
357 795 -2.0
358 368 1.7857142857142858
358 823 -0.9285714285714286
359 360 -0.9285714285714286
360 361 2.0
361 362 -0.5714285714285714
362 363 1.7857142857142858
362 370 1.7857142857142858
362 379 2.0
363 364 1.7857142857142858
363 407 -2.0
363 416 0.5714285714285714
363 446 -2.0
363 454 -1.7857142857142858
364 365 -2.0
364 485 -2.0
364 495 0.5714285714285714
364 518 0.9285714285714286
365 366 2.0
365 551 -1.3571428571428572
365 586 2.0
365 595 1.7857142857142858
366 367 -2.0
366 624 0.9285714285714286
366 634 1.3571428571428572
366 667 -1.7857142857142858
366 676 0.5714285714285714
367 706 -0.5714285714285714
367 714 0.9285714285714286
367 743 -2.0
367 753 1.7857142857142858
369 378 1.3571428571428572
370 371 1.3571428571428572
370 379 -2.0
370 380 2.0
370 398 -2.0
371 372 -0.9285714285714286
371 380 -1.3571428571428572
371 381 -0.9285714285714286
371 428 0.9285714285714286
371 437 -2.0
371 468 -0.9285714285714286
371 476 -0.5714285714285714
372 373 -2.0
372 381 -0.9285714285714286
372 504 -1.7857142857142858
372 509 -0.5714285714285714
372 537 -0.9285714285714286
372 544 2.0
373 374 1.7857142857142858
373 576 2.0
373 607 0.9285714285714286
373 616 -0.5714285714285714
374 375 1.7857142857142858
374 382 -1.3571428571428572
374 383 2.0
374 647 -0.5714285714285714
374 657 0.9285714285714286
374 688 0.5714285714285714
374 697 -0.9285714285714286
375 376 0.9285714285714286
375 383 2.0
375 384 -0.9285714285714286
375 733 -0.5714285714285714
375 766 0.9285714285714286
375 776 2.0
376 384 1.7857142857142858
376 385 -0.9285714285714286
376 806 -0.9285714285714286
376 814 -0.9285714285714286
377 386 -0.5714285714285714
378 379 1.3571428571428572
379 380 0.5714285714285714
380 391 -0.5714285714285714
380 398 -1.3571428571428572
380 428 1.3571428571428572
380 437 1.3571428571428572
381 468 1.7857142857142858
381 476 0.9285714285714286
381 504 -1.7857142857142858
381 509 -2.0
382 383 1.3571428571428572
382 607 0.9285714285714286
382 647 -0.5714285714285714
382 657 -1.3571428571428572
383 384 1.7857142857142858
383 688 -1.7857142857142858
383 697 2.0
383 733 0.9285714285714286
384 385 0.5714285714285714
384 766 2.0
384 776 0.9285714285714286
384 806 -0.5714285714285714
384 814 1.7857142857142858
387 388 -0.9285714285714286
388 389 -2.0
388 396 -2.0
389 390 -0.9285714285714286
389 396 -0.5714285714285714
389 397 -0.5714285714285714
390 391 -2.0
390 397 1.3571428571428572
390 398 0.9285714285714286
391 392 2.0
391 398 -1.7857142857142858
391 399 0.9285714285714286
391 407 0.5714285714285714
391 417 0.9285714285714286
392 393 -1.3571428571428572
392 399 -2.0
392 400 -0.5714285714285714
392 446 1.3571428571428572
392 455 2.0
392 485 1.3571428571428572
392 496 0.9285714285714286
393 400 -0.9285714285714286
393 401 0.9285714285714286
393 518 -2.0
393 529 -0.5714285714285714
393 551 0.5714285714285714
393 557 1.3571428571428572
394 395 -1.3571428571428572
394 403 2.0
394 404 0.5714285714285714
394 743 0.5714285714285714
394 754 1.7857142857142858
394 785 -1.7857142857142858
394 796 -2.0
395 404 1.7857142857142858
395 823 -1.3571428571428572
395 831 1.3571428571428572
396 397 1.3571428571428572
397 398 1.3571428571428572
398 399 -2.0
399 400 -0.5714285714285714
399 407 -0.9285714285714286
399 417 1.3571428571428572
399 446 0.5714285714285714
399 455 -0.9285714285714286
400 401 -1.7857142857142858
400 485 -2.0
400 496 -1.3571428571428572
400 518 -0.5714285714285714
400 529 -1.7857142857142858
401 402 0.9285714285714286
401 551 -0.9285714285714286
401 557 -2.0
401 586 -1.7857142857142858
401 596 0.9285714285714286
402 403 -1.3571428571428572
402 624 1.7857142857142858
402 635 0.9285714285714286
402 667 -0.9285714285714286
403 404 0.9285714285714286
403 706 0.5714285714285714
403 715 0.5714285714285714
403 743 -0.9285714285714286
403 754 -2.0
404 796 0.9285714285714286
404 823 2.0
404 831 0.9285714285714286
405 406 -2.0
405 415 0.9285714285714286
406 407 2.0
406 415 1.3571428571428572
406 416 2.0
407 408 -2.0
407 416 1.3571428571428572
407 417 -0.9285714285714286
408 409 -0.5714285714285714
408 417 0.9285714285714286
408 418 1.3571428571428572
408 428 -0.9285714285714286
408 438 -0.5714285714285714
408 468 1.3571428571428572
409 410 -0.5714285714285714
409 418 -2.0
409 504 2.0
409 510 -2.0
410 419 2.0
410 577 -1.7857142857142858
410 607 -1.3571428571428572
410 617 2.0
411 412 -2.0
411 420 -0.9285714285714286
411 421 1.7857142857142858
411 734 -0.5714285714285714
411 766 -2.0
411 777 -1.7857142857142858
412 413 1.7857142857142858
412 421 0.9285714285714286
412 806 2.0
412 815 -2.0
413 414 -2.0
413 422 2.0
414 422 2.0
414 423 -0.5714285714285714
415 416 0.5714285714285714
416 417 1.3571428571428572
417 418 -1.7857142857142858
417 428 -0.9285714285714286
417 438 -2.0
418 468 -2.0
418 504 1.7857142857142858
418 510 1.7857142857142858
419 420 -0.5714285714285714
419 607 -0.9285714285714286
419 617 0.5714285714285714
419 647 1.3571428571428572
420 421 0.5714285714285714
420 688 -0.9285714285714286
420 698 1.3571428571428572
420 734 -1.7857142857142858
421 766 0.5714285714285714
421 777 1.3571428571428572
421 806 1.7857142857142858
421 815 -1.7857142857142858
422 423 0.9285714285714286
424 425 1.3571428571428572
425 426 -2.0
425 435 2.0
426 427 -1.7857142857142858
426 435 -1.3571428571428572
426 436 -1.3571428571428572
427 428 -1.7857142857142858
427 436 1.3571428571428572
427 437 -0.9285714285714286
428 429 -1.3571428571428572
428 437 0.5714285714285714
428 438 -0.9285714285714286
429 430 1.7857142857142858
429 438 -2.0
429 439 2.0
429 447 -0.9285714285714286
429 455 -0.5714285714285714
429 486 0.9285714285714286
429 496 0.5714285714285714
430 431 -0.9285714285714286
430 439 1.3571428571428572
430 440 -2.0
430 519 1.7857142857142858
430 529 -0.5714285714285714
430 552 -0.5714285714285714
430 557 1.3571428571428572
431 432 -0.5714285714285714
431 440 1.7857142857142858
431 441 0.9285714285714286
431 596 1.7857142857142858
431 625 -0.5714285714285714
431 635 0.5714285714285714
432 433 -0.9285714285714286
432 441 -0.5714285714285714
432 442 -2.0
432 668 -0.5714285714285714
432 707 0.9285714285714286
432 715 0.5714285714285714
433 434 2.0
433 442 -0.9285714285714286
433 443 0.5714285714285714
433 744 -0.9285714285714286
433 754 1.3571428571428572
433 786 -1.3571428571428572
433 796 -1.3571428571428572
434 443 -1.7857142857142858
434 444 2.0
434 824 1.3571428571428572
434 831 0.5714285714285714
435 436 -0.5714285714285714
436 437 0.5714285714285714
437 438 -0.5714285714285714
438 439 -0.5714285714285714
438 447 -1.7857142857142858
438 455 0.9285714285714286
439 440 -0.9285714285714286
439 486 0.5714285714285714
439 496 -0.9285714285714286
439 519 -0.9285714285714286
439 529 -1.3571428571428572
440 441 1.7857142857142858
440 552 2.0
440 557 0.5714285714285714
440 596 0.9285714285714286
441 442 -0.5714285714285714
441 625 0.9285714285714286
441 635 -0.5714285714285714
441 668 -1.3571428571428572
442 443 1.3571428571428572
442 707 -0.5714285714285714
442 715 -0.9285714285714286
442 744 2.0
442 754 0.5714285714285714
443 444 1.3571428571428572
443 786 1.3571428571428572
443 796 1.7857142857142858
443 824 0.9285714285714286
443 831 0.5714285714285714
445 446 0.5714285714285714
445 454 -0.9285714285714286
446 447 0.9285714285714286
446 454 1.7857142857142858
446 455 0.5714285714285714
447 448 -1.3571428571428572
447 455 -0.5714285714285714
447 456 -0.5714285714285714
447 469 1.3571428571428572
448 449 -0.9285714285714286
448 456 2.0
448 457 -1.3571428571428572
448 505 -2.0
448 510 1.3571428571428572
448 538 0.5714285714285714
449 450 2.0
449 457 -1.3571428571428572
449 458 1.7857142857142858
449 577 -1.7857142857142858
449 608 -0.9285714285714286
449 617 -0.5714285714285714
450 451 -1.7857142857142858
450 458 -1.3571428571428572
450 459 1.3571428571428572
450 648 -0.5714285714285714
450 658 -1.3571428571428572
450 689 -1.3571428571428572
450 698 1.7857142857142858
451 452 1.7857142857142858
451 460 2.0
451 725 1.7857142857142858
451 767 -2.0
451 777 -0.9285714285714286
452 453 1.3571428571428572
452 460 -1.7857142857142858
452 461 -0.9285714285714286
452 807 -0.9285714285714286
452 815 -0.5714285714285714
453 461 0.9285714285714286
453 462 1.7857142857142858
454 455 -0.9285714285714286
455 456 1.3571428571428572
456 457 0.5714285714285714
456 469 -1.3571428571428572
456 505 -1.3571428571428572
456 510 -0.5714285714285714
457 458 -1.3571428571428572
457 538 -0.5714285714285714
457 577 1.3571428571428572
458 459 -1.7857142857142858
458 608 -0.5714285714285714
458 617 2.0
458 648 -2.0
458 658 1.7857142857142858
459 460 2.0
459 689 2.0
459 698 -1.3571428571428572
459 725 1.7857142857142858
459 734 0.9285714285714286
460 461 1.7857142857142858
460 767 1.7857142857142858
460 777 2.0
460 807 0.5714285714285714
460 815 -1.7857142857142858
461 462 -1.3571428571428572
462 463 0.5714285714285714
464 465 1.3571428571428572
465 466 1.3571428571428572
465 475 -0.9285714285714286
466 467 2.0
467 468 -0.9285714285714286
467 476 -1.7857142857142858
468 469 0.9285714285714286
468 476 2.0
469 470 1.3571428571428572
469 477 -1.3571428571428572
469 486 -0.9285714285714286
470 471 0.5714285714285714
470 477 0.9285714285714286
470 478 -0.9285714285714286
470 519 0.5714285714285714
470 530 1.3571428571428572
470 552 -2.0
470 558 -2.0
471 472 1.3571428571428572
471 478 0.9285714285714286
471 479 -0.5714285714285714
471 597 1.3571428571428572
471 625 -0.5714285714285714
471 636 0.5714285714285714
472 473 -2.0
472 479 0.5714285714285714
472 480 0.9285714285714286
472 668 2.0
472 677 0.5714285714285714
472 707 -1.7857142857142858
472 716 -1.7857142857142858
473 474 -0.9285714285714286
473 480 1.3571428571428572
473 481 -1.3571428571428572
473 744 1.7857142857142858
473 755 -0.9285714285714286
473 786 1.3571428571428572
473 797 1.7857142857142858
474 481 2.0
474 482 2.0
474 824 -2.0
474 832 0.9285714285714286
477 478 1.3571428571428572
477 486 2.0
477 530 -0.5714285714285714
478 479 -2.0
478 597 1.7857142857142858
479 480 1.7857142857142858
479 625 2.0
479 636 -2.0
479 677 -1.3571428571428572
480 481 0.5714285714285714
480 707 -1.3571428571428572
480 716 -1.7857142857142858
480 744 0.5714285714285714
480 755 0.5714285714285714
481 482 -1.7857142857142858
481 786 -0.5714285714285714
481 797 0.9285714285714286
481 824 -1.7857142857142858
481 832 -1.7857142857142858
483 494 -1.7857142857142858
484 485 -1.7857142857142858
484 494 0.5714285714285714
484 495 2.0
485 486 -2.0
485 495 -1.3571428571428572
485 496 0.9285714285714286
486 487 0.5714285714285714
486 496 1.3571428571428572
487 505 -0.5714285714285714
487 511 0.5714285714285714
487 538 2.0
488 489 -0.5714285714285714
488 497 -1.7857142857142858
488 578 -0.5714285714285714
488 608 1.7857142857142858
489 490 2.0
489 497 -0.9285714285714286
489 498 2.0
489 648 -0.9285714285714286
489 659 0.9285714285714286
489 689 2.0
490 491 -0.5714285714285714
490 498 2.0
490 499 -2.0
490 725 2.0
490 735 -0.5714285714285714
490 767 -1.7857142857142858
490 778 1.3571428571428572
491 492 0.9285714285714286
491 499 -2.0
491 807 -0.5714285714285714
491 816 2.0
492 493 -0.5714285714285714
492 500 -2.0
493 500 1.7857142857142858
493 501 -2.0
494 495 1.3571428571428572
495 496 1.3571428571428572
497 498 0.5714285714285714
497 608 1.7857142857142858
497 648 1.7857142857142858
497 659 -1.7857142857142858
498 499 2.0
498 689 -1.3571428571428572
498 699 -1.3571428571428572
498 725 1.7857142857142858
498 735 0.9285714285714286
499 767 -1.3571428571428572
499 778 -1.3571428571428572
499 807 -2.0
499 816 -2.0
500 501 -1.3571428571428572
503 504 1.3571428571428572
503 509 -2.0
504 505 2.0
504 509 -1.3571428571428572
504 510 -1.3571428571428572
505 510 -0.9285714285714286
505 511 1.7857142857142858
506 507 0.9285714285714286
506 512 -0.9285714285714286
506 513 -0.9285714285714286
506 587 0.9285714285714286
506 597 1.3571428571428572
506 626 -1.7857142857142858
506 636 -2.0
507 513 -0.5714285714285714
507 669 0.5714285714285714
507 677 2.0
507 708 0.9285714285714286
507 716 0.5714285714285714
508 514 -0.9285714285714286
508 515 1.7857142857142858
508 825 -0.5714285714285714
508 832 0.9285714285714286
509 510 -0.5714285714285714
510 511 -0.9285714285714286
511 512 0.9285714285714286
511 520 0.5714285714285714
511 530 1.7857142857142858
512 513 1.7857142857142858
512 558 0.9285714285714286
512 587 2.0
512 597 2.0
513 626 -2.0
513 636 -0.5714285714285714
513 669 -0.9285714285714286
513 677 0.9285714285714286
514 515 1.7857142857142858
514 787 -1.3571428571428572
514 797 0.5714285714285714
514 825 1.3571428571428572
514 832 0.9285714285714286
516 517 1.3571428571428572
516 527 0.5714285714285714
517 518 0.9285714285714286
517 527 0.5714285714285714
517 528 0.9285714285714286
518 519 1.3571428571428572
518 528 0.5714285714285714
518 529 1.7857142857142858
519 520 -1.7857142857142858
519 529 -1.7857142857142858
519 530 1.7857142857142858
520 521 0.9285714285714286
520 530 1.3571428571428572
520 531 -2.0
520 539 1.3571428571428572
521 531 -1.7857142857142858
521 532 -0.9285714285714286
521 568 -1.7857142857142858
521 578 0.9285714285714286
522 523 -0.5714285714285714
522 532 1.3571428571428572
522 649 -1.7857142857142858
522 659 0.9285714285714286
522 690 0.9285714285714286
522 699 2.0
523 524 1.3571428571428572
523 726 -1.7857142857142858
523 735 -1.7857142857142858
523 778 1.7857142857142858
524 525 1.7857142857142858
524 533 -1.7857142857142858
524 808 2.0
524 816 1.3571428571428572
525 526 -0.5714285714285714
525 533 0.5714285714285714
525 534 -1.3571428571428572
526 534 -0.5714285714285714
526 535 1.7857142857142858
527 528 -0.9285714285714286
528 529 -1.7857142857142858
529 530 1.7857142857142858
530 531 2.0
531 532 0.9285714285714286
531 539 0.5714285714285714
531 568 -0.9285714285714286
531 578 -1.3571428571428572
532 649 2.0
532 659 -0.9285714285714286
533 534 1.7857142857142858
534 535 -0.5714285714285714
536 537 0.5714285714285714
536 544 1.3571428571428572
537 538 0.5714285714285714
537 544 0.9285714285714286
538 539 -0.5714285714285714
539 540 2.0
539 545 0.5714285714285714
539 559 -0.5714285714285714
540 541 -2.0
540 545 -0.5714285714285714
540 546 1.3571428571428572
540 587 0.9285714285714286
540 598 -1.7857142857142858
540 626 0.5714285714285714
540 637 -1.7857142857142858
541 542 0.9285714285714286
541 546 -1.3571428571428572
541 547 1.3571428571428572
541 669 1.3571428571428572
541 678 -0.9285714285714286
541 708 -1.7857142857142858
541 717 1.7857142857142858
542 547 1.3571428571428572
542 745 1.3571428571428572
542 756 1.3571428571428572
542 787 -0.9285714285714286
542 798 1.7857142857142858
545 546 -1.3571428571428572
545 559 1.7857142857142858
545 587 -1.3571428571428572
545 598 -2.0
546 547 -0.5714285714285714
546 626 0.9285714285714286
546 637 -1.7857142857142858
546 669 2.0
546 678 -1.7857142857142858
547 708 0.9285714285714286
547 717 -1.7857142857142858
547 745 -2.0
549 550 -2.0
550 551 0.9285714285714286
551 552 -1.7857142857142858
551 557 -2.0
552 557 -2.0
552 558 -2.0
553 554 2.0
553 559 -2.0
553 560 0.9285714285714286
553 568 0.9285714285714286
553 579 -0.5714285714285714
554 555 -1.3571428571428572
554 560 -2.0
554 649 -2.0
554 660 1.3571428571428572
554 700 -1.3571428571428572
555 556 1.3571428571428572
555 561 1.7857142857142858
555 562 -1.3571428571428572
555 726 -2.0
555 736 1.3571428571428572
555 768 -2.0
555 779 2.0
556 562 1.3571428571428572
556 808 1.3571428571428572
556 817 2.0
557 558 -2.0
558 559 1.7857142857142858
559 560 1.3571428571428572
559 568 1.3571428571428572
559 579 1.7857142857142858
560 561 -0.9285714285714286
560 649 -2.0
560 660 -2.0
561 562 2.0
561 690 -0.5714285714285714
561 726 2.0
561 736 2.0
562 768 2.0
562 779 -0.5714285714285714
562 808 2.0
562 817 -2.0
563 564 2.0
565 566 2.0
565 573 1.7857142857142858
566 573 1.3571428571428572
566 574 -1.7857142857142858
567 575 1.7857142857142858
567 576 -1.3571428571428572
568 569 -0.5714285714285714
568 578 2.0
568 579 -2.0
569 570 0.5714285714285714
569 579 -0.9285714285714286
569 580 -0.5714285714285714
569 588 2.0
569 598 0.9285714285714286
569 627 -1.7857142857142858
569 637 -1.3571428571428572
570 571 0.9285714285714286
570 580 2.0
570 581 1.3571428571428572
570 670 0.5714285714285714
570 678 -1.3571428571428572
570 709 -1.7857142857142858
570 717 -0.5714285714285714
571 572 -1.7857142857142858
571 581 -0.9285714285714286
571 582 0.5714285714285714
571 746 -1.7857142857142858
571 756 -0.5714285714285714
571 788 0.5714285714285714
571 798 0.5714285714285714
572 582 -0.5714285714285714
572 583 -1.7857142857142858
572 826 -2.0
572 833 -0.5714285714285714
573 574 -1.7857142857142858
574 575 -2.0
575 576 -1.3571428571428572
576 577 -0.9285714285714286
577 578 0.5714285714285714
578 579 1.7857142857142858
579 580 0.9285714285714286
579 588 1.7857142857142858
579 598 -0.9285714285714286
580 581 -1.7857142857142858
580 627 -0.5714285714285714
580 637 -0.9285714285714286
580 670 -2.0
580 678 -0.5714285714285714
581 582 -2.0
581 709 -0.9285714285714286
581 717 -0.5714285714285714
581 746 1.7857142857142858
581 756 0.5714285714285714
582 583 0.9285714285714286
582 788 -0.5714285714285714
582 798 -2.0
582 826 1.3571428571428572
582 833 0.9285714285714286
584 585 1.7857142857142858
584 594 -1.3571428571428572
585 586 1.3571428571428572
585 594 2.0
585 595 2.0
586 595 0.9285714285714286
587 588 -0.5714285714285714
587 597 2.0
587 598 -1.7857142857142858
588 589 1.3571428571428572
588 598 -1.7857142857142858
588 599 2.0
588 609 -1.7857142857142858
589 590 2.0
589 599 1.7857142857142858
589 600 -0.5714285714285714
589 650 1.3571428571428572
589 660 -1.7857142857142858
589 691 2.0
589 700 -1.3571428571428572
590 591 0.9285714285714286
590 600 -1.7857142857142858
590 601 0.9285714285714286
590 727 1.7857142857142858
590 736 -2.0
590 769 -0.9285714285714286
590 779 1.3571428571428572
591 592 -0.5714285714285714
591 601 -0.5714285714285714
591 809 0.5714285714285714
591 817 -1.3571428571428572
592 593 0.9285714285714286
593 602 1.7857142857142858
594 595 -1.7857142857142858
595 596 -1.7857142857142858
596 597 -0.9285714285714286
597 598 -0.9285714285714286
598 599 0.5714285714285714
599 600 -2.0
599 609 -2.0
599 650 0.5714285714285714
599 660 1.3571428571428572
600 601 -0.5714285714285714
600 691 0.9285714285714286
600 700 -1.3571428571428572
600 727 -1.7857142857142858
600 736 1.7857142857142858
601 769 -0.5714285714285714
601 779 0.9285714285714286
601 809 -2.0
601 817 -2.0
603 604 -0.5714285714285714
603 613 0.5714285714285714
604 605 1.3571428571428572
604 613 -1.3571428571428572
604 614 -1.7857142857142858
605 614 2.0
605 615 0.9285714285714286
606 607 -0.9285714285714286
606 615 -1.3571428571428572
606 616 0.9285714285714286
607 608 -0.5714285714285714
607 616 -2.0
607 617 2.0
608 617 0.9285714285714286
609 610 -0.5714285714285714
609 618 0.5714285714285714
609 627 1.7857142857142858
609 638 -0.5714285714285714
610 611 1.7857142857142858
610 618 -0.9285714285714286
610 619 1.7857142857142858
610 670 -2.0
610 679 -1.3571428571428572
610 709 -1.3571428571428572
610 718 -2.0
611 612 0.9285714285714286
611 619 -1.7857142857142858
611 620 -1.3571428571428572
611 746 2.0
611 757 -0.5714285714285714
611 788 -2.0
612 620 0.9285714285714286
612 621 -1.7857142857142858
612 826 1.7857142857142858
612 834 0.5714285714285714
613 614 -1.3571428571428572
614 615 -2.0
615 616 -1.7857142857142858
616 617 -1.3571428571428572
618 619 -0.5714285714285714
618 627 1.7857142857142858
618 638 -2.0
618 670 1.3571428571428572
618 679 -0.5714285714285714
619 620 -1.7857142857142858
619 709 1.3571428571428572
619 718 -1.7857142857142858
619 746 0.5714285714285714
619 757 0.5714285714285714
620 788 2.0
620 826 -2.0
620 834 0.9285714285714286
622 623 1.3571428571428572
622 633 -0.9285714285714286
623 624 0.5714285714285714
623 633 -0.5714285714285714
623 634 -1.7857142857142858
624 625 -0.9285714285714286
624 634 0.5714285714285714
624 635 -2.0
625 626 0.9285714285714286
625 635 0.9285714285714286
625 636 -0.5714285714285714
626 627 1.7857142857142858
626 636 -2.0
626 637 -0.5714285714285714
627 628 2.0
627 637 1.3571428571428572
627 638 1.3571428571428572
628 629 -1.7857142857142858
628 639 1.7857142857142858
628 650 1.3571428571428572
628 661 1.3571428571428572
628 691 0.5714285714285714
628 701 -1.7857142857142858
629 630 -2.0
629 639 0.5714285714285714
629 640 1.3571428571428572
629 727 -1.7857142857142858
629 737 -1.3571428571428572
629 769 -0.9285714285714286
629 780 1.7857142857142858
630 631 -0.9285714285714286
630 640 0.5714285714285714
630 641 -0.9285714285714286
630 809 0.5714285714285714
630 818 -0.5714285714285714
631 632 2.0
631 641 -1.7857142857142858
631 642 -0.9285714285714286
632 642 -0.9285714285714286
632 643 1.3571428571428572
633 634 0.5714285714285714
634 635 -0.5714285714285714
635 636 0.9285714285714286
636 637 1.7857142857142858
637 638 -1.7857142857142858
638 650 -1.3571428571428572
638 661 0.9285714285714286
639 640 -1.3571428571428572
639 691 1.7857142857142858
639 701 0.5714285714285714
639 727 -2.0
640 641 -2.0
640 769 -2.0
640 780 2.0
640 809 -0.9285714285714286
640 818 0.5714285714285714
641 642 0.9285714285714286
642 643 0.9285714285714286
644 654 2.0
645 646 0.5714285714285714
645 655 -2.0
645 656 1.3571428571428572
646 647 -0.5714285714285714
646 656 1.7857142857142858
647 648 -1.3571428571428572
647 657 -1.7857142857142858
647 658 -1.3571428571428572
648 649 -0.9285714285714286
648 658 -0.9285714285714286
648 659 -0.9285714285714286
649 650 1.7857142857142858
649 659 -1.3571428571428572
649 660 -1.3571428571428572
650 651 1.3571428571428572
650 660 0.5714285714285714
650 661 -1.7857142857142858
651 652 0.9285714285714286
651 661 -1.7857142857142858
651 662 2.0
651 679 -0.5714285714285714
651 718 -2.0
652 653 1.7857142857142858
652 662 1.7857142857142858
652 663 0.9285714285714286
652 747 -0.5714285714285714
652 757 1.3571428571428572
652 789 -0.9285714285714286
653 663 -2.0
653 664 0.9285714285714286
653 827 0.9285714285714286
653 834 -1.7857142857142858
654 655 1.7857142857142858
655 656 0.9285714285714286
656 657 1.7857142857142858
657 658 -2.0
658 659 0.9285714285714286
659 660 -0.9285714285714286
660 661 1.7857142857142858
661 662 0.9285714285714286
661 679 -0.5714285714285714
662 663 1.7857142857142858
662 710 2.0
662 718 2.0
662 747 -2.0
662 757 -0.5714285714285714
663 664 1.3571428571428572
663 789 1.7857142857142858
663 827 -1.7857142857142858
663 834 -1.7857142857142858
665 666 -1.7857142857142858
665 675 -0.5714285714285714
666 667 2.0
666 675 -0.5714285714285714
666 676 0.5714285714285714
667 668 -1.3571428571428572
667 676 1.7857142857142858
668 669 -2.0
668 677 0.9285714285714286
669 670 -1.3571428571428572
669 677 0.9285714285714286
669 678 1.7857142857142858
670 678 -1.7857142857142858
670 679 1.3571428571428572
671 672 1.3571428571428572
671 680 1.3571428571428572
671 681 2.0
671 737 -2.0
671 770 2.0
671 780 -0.9285714285714286
672 673 1.3571428571428572
672 681 -1.7857142857142858
672 682 -0.5714285714285714
672 810 -1.7857142857142858
672 818 1.3571428571428572
673 674 1.3571428571428572
673 682 -1.7857142857142858
673 683 0.5714285714285714
674 683 2.0
674 684 0.9285714285714286
675 676 0.9285714285714286
677 678 -1.3571428571428572
678 679 -2.0
679 680 0.5714285714285714
680 681 -1.3571428571428572
680 692 -1.3571428571428572
680 701 -0.5714285714285714
680 728 -0.5714285714285714
680 737 0.9285714285714286
681 682 -0.5714285714285714
681 770 -2.0
681 780 1.7857142857142858
681 810 1.3571428571428572
681 818 2.0
682 683 1.7857142857142858
683 684 1.7857142857142858
685 686 -0.5714285714285714
685 694 -0.5714285714285714
686 694 -1.3571428571428572
686 695 0.9285714285714286
687 688 -1.7857142857142858
687 696 -1.7857142857142858
687 697 0.5714285714285714
688 689 1.3571428571428572
688 697 0.9285714285714286
688 698 -1.3571428571428572
689 690 1.7857142857142858
689 698 -0.9285714285714286
689 699 0.5714285714285714
690 691 1.3571428571428572
690 699 -0.5714285714285714
690 700 1.3571428571428572
691 692 -2.0
691 700 1.3571428571428572
691 701 0.5714285714285714
692 701 0.5714285714285714
692 702 -0.5714285714285714
692 710 1.7857142857142858
693 703 2.0
693 704 -2.0
693 827 1.7857142857142858
693 835 0.9285714285714286
694 695 -1.3571428571428572
695 696 2.0
696 697 -2.0
697 698 0.5714285714285714
699 700 -0.5714285714285714
700 701 0.9285714285714286
701 702 -2.0
702 703 2.0
702 710 0.5714285714285714
702 747 0.5714285714285714
702 758 -0.9285714285714286
703 704 -0.9285714285714286
703 789 1.7857142857142858
703 827 1.3571428571428572
703 835 0.5714285714285714
706 707 1.7857142857142858
706 714 0.5714285714285714
706 715 0.9285714285714286
707 708 -0.9285714285714286
707 715 2.0
707 716 -2.0
708 709 0.9285714285714286
708 716 -2.0
708 717 -1.3571428571428572
709 710 2.0
709 717 2.0
709 718 1.7857142857142858
710 711 1.7857142857142858
710 718 1.3571428571428572
711 712 1.7857142857142858
711 719 1.3571428571428572
711 728 -1.7857142857142858
711 738 -0.5714285714285714
711 770 -1.7857142857142858
712 713 1.7857142857142858
712 719 -1.3571428571428572
712 720 2.0
712 810 -1.3571428571428572
712 819 -0.9285714285714286
713 720 -1.7857142857142858
713 721 -0.9285714285714286
714 715 1.7857142857142858
715 716 2.0
716 717 -2.0
717 718 1.7857142857142858
719 720 -0.9285714285714286
719 770 0.5714285714285714
719 810 -2.0
719 819 0.9285714285714286
720 721 0.5714285714285714
722 723 2.0
722 730 1.3571428571428572
722 731 1.7857142857142858
723 724 1.3571428571428572
723 731 -1.7857142857142858
723 732 1.3571428571428572
724 732 -0.5714285714285714
724 733 0.5714285714285714
725 726 -1.3571428571428572
725 734 -1.3571428571428572
725 735 1.7857142857142858
726 727 1.7857142857142858
726 735 -1.7857142857142858
726 736 -0.9285714285714286
727 728 1.3571428571428572
727 736 0.9285714285714286
727 737 0.5714285714285714
728 737 1.7857142857142858
728 738 1.3571428571428572
729 739 0.5714285714285714
729 740 1.7857142857142858
729 828 -0.5714285714285714
729 835 0.9285714285714286
730 731 1.7857142857142858
731 732 -0.9285714285714286
732 733 -1.7857142857142858
733 734 2.0
734 735 -2.0
735 736 -2.0
736 737 0.5714285714285714
737 738 -2.0
738 739 -0.5714285714285714
738 748 0.5714285714285714
738 758 -1.3571428571428572
739 740 1.7857142857142858
739 790 -0.9285714285714286
739 828 0.9285714285714286
739 835 -2.0
741 742 1.7857142857142858
741 752 0.5714285714285714
742 743 -1.7857142857142858
742 752 1.3571428571428572
742 753 1.7857142857142858
743 744 1.3571428571428572
743 754 -0.5714285714285714
744 745 2.0
744 754 -1.7857142857142858
744 755 1.3571428571428572
745 746 -1.7857142857142858
745 755 0.5714285714285714
745 756 -0.9285714285714286
746 747 -2.0
746 756 1.7857142857142858
746 757 1.3571428571428572
747 748 -0.9285714285714286
747 757 0.5714285714285714
747 758 2.0
748 749 1.3571428571428572
748 758 0.9285714285714286
748 759 1.7857142857142858
748 771 0.5714285714285714
749 750 1.3571428571428572
749 759 -0.9285714285714286
749 760 1.3571428571428572
749 819 -0.9285714285714286
750 751 -1.3571428571428572
750 760 -1.7857142857142858
750 761 1.3571428571428572
751 761 1.3571428571428572
751 762 2.0
752 753 0.5714285714285714
753 754 -2.0
754 755 -0.9285714285714286
755 756 -0.5714285714285714
756 757 -1.3571428571428572
757 758 -2.0
758 759 -0.5714285714285714
759 760 1.3571428571428572
759 771 -0.5714285714285714
759 819 -1.3571428571428572
760 761 -0.9285714285714286
761 762 0.9285714285714286
763 764 -0.5714285714285714
763 773 0.5714285714285714
763 774 2.0
764 765 -1.3571428571428572
764 774 -2.0
764 775 -1.7857142857142858
765 766 -1.3571428571428572
765 775 -0.9285714285714286
765 776 0.9285714285714286
766 767 -0.9285714285714286
766 776 0.9285714285714286
766 777 1.3571428571428572
767 768 2.0
767 777 -0.9285714285714286
767 778 0.5714285714285714
768 769 1.3571428571428572
768 778 2.0
768 779 0.9285714285714286
769 770 0.5714285714285714
769 779 -1.7857142857142858
769 780 -0.9285714285714286
770 771 1.3571428571428572
770 780 0.9285714285714286
771 772 0.5714285714285714
771 781 -1.7857142857142858
771 790 -1.3571428571428572
771 799 -0.5714285714285714
772 781 -1.3571428571428572
772 782 -1.3571428571428572
772 828 -1.7857142857142858
772 836 -0.9285714285714286
773 774 1.7857142857142858
774 775 0.9285714285714286
775 776 -1.3571428571428572
776 777 -0.9285714285714286
777 778 1.7857142857142858
778 779 -1.3571428571428572
779 780 -1.7857142857142858
781 782 1.7857142857142858
781 790 -1.3571428571428572
781 799 -1.3571428571428572
781 828 1.7857142857142858
781 836 -2.0
783 784 -2.0
783 794 2.0
784 785 -0.5714285714285714
784 794 2.0
784 795 -0.9285714285714286
785 786 -2.0
785 795 -1.7857142857142858
785 796 1.7857142857142858
786 787 0.9285714285714286
786 796 -0.5714285714285714
786 797 0.9285714285714286
787 788 2.0
787 797 0.9285714285714286
787 798 -0.5714285714285714
788 789 -1.3571428571428572
788 798 -1.7857142857142858
789 790 0.5714285714285714
790 791 -0.9285714285714286
790 799 1.3571428571428572
791 792 -1.3571428571428572
791 799 -0.5714285714285714
791 800 -1.7857142857142858
791 820 -2.0
792 793 -2.0
792 800 1.7857142857142858
792 801 -1.3571428571428572
793 801 0.9285714285714286
793 802 0.5714285714285714
794 795 -1.7857142857142858
795 796 1.7857142857142858
796 797 -1.7857142857142858
797 798 0.9285714285714286
799 800 -1.3571428571428572
799 820 -2.0
801 802 -2.0
803 812 1.3571428571428572
804 805 0.9285714285714286
804 813 -2.0
805 806 -0.9285714285714286
805 813 -0.9285714285714286
805 814 2.0
806 807 -1.3571428571428572
806 814 1.7857142857142858
806 815 0.5714285714285714
807 808 2.0
807 815 0.9285714285714286
807 816 2.0
808 816 -2.0
809 810 0.5714285714285714
809 817 1.7857142857142858
809 818 0.9285714285714286
810 818 0.5714285714285714
810 819 1.3571428571428572
811 820 -0.9285714285714286
811 821 1.3571428571428572
811 829 0.5714285714285714
811 836 2.0
813 814 -1.7857142857142858
814 815 1.7857142857142858
815 816 -1.3571428571428572
816 817 -1.7857142857142858
817 818 1.3571428571428572
818 819 -0.9285714285714286
820 821 -0.5714285714285714
820 829 1.3571428571428572
820 836 -0.5714285714285714
823 824 1.3571428571428572
823 831 -0.5714285714285714
824 825 -0.5714285714285714
824 831 0.9285714285714286
824 832 1.3571428571428572
825 826 -1.3571428571428572
825 832 2.0
825 833 0.9285714285714286
826 827 1.3571428571428572
826 834 -2.0
827 828 0.5714285714285714
827 834 0.5714285714285714
827 835 -1.3571428571428572
828 829 1.3571428571428572
828 835 -0.9285714285714286
828 836 1.3571428571428572
829 830 -1.3571428571428572
829 836 -2.0
829 837 0.5714285714285714
830 837 -1.3571428571428572
830 838 2.0
831 832 -0.9285714285714286
832 833 -2.0
833 834 -1.3571428571428572
834 835 0.5714285714285714
835 836 0.9285714285714286
836 837 -1.7857142857142858
837 838 -0.5714285714285714
838 839 -1.7857142857142858
