694 2801
1 1 -0.7142857142857144
2 2 8.428571428571429
3 3 2.071428571428571
4 4 5.857142857142858
5 5 3.857142857142857
6 6 2.142857142857143
7 7 5.142857142857142
8 8 -1.0714285714285712
9 9 1.7142857142857144
10 10 3.428571428571429
11 11 3.7142857142857144
12 12 -2.285714285714286
13 13 1.7857142857142858
14 14 -7.357142857142857
15 15 -1.0714285714285714
16 16 -5.0
17 17 1.3571428571428572
18 18 1.2142857142857146
19 19 0.4285714285714288
20 20 1.8571428571428572
21 21 -3.357142857142857
22 22 -3.928571428571429
23 23 -3.071428571428572
24 24 -0.1428571428571428
25 25 3.071428571428572
26 26 2.142857142857143
27 27 -2.5
28 28 -1.3571428571428572
29 29 -3.5000000000000004
30 30 -5.142857142857143
31 31 -4.142857142857143
32 32 2.8571428571428568
33 33 -0.9285714285714286
34 34 0.4285714285714286
35 35 7.142857142857142
36 36 -6.428571428571429
37 37 0.14285714285714257
38 38 -3.571428571428572
39 39 3.714285714285714
40 40 3.1428571428571432
41 41 -3.0
42 42 -4.571428571428571
43 43 0.14285714285714324
44 44 1.3571428571428572
45 45 -1.2142857142857146
46 46 0.642857142857143
47 47 -2.0
48 48 0.2142857142857142
49 49 0.1428571428571428
50 50 0.714285714285714
51 51 0.49999999999999933
52 52 0.5
53 53 -1.071428571428572
54 54 3.5000000000000004
55 55 -3.2142857142857144
57 57 0.14285714285714302
58 58 6.357142857142858
59 59 1.5
60 60 0.4285714285714284
61 61 2.3571428571428568
62 62 8.214285714285715
63 63 -2.357142857142857
64 64 -1.2857142857142851
65 65 -3.9285714285714293
66 66 4.357142857142857
67 67 -1.5714285714285718
68 68 -2.5
69 69 1.1428571428571428
70 70 0.857142857142857
71 71 2.142857142857143
72 72 -2.0
73 73 3.2142857142857144
74 74 -0.7142857142857144
75 75 -3.5
76 76 2.3571428571428568
77 77 0.7857142857142851
78 78 6.071428571428572
79 79 -5.071428571428571
80 80 3.7857142857142856
81 81 -1.2142857142857149
82 82 -7.642857142857142
83 83 -6.285714285714286
84 84 4.428571428571428
85 85 5.142857142857142
86 86 -5.428571428571429
87 87 -3.7857142857142856
88 88 -5.0
89 89 -2.8571428571428577
90 90 -3.8571428571428577
91 91 -3.928571428571429
92 92 1.571428571428571
93 93 -0.5000000000000002
94 94 0.714285714285714
95 95 -0.8571428571428572
96 96 1.7142857142857146
97 97 0.7142857142857142
98 98 -0.2142857142857142
99 99 1.6428571428571426
100 100 4.928571428571429
101 101 -2.071428571428571
102 102 -4.928571428571428
103 103 -0.7142857142857144
104 104 0.8571428571428574
105 105 -0.5
106 106 -2.357142857142857
107 107 2.428571428571429
108 108 7.357142857142857
109 109 3.0
110 110 0.8571428571428568
111 111 -1.5
112 112 -3.0
114 114 2.2857142857142856
115 115 1.0
116 116 1.0
117 117 -0.14285714285714324
118 118 2.5
119 119 -2.5
120 120 6.857142857142858
121 121 -0.21428571428571397
122 122 1.4285714285714286
123 123 0.4285714285714286
124 124 -4.928571428571429
125 125 -1.4285714285714286
126 126 -0.7857142857142856
127 127 4.642857142857142
128 128 2.428571428571428
129 129 -2.571428571428572
130 130 -4.357142857142857
131 131 -3.9285714285714284
132 132 2.1428571428571432
133 133 -2.214285714285714
134 134 0.9285714285714284
135 135 2.2142857142857135
136 136 -3.7142857142857144
137 137 -1.1428571428571432
138 138 -1.0000000000000004
139 139 0.0714285714285714
140 140 -2.928571428571428
141 141 0.14285714285714235
142 142 -2.2857142857142856
143 143 0.7857142857142858
144 144 0.1428571428571428
145 145 2.8571428571428568
146 146 6.142857142857143
147 147 2.357142857142857
148 148 -3.571428571428571
149 149 -1.9285714285714286
150 150 2.7857142857142856
151 151 1.9285714285714284
152 152 6.0
153 153 2.642857142857143
154 154 1.2857142857142856
155 155 2.571428571428571
156 156 -1.4285714285714286
157 157 4.0
158 158 -2.6428571428571432
159 159 6.928571428571429
160 160 4.357142857142858
161 161 -1.5
162 162 1.1428571428571428
163 163 0.4285714285714288
164 164 -3.5
165 165 1.285714285714286
166 166 4.285714285714286
167 167 -0.357142857142857
168 168 4.357142857142858
169 169 -6.500000000000001
170 170 -0.7857142857142858
171 171 -0.4285714285714286
172 172 5.142857142857142
173 173 -5.857142857142857
174 174 0.6428571428571428
175 175 0.7857142857142856
176 176 -1.4285714285714286
177 177 -1.2142857142857144
178 178 1.4285714285714286
179 179 6.0
180 180 3.428571428571429
181 181 7.928571428571428
182 182 8.428571428571429
183 183 -1.7857142857142858
184 184 -4.142857142857143
185 185 3.428571428571429
186 186 2.571428571428571
187 187 4.142857142857142
188 188 -0.2142857142857142
189 189 -4.142857142857143
190 190 4.285714285714286
191 191 -2.357142857142857
192 192 -2.7857142857142856
193 193 -4.714285714285714
194 194 1.3571428571428574
195 195 -0.5714285714285712
196 196 0.9285714285714288
197 197 -0.35714285714285765
198 198 -1.2142857142857144
199 199 6.2857142857142865
200 200 6.071428571428571
201 201 3.6428571428571432
202 202 2.3571428571428568
203 203 -5.857142857142857
204 204 1.7857142857142854
205 205 4.857142857142857
206 206 1.5
207 207 3.571428571428571
208 208 1.928571428571429
209 209 1.7857142857142858
210 210 -3.0
211 211 1.3571428571428568
212 212 3.7142857142857144
213 213 2.7857142857142856
214 214 -5.357142857142858
215 215 2.4285714285714284
216 216 1.4285714285714286
217 217 5.214285714285714
218 218 4.857142857142858
219 219 -0.2142857142857142
220 220 -0.642857142857143
221 221 -2.3571428571428577
222 222 -4.357142857142858
223 223 -0.42857142857142816
224 224 2.928571428571429
225 225 -0.7142857142857144
226 226 -6.7857142857142865
227 227 -1.5714285714285712
228 228 2.5000000000000004
229 229 -1.4285714285714286
230 230 3.7142857142857144
231 231 -4.357142857142858
232 232 -3.7857142857142856
233 233 0.9999999999999998
234 234 6.7142857142857135
235 235 -0.7142857142857144
236 236 4.214285714285714
237 237 -4.428571428571429
238 238 -1.2857142857142856
239 239 -3.6428571428571432
240 240 -4.071428571428571
241 241 2.0
242 242 4.428571428571429
243 243 1.0
244 244 -1.9285714285714286
245 245 -1.5
246 246 -1.5
247 247 0.2857142857142858
248 248 -5.142857142857142
249 249 -3.071428571428571
250 250 3.5
251 251 -1.5714285714285714
252 252 4.7857142857142865
253 253 1.9999999999999998
254 254 -1.1428571428571428
255 255 0.4285714285714286
256 256 -9.857142857142858
257 257 -2.7857142857142856
258 258 -1.4285714285714288
259 259 -1.4285714285714288
260 260 -5.0
261 261 5.928571428571429
262 262 4.071428571428571
263 263 -4.071428571428572
264 264 -3.8571428571428568
265 265 -3.5
266 266 -2.428571428571429
267 267 -3.0000000000000004
268 268 -3.928571428571429
269 269 -6.357142857142857
270 270 -7.142857142857143
271 271 -3.928571428571429
272 272 -3.357142857142857
273 273 5.714285714285714
274 274 -1.3571428571428572
275 275 -1.1428571428571428
276 276 7.928571428571429
277 277 -6.714285714285714
278 278 -7.714285714285714
279 279 -0.5714285714285714
280 280 0.07142857142857206
281 281 0.4999999999999998
282 282 -2.571428571428571
283 283 0.7857142857142856
284 284 -1.2142857142857135
285 285 4.357142857142858
286 286 -2.571428571428571
287 287 2.5714285714285716
288 288 -6.5
289 289 -5.714285714285714
290 290 1.5
291 291 4.357142857142858
292 292 -1.0714285714285714
293 293 -0.7142857142857144
294 294 -2.428571428571429
295 295 -0.2857142857142856
296 296 -1.1428571428571428
297 297 5.571428571428571
298 298 7.857142857142858
299 299 -2.5
300 300 -2.5714285714285716
301 301 2.428571428571429
302 302 1.642857142857143
303 303 -2.0714285714285707
304 304 2.8571428571428577
305 305 -0.5714285714285718
306 306 -0.857142857142857
307 307 4.857142857142858
308 308 -0.4285714285714288
309 309 5.785714285714286
310 310 6.714285714285716
311 311 -7.142857142857142
312 312 -2.6428571428571432
313 313 0.1428571428571428
314 314 -4.642857142857142
315 315 1.357142857142857
316 316 2.428571428571429
317 317 3.928571428571428
318 318 -3.5714285714285716
319 319 -1.5000000000000002
320 320 -0.0714285714285714
321 321 -1.357142857142857
322 322 0.9285714285714279
323 323 1.6428571428571426
324 324 0.357142857142857
325 325 2.642857142857143
326 326 1.142857142857143
327 327 1.9285714285714288
328 328 -4.857142857142858
329 329 -0.9285714285714286
330 330 1.4999999999999996
331 331 -4.571428571428571
332 332 -0.35714285714285676
333 333 2.8571428571428568
335 335 0.4285714285714288
336 336 -5.071428571428571
337 337 -2.5000000000000004
338 338 -7.642857142857144
339 339 -4.285714285714286
340 340 3.9285714285714293
341 341 -2.071428571428572
342 342 0.6428571428571432
343 343 1.3571428571428572
344 344 -2.2142857142857144
345 345 -0.6428571428571428
346 346 -0.9285714285714286
347 347 -5.642857142857143
348 348 0.2142857142857153
349 349 2.5
350 350 -0.8571428571428572
351 351 -1.7142857142857144
352 352 3.2857142857142856
353 353 1.7857142857142858
354 354 4.928571428571429
355 355 0.8571428571428577
356 356 0.4285714285714284
357 357 -0.5
358 358 -4.571428571428572
359 359 1.0714285714285712
360 360 -4.928571428571429
361 361 0.8571428571428568
362 362 -0.35714285714285743
363 363 4.214285714285714
364 364 -1.2142857142857149
365 365 -1.7857142857142856
366 366 -3.7857142857142856
367 367 -6.642857142857143
368 368 -5.428571428571429
370 370 -2.7142857142857144
371 371 1.285714285714286
372 372 1.5714285714285714
373 373 -5.357142857142858
374 374 -3.6428571428571432
375 375 3.7142857142857144
376 376 -0.9285714285714284
377 377 0.42857142857142794
378 378 4.357142857142858
379 379 -1.1428571428571428
380 380 0.8571428571428565
381 381 5.642857142857143
382 382 1.142857142857143
383 383 -0.14285714285714324
384 384 2.2142857142857144
385 385 -2.7857142857142856
386 386 -0.357142857142857
387 387 -6.714285714285714
389 389 -3.1428571428571432
390 390 4.285714285714286
391 391 -1.2142857142857144
392 392 -3.2857142857142856
393 393 -0.7142857142857142
394 394 -2.8571428571428568
395 395 -5.142857142857142
396 396 -2.5714285714285716
397 397 -2.857142857142857
398 398 3.571428571428572
399 399 1.6428571428571428
400 400 -2.8571428571428577
401 401 -0.2857142857142858
402 402 -0.7857142857142858
403 403 1.4285714285714284
404 404 -4.928571428571429
405 405 -2.0
406 406 1.5714285714285716
407 407 -2.2142857142857144
408 408 4.071428571428571
409 409 -3.500000000000001
410 410 4.7857142857142865
411 411 -3.5
412 412 0.5714285714285714
413 413 1.7857142857142858
414 414 -2.928571428571429
415 415 -2.6428571428571432
416 416 0.642857142857143
417 417 0.9285714285714286
418 418 -2.1428571428571432
419 419 -3.928571428571429
420 420 2.3571428571428568
421 421 9.642857142857144
422 422 1.5714285714285714
423 423 -2.357142857142857
424 424 1.5714285714285714
425 425 -4.5
426 426 -0.5714285714285718
427 427 4.714285714285714
428 428 3.0
429 429 2.428571428571429
430 430 1.642857142857143
431 431 3.2857142857142856
432 432 -1.4285714285714286
433 433 -3.1428571428571432
434 434 0.2142857142857144
435 435 -1.1428571428571428
436 436 -2.571428571428571
437 437 -7.071428571428572
438 438 -2.2142857142857144
439 439 0.5
440 440 -3.7857142857142856
441 441 -5.571428571428572
442 442 0.8571428571428572
443 443 -3.5
444 444 -2.357142857142857
445 445 0.5000000000000004
446 446 1.5714285714285714
447 447 1.5714285714285714
448 448 1.8571428571428572
449 449 -1.642857142857143
450 450 -3.428571428571428
451 451 -7.642857142857143
452 452 9.0
453 453 -2.1428571428571432
454 454 2.7142857142857144
455 455 1.071428571428571
456 456 -4.5
457 457 -1.2142857142857144
458 458 -1.7142857142857149
459 459 -0.9285714285714282
460 460 3.0
461 461 -2.071428571428571
462 462 4.857142857142858
463 463 -0.7857142857142858
464 464 -3.5714285714285716
465 465 5.285714285714286
466 466 9.357142857142858
467 467 -5.428571428571429
468 468 6.428571428571429
469 469 7.285714285714286
471 471 3.928571428571429
472 472 -0.28571428571428603
473 473 0.2857142857142858
474 474 0.7857142857142856
475 475 4.142857142857142
476 476 -3.357142857142857
477 477 4.714285714285714
478 478 -3.5
479 479 3.285714285714285
480 480 2.0
481 481 3.071428571428571
482 482 -3.928571428571429
483 483 -2.6428571428571423
484 484 9.285714285714286
485 485 -1.9999999999999998
486 486 -2.928571428571428
487 487 -3.071428571428571
488 488 -6.357142857142858
489 489 6.0
490 490 0.8571428571428568
491 491 1.1428571428571435
492 492 1.0000000000000002
493 493 -9.785714285714285
494 494 -1.8571428571428572
495 495 -1.0
496 496 -2.7142857142857144
497 497 2.142857142857143
498 498 1.4285714285714288
499 499 -3.2857142857142856
500 500 4.571428571428572
501 501 2.2857142857142856
502 502 -4.071428571428571
503 503 2.7142857142857144
504 504 -2.928571428571429
505 505 0.4285714285714286
506 506 1.3571428571428572
507 507 -3.357142857142857
508 508 0.357142857142857
509 509 -4.214285714285715
510 510 4.071428571428571
511 511 0.7142857142857142
512 512 7.642857142857143
513 513 -0.3571428571428572
514 514 -1.7142857142857144
515 515 -4.642857142857142
516 516 0.9285714285714286
517 517 -4.357142857142857
518 518 -4.785714285714286
519 519 -3.1428571428571432
520 520 -0.07142857142857206
521 521 -1.357142857142857
522 522 -8.571428571428571
523 523 -2.7142857142857144
524 524 -2.071428571428571
525 525 -2.0
526 526 -5.7142857142857135
527 527 1.2142857142857144
528 528 3.928571428571429
529 529 3.0714285714285725
530 530 -4.0
531 531 -3.1428571428571432
532 532 -8.642857142857142
533 533 2.785714285714286
534 534 6.214285714285714
535 535 -1.4285714285714286
536 536 2.2142857142857144
537 537 0.6428571428571428
538 538 -0.2142857142857144
539 539 6.857142857142858
540 540 -1.3571428571428572
541 541 -3.2142857142857144
542 542 -1.928571428571428
543 543 5.357142857142858
544 544 -0.7857142857142858
545 545 -0.7142857142857142
546 546 -4.928571428571429
547 547 0.5714285714285714
548 548 -4.142857142857142
549 549 2.428571428571429
550 550 1.428571428571429
551 551 1.4285714285714293
552 552 1.7142857142857144
553 553 -8.214285714285715
554 554 -7.5
555 555 6.571428571428571
556 556 -2.642857142857143
557 557 -2.5000000000000004
558 558 -4.5
559 559 -0.7857142857142858
560 560 7.071428571428571
561 561 -4.571428571428571
562 562 1.7142857142857144
563 563 0.5714285714285712
564 564 -0.1428571428571428
565 565 3.071428571428571
566 566 -0.9999999999999998
567 567 0.2857142857142858
568 568 -5.428571428571428
569 569 7.357142857142858
570 570 3.7142857142857144
571 571 2.7142857142857144
572 572 5.5
573 573 -0.7142857142857142
574 574 -0.5714285714285712
575 575 3.5714285714285716
576 576 -1.6428571428571432
577 577 -1.2142857142857144
578 578 -1.4285714285714286
579 579 2.5
581 581 3.928571428571429
582 582 -0.28571428571428603
583 583 -2.220446049250313e-16
584 584 1.9285714285714286
585 585 -2.0
586 586 0.9285714285714286
587 587 1.1428571428571432
588 588 -3.0
589 589 -0.42857142857142816
590 590 -2.8571428571428568
591 591 -1.7142857142857146
592 592 -1.4285714285714284
593 593 0.8571428571428574
594 594 4.428571428571429
595 595 1.9285714285714286
596 596 1.7857142857142858
597 597 -2.2857142857142856
598 598 1.4285714285714286
599 599 2.0714285714285716
600 600 1.7142857142857142
601 601 3.3571428571428577
602 602 -3.7857142857142856
603 603 5.571428571428571
604 604 1.2142857142857142
605 605 -4.5
606 606 -4.357142857142858
607 607 -4.5
608 608 -6.071428571428572
609 609 -3.1428571428571432
610 610 8.642857142857142
611 611 4.642857142857142
612 612 3.857142857142857
613 613 3.428571428571429
614 614 -1.8571428571428572
615 615 -3.7857142857142856
616 616 -2.7142857142857144
617 617 -0.2857142857142849
618 618 -5.214285714285714
619 619 -5.214285714285714
620 620 -3.0
621 621 -1.7857142857142858
622 622 -0.9285714285714286
623 623 3.357142857142857
624 624 -0.785714285714286
625 625 2.0
626 626 8.071428571428571
627 627 -3.6428571428571423
628 628 -8.142857142857142
629 629 -7.2857142857142865
631 631 -0.2142857142857142
632 632 5.357142857142858
633 633 1.0714285714285714
634 634 -0.1428571428571428
635 635 2.5
636 636 3.142857142857143
637 637 2.5
638 638 -1.4285714285714286
639 639 0.785714285714286
640 640 1.0714285714285714
641 641 2.071428571428571
642 642 0.2857142857142858
643 643 2.0714285714285716
644 644 1.5714285714285714
645 645 5.142857142857142
646 646 -4.214285714285714
647 647 -3.0
648 648 0.1428571428571428
649 649 -3.1428571428571432
650 650 -0.2142857142857142
651 651 4.2857142857142865
652 652 5.642857142857142
653 653 -0.2857142857142858
654 654 -2.3571428571428568
655 655 -2.7857142857142856
656 656 -3.428571428571429
657 657 -4.428571428571428
658 658 0.6428571428571435
659 659 -2.571428571428571
660 660 0.7857142857142858
661 661 4.642857142857142
662 662 3.357142857142857
663 663 -5.285714285714286
664 664 2.2142857142857144
665 665 0.9285714285714284
666 666 -2.5
667 667 -3.071428571428572
668 668 3.5
669 669 3.1428571428571432
670 670 -4.42857142857143
671 671 -5.142857142857142
672 672 1.4285714285714277
673 673 -4.714285714285714
674 674 -4.5
675 675 -3.142857142857143
676 676 3.071428571428571
677 677 2.8571428571428568
678 678 1.5
679 679 1.214285714285714
680 680 4.428571428571429
681 681 3.857142857142857
682 682 2.2857142857142856
683 683 0.8571428571428572
684 684 4.428571428571429
685 685 4.571428571428572
686 686 0.35714285714285676
687 687 2.571428571428572
688 688 -0.7142857142857142
689 689 4.642857142857142
690 690 3.357142857142857
691 691 3.1428571428571432
692 692 4.7857142857142865
693 693 -1.8571428571428572
694 694 -4.428571428571429
1 2 -1.3571428571428572
1 10 1.7857142857142858
1 23 0.9285714285714286
1 53 1.3571428571428572
1 62 -2.0
2 3 -1.7857142857142858
2 10 -1.3571428571428572
2 11 -0.5714285714285714
2 89 2.0
2 97 -2.0
2 118 -2.0
2 123 -1.3571428571428572
3 11 -0.5714285714285714
3 12 1.3571428571428572
3 157 -2.0
3 186 0.9285714285714286
4 5 -2.0
4 273 -2.0
4 281 -0.9285714285714286
4 307 -0.9285714285714286
5 6 -2.0
5 342 0.5714285714285714
5 351 1.3571428571428572
5 378 -1.7857142857142858
6 7 0.9285714285714286
6 13 -2.0
6 407 -2.0
6 415 0.9285714285714286
6 437 2.0
7 8 -2.0
7 13 -1.3571428571428572
7 14 2.0
7 469 -2.0
7 504 -1.7857142857142858
7 514 -0.9285714285714286
8 9 2.0
8 14 -0.9285714285714286
8 15 -2.0
8 542 2.0
8 551 2.0
8 578 -0.5714285714285714
8 586 0.5714285714285714
9 15 -0.9285714285714286
9 16 -0.9285714285714286
9 613 -1.3571428571428572
9 623 0.9285714285714286
9 651 -2.0
9 659 0.5714285714285714
10 11 -2.0
10 53 0.5714285714285714
10 62 -2.0
10 89 -1.3571428571428572
10 97 0.9285714285714286
11 12 -2.0
11 118 0.9285714285714286
11 123 1.3571428571428572
11 151 0.9285714285714286
11 157 -1.7857142857142858
12 179 0.9285714285714286
12 186 -0.9285714285714286
12 208 2.0
12 215 0.9285714285714286
13 14 1.3571428571428572
13 437 2.0
13 469 -1.7857142857142858
14 15 1.7857142857142858
14 504 -2.0
14 514 1.3571428571428572
14 542 1.7857142857142858
14 551 2.0
15 16 1.7857142857142858
15 578 0.9285714285714286
15 586 -0.9285714285714286
15 613 1.3571428571428572
15 623 -0.9285714285714286
16 651 0.9285714285714286
16 659 0.9285714285714286
16 685 1.3571428571428572
16 693 0.9285714285714286
17 18 0.5714285714285714
17 25 -0.5714285714285714
17 159 -1.3571428571428572
18 19 0.9285714285714286
18 25 1.7857142857142858
18 26 -1.3571428571428572
18 188 -1.3571428571428572
18 216 -1.7857142857142858
19 20 -1.7857142857142858
19 26 1.7857142857142858
19 27 1.7857142857142858
19 248 -1.7857142857142858
19 283 -1.3571428571428572
20 27 0.9285714285714286
20 28 0.9285714285714286
20 316 -1.3571428571428572
20 353 -0.5714285714285714
21 22 0.5714285714285714
21 29 1.3571428571428572
21 445 2.0
21 479 -0.5714285714285714
22 29 1.7857142857142858
22 30 1.3571428571428572
22 516 -1.7857142857142858
22 553 2.0
23 24 0.9285714285714286
23 31 1.7857142857142858
23 661 -0.5714285714285714
24 31 0.5714285714285714
24 32 -1.3571428571428572
25 26 -2.0
25 159 -0.9285714285714286
25 188 -1.3571428571428572
26 27 -2.0
26 216 -0.5714285714285714
26 248 2.0
27 28 -0.9285714285714286
27 283 0.9285714285714286
27 316 1.7857142857142858
28 353 1.3571428571428572
29 30 1.7857142857142858
29 479 -2.0
29 516 0.5714285714285714
30 553 2.0
31 32 1.7857142857142858
32 38 -0.5714285714285714
32 54 -1.3571428571428572
32 62 -1.3571428571428572
33 39 0.5714285714285714
33 40 -1.7857142857142858
33 157 1.7857142857142858
33 180 0.9285714285714286
33 186 -0.5714285714285714
34 35 -1.7857142857142858
34 41 1.3571428571428572
34 281 -0.9285714285714286
34 308 0.9285714285714286
35 41 -2.0
35 42 -1.3571428571428572
35 343 -0.9285714285714286
35 351 0.9285714285714286
35 379 -2.0
36 43 0.5714285714285714
36 44 2.0
36 470 2.0
36 505 0.9285714285714286
36 514 0.9285714285714286
37 44 1.7857142857142858
37 543 2.0
37 551 -1.3571428571428572
37 579 -2.0
37 586 -0.5714285714285714
38 39 1.7857142857142858
38 54 0.5714285714285714
38 62 -0.5714285714285714
38 90 1.7857142857142858
38 97 0.5714285714285714
39 40 -1.3571428571428572
39 119 -1.7857142857142858
39 123 -0.9285714285714286
39 157 -2.0
40 180 -0.5714285714285714
40 186 2.0
40 209 0.5714285714285714
40 215 -2.0
41 42 1.3571428571428572
41 308 0.9285714285714286
41 343 1.3571428571428572
42 43 2.0
42 379 1.3571428571428572
42 408 -0.5714285714285714
42 415 1.7857142857142858
43 44 -1.3571428571428572
43 470 -1.3571428571428572
44 505 -1.7857142857142858
44 514 -0.9285714285714286
44 543 -2.0
44 551 0.9285714285714286
45 652 1.7857142857142858
45 659 1.3571428571428572
45 686 -1.3571428571428572
45 693 -0.5714285714285714
46 55 1.7857142857142858
46 135 -0.5714285714285714
46 159 -0.9285714285714286
46 166 -0.9285714285714286
47 48 0.9285714285714286
47 56 0.5714285714285714
47 248 0.9285714285714286
47 257 1.3571428571428572
47 283 -1.7857142857142858
48 49 1.3571428571428572
48 56 -0.9285714285714286
48 57 2.0
48 316 -1.7857142857142858
48 353 -1.7857142857142858
49 50 -0.5714285714285714
49 57 -0.9285714285714286
49 58 -1.3571428571428572
49 424 1.3571428571428572
50 51 -2.0
50 58 1.7857142857142858
50 59 1.3571428571428572
50 445 1.7857142857142858
50 452 -2.0
50 479 -2.0
50 488 0.9285714285714286
51 52 1.3571428571428572
51 59 -1.3571428571428572
51 60 -0.5714285714285714
51 516 -2.0
51 525 0.9285714285714286
51 553 1.3571428571428572
51 561 1.7857142857142858
52 53 2.0
52 60 -1.7857142857142858
52 61 -0.5714285714285714
52 595 -0.9285714285714286
52 634 -0.5714285714285714
53 54 -1.3571428571428572
53 61 1.3571428571428572
53 62 -0.9285714285714286
53 661 -1.3571428571428572
53 669 -0.5714285714285714
54 62 -1.3571428571428572
54 63 1.3571428571428572
54 72 -1.3571428571428572
55 159 -0.5714285714285714
55 166 -2.0
55 188 2.0
55 195 2.0
56 283 -0.5714285714285714
56 316 0.9285714285714286
57 58 -1.7857142857142858
57 353 0.5714285714285714
58 59 -0.9285714285714286
58 424 -0.9285714285714286
58 445 -1.3571428571428572
58 452 -1.7857142857142858
59 60 -2.0
59 479 0.9285714285714286
59 488 0.9285714285714286
59 516 1.3571428571428572
59 525 -1.7857142857142858
60 61 1.3571428571428572
60 553 1.3571428571428572
60 561 1.7857142857142858
60 595 -0.5714285714285714
61 62 -1.3571428571428572
61 634 -1.7857142857142858
61 661 -1.3571428571428572
62 63 1.3571428571428572
63 72 2.0
63 98 -1.7857142857142858
63 105 -0.5714285714285714
64 65 -1.3571428571428572
64 72 1.3571428571428572
64 73 -1.7857142857142858
64 90 -0.9285714285714286
64 119 2.0
64 124 2.0
65 66 -0.5714285714285714
65 73 1.3571428571428572
65 158 1.3571428571428572
65 180 1.3571428571428572
65 187 1.7857142857142858
66 67 -1.7857142857142858
66 74 -0.5714285714285714
66 209 -2.0
66 247 0.5714285714285714
67 68 2.0
67 74 -0.9285714285714286
67 75 1.3571428571428572
67 282 1.3571428571428572
67 308 -1.3571428571428572
67 315 0.9285714285714286
68 69 -0.5714285714285714
68 75 1.7857142857142858
68 76 -2.0
68 343 -2.0
68 352 1.7857142857142858
68 379 0.5714285714285714
68 387 0.9285714285714286
69 76 1.7857142857142858
69 77 -0.5714285714285714
69 408 -0.5714285714285714
69 416 -1.7857142857142858
69 444 0.5714285714285714
70 71 1.3571428571428572
70 78 -0.5714285714285714
70 79 -2.0
70 543 0.9285714285714286
70 552 -0.5714285714285714
70 579 -2.0
70 587 2.0
71 79 -2.0
71 80 -2.0
71 624 -0.5714285714285714
71 652 -0.9285714285714286
71 660 2.0
72 73 -1.7857142857142858
72 90 1.7857142857142858
73 119 1.3571428571428572
73 124 -1.7857142857142858
73 158 -0.5714285714285714
74 75 2.0
74 247 -1.7857142857142858
74 282 2.0
75 76 -1.3571428571428572
75 308 0.5714285714285714
75 315 0.9285714285714286
75 352 -1.7857142857142858
76 77 -2.0
76 379 -1.3571428571428572
76 387 1.7857142857142858
76 408 -0.5714285714285714
76 416 1.3571428571428572
77 78 -1.3571428571428572
77 444 1.7857142857142858
77 470 1.3571428571428572
78 79 2.0
78 505 -2.0
78 515 -0.5714285714285714
78 543 -1.7857142857142858
78 552 -1.7857142857142858
79 80 0.5714285714285714
79 579 0.9285714285714286
79 587 1.7857142857142858
79 614 2.0
79 624 1.7857142857142858
80 652 -1.3571428571428572
80 660 -1.3571428571428572
80 686 -0.5714285714285714
80 694 0.9285714285714286
81 82 1.3571428571428572
81 91 1.7857142857142858
81 126 -1.3571428571428572
81 135 -2.0
81 160 -0.5714285714285714
81 166 2.0
82 83 1.7857142857142858
82 91 0.5714285714285714
82 92 1.3571428571428572
82 195 0.5714285714285714
82 222 2.0
83 84 0.9285714285714286
83 92 -0.5714285714285714
83 93 -0.5714285714285714
83 249 1.7857142857142858
83 257 2.0
83 284 0.9285714285714286
84 85 -2.0
84 93 1.3571428571428572
84 94 -0.9285714285714286
84 317 -2.0
84 354 -1.7857142857142858
85 86 2.0
85 94 -1.3571428571428572
85 388 -1.7857142857142858
85 424 -2.0
86 87 1.3571428571428572
86 95 0.5714285714285714
86 446 0.9285714285714286
86 452 -1.7857142857142858
86 480 0.5714285714285714
86 488 1.7857142857142858
87 88 0.5714285714285714
87 95 -0.9285714285714286
87 525 1.3571428571428572
87 554 2.0
87 561 -0.5714285714285714
88 89 -0.9285714285714286
88 96 -1.3571428571428572
88 588 2.0
88 595 1.3571428571428572
88 625 1.3571428571428572
88 634 2.0
89 90 1.7857142857142858
89 96 1.3571428571428572
89 97 -0.5714285714285714
89 669 0.5714285714285714
90 97 -0.5714285714285714
91 160 1.7857142857142858
91 166 1.7857142857142858
91 195 -2.0
92 93 0.9285714285714286
92 222 -0.5714285714285714
92 249 -0.9285714285714286
92 257 -1.7857142857142858
93 94 -2.0
93 284 1.3571428571428572
93 317 -0.5714285714285714
94 354 1.7857142857142858
94 388 1.7857142857142858
95 480 -0.5714285714285714
95 488 1.7857142857142858
96 97 0.9285714285714286
96 625 -1.7857142857142858
96 634 0.9285714285714286
96 669 -1.7857142857142858
98 105 2.0
99 100 -2.0
99 106 1.3571428571428572
99 107 -0.5714285714285714
99 158 0.9285714285714286
99 187 -1.3571428571428572
100 101 -2.0
100 107 -0.9285714285714286
100 108 -2.0
100 247 2.0
101 102 1.7857142857142858
101 108 1.3571428571428572
101 109 0.9285714285714286
101 282 -0.5714285714285714
101 315 0.5714285714285714
102 109 0.5714285714285714
102 352 0.5714285714285714
102 387 2.0
103 104 1.7857142857142858
103 110 -2.0
103 515 0.9285714285714286
104 110 -1.7857142857142858
104 552 0.9285714285714286
104 587 -1.7857142857142858
105 106 -0.9285714285714286
106 107 0.5714285714285714
106 124 1.3571428571428572
107 108 -0.9285714285714286
107 187 -0.5714285714285714
108 109 -1.7857142857142858
108 247 -2.0
108 282 -2.0
109 315 -1.7857142857142858
109 352 -0.9285714285714286
110 515 0.9285714285714286
110 552 2.0
111 660 0.5714285714285714
111 694 0.9285714285714286
112 113 -0.9285714285714286
112 126 0.9285714285714286
112 136 1.7857142857142858
112 160 -0.5714285714285714
112 167 1.7857142857142858
113 114 0.9285714285714286
113 196 0.9285714285714286
113 223 -0.9285714285714286
114 120 -2.0
114 249 0.9285714285714286
114 258 -0.9285714285714286
114 284 0.5714285714285714
114 291 -1.7857142857142858
115 116 -0.5714285714285714
115 121 1.3571428571428572
115 446 -1.3571428571428572
115 480 0.9285714285714286
115 489 -1.3571428571428572
116 117 -1.3571428571428572
116 526 1.7857142857142858
116 554 0.9285714285714286
116 562 -1.7857142857142858
117 118 1.7857142857142858
117 122 -2.0
117 588 1.3571428571428572
117 596 1.7857142857142858
117 625 -2.0
117 635 0.5714285714285714
118 119 -2.0
118 122 0.5714285714285714
118 123 -1.7857142857142858
119 123 0.9285714285714286
119 124 2.0
120 284 -0.9285714285714286
120 291 -2.0
120 317 -0.5714285714285714
120 326 -1.3571428571428572
121 480 -1.3571428571428572
121 489 -1.7857142857142858
121 526 2.0
122 625 0.9285714285714286
122 635 -0.9285714285714286
123 124 1.3571428571428572
125 126 2.0
125 135 -0.5714285714285714
126 127 -1.3571428571428572
126 136 0.5714285714285714
127 128 0.9285714285714286
127 136 -0.9285714285714286
127 137 -1.7857142857142858
127 144 -0.5714285714285714
127 175 -0.9285714285714286
128 129 -1.7857142857142858
128 137 -2.0
128 138 1.7857142857142858
128 231 -1.3571428571428572
129 130 0.5714285714285714
129 138 0.5714285714285714
129 139 1.7857142857142858
129 266 -0.5714285714285714
129 300 2.0
130 131 1.3571428571428572
130 139 -1.3571428571428572
130 140 2.0
130 370 1.7857142857142858
131 132 0.5714285714285714
131 140 1.7857142857142858
131 141 -0.9285714285714286
131 400 0.5714285714285714
131 430 0.5714285714285714
132 133 -1.3571428571428572
132 141 -1.3571428571428572
132 462 -1.7857142857142858
132 496 1.7857142857142858
133 134 1.3571428571428572
133 142 2.0
133 535 2.0
133 571 -1.7857142857142858
134 142 -0.9285714285714286
134 143 -0.9285714285714286
134 605 1.3571428571428572
134 643 -1.7857142857142858
135 136 0.9285714285714286
136 137 1.3571428571428572
137 138 1.7857142857142858
137 175 1.7857142857142858
138 139 -2.0
138 231 -0.5714285714285714
138 266 -0.5714285714285714
139 140 0.5714285714285714
139 300 0.9285714285714286
140 141 -0.5714285714285714
140 370 0.9285714285714286
140 400 -1.7857142857142858
141 430 0.9285714285714286
141 462 1.7857142857142858
142 143 2.0
142 571 -1.3571428571428572
142 605 0.5714285714285714
143 643 -0.9285714285714286
143 678 -0.9285714285714286
144 145 0.9285714285714286
144 152 -2.0
144 161 0.9285714285714286
144 167 0.5714285714285714
145 146 -1.7857142857142858
145 152 -0.9285714285714286
145 153 1.7857142857142858
145 196 -0.9285714285714286
145 217 -1.3571428571428572
145 223 -0.5714285714285714
146 153 -0.9285714285714286
146 154 0.5714285714285714
146 250 -2.0
146 258 -1.3571428571428572
146 285 -2.0
146 291 1.3571428571428572
147 154 -0.9285714285714286
147 155 -1.3571428571428572
147 318 -1.3571428571428572
147 326 -0.5714285714285714
147 355 0.9285714285714286
147 363 0.9285714285714286
148 149 0.5714285714285714
148 453 1.7857142857142858
148 481 1.7857142857142858
148 489 -0.5714285714285714
149 150 0.5714285714285714
149 156 1.3571428571428572
149 517 -0.5714285714285714
149 526 0.9285714285714286
149 562 -0.9285714285714286
150 151 -0.5714285714285714
150 589 -1.7857142857142858
150 596 -0.5714285714285714
150 626 -1.7857142857142858
150 635 1.3571428571428572
151 157 -0.9285714285714286
151 662 -1.3571428571428572
152 161 -2.0
152 167 0.9285714285714286
152 196 -2.0
153 154 -0.5714285714285714
153 217 -1.7857142857142858
153 223 -0.9285714285714286
153 250 -2.0
153 258 1.7857142857142858
154 155 -0.5714285714285714
154 285 -2.0
154 291 1.7857142857142858
154 318 1.3571428571428572
154 326 -0.9285714285714286
155 355 1.3571428571428572
155 363 -2.0
156 562 0.9285714285714286
156 589 0.9285714285714286
156 596 -1.7857142857142858
157 158 0.9285714285714286
159 160 -1.7857142857142858
159 166 -1.3571428571428572
160 161 0.5714285714285714
160 166 -2.0
160 167 -1.7857142857142858
161 162 -0.9285714285714286
161 167 2.0
161 168 0.9285714285714286
161 175 -0.5714285714285714
161 181 0.5714285714285714
162 168 -2.0
162 169 1.7857142857142858
162 231 1.7857142857142858
162 239 -1.7857142857142858
163 164 -0.5714285714285714
163 172 0.9285714285714286
163 462 -2.0
163 471 2.0
163 496 0.5714285714285714
163 506 -1.3571428571428572
164 165 1.3571428571428572
164 173 0.9285714285714286
164 535 1.3571428571428572
164 544 -1.3571428571428572
164 571 1.7857142857142858
165 173 1.3571428571428572
165 174 -1.3571428571428572
165 605 -1.7857142857142858
165 615 0.5714285714285714
165 643 0.5714285714285714
165 653 -2.0
166 167 -1.7857142857142858
167 168 -1.3571428571428572
168 169 -0.5714285714285714
168 181 -1.3571428571428572
169 170 -0.5714285714285714
169 231 1.7857142857142858
169 239 0.9285714285714286
169 266 1.7857142857142858
169 274 1.3571428571428572
170 171 1.3571428571428572
170 300 2.0
170 309 -2.0
171 172 -2.0
171 370 0.5714285714285714
171 380 -1.7857142857142858
171 400 0.9285714285714286
171 409 1.3571428571428572
172 430 -1.3571428571428572
172 462 -0.9285714285714286
172 471 -1.7857142857142858
173 174 0.9285714285714286
173 571 -1.3571428571428572
173 605 2.0
173 615 2.0
174 643 -0.5714285714285714
174 653 0.9285714285714286
174 678 -0.5714285714285714
175 176 0.9285714285714286
175 181 -2.0
176 181 -1.3571428571428572
176 182 -0.9285714285714286
176 197 1.3571428571428572
176 217 -0.5714285714285714
176 224 2.0
177 184 1.7857142857142858
177 454 -1.3571428571428572
177 481 1.3571428571428572
177 490 -0.5714285714285714
178 179 -1.3571428571428572
178 185 -1.7857142857142858
178 589 0.5714285714285714
178 597 -2.0
178 626 1.3571428571428572
178 636 1.7857142857142858
179 180 -1.7857142857142858
179 185 -0.9285714285714286
179 186 -2.0
179 662 -1.7857142857142858
179 670 0.9285714285714286
180 186 -1.3571428571428572
180 187 -2.0
181 182 -2.0
181 197 -1.7857142857142858
182 217 -0.5714285714285714
182 224 -0.9285714285714286
182 250 -2.0
182 259 -2.0
183 355 1.7857142857142858
184 481 -0.9285714285714286
184 490 1.7857142857142858
184 517 0.5714285714285714
184 527 0.9285714285714286
185 186 1.3571428571428572
185 626 -1.7857142857142858
185 636 -0.9285714285714286
185 662 -1.3571428571428572
185 670 2.0
186 187 -2.0
188 195 0.9285714285714286
189 190 -1.3571428571428572
189 197 1.3571428571428572
189 198 1.3571428571428572
189 202 -0.5714285714285714
189 232 2.0
189 239 1.3571428571428572
190 191 1.7857142857142858
190 198 -0.9285714285714286
190 274 -1.7857142857142858
190 309 -2.0
191 192 0.5714285714285714
191 199 -0.9285714285714286
191 335 0.9285714285714286
191 371 0.9285714285714286
191 380 -0.9285714285714286
192 193 2.0
192 199 -2.0
192 401 2.0
192 409 2.0
192 431 -1.7857142857142858
193 463 2.0
193 471 -2.0
193 497 1.3571428571428572
193 506 1.3571428571428572
194 200 -1.3571428571428572
194 201 -1.7857142857142858
194 606 -0.9285714285714286
194 644 0.9285714285714286
194 653 1.7857142857142858
195 196 -0.9285714285714286
196 197 2.0
197 198 -0.5714285714285714
197 202 -2.0
198 232 1.3571428571428572
198 239 0.5714285714285714
198 274 -0.5714285714285714
199 371 1.3571428571428572
199 380 -1.3571428571428572
199 401 -1.3571428571428572
199 409 -2.0
200 201 -0.9285714285714286
200 606 -1.7857142857142858
200 615 -2.0
201 653 -0.9285714285714286
202 203 2.0
202 210 0.5714285714285714
202 218 -0.5714285714285714
202 224 -1.7857142857142858
203 204 1.7857142857142858
203 210 0.5714285714285714
203 211 0.9285714285714286
203 251 2.0
203 259 -1.7857142857142858
203 286 -0.5714285714285714
203 292 0.9285714285714286
204 205 -0.5714285714285714
204 211 -2.0
204 212 -2.0
204 319 1.7857142857142858
204 327 -1.3571428571428572
204 356 0.5714285714285714
205 206 -0.9285714285714286
205 389 -1.3571428571428572
205 417 -2.0
206 213 -1.3571428571428572
206 447 1.3571428571428572
206 454 -0.5714285714285714
207 208 -1.7857142857142858
207 214 1.7857142857142858
207 590 -2.0
207 597 -1.3571428571428572
207 627 1.7857142857142858
207 636 -2.0
208 209 0.5714285714285714
208 214 -1.3571428571428572
208 215 -1.7857142857142858
208 663 -0.9285714285714286
208 670 1.3571428571428572
209 215 -0.9285714285714286
210 211 1.7857142857142858
210 218 -1.3571428571428572
210 224 1.7857142857142858
210 251 -0.9285714285714286
210 259 0.5714285714285714
211 212 -0.9285714285714286
211 286 -0.9285714285714286
211 292 -0.5714285714285714
211 319 0.9285714285714286
211 327 -0.5714285714285714
212 356 0.5714285714285714
212 389 -1.3571428571428572
213 482 0.9285714285714286
213 490 -1.7857142857142858
213 527 -0.5714285714285714
214 215 1.3571428571428572
214 627 1.7857142857142858
214 636 1.7857142857142858
214 663 1.3571428571428572
214 670 -1.3571428571428572
216 222 0.9285714285714286
217 218 2.0
217 223 -0.9285714285714286
217 224 -2.0
218 219 -0.9285714285714286
218 224 -1.7857142857142858
218 225 0.9285714285714286
218 232 -1.7857142857142858
218 240 -1.3571428571428572
219 225 -1.7857142857142858
219 226 0.9285714285714286
219 275 2.0
219 301 2.0
219 310 -2.0
220 227 1.3571428571428572
220 228 -1.3571428571428572
220 401 -0.5714285714285714
220 410 -0.5714285714285714
220 431 1.7857142857142858
221 230 -0.5714285714285714
221 606 1.3571428571428572
221 616 0.9285714285714286
221 644 2.0
221 654 -1.3571428571428572
222 223 2.0
223 224 1.7857142857142858
224 225 -2.0
225 226 1.7857142857142858
225 232 -0.9285714285714286
225 240 1.3571428571428572
225 275 1.3571428571428572
226 227 0.9285714285714286
226 301 -1.7857142857142858
226 310 1.7857142857142858
226 335 1.3571428571428572
226 344 1.7857142857142858
227 228 2.0
227 371 -1.7857142857142858
227 381 -0.5714285714285714
227 401 0.5714285714285714
227 410 -0.9285714285714286
228 229 1.7857142857142858
228 431 -0.9285714285714286
228 463 -2.0
228 472 -2.0
229 497 -0.9285714285714286
229 507 0.5714285714285714
229 536 -2.0
229 545 2.0
230 644 -1.3571428571428572
230 654 -1.7857142857142858
231 232 1.3571428571428572
231 239 1.3571428571428572
232 233 1.7857142857142858
232 239 -0.5714285714285714
232 240 0.5714285714285714
233 234 1.3571428571428572
233 240 0.5714285714285714
233 241 -1.3571428571428572
233 251 -0.5714285714285714
233 260 0.5714285714285714
233 286 -1.3571428571428572
233 293 -2.0
234 235 0.5714285714285714
234 241 -0.9285714285714286
234 242 -2.0
234 319 -2.0
234 328 -1.7857142857142858
234 356 -1.3571428571428572
234 364 -0.5714285714285714
235 236 -1.7857142857142858
235 242 2.0
235 243 -2.0
235 389 1.3571428571428572
235 394 -1.7857142857142858
235 417 0.5714285714285714
235 425 1.7857142857142858
236 237 -1.3571428571428572
236 244 -2.0
236 455 -0.9285714285714286
236 482 0.9285714285714286
236 491 0.9285714285714286
237 238 2.0
237 518 2.0
237 528 1.7857142857142858
237 555 -0.5714285714285714
237 564 0.5714285714285714
238 245 -2.0
238 590 2.0
238 598 -1.3571428571428572
238 627 2.0
238 637 -1.3571428571428572
239 240 1.7857142857142858
240 241 -1.7857142857142858
240 251 2.0
240 260 0.9285714285714286
241 242 -1.3571428571428572
241 286 2.0
241 293 0.5714285714285714
241 319 -0.9285714285714286
241 328 1.7857142857142858
242 243 -1.7857142857142858
242 356 -2.0
242 364 -2.0
242 389 1.7857142857142858
242 394 0.9285714285714286
243 244 2.0
243 417 0.9285714285714286
243 425 1.7857142857142858
243 447 -0.5714285714285714
243 455 -1.3571428571428572
244 482 0.5714285714285714
244 491 1.3571428571428572
245 246 0.5714285714285714
245 627 0.5714285714285714
245 637 0.5714285714285714
245 671 1.7857142857142858
246 247 0.9285714285714286
248 249 2.0
248 257 2.0
249 250 2.0
249 257 -1.3571428571428572
249 258 -1.3571428571428572
250 251 -1.7857142857142858
250 258 1.3571428571428572
250 259 0.9285714285714286
251 252 -0.9285714285714286
251 259 1.7857142857142858
252 253 0.5714285714285714
252 260 0.5714285714285714
252 261 -1.7857142857142858
252 267 0.9285714285714286
252 275 -1.7857142857142858
252 302 -0.5714285714285714
252 310 -1.7857142857142858
253 261 -2.0
253 262 -1.7857142857142858
253 336 1.3571428571428572
253 344 1.3571428571428572
253 372 -0.5714285714285714
253 381 -0.9285714285714286
254 255 0.9285714285714286
254 263 1.7857142857142858
254 264 -1.3571428571428572
254 464 2.0
254 472 -1.7857142857142858
254 498 -1.7857142857142858
254 507 1.3571428571428572
255 256 2.0
255 264 -1.7857142857142858
255 265 -0.5714285714285714
255 537 -2.0
255 545 1.7857142857142858
255 572 0.5714285714285714
255 580 -1.3571428571428572
256 265 1.7857142857142858
256 607 2.0
256 616 0.9285714285714286
256 645 1.3571428571428572
256 654 1.7857142857142858
257 258 0.5714285714285714
258 259 1.3571428571428572
259 260 0.5714285714285714
260 261 -0.5714285714285714
260 267 2.0
260 275 0.9285714285714286
261 262 0.5714285714285714
261 302 -1.3571428571428572
261 310 -1.3571428571428572
261 336 0.5714285714285714
262 263 -0.5714285714285714
262 372 1.3571428571428572
262 381 -1.3571428571428572
262 402 -0.9285714285714286
262 410 -1.3571428571428572
263 264 -0.5714285714285714
263 432 2.0
263 464 2.0
263 472 -0.5714285714285714
264 265 1.7857142857142858
264 498 2.0
264 507 2.0
264 537 1.7857142857142858
265 572 -2.0
265 580 0.5714285714285714
265 607 1.3571428571428572
265 616 0.5714285714285714
266 274 1.7857142857142858
267 268 -0.5714285714285714
267 275 -0.5714285714285714
267 276 -0.5714285714285714
267 293 1.7857142857142858
268 269 1.7857142857142858
268 276 -0.5714285714285714
268 277 0.9285714285714286
268 320 0.5714285714285714
268 328 -0.9285714285714286
268 357 1.3571428571428572
268 364 1.3571428571428572
269 270 2.0
269 277 1.7857142857142858
269 390 -1.3571428571428572
269 394 1.3571428571428572
269 418 -0.5714285714285714
269 425 1.3571428571428572
270 271 1.3571428571428572
270 278 1.7857142857142858
270 455 -0.5714285714285714
270 483 2.0
270 491 0.5714285714285714
271 272 1.3571428571428572
271 278 1.3571428571428572
271 279 -1.3571428571428572
271 519 1.7857142857142858
271 528 -0.5714285714285714
271 556 0.5714285714285714
271 564 -0.5714285714285714
272 273 -0.5714285714285714
272 279 1.3571428571428572
272 280 -0.5714285714285714
272 598 0.5714285714285714
272 628 -0.5714285714285714
272 637 1.7857142857142858
273 280 -0.9285714285714286
273 281 1.3571428571428572
273 664 -1.7857142857142858
273 671 -1.7857142857142858
274 275 0.5714285714285714
275 276 -1.3571428571428572
276 287 -2.0
276 293 -2.0
276 320 -2.0
276 328 0.5714285714285714
277 357 2.0
277 364 2.0
277 390 -1.3571428571428572
277 394 1.3571428571428572
278 279 0.9285714285714286
278 483 1.3571428571428572
278 519 1.3571428571428572
278 528 0.9285714285714286
279 280 -0.9285714285714286
279 556 0.9285714285714286
279 564 0.5714285714285714
279 598 -0.9285714285714286
280 281 -1.7857142857142858
280 628 1.3571428571428572
280 637 -0.5714285714285714
280 664 1.3571428571428572
280 671 2.0
281 282 1.7857142857142858
283 284 2.0
284 285 -0.9285714285714286
284 291 -1.7857142857142858
285 286 0.5714285714285714
285 291 -0.5714285714285714
285 292 0.5714285714285714
286 287 1.3571428571428572
286 292 0.9285714285714286
286 293 0.5714285714285714
287 288 0.5714285714285714
287 293 1.7857142857142858
287 294 -2.0
287 302 -0.9285714285714286
287 311 -1.3571428571428572
288 289 -1.7857142857142858
288 294 1.7857142857142858
288 295 2.0
288 336 0.5714285714285714
288 345 1.3571428571428572
288 382 2.0
289 295 0.9285714285714286
289 296 1.3571428571428572
289 402 1.7857142857142858
289 411 2.0
289 432 -0.5714285714285714
289 438 2.0
290 298 -2.0
290 299 2.0
290 607 1.7857142857142858
290 617 -1.3571428571428572
290 645 -1.3571428571428572
290 655 -0.5714285714285714
291 292 -1.3571428571428572
292 293 0.5714285714285714
293 294 -0.5714285714285714
294 295 -2.0
294 302 2.0
294 311 2.0
294 336 -0.5714285714285714
294 345 1.7857142857142858
295 296 2.0
295 372 0.5714285714285714
295 382 -0.9285714285714286
295 402 -0.9285714285714286
295 411 -1.3571428571428572
296 297 0.9285714285714286
296 432 0.5714285714285714
296 438 -0.5714285714285714
296 464 -1.7857142857142858
296 473 -1.3571428571428572
297 298 -0.9285714285714286
297 498 -1.7857142857142858
297 508 -2.0
297 537 -1.7857142857142858
298 299 0.5714285714285714
298 572 -0.5714285714285714
298 581 -1.7857142857142858
298 607 -1.3571428571428572
298 617 -1.7857142857142858
299 645 -2.0
299 679 1.3571428571428572
299 687 0.5714285714285714
300 301 -1.7857142857142858
300 309 -0.5714285714285714
301 302 0.5714285714285714
301 309 0.5714285714285714
301 310 -2.0
302 303 -1.3571428571428572
302 310 -1.3571428571428572
302 311 1.3571428571428572
303 304 0.5714285714285714
303 311 2.0
303 312 1.7857142857142858
303 320 -0.5714285714285714
303 329 0.5714285714285714
303 357 -0.9285714285714286
304 305 -0.5714285714285714
304 312 0.5714285714285714
304 390 -2.0
304 395 0.5714285714285714
304 418 -2.0
305 456 -2.0
305 483 1.3571428571428572
305 492 1.7857142857142858
306 307 -1.7857142857142858
306 313 -1.3571428571428572
306 314 2.0
306 599 -2.0
306 628 2.0
306 638 2.0
307 308 1.3571428571428572
307 314 -0.5714285714285714
307 664 -0.9285714285714286
307 672 -2.0
308 315 -2.0
309 310 -1.7857142857142858
310 311 1.7857142857142858
311 312 -0.9285714285714286
311 320 0.9285714285714286
311 329 1.3571428571428572
312 357 -0.5714285714285714
312 395 1.7857142857142858
313 314 -0.5714285714285714
313 556 1.7857142857142858
313 565 -2.0
313 599 2.0
314 628 2.0
314 638 -0.5714285714285714
314 664 0.5714285714285714
314 672 1.7857142857142858
316 317 -2.0
317 318 1.7857142857142858
317 326 -0.5714285714285714
318 319 1.3571428571428572
318 326 1.3571428571428572
318 327 -0.9285714285714286
319 320 0.5714285714285714
319 327 -2.0
319 328 1.7857142857142858
320 321 0.5714285714285714
320 328 2.0
320 329 -2.0
321 322 -2.0
321 329 2.0
321 330 2.0
321 337 2.0
321 345 -0.9285714285714286
321 373 -0.9285714285714286
321 382 -1.3571428571428572
322 323 0.9285714285714286
322 330 0.9285714285714286
322 331 2.0
322 403 -0.9285714285714286
322 411 -0.9285714285714286
322 433 -0.9285714285714286
323 324 1.7857142857142858
323 331 -0.5714285714285714
323 332 -2.0
323 473 0.5714285714285714
323 499 -1.7857142857142858
323 508 -0.5714285714285714
324 325 -2.0
324 332 -0.9285714285714286
324 333 1.3571428571428572
324 538 -0.5714285714285714
324 573 -0.9285714285714286
324 581 0.9285714285714286
325 333 1.3571428571428572
325 334 -1.3571428571428572
325 608 1.7857142857142858
325 617 -0.9285714285714286
325 646 -0.9285714285714286
325 655 -0.5714285714285714
326 327 0.9285714285714286
327 328 2.0
328 329 -0.5714285714285714
329 330 -1.3571428571428572
329 345 0.9285714285714286
330 331 0.5714285714285714
330 373 -0.9285714285714286
330 382 -1.3571428571428572
330 403 -1.3571428571428572
331 332 0.5714285714285714
331 433 2.0
331 438 -0.5714285714285714
331 473 0.5714285714285714
332 333 -1.7857142857142858
332 499 1.3571428571428572
332 508 1.3571428571428572
332 538 1.7857142857142858
333 334 -2.0
333 573 0.5714285714285714
333 581 -2.0
333 608 -0.9285714285714286
333 617 0.5714285714285714
334 646 2.0
334 655 1.3571428571428572
334 680 1.3571428571428572
334 687 -1.3571428571428572
335 336 -0.9285714285714286
335 344 -1.7857142857142858
336 337 0.9285714285714286
336 344 1.7857142857142858
336 345 1.3571428571428572
337 338 1.3571428571428572
337 345 -2.0
337 346 -1.7857142857142858
337 358 2.0
338 339 1.3571428571428572
338 346 0.9285714285714286
338 347 1.3571428571428572
338 391 -0.9285714285714286
338 395 1.7857142857142858
338 419 1.7857142857142858
339 340 -1.3571428571428572
339 347 2.0
339 348 1.7857142857142858
339 456 2.0
339 484 -0.5714285714285714
339 492 -0.9285714285714286
340 341 -0.5714285714285714
340 348 2.0
340 349 1.3571428571428572
340 520 -2.0
340 529 -1.3571428571428572
340 557 -2.0
341 342 2.0
341 350 1.7857142857142858
341 591 -2.0
341 629 1.7857142857142858
341 638 -0.9285714285714286
342 343 0.5714285714285714
342 350 -2.0
342 351 -0.9285714285714286
342 665 0.9285714285714286
342 672 -1.7857142857142858
343 351 0.5714285714285714
343 352 -0.9285714285714286
344 345 -0.9285714285714286
345 346 -0.9285714285714286
346 347 1.7857142857142858
346 358 0.9285714285714286
346 391 0.9285714285714286
346 395 -0.9285714285714286
347 348 1.3571428571428572
347 419 -1.7857142857142858
347 456 0.9285714285714286
348 349 -1.3571428571428572
348 484 -1.7857142857142858
348 492 1.3571428571428572
348 520 -1.7857142857142858
348 529 -1.7857142857142858
349 350 0.9285714285714286
349 557 -1.7857142857142858
349 565 -0.5714285714285714
349 591 0.9285714285714286
349 599 -2.0
350 351 1.7857142857142858
350 629 0.9285714285714286
350 638 -1.3571428571428572
350 665 0.5714285714285714
350 672 -1.7857142857142858
351 352 -2.0
353 354 -1.3571428571428572
354 355 -1.7857142857142858
354 363 -1.7857142857142858
355 356 -1.7857142857142858
355 363 -1.3571428571428572
356 357 1.7857142857142858
356 364 1.7857142857142858
357 358 -1.7857142857142858
357 364 -1.3571428571428572
358 359 2.0
358 365 -0.5714285714285714
358 373 2.0
359 360 0.9285714285714286
359 365 -2.0
359 366 -0.9285714285714286
359 403 0.9285714285714286
359 412 -2.0
359 433 0.9285714285714286
359 439 -0.9285714285714286
360 361 2.0
360 366 0.5714285714285714
360 367 1.7857142857142858
360 474 -0.5714285714285714
360 499 -1.7857142857142858
360 509 2.0
361 362 -0.5714285714285714
361 367 -0.9285714285714286
361 368 -0.5714285714285714
361 538 -2.0
361 546 0.5714285714285714
361 573 -1.3571428571428572
361 582 2.0
362 368 -0.9285714285714286
362 369 -0.9285714285714286
362 608 1.7857142857142858
362 618 -1.3571428571428572
362 646 0.5714285714285714
362 656 1.7857142857142858
365 366 1.7857142857142858
365 373 2.0
365 412 0.5714285714285714
366 367 0.5714285714285714
366 474 1.7857142857142858
367 368 0.5714285714285714
367 499 0.5714285714285714
367 509 1.3571428571428572
367 538 1.3571428571428572
367 546 1.3571428571428572
368 369 1.3571428571428572
368 573 1.7857142857142858
368 582 1.3571428571428572
368 608 0.9285714285714286
368 618 0.9285714285714286
369 646 0.5714285714285714
369 656 -0.5714285714285714
369 680 -1.3571428571428572
369 688 0.9285714285714286
370 380 -0.5714285714285714
371 372 -1.7857142857142858
371 380 2.0
371 381 -2.0
372 373 1.7857142857142858
372 381 -2.0
372 382 -0.9285714285714286
373 374 -0.5714285714285714
373 382 2.0
374 375 0.5714285714285714
374 383 0.9285714285714286
374 391 -0.5714285714285714
374 396 0.9285714285714286
374 419 0.5714285714285714
374 426 1.7857142857142858
375 376 -2.0
375 383 1.7857142857142858
375 384 -1.3571428571428572
375 457 -1.3571428571428572
375 484 -1.3571428571428572
376 377 -2.0
376 384 1.7857142857142858
376 385 0.5714285714285714
376 520 -0.9285714285714286
376 530 0.5714285714285714
376 557 0.9285714285714286
376 566 2.0
377 378 1.7857142857142858
377 385 1.7857142857142858
377 386 0.5714285714285714
377 591 -0.5714285714285714
377 600 -0.9285714285714286
377 629 0.9285714285714286
377 639 -2.0
378 379 0.5714285714285714
378 386 -1.7857142857142858
378 665 -1.7857142857142858
378 673 -1.3571428571428572
379 387 2.0
380 381 1.7857142857142858
381 382 -0.5714285714285714
383 384 -1.3571428571428572
383 419 -2.0
383 426 -0.5714285714285714
383 457 1.3571428571428572
384 385 1.3571428571428572
384 484 -1.7857142857142858
384 520 0.9285714285714286
384 530 -1.7857142857142858
385 386 0.5714285714285714
385 557 -0.9285714285714286
385 566 -0.5714285714285714
385 591 0.9285714285714286
385 600 -0.9285714285714286
386 629 1.7857142857142858
386 639 -1.3571428571428572
386 673 0.5714285714285714
389 390 1.3571428571428572
389 394 1.3571428571428572
390 391 1.3571428571428572
390 394 -0.9285714285714286
390 395 -1.3571428571428572
391 395 1.3571428571428572
391 396 -0.9285714285714286
392 393 1.3571428571428572
392 397 0.9285714285714286
392 398 -1.7857142857142858
392 465 -0.9285714285714286
392 474 1.3571428571428572
392 500 0.5714285714285714
392 509 1.7857142857142858
393 398 0.5714285714285714
393 539 -1.3571428571428572
393 546 2.0
393 574 -0.9285714285714286
393 582 -0.9285714285714286
394 395 0.5714285714285714
395 396 1.3571428571428572
396 397 -0.5714285714285714
396 412 1.7857142857142858
397 398 2.0
397 439 0.9285714285714286
397 465 1.3571428571428572
397 474 -1.7857142857142858
398 500 -1.7857142857142858
398 509 -1.3571428571428572
398 539 0.5714285714285714
398 546 -1.7857142857142858
399 647 0.5714285714285714
399 656 -1.7857142857142858
399 681 1.3571428571428572
399 688 -1.7857142857142858
400 401 1.3571428571428572
400 409 1.7857142857142858
401 402 -0.5714285714285714
401 409 -0.5714285714285714
401 410 -0.5714285714285714
402 403 0.5714285714285714
402 410 -0.9285714285714286
402 411 1.7857142857142858
403 411 1.3571428571428572
403 412 -2.0
404 413 0.5714285714285714
404 414 1.7857142857142858
404 448 2.0
404 457 0.5714285714285714
405 406 1.3571428571428572
405 414 0.5714285714285714
405 530 -0.5714285714285714
405 558 2.0
405 566 -1.3571428571428572
406 407 0.5714285714285714
406 592 -2.0
406 600 -0.9285714285714286
406 639 -0.5714285714285714
407 408 0.5714285714285714
407 415 -0.9285714285714286
407 666 2.0
407 673 2.0
408 415 -0.9285714285714286
408 416 -2.0
409 410 0.9285714285714286
410 411 -1.3571428571428572
411 412 2.0
412 413 -0.9285714285714286
413 414 0.5714285714285714
413 420 -0.5714285714285714
413 426 0.5714285714285714
413 448 -2.0
414 521 -0.9285714285714286
414 530 0.9285714285714286
415 416 1.7857142857142858
417 418 1.3571428571428572
417 425 -1.7857142857142858
418 419 2.0
418 425 1.3571428571428572
419 420 2.0
419 426 1.3571428571428572
420 421 -2.0
420 426 -2.0
420 427 -1.7857142857142858
420 440 2.0
421 422 0.5714285714285714
421 427 -1.3571428571428572
421 428 -2.0
421 465 -0.9285714285714286
421 475 -2.0
421 500 -1.3571428571428572
421 510 -0.5714285714285714
422 423 1.7857142857142858
422 428 -2.0
422 429 -2.0
422 539 -1.3571428571428572
422 547 -0.9285714285714286
422 574 0.5714285714285714
422 583 1.7857142857142858
423 429 -1.3571428571428572
423 609 1.7857142857142858
423 619 -1.3571428571428572
423 647 0.9285714285714286
423 657 0.5714285714285714
426 427 -0.5714285714285714
427 428 1.3571428571428572
427 440 0.5714285714285714
427 465 -2.0
427 475 -0.9285714285714286
428 429 -0.5714285714285714
428 500 2.0
428 510 -1.7857142857142858
428 539 -0.9285714285714286
428 547 0.9285714285714286
429 574 0.9285714285714286
429 583 0.5714285714285714
429 609 -0.9285714285714286
429 619 0.9285714285714286
430 431 -1.7857142857142858
431 432 -0.5714285714285714
432 433 1.3571428571428572
432 438 -1.3571428571428572
433 438 1.7857142857142858
433 439 -2.0
434 435 1.3571428571428572
434 440 -1.7857142857142858
434 441 2.0
434 448 -1.7857142857142858
435 436 2.0
435 441 0.9285714285714286
435 521 -0.9285714285714286
435 531 -1.7857142857142858
435 558 1.3571428571428572
435 567 -1.7857142857142858
436 437 0.9285714285714286
436 442 -0.9285714285714286
436 443 0.5714285714285714
436 592 -0.9285714285714286
436 601 0.9285714285714286
436 630 -1.7857142857142858
436 640 1.7857142857142858
437 443 1.3571428571428572
437 666 1.3571428571428572
437 674 -0.5714285714285714
438 439 0.9285714285714286
439 440 0.5714285714285714
440 441 2.0
440 448 -0.9285714285714286
440 458 1.3571428571428572
441 442 -0.5714285714285714
441 521 -0.5714285714285714
441 531 1.7857142857142858
442 443 2.0
442 558 -2.0
442 592 2.0
442 601 -1.3571428571428572
443 630 0.9285714285714286
443 640 -1.3571428571428572
443 666 2.0
443 674 -2.0
445 446 -0.9285714285714286
445 452 -2.0
446 452 -2.0
446 453 1.7857142857142858
447 454 -0.5714285714285714
447 455 -1.7857142857142858
448 449 -0.5714285714285714
448 457 -0.5714285714285714
448 458 2.0
449 450 1.7857142857142858
449 458 1.7857142857142858
449 459 0.5714285714285714
449 466 -1.3571428571428572
449 475 0.9285714285714286
449 501 -0.9285714285714286
449 510 -0.5714285714285714
450 451 2.0
450 459 0.5714285714285714
450 460 -2.0
450 540 -1.7857142857142858
450 547 -0.9285714285714286
450 575 1.7857142857142858
450 583 2.0
451 460 0.9285714285714286
451 461 2.0
451 610 -0.9285714285714286
451 619 0.9285714285714286
451 648 1.3571428571428572
451 657 1.3571428571428572
452 453 0.5714285714285714
453 454 -2.0
454 455 1.7857142857142858
455 456 1.7857142857142858
456 457 1.7857142857142858
457 458 -0.5714285714285714
458 459 0.9285714285714286
458 466 -2.0
458 475 -1.7857142857142858
459 460 -1.7857142857142858
459 501 1.3571428571428572
459 510 -1.7857142857142858
459 540 2.0
459 547 -0.9285714285714286
460 461 -0.9285714285714286
460 575 0.9285714285714286
460 583 -0.9285714285714286
460 610 -0.5714285714285714
460 619 1.3571428571428572
461 648 -1.7857142857142858
461 657 1.3571428571428572
461 682 2.0
461 689 -0.5714285714285714
462 463 -0.5714285714285714
462 471 -1.3571428571428572
463 464 1.3571428571428572
463 471 -1.3571428571428572
463 472 1.3571428571428572
464 472 0.9285714285714286
464 473 -0.9285714285714286
465 466 -1.3571428571428572
465 474 -2.0
465 475 0.5714285714285714
466 467 -0.5714285714285714
466 475 -1.3571428571428572
466 476 -1.3571428571428572
466 485 -1.3571428571428572
467 468 2.0
467 476 1.7857142857142858
467 477 -1.7857142857142858
467 522 0.9285714285714286
467 531 -0.9285714285714286
467 559 2.0
467 567 2.0
468 469 -2.0
468 477 -0.9285714285714286
468 478 -0.5714285714285714
468 601 -1.7857142857142858
468 631 -1.7857142857142858
468 640 -1.3571428571428572
469 470 -2.0
469 478 -0.9285714285714286
469 667 -0.5714285714285714
469 674 2.0
471 472 0.5714285714285714
472 473 1.7857142857142858
473 474 -0.9285714285714286
474 475 1.3571428571428572
475 476 -0.9285714285714286
476 477 0.9285714285714286
476 485 0.5714285714285714
476 522 0.5714285714285714
476 531 1.7857142857142858
477 478 0.9285714285714286
477 559 -0.9285714285714286
477 593 -0.9285714285714286
477 601 -2.0
478 631 0.5714285714285714
478 640 0.9285714285714286
478 667 2.0
478 674 0.5714285714285714
479 480 -0.5714285714285714
479 488 0.9285714285714286
480 481 -0.5714285714285714
480 488 0.9285714285714286
480 489 -1.3571428571428572
481 482 -1.7857142857142858
481 489 -0.9285714285714286
481 490 -2.0
482 483 1.3571428571428572
482 490 1.3571428571428572
482 491 0.5714285714285714
483 484 -2.0
483 491 -2.0
483 492 0.5714285714285714
484 492 -1.7857142857142858
485 486 0.5714285714285714
485 493 1.7857142857142858
485 501 1.3571428571428572
485 511 -0.9285714285714286
486 487 1.3571428571428572
486 493 2.0
486 494 1.7857142857142858
486 540 -1.3571428571428572
486 548 0.9285714285714286
486 575 -1.7857142857142858
486 584 -0.5714285714285714
487 494 0.5714285714285714
487 495 0.5714285714285714
487 610 -1.3571428571428572
487 620 0.5714285714285714
487 648 1.3571428571428572
488 489 -0.9285714285714286
489 490 0.9285714285714286
490 491 -0.5714285714285714
491 492 -2.0
493 494 -0.9285714285714286
493 501 2.0
493 511 1.3571428571428572
493 540 1.7857142857142858
493 548 1.7857142857142858
494 495 1.7857142857142858
494 575 -0.9285714285714286
494 610 0.9285714285714286
494 620 -1.3571428571428572
495 648 -1.3571428571428572
495 682 -1.3571428571428572
495 690 1.3571428571428572
496 497 -0.5714285714285714
496 506 0.9285714285714286
497 498 1.3571428571428572
497 506 -1.3571428571428572
497 507 -2.0
498 507 0.5714285714285714
498 508 -1.7857142857142858
499 500 1.3571428571428572
499 508 1.7857142857142858
499 509 1.7857142857142858
500 501 -1.7857142857142858
500 509 -1.7857142857142858
500 510 -1.7857142857142858
501 502 -1.3571428571428572
501 510 -0.9285714285714286
501 511 -2.0
502 503 -0.5714285714285714
502 512 -1.3571428571428572
502 522 1.7857142857142858
502 532 2.0
502 559 1.7857142857142858
502 568 1.7857142857142858
503 504 -1.7857142857142858
503 512 -0.5714285714285714
503 513 -0.5714285714285714
503 593 0.5714285714285714
503 602 1.3571428571428572
503 631 -0.5714285714285714
503 641 -0.5714285714285714
504 505 1.3571428571428572
504 513 1.7857142857142858
504 514 1.7857142857142858
504 667 1.7857142857142858
504 675 1.7857142857142858
505 514 -0.9285714285714286
505 515 2.0
506 507 -0.9285714285714286
507 508 1.7857142857142858
508 509 -0.9285714285714286
509 510 1.3571428571428572
510 511 2.0
511 522 -0.5714285714285714
511 532 -0.5714285714285714
512 513 -0.9285714285714286
512 559 -2.0
512 568 0.5714285714285714
512 593 -1.3571428571428572
512 602 -2.0
513 514 -0.9285714285714286
513 631 2.0
513 641 0.9285714285714286
513 667 -0.5714285714285714
513 675 -1.3571428571428572
514 515 1.3571428571428572
516 525 0.9285714285714286
517 518 2.0
517 526 1.7857142857142858
517 527 0.5714285714285714
518 519 2.0
518 527 0.5714285714285714
518 528 -1.7857142857142858
519 520 0.9285714285714286
519 528 -2.0
519 529 -0.9285714285714286
520 521 1.7857142857142858
520 529 0.5714285714285714
520 530 0.5714285714285714
521 522 1.3571428571428572
521 530 2.0
521 531 -1.3571428571428572
522 523 1.3571428571428572
522 531 1.3571428571428572
522 532 1.7857142857142858
523 524 1.3571428571428572
523 532 1.7857142857142858
523 533 -2.0
523 548 0.5714285714285714
523 576 0.5714285714285714
523 584 -0.9285714285714286
524 533 2.0
524 534 -1.3571428571428572
524 611 -1.7857142857142858
524 620 0.9285714285714286
524 649 0.9285714285714286
525 526 0.5714285714285714
526 527 -1.3571428571428572
527 528 -1.3571428571428572
528 529 -0.9285714285714286
529 530 1.3571428571428572
530 531 0.9285714285714286
531 532 1.3571428571428572
532 533 1.3571428571428572
532 548 0.9285714285714286
533 534 -1.3571428571428572
533 576 -0.9285714285714286
533 584 -0.9285714285714286
533 620 -0.9285714285714286
534 649 -0.9285714285714286
534 683 -0.5714285714285714
534 690 -2.0
535 536 -1.3571428571428572
535 544 -0.5714285714285714
536 537 1.3571428571428572
536 544 1.7857142857142858
536 545 -2.0
537 538 2.0
537 545 -2.0
538 539 -1.7857142857142858
538 546 -0.5714285714285714
539 540 -2.0
539 546 2.0
539 547 -2.0
540 547 1.3571428571428572
540 548 1.3571428571428572
541 542 2.0
541 549 1.3571428571428572
541 550 -0.5714285714285714
541 594 -2.0
541 602 1.7857142857142858
541 632 2.0
541 641 -1.3571428571428572
542 543 -1.7857142857142858
542 550 -0.9285714285714286
542 551 -0.9285714285714286
542 668 -2.0
542 675 1.7857142857142858
543 551 -1.7857142857142858
543 552 -0.9285714285714286
544 545 0.9285714285714286
546 547 1.3571428571428572
547 548 0.5714285714285714
548 549 -2.0
549 550 -1.3571428571428572
549 560 -1.7857142857142858
549 568 0.9285714285714286
549 594 -1.3571428571428572
549 602 1.7857142857142858
550 551 -0.9285714285714286
550 632 -0.9285714285714286
550 641 0.5714285714285714
550 668 1.7857142857142858
550 675 0.9285714285714286
551 552 -1.3571428571428572
553 554 0.5714285714285714
553 561 0.9285714285714286
554 561 2.0
554 562 2.0
555 556 -2.0
555 563 -2.0
555 564 -2.0
556 557 1.3571428571428572
556 564 0.9285714285714286
556 565 -0.9285714285714286
557 558 1.7857142857142858
557 565 1.7857142857142858
557 566 1.3571428571428572
558 559 -0.9285714285714286
558 566 1.3571428571428572
558 567 0.9285714285714286
559 560 -0.5714285714285714
559 567 -0.5714285714285714
559 568 2.0
560 568 -1.3571428571428572
560 569 -2.0
560 576 -1.3571428571428572
561 562 -1.3571428571428572
562 563 -0.5714285714285714
563 564 2.0
564 565 -1.3571428571428572
566 567 -1.7857142857142858
567 568 0.9285714285714286
568 569 0.5714285714285714
569 570 -1.7857142857142858
569 576 -1.7857142857142858
569 611 -1.7857142857142858
569 621 -0.5714285714285714
570 683 -0.5714285714285714
570 691 -1.3571428571428572
572 573 -0.9285714285714286
572 580 -0.5714285714285714
572 581 -2.0
573 574 2.0
573 581 1.3571428571428572
573 582 -1.7857142857142858
574 575 -2.0
574 582 2.0
574 583 -2.0
575 576 2.0
575 583 -1.7857142857142858
575 584 -1.7857142857142858
576 577 1.7857142857142858
576 584 1.3571428571428572
577 578 0.9285714285714286
577 585 0.9285714285714286
577 594 -0.5714285714285714
577 603 -0.9285714285714286
577 632 -0.9285714285714286
578 579 0.5714285714285714
578 585 0.5714285714285714
578 586 1.3571428571428572
578 668 -0.5714285714285714
578 676 -1.7857142857142858
579 586 1.3571428571428572
579 587 -1.3571428571428572
580 581 1.3571428571428572
581 582 -1.7857142857142858
582 583 -0.5714285714285714
583 584 0.9285714285714286
585 586 -0.9285714285714286
585 632 -0.9285714285714286
585 668 0.5714285714285714
585 676 1.7857142857142858
586 587 -1.7857142857142858
588 589 -0.9285714285714286
588 596 0.5714285714285714
589 590 0.5714285714285714
589 596 -0.9285714285714286
589 597 2.0
590 597 1.3571428571428572
590 598 0.9285714285714286
591 592 0.9285714285714286
591 599 0.5714285714285714
591 600 0.9285714285714286
592 593 -0.9285714285714286
592 600 0.5714285714285714
592 601 1.7857142857142858
593 594 1.7857142857142858
593 601 -0.9285714285714286
593 602 0.9285714285714286
594 602 -0.9285714285714286
594 603 -1.3571428571428572
595 596 -1.7857142857142858
596 597 0.9285714285714286
597 598 1.3571428571428572
598 599 -2.0
599 600 1.3571428571428572
600 601 -1.7857142857142858
601 602 1.7857142857142858
602 603 -0.9285714285714286
603 604 0.5714285714285714
603 612 -2.0
603 621 -0.9285714285714286
604 650 -1.7857142857142858
604 684 -2.0
604 691 2.0
605 606 0.5714285714285714
605 615 1.7857142857142858
606 607 1.3571428571428572
606 615 2.0
606 616 1.7857142857142858
607 608 -2.0
607 617 1.3571428571428572
608 609 1.3571428571428572
608 617 1.3571428571428572
608 618 1.7857142857142858
609 610 -2.0
609 618 0.9285714285714286
609 619 2.0
610 611 -2.0
610 619 -1.3571428571428572
610 620 -1.3571428571428572
611 612 -1.3571428571428572
611 620 1.3571428571428572
611 621 0.9285714285714286
612 613 0.5714285714285714
612 621 0.9285714285714286
612 633 -2.0
613 614 -2.0
613 622 1.7857142857142858
613 623 -2.0
613 676 -1.7857142857142858
614 623 0.9285714285714286
614 624 0.9285714285714286
615 616 -0.5714285714285714
616 617 -0.9285714285714286
617 618 2.0
618 619 0.9285714285714286
619 620 1.7857142857142858
620 621 2.0
621 622 -0.5714285714285714
622 623 -0.9285714285714286
622 633 2.0
622 676 -1.3571428571428572
623 624 -1.3571428571428572
625 626 -2.0
625 634 0.9285714285714286
625 635 0.5714285714285714
626 627 -0.9285714285714286
626 635 -0.9285714285714286
626 636 -2.0
627 628 -0.9285714285714286
627 636 1.3571428571428572
627 637 -2.0
628 629 0.9285714285714286
628 637 1.3571428571428572
628 638 2.0
629 630 0.9285714285714286
629 638 -0.5714285714285714
629 639 0.5714285714285714
630 631 0.5714285714285714
630 639 1.3571428571428572
630 640 -2.0
631 632 -0.5714285714285714
631 640 0.5714285714285714
631 641 -0.5714285714285714
632 633 -2.0
632 641 -2.0
633 642 0.9285714285714286
633 650 -0.9285714285714286
633 658 0.9285714285714286
634 635 -1.3571428571428572
635 636 -1.7857142857142858
636 637 -1.3571428571428572
637 638 -0.9285714285714286
638 639 1.7857142857142858
639 640 -0.5714285714285714
640 641 0.9285714285714286
642 650 2.0
642 658 -1.7857142857142858
642 684 -2.0
642 692 0.5714285714285714
643 644 -1.3571428571428572
643 653 2.0
644 645 -1.7857142857142858
644 653 -0.9285714285714286
644 654 0.9285714285714286
645 646 -0.9285714285714286
645 654 1.3571428571428572
645 655 -1.7857142857142858
646 647 0.5714285714285714
646 655 0.5714285714285714
646 656 1.7857142857142858
647 648 0.9285714285714286
647 656 -1.3571428571428572
647 657 1.3571428571428572
648 649 1.3571428571428572
648 657 -2.0
649 650 1.7857142857142858
650 651 0.9285714285714286
650 658 -1.7857142857142858
651 652 -1.7857142857142858
651 658 0.5714285714285714
651 659 -0.9285714285714286
651 677 -2.0
652 659 -1.3571428571428572
652 660 -2.0
653 654 -0.5714285714285714
654 655 2.0
655 656 1.7857142857142858
656 657 1.7857142857142858
658 659 2.0
658 677 -0.5714285714285714
661 669 -1.3571428571428572
662 663 0.5714285714285714
662 670 0.5714285714285714
663 664 1.3571428571428572
663 670 0.9285714285714286
663 671 2.0
664 665 -2.0
664 671 0.5714285714285714
664 672 -1.3571428571428572
665 666 -0.9285714285714286
665 672 1.3571428571428572
665 673 0.9285714285714286
666 667 -1.3571428571428572
666 673 -0.5714285714285714
667 668 -1.3571428571428572
667 674 1.7857142857142858
667 675 1.3571428571428572
668 675 -1.3571428571428572
668 676 -0.5714285714285714
671 672 0.5714285714285714
672 673 1.7857142857142858
673 674 1.3571428571428572
674 675 1.3571428571428572
675 676 -1.3571428571428572
676 677 2.0
677 685 -0.9285714285714286
677 692 -1.3571428571428572
679 680 -2.0
679 687 -0.5714285714285714
680 681 -2.0
680 687 -1.7857142857142858
680 688 1.3571428571428572
681 682 -2.0
681 688 0.5714285714285714
681 689 -1.7857142857142858
682 690 -0.9285714285714286
683 684 0.9285714285714286
683 690 1.3571428571428572
683 691 -2.0
684 685 -0.9285714285714286
684 691 1.3571428571428572
684 692 -1.7857142857142858
685 686 -1.3571428571428572
685 692 -1.7857142857142858
685 693 -0.9285714285714286
686 693 0.9285714285714286
686 694 2.0
687 688 0.5714285714285714
688 689 -0.9285714285714286
689 690 -1.3571428571428572
690 691 -1.7857142857142858
691 692 -1.3571428571428572
692 693 0.9285714285714286
693 694 0.5714285714285714
