694 2805
1 1 1.6428571428571432
2 2 0.07142857142857162
3 3 1.2857142857142858
4 4 0.7142857142857144
5 5 -1.428571428571429
6 6 3.071428571428571
7 7 -0.9285714285714286
8 8 4.2142857142857135
9 9 0.2857142857142858
10 10 -5.428571428571429
11 11 -0.6428571428571428
12 12 4.142857142857142
13 13 0.35714285714285676
14 14 -3.428571428571429
15 15 -3.2857142857142856
16 16 2.4999999999999996
17 17 -1.0000000000000002
18 18 2.714285714285714
19 19 -4.142857142857143
20 20 -2.2142857142857144
21 21 2.928571428571429
22 22 0.5714285714285714
24 24 -4.071428571428571
25 25 -1.3571428571428572
26 26 5.928571428571429
27 27 -4.0
28 28 2.6428571428571432
29 29 2.2857142857142856
30 30 -0.1428571428571428
31 31 0.4285714285714286
32 32 -6.357142857142858
33 33 -4.0
34 34 1.0714285714285714
35 35 1.2857142857142854
36 36 2.571428571428571
37 37 -2.357142857142857
38 38 -1.9999999999999993
39 39 -2.7142857142857144
40 40 -5.0
41 41 1.0714285714285714
42 42 3.071428571428571
43 43 3.857142857142857
44 44 5.5
45 45 -0.4285714285714286
46 46 1.8571428571428572
47 47 -1.2857142857142856
48 48 2.7142857142857144
49 49 -2.7857142857142856
50 50 1.7142857142857142
51 51 -7.428571428571429
52 52 3.0
53 53 0.9285714285714288
54 54 -3.571428571428571
55 55 -2.071428571428571
56 56 -1.0714285714285714
57 57 -5.857142857142858
58 58 -1.3571428571428572
59 59 3.2142857142857144
60 60 3.7142857142857144
61 61 1.0714285714285714
62 62 -3.428571428571428
63 63 5.071428571428571
64 64 -5.7142857142857135
65 65 0.5714285714285721
66 66 -1.5714285714285716
67 67 -5.5
68 68 4.142857142857142
69 69 1.2857142857142856
70 70 -4.142857142857142
71 71 -2.8571428571428577
72 72 -3.0714285714285716
73 73 0.7142857142857144
74 74 -5.785714285714286
75 75 4.142857142857142
76 76 -0.7857142857142858
77 77 0.07142857142857162
78 78 6.857142857142858
79 79 0.6428571428571423
80 80 -1.357142857142857
81 81 -1.8571428571428574
82 82 -0.9285714285714284
83 83 0.9285714285714284
84 84 -6.071428571428572
85 85 -0.9999999999999998
86 86 -5.571428571428571
87 87 2.928571428571429
88 88 -3.0714285714285716
89 89 3.428571428571429
90 90 4.285714285714286
91 91 1.0
92 92 -3.7142857142857144
93 93 -0.8571428571428568
94 94 5.0
95 95 -1.3571428571428572
96 96 -1.7857142857142858
97 97 0.07142857142857117
98 98 2.928571428571429
99 99 -3.2857142857142856
100 100 -3.4999999999999996
101 101 2.2142857142857144
102 102 -0.7142857142857142
103 103 -2.1428571428571432
104 104 1.7142857142857142
105 105 4.714285714285714
107 107 -0.357142857142857
108 108 0.5000000000000004
109 109 -4.357142857142857
110 110 -1.2857142857142858
111 111 1.4285714285714286
112 112 -0.1428571428571428
113 113 0.6428571428571426
114 114 -5.0
115 115 -4.357142857142858
116 116 -5.357142857142858
117 117 0.5
118 118 -1.4285714285714288
119 119 -5.642857142857142
120 120 -2.0
121 121 -6.928571428571429
122 122 -1.3571428571428572
123 123 -2.7142857142857144
124 124 1.5714285714285716
125 125 -3.2857142857142856
126 126 2.357142857142857
127 127 -0.0714285714285714
128 128 -1.9285714285714286
129 129 2.1428571428571423
130 130 4.928571428571429
131 131 7.785714285714286
132 132 5.357142857142857
133 133 -1.7857142857142856
134 134 0.3571428571428572
135 135 -0.8571428571428572
136 136 1.7142857142857137
137 137 -3.2857142857142856
138 138 0.8571428571428572
139 139 2.5000000000000004
140 140 0.7857142857142863
141 141 -2.6428571428571432
142 142 3.928571428571429
143 143 -2.7142857142857144
144 144 -3.7857142857142856
145 145 3.5
146 146 -1.9999999999999998
147 147 -3.142857142857143
148 148 -5.5
149 149 -2.2857142857142856
150 150 -0.4285714285714286
151 151 -2.428571428571429
152 152 -1.8571428571428572
153 153 -1.5714285714285714
154 154 -1.9285714285714288
155 155 -1.6428571428571428
156 156 0.1428571428571428
157 157 1.5
158 158 -2.3571428571428577
159 159 -2.428571428571428
160 160 -4.214285714285714
161 161 -5.071428571428571
162 162 6.7857142857142865
163 163 -2.5714285714285716
164 164 0.2857142857142856
165 165 -1.0714285714285714
166 166 -1.0714285714285714
167 167 -3.0714285714285716
168 168 -1.1428571428571428
169 169 -1.4285714285714282
170 170 -1.1428571428571432
171 171 -1.0714285714285718
172 172 -2.5714285714285716
173 173 0.857142857142857
174 174 5.071428571428571
175 175 -6.2857142857142865
176 176 -9.928571428571429
177 177 1.5
178 178 1.142857142857143
179 179 -4.0
180 180 -5.5
181 181 -1.857142857142857
183 183 -1.7857142857142858
184 184 -1.3571428571428572
185 185 7.714285714285714
186 186 -1.0714285714285714
187 187 -3.142857142857143
188 188 2.357142857142857
189 189 2.357142857142857
190 190 -3.0
191 191 -5.785714285714286
192 192 -6.571428571428571
193 193 -8.5
194 194 -5.142857142857142
195 195 0.2857142857142858
196 196 7.642857142857144
197 197 3.1428571428571432
198 198 4.285714285714286
199 199 2.7142857142857144
200 200 -0.2142857142857142
201 201 -2.5
202 202 -0.8571428571428572
203 203 3.0
204 204 -3.2142857142857144
205 205 0.357142857142857
206 206 -0.14285714285714324
207 207 -1.0
208 208 7.5
209 209 1.9285714285714286
210 210 -5.214285714285715
211 211 -6.428571428571429
212 212 -1.3571428571428572
213 213 -2.7142857142857144
214 214 1.6428571428571426
215 215 0.7857142857142858
216 216 2.7857142857142856
217 217 5.428571428571429
218 218 -2.2142857142857144
219 219 -8.214285714285715
220 220 3.7142857142857144
221 221 0.7142857142857144
222 222 0.0714285714285714
223 223 -0.4285714285714286
224 224 -0.8571428571428574
225 225 0.7857142857142858
226 226 3.2142857142857144
227 227 -2.928571428571428
228 228 1.571428571428571
229 229 -2.0
230 230 -1.4285714285714286
231 231 2.8571428571428568
232 232 -0.2857142857142856
233 233 -3.8571428571428577
234 234 6.214285714285715
235 235 0.7857142857142856
236 236 -1.6428571428571421
237 237 7.357142857142858
238 238 -2.220446049250313e-16
239 239 -1.0
240 240 -3.3571428571428577
241 241 -3.7857142857142856
242 242 0.357142857142857
243 243 -0.4285714285714286
244 244 5.5
245 245 -5.5
246 246 -1.2142857142857144
247 247 -5.5
248 248 -1.5714285714285714
249 249 -6.5
250 250 -10.857142857142858
251 251 -7.500000000000001
252 252 -1.8571428571428568
253 253 2.7857142857142856
254 254 5.142857142857143
255 255 0.9285714285714293
256 256 -1.3571428571428572
257 257 -0.14285714285714302
258 258 -4.642857142857142
259 259 -4.571428571428571
260 260 -4.7857142857142865
261 261 -2.3571428571428577
262 262 3.0714285714285716
263 263 -0.6428571428571428
264 264 3.2142857142857144
265 265 4.928571428571429
266 266 -1.7142857142857144
267 267 1.9285714285714286
268 268 -4.785714285714286
269 269 -0.28571428571428537
270 270 -2.928571428571429
271 271 3.214285714285714
272 272 7.928571428571428
273 273 -0.07142857142857162
274 274 -1.0
275 275 -5.0
276 276 2.2142857142857135
277 277 2.7142857142857144
278 278 3.1428571428571432
279 279 -0.7142857142857135
280 280 6.5
281 281 -0.1428571428571428
282 282 -5.285714285714286
283 283 -1.0000000000000002
284 284 6.0
285 285 1.142857142857143
286 286 -1.0000000000000002
287 287 2.214285714285714
288 288 0.9999999999999996
289 289 -3.5714285714285707
290 290 -4.071428571428571
291 291 5.071428571428571
292 292 -0.4285714285714286
293 293 -3.571428571428571
294 294 1.9285714285714284
295 295 -3.0714285714285707
296 296 -0.9285714285714286
297 297 -0.9285714285714286
298 298 -1.8571428571428574
299 299 -3.6428571428571423
300 300 1.214285714285714
301 301 -1.4285714285714286
302 302 1.7857142857142858
303 303 -1.2142857142857144
304 304 5.857142857142858
305 305 2.928571428571429
306 306 -2.928571428571429
307 307 1.7857142857142856
308 308 1.7142857142857142
309 309 0.857142857142857
310 310 0.714285714285714
311 311 2.928571428571429
312 312 -0.7142857142857142
313 313 3.5
314 314 4.0
315 315 -3.8571428571428568
316 316 -5.571428571428571
317 317 -3.2857142857142856
318 318 0.6428571428571428
319 319 -7.2857142857142865
320 320 -2.8571428571428568
321 321 -4.857142857142858
322 322 -2.928571428571428
323 323 -5.785714285714286
324 324 -0.7142857142857144
325 325 0.2857142857142858
326 326 3.2857142857142856
327 327 0.6428571428571428
328 328 -3.428571428571429
329 329 -4.0
330 330 3.6428571428571432
331 331 -3.1428571428571423
332 332 -6.214285714285715
333 333 -1.0714285714285716
334 334 1.0714285714285712
335 335 3.1428571428571432
336 336 1.1428571428571432
337 337 -1.142857142857143
338 338 5.000000000000001
339 339 1.857142857142857
340 340 -1.7142857142857144
341 341 -3.0
342 342 -5.214285714285714
343 343 2.928571428571429
344 344 1.8571428571428574
345 345 2.571428571428571
346 346 5.285714285714286
347 347 3.7857142857142856
348 348 1.5714285714285712
349 349 2.7142857142857144
350 350 -4.071428571428571
351 351 -3.3571428571428577
352 352 2.642857142857143
353 353 -0.2857142857142856
354 354 -1.7142857142857144
355 355 -1.9285714285714288
356 356 -1.785714285714286
357 357 -1.2857142857142863
358 358 2.071428571428571
359 359 -1.3571428571428568
360 360 7.214285714285714
361 361 1.8571428571428572
362 362 -2.5
363 363 1.4285714285714286
364 364 -2.2857142857142856
365 365 1.9999999999999998
366 366 3.0
367 367 5.285714285714286
368 368 4.571428571428571
369 369 2.2857142857142856
370 370 -0.2142857142857142
371 371 -1.5
372 372 2.220446049250313e-16
373 373 -2.4285714285714284
374 374 -1.857142857142857
375 375 6.928571428571429
376 376 3.428571428571429
377 377 -3.714285714285715
378 378 1.071428571428572
379 379 1.2857142857142858
380 380 -2.1428571428571432
381 381 5.714285714285714
382 382 3.6428571428571432
383 383 -1.0714285714285716
384 384 -7.285714285714286
385 385 -1.3571428571428568
386 386 -3.0
387 387 -2.2857142857142856
388 388 -1.4285714285714286
389 389 0.2142857142857142
390 390 2.071428571428571
391 391 -0.4285714285714288
392 392 3.6428571428571432
393 393 -0.6428571428571428
394 394 -0.7142857142857142
395 395 3.1428571428571423
396 396 0.7142857142857149
397 397 7.500000000000001
398 398 3.214285714285714
399 399 -4.785714285714286
400 400 -0.2857142857142858
401 401 -2.2857142857142856
402 402 3.5714285714285716
403 403 0.7857142857142858
404 404 -3.2857142857142856
405 405 -2.2142857142857144
406 406 -4.357142857142858
407 407 -1.0
408 408 -0.2142857142857142
409 409 0.5714285714285718
410 410 4.928571428571429
411 411 -1.9285714285714286
412 412 -0.6428571428571426
413 413 -0.4285714285714288
414 414 0.9285714285714286
415 415 -3.7142857142857144
416 416 1.0714285714285714
417 417 -2.2857142857142856
418 418 -2.357142857142857
419 419 -0.7857142857142858
420 420 4.571428571428571
421 421 -1.5714285714285714
422 422 4.857142857142858
423 423 -6.357142857142858
424 424 -1.4285714285714286
425 425 -6.714285714285714
426 426 1.2142857142857144
427 427 5.857142857142858
428 428 1.5
429 429 0.14285714285714324
430 430 1.5714285714285714
431 431 -4.214285714285714
432 432 -2.3571428571428568
433 433 -4.928571428571429
434 434 -0.0714285714285714
435 435 -5.928571428571429
436 436 -0.8571428571428572
437 437 -6.2857142857142865
438 438 0.35714285714285676
439 439 6.7142857142857135
440 440 4.071428571428572
441 441 -5.000000000000001
442 442 0.4285714285714286
443 443 -1.4285714285714282
444 444 -3.357142857142857
445 445 2.7142857142857144
446 446 2.1428571428571432
447 447 -1.0714285714285712
448 448 6.857142857142857
449 449 -0.7142857142857144
450 450 -6.5
451 451 4.142857142857142
452 452 6.714285714285715
453 453 -1.0
454 454 2.714285714285715
455 455 -6.571428571428571
456 456 -7.928571428571429
457 457 1.2857142857142856
458 458 2.0714285714285716
459 459 -3.428571428571429
460 460 2.071428571428571
461 461 1.3571428571428572
462 462 5.428571428571428
463 463 -4.428571428571429
464 464 2.7857142857142856
465 465 0.2857142857142858
466 466 0.5
467 467 -8.714285714285715
468 468 -4.0
469 469 3.714285714285714
470 470 0.4285714285714286
471 471 -1.0714285714285714
472 472 4.0
473 473 -1.9999999999999998
474 474 5.857142857142858
475 475 -2.2857142857142856
476 476 -1.5714285714285712
477 477 -1.1428571428571428
478 478 -0.9285714285714286
479 479 1.1428571428571428
480 480 -4.2142857142857135
481 481 -0.9285714285714288
482 482 -0.9285714285714286
483 483 6.214285714285714
484 484 1.8571428571428577
485 485 4.857142857142858
486 486 4.214285714285714
487 487 2.220446049250313e-16
488 488 -4.428571428571429
489 489 -2.571428571428571
490 490 -2.642857142857143
491 491 -1.0714285714285718
492 492 0.5000000000000002
493 493 0.2857142857142858
494 494 -4.714285714285714
495 495 -6.428571428571429
496 496 1.7142857142857142
497 497 -3.9285714285714284
498 498 -0.21428571428571463
499 499 -3.928571428571429
500 500 4.714285714285714
501 501 1.2857142857142858
502 502 -5.7857142857142865
503 503 -1.0000000000000002
504 504 5.642857142857142
505 505 5.5
506 506 -3.928571428571429
507 507 3.2142857142857144
508 508 -6.642857142857142
509 509 1.0714285714285716
510 510 -2.4285714285714284
511 511 -0.28571428571428603
512 512 5.571428571428571
513 513 8.214285714285714
514 514 8.642857142857144
515 515 0.5714285714285714
516 516 1.2142857142857144
517 517 -1.0
518 518 0.0714285714285714
519 519 5.642857142857142
520 520 -3.3571428571428568
521 521 -4.357142857142858
522 522 3.071428571428571
523 523 -1.2857142857142858
524 524 2.0
525 525 -5.285714285714286
526 526 -4.571428571428572
527 527 -1.5
528 528 6.071428571428571
529 529 -2.6428571428571432
530 530 -5.214285714285715
531 531 -0.14285714285714324
532 532 -1.5000000000000002
533 533 0.2857142857142856
534 534 -2.4285714285714284
535 535 -0.4285714285714286
536 536 -0.0714285714285714
537 537 1.1428571428571428
538 538 1.8571428571428568
539 539 3.1428571428571432
540 540 1.3571428571428572
541 541 -3.071428571428571
542 542 6.571428571428572
543 543 1.3571428571428572
544 544 -3.071428571428572
545 545 -4.5
546 546 3.571428571428571
547 547 7.000000000000001
548 548 2.8571428571428568
549 549 3.928571428571429
550 550 2.2142857142857144
551 551 2.6428571428571432
552 552 5.0
553 553 -3.3571428571428568
554 554 1.214285714285714
555 555 0.642857142857143
556 556 -0.7142857142857142
557 557 -4.642857142857143
558 558 1.5714285714285714
560 560 1.0
561 561 -2.071428571428572
562 562 2.7142857142857144
563 563 1.142857142857143
564 564 -0.28571428571428603
565 565 -2.1428571428571432
566 566 -2.928571428571429
567 567 -0.7142857142857144
568 568 3.1428571428571432
569 569 3.0
570 570 1.7857142857142856
571 571 1.0
572 572 -4.071428571428571
573 573 -1.0000000000000002
574 574 2.7857142857142865
575 575 1.714285714285714
576 576 2.428571428571429
577 577 4.857142857142857
578 578 1.2857142857142856
579 579 -0.2857142857142856
580 580 2.6428571428571432
581 581 1.3571428571428572
582 582 0.5
583 583 0.3571428571428572
584 584 3.5
585 585 -1.4285714285714286
586 586 -0.642857142857143
587 587 -7.5
588 588 2.071428571428571
589 589 4.857142857142858
590 590 -2.6428571428571432
591 591 5.857142857142857
592 592 0.2142857142857144
593 593 2.571428571428571
594 594 -5.357142857142858
595 595 3.5
596 596 5.285714285714285
597 597 -2.1428571428571423
598 598 -0.2142857142857144
599 599 4.5
600 600 -0.28571428571428603
601 601 1.8571428571428572
602 602 3.0
603 603 1.357142857142857
604 604 3.5714285714285716
605 605 1.7857142857142858
606 606 6.642857142857143
607 607 2.071428571428571
608 608 4.285714285714286
609 609 -4.642857142857143
610 610 -2.428571428571429
611 611 0.7142857142857144
612 612 -2.7857142857142856
613 613 1.0714285714285714
614 614 3.9285714285714284
615 615 3.1428571428571432
616 616 -0.4285714285714286
617 617 -4.571428571428572
618 618 2.357142857142857
619 619 -3.928571428571429
620 620 0.2857142857142856
621 621 0.14285714285714302
622 622 -2.6428571428571432
623 623 -2.1428571428571432
624 624 -2.5
625 625 4.142857142857143
626 626 -3.7857142857142856
627 627 -0.21428571428571375
628 628 -1.9285714285714288
629 629 3.6428571428571432
630 630 -3.3571428571428577
631 631 0.2142857142857144
632 632 2.0
633 633 0.3571428571428572
634 634 5.7142857142857135
635 635 4.357142857142858
636 636 -6.857142857142858
637 637 -0.4285714285714286
638 638 -0.6428571428571426
639 639 -1.1428571428571428
640 640 -3.0
641 641 -3.5
642 642 -2.928571428571428
643 643 1.1428571428571428
644 644 2.1428571428571423
645 645 -8.142857142857142
646 646 9.928571428571429
647 647 1.3571428571428572
648 648 -0.9285714285714286
649 649 -2.0
650 650 0.7857142857142858
651 651 -2.2142857142857144
652 652 0.35714285714285765
653 653 3.0
654 654 3.5
655 655 -4.928571428571429
656 656 -4.571428571428571
657 657 1.9999999999999998
658 658 -0.357142857142857
659 659 -1.2142857142857144
660 660 -2.2142857142857144
661 661 0.2142857142857144
662 662 0.9285714285714286
663 663 -2.928571428571429
664 664 2.3571428571428577
665 665 -3.2142857142857144
666 666 1.0714285714285716
667 667 -3.1428571428571423
668 668 -3.428571428571429
669 669 0.1428571428571428
670 670 -0.5
671 671 -0.8571428571428574
672 672 -2.714285714285714
673 673 4.357142857142858
674 674 -1.3571428571428568
675 675 3.3571428571428577
676 676 1.357142857142857
677 677 0.785714285714286
678 678 -2.357142857142857
679 679 1.3571428571428572
680 680 1.9285714285714286
681 681 0.2857142857142856
682 682 -2.5714285714285716
683 683 3.071428571428571
684 684 0.6428571428571428
685 685 5.285714285714286
686 686 0.2857142857142856
687 687 -5.785714285714286
688 688 -1.0714285714285716
689 689 3.7857142857142856
690 690 3.2857142857142856
691 691 0.9999999999999998
692 692 -1.5714285714285714
693 693 -0.2857142857142858
694 694 2.928571428571429
1 2 0.5714285714285714
1 10 0.9285714285714286
1 23 1.7857142857142858
1 31 -1.7857142857142858
1 53 -1.3571428571428572
1 62 -1.7857142857142858
2 3 0.5714285714285714
2 10 2.0
2 11 -1.7857142857142858
2 89 -1.7857142857142858
2 97 -0.5714285714285714
2 118 0.9285714285714286
3 12 -0.9285714285714286
3 157 -0.9285714285714286
3 179 1.3571428571428572
3 186 -1.3571428571428572
4 5 -0.9285714285714286
4 273 -1.7857142857142858
4 281 2.0
5 6 -1.3571428571428572
5 342 0.5714285714285714
5 351 1.7857142857142858
5 378 1.3571428571428572
6 7 -0.5714285714285714
6 13 -0.5714285714285714
6 407 -0.5714285714285714
6 415 1.7857142857142858
6 437 -1.7857142857142858
7 8 0.9285714285714286
7 13 -2.0
7 14 2.0
7 469 -1.3571428571428572
7 504 1.3571428571428572
7 514 0.5714285714285714
8 9 -2.0
8 14 -0.9285714285714286
8 15 -1.3571428571428572
8 542 -1.7857142857142858
8 551 0.5714285714285714
8 578 0.9285714285714286
8 586 -0.5714285714285714
9 15 0.9285714285714286
9 16 1.7857142857142858
9 613 -2.0
9 623 -0.9285714285714286
9 651 1.3571428571428572
9 659 0.5714285714285714
10 11 1.3571428571428572
10 53 0.5714285714285714
10 62 -0.9285714285714286
10 89 0.5714285714285714
10 97 0.9285714285714286
11 12 -0.9285714285714286
11 118 2.0
11 123 1.7857142857142858
11 157 -1.7857142857142858
12 179 1.7857142857142858
12 186 -1.3571428571428572
12 208 -0.9285714285714286
12 215 -1.7857142857142858
13 14 1.7857142857142858
13 437 1.3571428571428572
13 469 -0.9285714285714286
14 15 0.9285714285714286
14 504 -1.3571428571428572
14 514 -1.3571428571428572
14 542 0.5714285714285714
14 551 1.7857142857142858
15 16 0.5714285714285714
15 578 1.7857142857142858
15 586 1.7857142857142858
15 623 -1.3571428571428572
16 651 -1.3571428571428572
16 659 -2.0
16 685 -0.9285714285714286
16 693 -0.5714285714285714
17 18 -1.3571428571428572
17 25 -0.5714285714285714
17 125 0.9285714285714286
17 159 2.0
18 19 1.7857142857142858
18 25 -0.5714285714285714
18 188 -0.5714285714285714
18 216 -2.0
19 20 1.3571428571428572
19 26 -2.0
19 27 1.7857142857142858
19 248 -0.5714285714285714
19 283 1.7857142857142858
20 27 2.0
20 28 -1.7857142857142858
20 316 2.0
20 353 -1.3571428571428572
21 22 -2.0
21 29 -0.9285714285714286
21 445 -0.9285714285714286
21 479 0.9285714285714286
22 29 -0.9285714285714286
22 30 0.9285714285714286
22 516 2.0
22 553 -0.5714285714285714
23 24 1.3571428571428572
23 31 -1.7857142857142858
23 661 -1.3571428571428572
24 31 1.3571428571428572
24 32 1.3571428571428572
25 26 0.5714285714285714
25 159 0.5714285714285714
25 188 1.3571428571428572
26 27 -1.3571428571428572
26 216 -1.3571428571428572
26 248 -1.7857142857142858
27 28 -1.7857142857142858
27 283 1.3571428571428572
27 316 2.0
28 353 0.9285714285714286
29 30 -1.3571428571428572
29 479 0.9285714285714286
30 553 0.5714285714285714
31 32 1.7857142857142858
32 38 1.7857142857142858
32 54 -0.5714285714285714
32 62 2.0
33 39 -0.5714285714285714
33 40 -0.5714285714285714
33 157 1.3571428571428572
33 180 1.7857142857142858
33 186 2.0
34 35 -0.5714285714285714
34 41 1.3571428571428572
34 281 -0.9285714285714286
34 308 -0.9285714285714286
35 41 -0.9285714285714286
35 42 -0.9285714285714286
35 343 -2.0
35 351 1.3571428571428572
35 379 1.7857142857142858
36 37 1.3571428571428572
36 43 -1.3571428571428572
36 44 -0.5714285714285714
36 470 0.5714285714285714
36 505 -2.0
36 514 -0.5714285714285714
37 44 0.9285714285714286
37 543 1.3571428571428572
37 551 -0.9285714285714286
37 579 0.5714285714285714
37 586 -0.9285714285714286
38 39 0.5714285714285714
38 54 0.5714285714285714
38 62 2.0
38 90 -2.0
38 97 -0.9285714285714286
39 40 2.0
39 119 0.9285714285714286
39 123 -2.0
39 157 1.7857142857142858
40 180 -2.0
40 186 1.7857142857142858
40 209 1.7857142857142858
40 215 2.0
41 42 -0.5714285714285714
41 308 -2.0
41 343 -0.9285714285714286
41 351 2.0
42 43 -0.5714285714285714
42 379 -0.5714285714285714
42 408 -1.7857142857142858
42 415 1.3571428571428572
43 44 -0.5714285714285714
43 470 -1.3571428571428572
44 505 -0.5714285714285714
44 514 -1.7857142857142858
44 543 -2.0
44 551 -0.9285714285714286
45 652 -2.0
45 659 0.9285714285714286
45 686 0.9285714285714286
45 693 0.5714285714285714
46 55 -0.9285714285714286
46 135 1.3571428571428572
46 159 -0.9285714285714286
46 166 -1.3571428571428572
47 48 -1.3571428571428572
47 56 2.0
47 248 2.0
47 283 -1.3571428571428572
48 49 2.0
48 56 -0.9285714285714286
48 57 1.3571428571428572
48 316 -1.7857142857142858
48 353 -2.0
49 50 -0.5714285714285714
49 57 1.3571428571428572
49 58 0.9285714285714286
49 424 -0.9285714285714286
50 51 1.7857142857142858
50 58 -1.7857142857142858
50 59 -0.5714285714285714
50 452 -1.7857142857142858
50 479 -0.5714285714285714
50 488 1.7857142857142858
51 52 2.0
51 60 0.9285714285714286
51 516 -1.7857142857142858
51 525 1.3571428571428572
51 553 1.3571428571428572
51 561 1.7857142857142858
52 53 -1.7857142857142858
52 60 -1.7857142857142858
52 61 0.9285714285714286
52 595 -0.5714285714285714
52 634 -1.7857142857142858
53 54 2.0
53 61 -0.9285714285714286
53 62 -1.3571428571428572
53 661 0.5714285714285714
53 669 1.3571428571428572
54 62 2.0
54 63 -1.7857142857142858
54 72 1.3571428571428572
55 159 2.0
55 166 1.7857142857142858
55 188 -1.3571428571428572
55 195 0.5714285714285714
56 283 -1.3571428571428572
56 316 1.3571428571428572
57 58 1.7857142857142858
57 353 1.3571428571428572
58 59 -1.7857142857142858
58 424 1.7857142857142858
58 445 1.3571428571428572
58 452 -0.9285714285714286
59 60 0.9285714285714286
59 479 -1.7857142857142858
59 516 -2.0
59 525 2.0
60 61 -2.0
60 553 -1.7857142857142858
60 561 0.9285714285714286
60 595 -0.9285714285714286
61 62 0.9285714285714286
61 634 -0.5714285714285714
61 661 0.5714285714285714
62 63 0.5714285714285714
63 72 -2.0
63 98 -0.9285714285714286
63 105 -0.9285714285714286
64 65 2.0
64 72 1.7857142857142858
64 73 0.5714285714285714
64 90 -1.7857142857142858
64 119 1.3571428571428572
64 124 1.7857142857142858
65 66 -1.3571428571428572
65 73 -1.7857142857142858
65 158 0.5714285714285714
65 180 1.7857142857142858
65 187 -1.7857142857142858
66 67 0.9285714285714286
66 74 2.0
66 209 -1.7857142857142858
66 247 1.7857142857142858
67 68 -1.3571428571428572
67 74 2.0
67 75 1.3571428571428572
67 282 1.7857142857142858
67 308 -0.5714285714285714
67 315 1.3571428571428572
68 69 -0.9285714285714286
68 75 -0.9285714285714286
68 76 -0.9285714285714286
68 343 2.0
68 352 -2.0
68 379 0.5714285714285714
68 387 -0.5714285714285714
69 76 2.0
69 77 -1.7857142857142858
69 408 -0.5714285714285714
69 416 -2.0
69 444 2.0
70 71 2.0
70 78 -1.3571428571428572
70 79 1.7857142857142858
70 543 -0.9285714285714286
70 552 -0.9285714285714286
70 579 1.7857142857142858
70 587 1.7857142857142858
71 79 2.0
71 80 0.9285714285714286
71 614 -2.0
71 624 1.7857142857142858
71 652 -0.9285714285714286
71 660 -0.9285714285714286
72 73 0.5714285714285714
72 90 1.3571428571428572
73 119 1.3571428571428572
73 124 -2.0
73 158 0.5714285714285714
74 75 -2.0
74 247 2.0
74 282 1.7857142857142858
75 76 -0.9285714285714286
75 308 -0.5714285714285714
75 315 0.9285714285714286
75 352 -2.0
76 77 -0.5714285714285714
76 379 -2.0
76 387 1.3571428571428572
76 408 0.9285714285714286
76 416 0.9285714285714286
77 444 1.3571428571428572
77 470 0.9285714285714286
78 79 -0.5714285714285714
78 505 -2.0
78 515 -1.7857142857142858
78 543 -0.5714285714285714
78 552 -0.5714285714285714
79 80 -0.9285714285714286
79 579 -0.9285714285714286
79 587 0.5714285714285714
79 614 -0.5714285714285714
79 624 -2.0
80 652 0.5714285714285714
80 660 0.5714285714285714
80 686 2.0
80 694 -1.7857142857142858
81 82 1.7857142857142858
81 91 1.3571428571428572
81 126 -0.5714285714285714
81 135 -1.3571428571428572
81 160 2.0
81 166 -1.3571428571428572
82 83 -1.7857142857142858
82 91 -1.3571428571428572
82 92 1.3571428571428572
82 195 0.9285714285714286
83 84 0.9285714285714286
83 92 -1.3571428571428572
83 93 1.7857142857142858
83 249 1.7857142857142858
83 257 -0.9285714285714286
83 284 -1.3571428571428572
84 85 1.7857142857142858
84 93 1.3571428571428572
84 94 -0.9285714285714286
84 317 2.0
84 354 0.9285714285714286
85 86 -1.3571428571428572
85 94 -2.0
85 388 2.0
85 424 0.5714285714285714
86 87 1.7857142857142858
86 95 0.9285714285714286
86 446 0.5714285714285714
86 452 0.9285714285714286
86 480 0.9285714285714286
86 488 1.7857142857142858
87 88 -1.3571428571428572
87 95 -1.3571428571428572
87 525 1.7857142857142858
87 554 -2.0
87 561 -1.7857142857142858
88 89 2.0
88 96 1.7857142857142858
88 588 1.3571428571428572
88 595 2.0
88 625 -1.7857142857142858
88 634 -0.9285714285714286
89 90 -0.9285714285714286
89 96 -1.7857142857142858
89 97 -0.5714285714285714
89 669 -0.9285714285714286
90 97 -0.9285714285714286
91 92 -2.0
91 160 0.5714285714285714
91 166 -0.9285714285714286
91 195 1.3571428571428572
92 93 1.7857142857142858
92 222 1.3571428571428572
92 249 0.5714285714285714
92 257 2.0
93 94 -0.9285714285714286
93 284 -1.7857142857142858
93 317 -1.3571428571428572
94 354 -0.5714285714285714
94 388 -0.5714285714285714
95 480 -0.9285714285714286
95 488 1.3571428571428572
95 525 1.3571428571428572
96 97 2.0
96 625 -0.5714285714285714
96 634 0.9285714285714286
96 669 -0.5714285714285714
98 105 -2.0
99 100 1.3571428571428572
99 106 1.3571428571428572
99 107 -1.7857142857142858
99 158 1.7857142857142858
99 187 0.5714285714285714
100 101 -1.7857142857142858
100 107 2.0
100 108 0.5714285714285714
100 247 1.3571428571428572
101 102 0.5714285714285714
101 108 -1.3571428571428572
101 109 1.7857142857142858
101 282 0.5714285714285714
101 315 -2.0
102 109 -1.7857142857142858
102 352 1.3571428571428572
102 387 0.5714285714285714
103 104 -0.5714285714285714
103 110 0.9285714285714286
103 515 1.7857142857142858
104 110 -2.0
104 552 -0.9285714285714286
104 587 1.7857142857142858
105 106 -1.7857142857142858
106 107 1.3571428571428572
106 124 -0.9285714285714286
107 108 -1.7857142857142858
107 187 0.5714285714285714
108 109 0.5714285714285714
108 247 0.9285714285714286
108 282 0.5714285714285714
109 315 1.7857142857142858
109 352 2.0
110 515 1.7857142857142858
110 552 0.5714285714285714
111 660 0.5714285714285714
111 694 -2.0
112 113 0.5714285714285714
112 126 -0.9285714285714286
112 136 -0.5714285714285714
112 160 2.0
112 167 -0.9285714285714286
113 114 1.3571428571428572
113 196 -2.0
113 223 -0.5714285714285714
114 120 2.0
114 249 1.3571428571428572
114 258 0.9285714285714286
114 284 -2.0
114 291 1.3571428571428572
115 116 2.0
115 121 2.0
115 446 -1.3571428571428572
115 453 -0.5714285714285714
115 480 1.3571428571428572
115 489 0.9285714285714286
116 117 2.0
116 526 1.3571428571428572
116 554 -0.5714285714285714
116 562 0.5714285714285714
117 118 -0.5714285714285714
117 122 0.9285714285714286
117 588 0.9285714285714286
117 596 -2.0
117 625 -1.7857142857142858
118 119 2.0
118 122 -0.9285714285714286
118 123 -2.0
119 123 1.7857142857142858
119 124 -1.7857142857142858
120 284 0.9285714285714286
120 291 0.5714285714285714
120 317 -0.5714285714285714
120 326 -0.9285714285714286
121 480 1.3571428571428572
121 489 1.7857142857142858
121 526 1.7857142857142858
122 123 1.7857142857142858
122 625 0.9285714285714286
122 635 -1.3571428571428572
123 124 1.3571428571428572
125 126 0.5714285714285714
125 135 1.7857142857142858
126 127 0.5714285714285714
126 136 -2.0
127 128 -0.9285714285714286
127 136 1.3571428571428572
127 137 -0.9285714285714286
127 144 1.3571428571428572
127 175 -1.3571428571428572
128 129 0.5714285714285714
128 137 0.9285714285714286
128 138 1.3571428571428572
129 130 1.3571428571428572
129 138 -0.5714285714285714
129 139 -0.9285714285714286
129 266 -2.0
129 300 -0.5714285714285714
130 131 -2.0
130 139 -0.9285714285714286
130 140 -1.3571428571428572
130 370 -2.0
131 132 -1.7857142857142858
131 140 -1.7857142857142858
131 141 1.7857142857142858
131 400 -2.0
131 430 -2.0
132 133 -2.0
132 141 1.7857142857142858
132 462 -1.3571428571428572
132 496 -2.0
133 134 2.0
133 142 -1.7857142857142858
133 535 1.7857142857142858
133 571 1.7857142857142858
134 142 -1.7857142857142858
134 143 -0.5714285714285714
134 605 -1.7857142857142858
134 643 1.7857142857142858
135 136 -0.9285714285714286
136 137 1.7857142857142858
136 144 -1.3571428571428572
137 138 0.5714285714285714
137 175 0.9285714285714286
138 139 -1.7857142857142858
138 231 -1.7857142857142858
138 266 1.3571428571428572
139 140 0.5714285714285714
139 300 0.5714285714285714
140 141 1.3571428571428572
140 370 -0.9285714285714286
140 400 1.3571428571428572
141 430 -1.3571428571428572
141 462 -0.9285714285714286
142 143 0.5714285714285714
142 571 -0.9285714285714286
143 643 0.9285714285714286
143 678 1.7857142857142858
144 145 0.5714285714285714
144 152 0.9285714285714286
144 161 0.9285714285714286
144 167 1.3571428571428572
145 146 -1.7857142857142858
145 152 0.9285714285714286
145 153 -0.5714285714285714
145 196 -2.0
145 217 -2.0
145 223 1.3571428571428572
146 153 2.0
146 154 0.5714285714285714
146 250 2.0
146 258 1.7857142857142858
146 285 -0.5714285714285714
146 291 -2.0
147 154 0.9285714285714286
147 155 1.3571428571428572
147 318 1.7857142857142858
147 326 -0.9285714285714286
147 355 1.3571428571428572
147 363 -1.3571428571428572
148 149 1.7857142857142858
148 453 0.5714285714285714
148 481 1.7857142857142858
148 489 1.3571428571428572
149 150 1.3571428571428572
149 156 -0.9285714285714286
149 517 -1.3571428571428572
149 526 2.0
149 562 -0.5714285714285714
150 151 2.0
150 156 -0.5714285714285714
150 589 -0.5714285714285714
150 596 -0.5714285714285714
150 626 -1.7857142857142858
150 635 0.5714285714285714
151 157 -1.3571428571428572
151 662 1.7857142857142858
152 153 -1.7857142857142858
152 161 1.3571428571428572
152 167 1.3571428571428572
152 196 -0.9285714285714286
153 154 0.9285714285714286
153 217 -1.3571428571428572
153 223 0.5714285714285714
153 250 1.7857142857142858
154 155 0.9285714285714286
154 285 1.3571428571428572
154 291 -0.9285714285714286
154 318 -0.9285714285714286
154 326 -0.9285714285714286
155 355 -2.0
155 363 1.3571428571428572
156 562 1.3571428571428572
156 589 0.5714285714285714
156 596 -0.5714285714285714
157 158 -0.5714285714285714
159 160 -1.7857142857142858
159 166 0.5714285714285714
160 161 1.7857142857142858
160 166 0.5714285714285714
160 167 -0.9285714285714286
161 162 -1.3571428571428572
161 167 -0.9285714285714286
161 168 0.5714285714285714
161 175 1.7857142857142858
161 181 0.9285714285714286
162 168 -2.0
162 169 -2.0
162 231 -2.0
162 239 0.5714285714285714
163 164 -0.5714285714285714
163 172 -0.5714285714285714
163 462 -0.5714285714285714
163 471 0.9285714285714286
163 496 1.3571428571428572
163 506 2.0
164 165 1.3571428571428572
164 173 -0.5714285714285714
164 535 -0.9285714285714286
164 544 1.3571428571428572
164 571 -0.9285714285714286
165 173 2.0
165 174 -0.9285714285714286
165 605 -0.9285714285714286
165 615 0.9285714285714286
165 643 -1.3571428571428572
166 167 1.7857142857142858
167 168 1.3571428571428572
168 169 0.5714285714285714
168 175 2.0
168 181 -1.3571428571428572
169 170 -2.0
169 231 0.9285714285714286
169 239 1.3571428571428572
169 266 0.5714285714285714
169 274 2.0
170 171 1.7857142857142858
170 300 1.3571428571428572
171 172 1.3571428571428572
171 370 1.7857142857142858
171 380 -2.0
171 400 -0.9285714285714286
171 409 -0.9285714285714286
172 430 1.7857142857142858
172 462 -1.7857142857142858
172 471 1.7857142857142858
173 174 -1.3571428571428572
173 571 -0.9285714285714286
173 605 0.9285714285714286
173 615 -0.9285714285714286
174 643 -1.3571428571428572
174 653 -2.0
174 678 0.5714285714285714
175 176 2.0
175 181 0.9285714285714286
176 181 1.7857142857142858
176 182 0.5714285714285714
176 197 1.7857142857142858
176 217 2.0
176 224 1.7857142857142858
177 184 -0.5714285714285714
177 454 -0.9285714285714286
177 481 -2.0
177 490 2.0
178 179 2.0
178 185 -1.3571428571428572
178 589 -1.7857142857142858
178 597 -1.7857142857142858
178 636 1.7857142857142858
179 180 1.3571428571428572
179 185 -1.7857142857142858
179 186 -1.7857142857142858
179 662 -0.9285714285714286
179 670 2.0
180 186 0.5714285714285714
180 187 2.0
181 182 1.3571428571428572
181 197 -1.7857142857142858
182 217 -0.5714285714285714
182 224 -1.3571428571428572
182 250 0.5714285714285714
182 259 -0.5714285714285714
183 355 1.7857142857142858
184 481 1.7857142857142858
184 490 -1.3571428571428572
184 517 0.9285714285714286
184 527 0.5714285714285714
185 186 -0.5714285714285714
185 626 -1.7857142857142858
185 636 0.9285714285714286
185 662 -1.7857142857142858
185 670 -1.3571428571428572
186 187 1.7857142857142858
188 195 -1.7857142857142858
189 190 2.0
189 197 -2.0
189 198 -2.0
189 202 -0.5714285714285714
189 232 2.0
189 239 -1.7857142857142858
190 191 1.7857142857142858
190 198 -0.5714285714285714
190 274 -2.0
190 309 1.7857142857142858
191 192 1.7857142857142858
191 199 -0.5714285714285714
191 335 -0.5714285714285714
191 371 1.3571428571428572
191 380 2.0
192 193 1.7857142857142858
192 199 -0.9285714285714286
192 401 2.0
192 409 0.5714285714285714
192 431 1.3571428571428572
193 463 2.0
193 471 2.0
193 497 1.3571428571428572
193 506 1.3571428571428572
194 200 1.7857142857142858
194 201 2.0
194 606 1.3571428571428572
194 644 -2.0
194 653 2.0
195 196 -1.3571428571428572
196 197 -1.3571428571428572
197 198 2.0
197 202 -1.7857142857142858
198 232 -1.7857142857142858
198 239 -0.5714285714285714
198 274 -1.3571428571428572
199 371 -0.9285714285714286
199 380 0.5714285714285714
199 401 0.9285714285714286
199 409 -1.7857142857142858
200 201 2.0
200 606 -1.7857142857142858
200 615 -1.7857142857142858
201 644 -0.5714285714285714
201 653 -0.9285714285714286
202 203 -0.9285714285714286
202 210 1.7857142857142858
202 218 0.5714285714285714
202 224 1.7857142857142858
203 204 -0.9285714285714286
203 210 -0.9285714285714286
203 211 -1.3571428571428572
203 251 1.7857142857142858
203 286 -2.0
203 292 1.3571428571428572
204 205 0.9285714285714286
204 212 2.0
204 327 -0.5714285714285714
204 356 1.7857142857142858
205 206 1.7857142857142858
205 212 -2.0
205 389 -2.0
205 417 0.9285714285714286
206 213 0.9285714285714286
206 447 -0.5714285714285714
206 454 -2.0
207 208 -2.0
207 214 -0.5714285714285714
207 590 1.3571428571428572
207 597 2.0
207 627 -1.7857142857142858
207 636 2.0
208 209 -0.5714285714285714
208 214 -2.0
208 215 -0.5714285714285714
208 663 0.5714285714285714
208 670 -2.0
209 215 -1.3571428571428572
210 211 2.0
210 218 0.5714285714285714
210 224 -0.9285714285714286
210 251 1.3571428571428572
210 259 1.3571428571428572
211 212 -1.3571428571428572
211 286 2.0
211 292 2.0
211 319 1.7857142857142858
211 327 1.3571428571428572
212 356 1.3571428571428572
212 389 1.3571428571428572
213 482 1.7857142857142858
213 490 -0.5714285714285714
213 527 0.5714285714285714
214 215 0.9285714285714286
214 627 -1.7857142857142858
214 636 0.9285714285714286
214 663 -0.9285714285714286
214 670 1.7857142857142858
216 222 0.5714285714285714
217 218 -0.5714285714285714
217 223 -0.9285714285714286
217 224 -2.0
218 219 0.5714285714285714
218 224 1.3571428571428572
218 225 0.9285714285714286
218 232 0.5714285714285714
218 240 -1.7857142857142858
219 225 0.9285714285714286
219 226 1.7857142857142858
219 275 2.0
219 301 2.0
219 310 0.9285714285714286
220 227 -1.3571428571428572
220 228 -0.5714285714285714
220 401 -1.7857142857142858
220 410 -1.3571428571428572
220 431 1.3571428571428572
221 230 -0.9285714285714286
221 606 -1.7857142857142858
221 616 1.7857142857142858
221 644 2.0
221 654 -1.7857142857142858
222 223 -2.0
223 224 2.0
224 225 -1.7857142857142858
225 226 -1.3571428571428572
225 232 -1.7857142857142858
225 240 1.3571428571428572
225 275 0.9285714285714286
226 227 0.5714285714285714
226 301 -1.3571428571428572
226 310 -0.5714285714285714
226 335 -1.3571428571428572
226 344 -0.9285714285714286
227 228 -1.3571428571428572
227 371 1.7857142857142858
227 381 0.5714285714285714
227 401 1.3571428571428572
227 410 1.3571428571428572
228 229 -2.0
228 431 0.9285714285714286
228 463 2.0
228 472 -0.5714285714285714
229 497 2.0
229 507 -2.0
229 536 2.0
229 545 2.0
230 644 0.5714285714285714
230 654 1.7857142857142858
231 232 0.9285714285714286
231 239 -0.9285714285714286
232 233 1.7857142857142858
232 239 0.5714285714285714
232 240 -2.0
233 234 -1.3571428571428572
233 240 -1.3571428571428572
233 241 2.0
233 251 1.7857142857142858
233 260 -1.3571428571428572
233 286 1.7857142857142858
233 293 0.5714285714285714
234 235 0.9285714285714286
234 241 -1.3571428571428572
234 242 -1.3571428571428572
234 319 -0.9285714285714286
234 328 0.5714285714285714
234 356 -1.3571428571428572
234 364 -1.3571428571428572
235 236 -1.7857142857142858
235 242 -0.9285714285714286
235 243 -0.5714285714285714
235 389 1.7857142857142858
235 394 -1.3571428571428572
235 417 0.5714285714285714
235 425 0.5714285714285714
236 237 0.9285714285714286
236 243 1.3571428571428572
236 244 -2.0
236 455 0.5714285714285714
236 482 0.5714285714285714
236 491 2.0
237 238 -1.3571428571428572
237 518 -2.0
237 528 -2.0
237 555 -0.9285714285714286
237 564 -2.0
238 245 -1.7857142857142858
238 590 1.3571428571428572
238 598 1.7857142857142858
238 627 -0.5714285714285714
238 637 0.5714285714285714
239 240 1.7857142857142858
240 241 2.0
240 251 2.0
240 260 1.3571428571428572
241 242 1.7857142857142858
241 286 -1.3571428571428572
241 293 1.3571428571428572
241 319 1.3571428571428572
241 328 -2.0
242 243 0.5714285714285714
242 356 1.3571428571428572
242 364 1.3571428571428572
242 389 -1.3571428571428572
242 394 -1.7857142857142858
243 244 -2.0
243 417 -1.7857142857142858
243 425 1.7857142857142858
243 447 -0.9285714285714286
243 455 2.0
244 482 -0.9285714285714286
244 491 -0.5714285714285714
245 246 1.7857142857142858
245 627 0.5714285714285714
245 637 1.7857142857142858
245 663 1.3571428571428572
245 671 1.7857142857142858
246 247 -0.5714285714285714
248 249 0.5714285714285714
248 257 1.3571428571428572
249 250 1.7857142857142858
249 257 -0.9285714285714286
249 258 1.3571428571428572
250 251 1.3571428571428572
250 258 1.3571428571428572
250 259 2.0
251 252 -2.0
251 259 -0.5714285714285714
251 260 1.7857142857142858
252 253 0.9285714285714286
252 260 -2.0
252 261 2.0
252 267 2.0
252 275 -1.3571428571428572
252 302 1.3571428571428572
252 310 0.9285714285714286
253 261 -0.9285714285714286
253 262 0.5714285714285714
253 336 -1.3571428571428572
253 344 -0.5714285714285714
253 372 0.5714285714285714
253 381 -2.0
254 255 -2.0
254 263 0.5714285714285714
254 264 -1.7857142857142858
254 464 -1.7857142857142858
254 472 -1.3571428571428572
254 498 1.7857142857142858
254 507 -0.5714285714285714
255 256 2.0
255 264 -1.7857142857142858
255 265 -1.3571428571428572
255 537 -0.9285714285714286
255 545 0.5714285714285714
255 572 2.0
255 580 0.5714285714285714
256 265 0.9285714285714286
256 607 -0.5714285714285714
256 616 -1.3571428571428572
256 645 0.9285714285714286
256 654 -0.5714285714285714
257 258 -1.3571428571428572
258 259 0.5714285714285714
259 260 1.7857142857142858
260 261 1.7857142857142858
260 267 -0.5714285714285714
260 275 2.0
261 262 1.7857142857142858
261 302 -1.3571428571428572
261 310 1.3571428571428572
261 336 -1.3571428571428572
261 344 -0.9285714285714286
262 263 -1.3571428571428572
262 372 -1.7857142857142858
262 381 -0.9285714285714286
262 410 -1.3571428571428572
263 264 1.3571428571428572
263 432 2.0
263 464 -1.3571428571428572
263 472 -0.5714285714285714
264 265 0.5714285714285714
264 498 -1.3571428571428572
264 507 0.5714285714285714
264 537 0.5714285714285714
264 545 -1.3571428571428572
265 572 -2.0
265 580 -2.0
265 607 -2.0
265 616 0.9285714285714286
266 274 1.7857142857142858
267 268 -1.7857142857142858
267 275 -0.9285714285714286
267 276 -2.0
267 293 1.3571428571428572
268 269 -1.7857142857142858
268 276 1.3571428571428572
268 277 1.3571428571428572
268 320 0.9285714285714286
268 328 2.0
268 357 1.7857142857142858
268 364 0.9285714285714286
269 270 2.0
269 277 -1.3571428571428572
269 390 -0.9285714285714286
269 394 0.9285714285714286
269 418 -0.5714285714285714
269 425 2.0
270 271 1.3571428571428572
270 278 -2.0
270 455 0.9285714285714286
270 483 -1.3571428571428572
270 491 2.0
271 272 -1.7857142857142858
271 278 -1.3571428571428572
271 279 0.9285714285714286
271 519 -2.0
271 528 -0.5714285714285714
271 556 2.0
271 564 -1.7857142857142858
272 273 -0.5714285714285714
272 279 -2.0
272 280 -1.7857142857142858
272 598 1.3571428571428572
272 628 -1.3571428571428572
272 637 -1.7857142857142858
273 280 -0.5714285714285714
273 281 -0.5714285714285714
273 664 1.7857142857142858
273 671 1.7857142857142858
274 275 0.5714285714285714
275 276 1.7857142857142858
276 287 -2.0
276 293 -0.5714285714285714
276 320 0.5714285714285714
276 328 -1.3571428571428572
277 357 0.5714285714285714
277 364 -0.5714285714285714
277 390 -1.3571428571428572
277 394 -1.3571428571428572
278 279 -1.3571428571428572
278 483 1.3571428571428572
278 519 -1.7857142857142858
278 528 2.0
279 280 -0.9285714285714286
279 556 1.3571428571428572
279 564 0.9285714285714286
279 598 1.7857142857142858
280 281 -0.9285714285714286
280 628 1.7857142857142858
280 637 -1.3571428571428572
280 664 -1.3571428571428572
280 671 -1.3571428571428572
281 282 0.5714285714285714
283 284 0.5714285714285714
284 285 -0.5714285714285714
284 291 -1.7857142857142858
285 286 1.7857142857142858
285 291 -1.3571428571428572
285 292 -1.7857142857142858
286 287 1.3571428571428572
286 292 -2.0
286 293 -0.5714285714285714
287 288 1.3571428571428572
287 293 0.5714285714285714
287 294 -2.0
287 302 -0.5714285714285714
287 311 -0.9285714285714286
288 289 1.3571428571428572
288 294 -1.3571428571428572
288 295 -0.9285714285714286
288 336 0.5714285714285714
288 345 -2.0
288 372 -0.5714285714285714
288 382 0.5714285714285714
289 295 -2.0
289 296 -0.9285714285714286
289 402 0.5714285714285714
289 411 2.0
289 432 2.0
289 438 0.5714285714285714
290 298 0.5714285714285714
290 299 0.5714285714285714
290 607 2.0
290 617 -1.7857142857142858
290 645 1.3571428571428572
290 655 1.3571428571428572
291 292 -0.9285714285714286
292 293 1.7857142857142858
293 294 -0.9285714285714286
294 295 1.3571428571428572
294 302 2.0
294 311 -1.7857142857142858
294 336 -0.5714285714285714
294 345 1.3571428571428572
295 296 1.3571428571428572
295 372 0.9285714285714286
295 382 2.0
295 402 -0.5714285714285714
295 411 0.9285714285714286
296 297 1.3571428571428572
296 432 -1.7857142857142858
296 438 1.3571428571428572
296 464 0.9285714285714286
296 473 -1.3571428571428572
297 298 1.3571428571428572
297 498 -1.7857142857142858
297 508 0.5714285714285714
297 537 -0.5714285714285714
298 299 2.0
298 572 0.5714285714285714
298 581 1.3571428571428572
298 607 -2.0
298 617 -2.0
299 645 2.0
299 655 -0.5714285714285714
299 679 -0.9285714285714286
299 687 0.5714285714285714
300 301 -0.5714285714285714
300 309 -2.0
301 302 -1.7857142857142858
301 309 1.3571428571428572
301 310 1.7857142857142858
302 303 0.9285714285714286
302 310 -1.7857142857142858
302 311 -0.5714285714285714
303 304 -0.9285714285714286
303 311 -1.7857142857142858
303 312 0.5714285714285714
303 320 -1.3571428571428572
303 329 1.7857142857142858
303 357 2.0
304 305 -1.3571428571428572
304 312 -0.9285714285714286
304 390 -1.7857142857142858
304 395 0.9285714285714286
304 418 -1.7857142857142858
305 456 1.7857142857142858
305 483 -2.0
305 492 -1.3571428571428572
306 307 2.0
306 313 -2.0
306 314 0.9285714285714286
306 599 -1.3571428571428572
306 628 1.3571428571428572
306 638 2.0
307 308 0.5714285714285714
307 314 -0.5714285714285714
307 664 -1.7857142857142858
307 672 -2.0
308 315 1.7857142857142858
309 310 -2.0
310 311 -1.3571428571428572
311 312 0.9285714285714286
311 320 0.5714285714285714
311 329 2.0
312 357 -1.7857142857142858
312 390 1.3571428571428572
312 395 0.5714285714285714
313 314 -2.0
313 556 -1.7857142857142858
313 565 1.3571428571428572
313 599 0.9285714285714286
314 628 -2.0
314 638 -0.5714285714285714
314 664 -1.7857142857142858
314 672 2.0
316 317 2.0
317 318 -0.5714285714285714
317 326 1.7857142857142858
318 319 0.9285714285714286
318 326 -0.9285714285714286
318 327 -0.9285714285714286
319 320 0.5714285714285714
319 327 1.7857142857142858
319 328 1.7857142857142858
320 321 2.0
320 328 1.3571428571428572
320 329 -1.7857142857142858
321 322 -0.9285714285714286
321 329 1.7857142857142858
321 330 -1.7857142857142858
321 337 1.7857142857142858
321 345 -0.9285714285714286
321 373 2.0
321 382 0.9285714285714286
322 323 2.0
322 330 -1.7857142857142858
322 331 -1.3571428571428572
322 403 -0.5714285714285714
322 411 1.7857142857142858
322 433 1.7857142857142858
322 438 2.0
323 324 1.3571428571428572
323 331 0.9285714285714286
323 332 0.5714285714285714
323 473 2.0
323 499 -2.0
323 508 0.9285714285714286
324 325 -0.9285714285714286
324 332 -0.9285714285714286
324 333 -1.3571428571428572
324 538 1.3571428571428572
324 573 1.7857142857142858
324 581 -0.5714285714285714
325 333 1.7857142857142858
325 334 -0.9285714285714286
325 608 -1.3571428571428572
325 617 2.0
325 646 -1.7857142857142858
325 655 0.9285714285714286
326 327 -1.3571428571428572
327 328 -0.9285714285714286
328 329 2.0
329 330 0.9285714285714286
329 337 -0.9285714285714286
329 345 -1.7857142857142858
330 331 -0.5714285714285714
330 373 1.7857142857142858
330 382 -2.0
330 403 1.7857142857142858
330 411 -2.0
331 332 1.3571428571428572
331 433 1.3571428571428572
331 438 -0.5714285714285714
331 473 2.0
332 333 0.9285714285714286
332 499 2.0
332 508 0.9285714285714286
332 538 1.3571428571428572
333 334 -1.7857142857142858
333 573 -2.0
333 581 0.5714285714285714
333 608 0.9285714285714286
333 617 2.0
334 646 -2.0
334 655 1.3571428571428572
334 680 0.9285714285714286
334 687 1.3571428571428572
335 336 0.5714285714285714
335 344 -1.7857142857142858
336 337 -0.9285714285714286
336 344 0.5714285714285714
336 345 1.3571428571428572
337 338 -2.0
337 345 -0.5714285714285714
337 346 2.0
337 358 1.7857142857142858
338 339 0.5714285714285714
338 346 0.5714285714285714
338 347 -0.9285714285714286
338 391 -2.0
338 395 -1.7857142857142858
338 419 0.5714285714285714
339 340 -1.3571428571428572
339 347 0.9285714285714286
339 456 0.5714285714285714
339 484 -2.0
339 492 -0.5714285714285714
340 341 1.3571428571428572
340 348 -0.9285714285714286
340 349 -1.3571428571428572
340 520 1.3571428571428572
340 529 1.7857142857142858
340 557 1.7857142857142858
340 565 -0.9285714285714286
341 342 1.7857142857142858
341 350 2.0
341 591 -0.9285714285714286
341 629 -1.7857142857142858
341 638 0.5714285714285714
342 343 1.7857142857142858
342 350 1.7857142857142858
342 351 -1.7857142857142858
342 665 -0.9285714285714286
342 672 2.0
343 351 -1.7857142857142858
343 352 -2.0
344 345 1.7857142857142858
345 346 -1.7857142857142858
346 347 -2.0
346 358 -0.9285714285714286
346 391 -1.3571428571428572
346 395 -1.7857142857142858
347 348 -1.7857142857142858
347 419 -1.7857142857142858
347 456 1.7857142857142858
348 349 1.7857142857142858
348 484 1.7857142857142858
348 492 -0.9285714285714286
348 520 -0.9285714285714286
348 529 -0.5714285714285714
349 350 -2.0
349 557 2.0
349 565 -2.0
349 591 -0.5714285714285714
349 599 -0.5714285714285714
350 351 1.7857142857142858
350 629 1.3571428571428572
350 638 0.5714285714285714
350 665 0.5714285714285714
350 672 -2.0
353 354 1.3571428571428572
354 355 2.0
354 363 -2.0
355 356 -1.7857142857142858
355 363 0.5714285714285714
356 357 -0.9285714285714286
356 364 1.3571428571428572
357 358 -0.9285714285714286
357 364 0.5714285714285714
358 359 0.5714285714285714
358 365 -0.5714285714285714
358 373 -2.0
359 360 -1.7857142857142858
359 365 -2.0
359 366 0.5714285714285714
359 403 0.5714285714285714
359 412 2.0
359 433 2.0
359 439 -0.5714285714285714
360 361 -1.7857142857142858
360 366 -2.0
360 367 -1.3571428571428572
360 474 -0.9285714285714286
360 499 -1.3571428571428572
360 509 2.0
361 362 2.0
361 367 -0.9285714285714286
361 368 0.5714285714285714
361 538 -2.0
361 546 0.9285714285714286
361 573 1.3571428571428572
361 582 -2.0
362 368 -0.9285714285714286
362 369 1.3571428571428572
362 608 -0.5714285714285714
362 618 1.7857142857142858
362 646 -0.5714285714285714
362 656 -0.5714285714285714
365 366 1.7857142857142858
365 373 -1.7857142857142858
365 412 0.5714285714285714
366 367 -1.3571428571428572
366 474 -2.0
367 368 -0.9285714285714286
367 499 1.3571428571428572
367 509 -0.9285714285714286
367 538 -0.5714285714285714
367 546 -0.5714285714285714
368 369 -0.9285714285714286
368 573 -0.5714285714285714
368 582 0.5714285714285714
368 608 -0.5714285714285714
368 618 -1.7857142857142858
369 646 -2.0
369 656 2.0
369 680 -1.3571428571428572
369 688 -1.3571428571428572
370 380 1.3571428571428572
371 372 -0.9285714285714286
371 380 2.0
371 381 -1.7857142857142858
372 373 1.7857142857142858
372 381 2.0
372 382 -2.0
373 374 2.0
373 382 -1.3571428571428572
374 375 -1.3571428571428572
374 383 1.7857142857142858
374 391 -1.3571428571428572
374 396 2.0
374 419 -1.7857142857142858
374 426 0.5714285714285714
375 376 -1.7857142857142858
375 383 -2.0
375 384 1.3571428571428572
375 457 -1.3571428571428572
375 484 -1.7857142857142858
376 377 -1.3571428571428572
376 384 1.3571428571428572
376 385 -1.7857142857142858
376 520 0.9285714285714286
376 530 1.7857142857142858
376 557 -0.5714285714285714
376 566 -2.0
377 378 0.9285714285714286
377 385 1.3571428571428572
377 386 2.0
377 591 -0.5714285714285714
377 600 -0.9285714285714286
377 629 0.9285714285714286
377 639 1.3571428571428572
378 379 -2.0
378 386 -0.9285714285714286
378 665 0.9285714285714286
378 673 -1.3571428571428572
379 387 0.9285714285714286
380 381 -1.7857142857142858
381 382 -1.7857142857142858
383 384 0.5714285714285714
383 419 1.7857142857142858
383 426 0.9285714285714286
383 457 -2.0
384 385 2.0
384 484 -0.9285714285714286
384 520 0.9285714285714286
384 530 2.0
385 386 0.9285714285714286
385 566 2.0
385 591 -1.7857142857142858
385 600 -1.3571428571428572
386 629 -0.5714285714285714
386 639 -1.3571428571428572
386 665 0.9285714285714286
386 673 2.0
389 390 -1.3571428571428572
389 394 1.3571428571428572
390 391 2.0
390 394 2.0
390 395 -2.0
391 395 1.3571428571428572
391 396 1.7857142857142858
392 393 2.0
392 397 -0.9285714285714286
392 398 2.0
392 465 -0.9285714285714286
392 474 -1.7857142857142858
392 500 -2.0
392 509 -2.0
393 398 -0.9285714285714286
393 539 2.0
393 546 -2.0
393 574 -1.3571428571428572
393 582 0.9285714285714286
394 395 0.9285714285714286
395 396 -1.3571428571428572
396 397 -1.7857142857142858
396 412 -1.3571428571428572
397 398 0.5714285714285714
397 439 -2.0
397 465 -2.0
397 474 -1.3571428571428572
398 500 0.9285714285714286
398 509 -2.0
398 539 -2.0
398 546 -1.7857142857142858
399 647 -0.5714285714285714
399 656 1.7857142857142858
399 681 1.7857142857142858
399 688 1.7857142857142858
400 401 0.9285714285714286
400 409 0.9285714285714286
401 402 -1.3571428571428572
401 409 2.0
401 410 -1.7857142857142858
402 403 -1.3571428571428572
402 410 0.9285714285714286
402 411 -1.7857142857142858
403 411 0.5714285714285714
403 412 -1.7857142857142858
404 413 1.7857142857142858
404 414 0.5714285714285714
404 448 0.9285714285714286
405 406 -1.3571428571428572
405 414 1.7857142857142858
405 521 0.9285714285714286
405 530 -0.5714285714285714
405 558 2.0
405 566 -0.5714285714285714
406 407 1.3571428571428572
406 592 0.5714285714285714
406 600 1.7857142857142858
406 639 2.0
407 408 2.0
407 415 -0.9285714285714286
407 666 0.9285714285714286
407 673 -1.7857142857142858
408 415 0.5714285714285714
408 416 -0.9285714285714286
409 410 -1.3571428571428572
410 411 -1.3571428571428572
411 412 1.7857142857142858
412 413 -0.5714285714285714
413 414 -0.5714285714285714
413 420 1.7857142857142858
413 426 -2.0
413 448 -1.7857142857142858
413 457 1.7857142857142858
414 521 -1.3571428571428572
414 530 -1.3571428571428572
415 416 0.9285714285714286
417 418 2.0
417 425 0.5714285714285714
418 419 0.9285714285714286
418 425 1.7857142857142858
419 420 -0.9285714285714286
419 426 2.0
420 421 -0.9285714285714286
420 426 -1.7857142857142858
420 427 -1.7857142857142858
420 440 -0.9285714285714286
421 427 -2.0
421 428 1.7857142857142858
421 465 1.7857142857142858
421 475 0.9285714285714286
421 500 -1.7857142857142858
421 510 1.7857142857142858
422 423 -0.5714285714285714
422 428 -2.0
422 429 2.0
422 539 -1.3571428571428572
422 574 -2.0
422 583 -0.9285714285714286
423 429 2.0
423 609 2.0
423 619 2.0
423 657 0.9285714285714286
426 427 -0.9285714285714286
427 428 -0.5714285714285714
427 440 -0.5714285714285714
427 465 1.3571428571428572
427 475 -1.3571428571428572
428 429 -0.9285714285714286
428 500 -1.7857142857142858
428 510 2.0
428 539 1.7857142857142858
428 547 -1.7857142857142858
429 574 -2.0
429 583 -2.0
429 609 1.3571428571428572
429 619 -0.5714285714285714
431 432 0.5714285714285714
432 433 0.9285714285714286
432 438 -1.3571428571428572
433 438 -0.5714285714285714
433 439 -0.5714285714285714
434 435 2.0
434 440 -1.3571428571428572
434 441 0.9285714285714286
434 448 -0.5714285714285714
434 458 -0.9285714285714286
435 436 0.9285714285714286
435 441 2.0
435 521 2.0
435 531 -1.3571428571428572
435 558 0.9285714285714286
435 567 -0.5714285714285714
436 437 1.7857142857142858
436 442 -0.9285714285714286
436 443 -1.7857142857142858
436 592 -0.9285714285714286
436 601 1.7857142857142858
436 630 -2.0
436 640 2.0
437 443 2.0
437 666 0.9285714285714286
437 674 2.0
438 439 -1.7857142857142858
439 440 -1.7857142857142858
440 441 1.3571428571428572
440 448 -1.3571428571428572
440 458 0.5714285714285714
441 442 1.7857142857142858
441 521 -2.0
441 531 0.9285714285714286
442 443 -0.5714285714285714
442 558 -1.3571428571428572
442 592 2.0
442 601 -1.3571428571428572
443 630 2.0
443 640 0.5714285714285714
443 666 -1.3571428571428572
443 674 0.5714285714285714
445 446 -1.3571428571428572
445 452 -1.7857142857142858
446 452 -1.7857142857142858
446 453 1.7857142857142858
447 454 0.5714285714285714
447 455 2.0
448 449 -1.3571428571428572
448 457 -0.9285714285714286
448 458 -1.7857142857142858
449 450 1.7857142857142858
449 458 -0.9285714285714286
449 459 -1.3571428571428572
449 466 1.3571428571428572
449 475 -0.5714285714285714
449 510 1.7857142857142858
450 451 -0.9285714285714286
450 459 1.7857142857142858
450 460 1.3571428571428572
450 540 0.9285714285714286
450 547 -1.7857142857142858
450 575 2.0
450 583 1.3571428571428572
451 460 -2.0
451 461 -1.7857142857142858
451 610 1.7857142857142858
451 619 1.3571428571428572
451 648 -0.5714285714285714
451 657 -2.0
452 453 -1.3571428571428572
453 454 0.5714285714285714
454 455 -0.9285714285714286
455 456 2.0
456 457 1.7857142857142858
457 458 -0.5714285714285714
458 459 2.0
458 466 -1.3571428571428572
458 475 0.9285714285714286
459 460 0.5714285714285714
459 501 -1.7857142857142858
459 510 1.7857142857142858
459 540 1.7857142857142858
459 547 -1.3571428571428572
460 461 1.3571428571428572
460 575 -0.9285714285714286
460 583 0.9285714285714286
460 610 -1.3571428571428572
460 619 -2.0
461 648 0.5714285714285714
461 682 -0.9285714285714286
461 689 -0.5714285714285714
462 463 0.5714285714285714
462 471 -1.3571428571428572
463 464 1.7857142857142858
463 471 -1.3571428571428572
463 472 -0.5714285714285714
464 472 -0.5714285714285714
464 473 -1.7857142857142858
465 466 -2.0
465 474 0.5714285714285714
465 475 0.9285714285714286
466 467 1.3571428571428572
466 475 0.5714285714285714
466 476 0.9285714285714286
466 485 -1.3571428571428572
467 468 1.7857142857142858
467 476 2.0
467 477 0.9285714285714286
467 522 0.9285714285714286
467 531 0.9285714285714286
467 559 1.3571428571428572
467 567 -0.5714285714285714
468 469 -1.7857142857142858
468 477 0.5714285714285714
468 478 -0.5714285714285714
468 593 0.9285714285714286
468 601 -0.9285714285714286
468 631 2.0
468 640 2.0
469 470 -0.5714285714285714
469 478 0.9285714285714286
469 667 2.0
469 674 -2.0
471 472 -0.9285714285714286
472 473 0.5714285714285714
473 474 0.5714285714285714
474 475 -0.9285714285714286
475 476 1.7857142857142858
476 477 -1.3571428571428572
476 485 -1.7857142857142858
476 522 -1.7857142857142858
476 531 1.7857142857142858
477 478 0.5714285714285714
477 559 -1.7857142857142858
477 567 1.7857142857142858
477 593 -0.9285714285714286
477 601 1.3571428571428572
478 631 -1.7857142857142858
478 640 -0.9285714285714286
478 667 1.7857142857142858
478 674 0.9285714285714286
479 480 1.3571428571428572
479 488 -2.0
480 481 1.3571428571428572
480 488 0.5714285714285714
480 489 -1.7857142857142858
481 482 -0.5714285714285714
481 489 -2.0
481 490 0.5714285714285714
482 483 -1.3571428571428572
482 490 2.0
482 491 -0.5714285714285714
483 484 -0.9285714285714286
483 491 -1.3571428571428572
483 492 -0.5714285714285714
484 492 2.0
485 486 -0.9285714285714286
485 493 0.5714285714285714
485 511 -1.3571428571428572
486 487 -2.0
486 493 0.9285714285714286
486 494 -1.7857142857142858
486 540 -1.3571428571428572
486 548 1.7857142857142858
486 575 0.9285714285714286
486 584 -1.7857142857142858
487 494 2.0
487 495 1.7857142857142858
487 610 2.0
487 620 -2.0
487 648 -1.7857142857142858
488 489 0.9285714285714286
489 490 1.3571428571428572
490 491 -1.3571428571428572
491 492 0.9285714285714286
493 494 1.7857142857142858
493 501 0.9285714285714286
493 511 -0.9285714285714286
493 540 -1.7857142857142858
493 548 -1.7857142857142858
494 495 1.3571428571428572
494 575 -1.3571428571428572
494 584 1.7857142857142858
494 620 0.9285714285714286
495 648 1.3571428571428572
495 682 1.3571428571428572
495 690 0.5714285714285714
496 497 0.9285714285714286
496 506 -2.0
497 498 -0.5714285714285714
497 506 2.0
497 507 -1.7857142857142858
498 499 -0.5714285714285714
498 507 0.9285714285714286
498 508 1.7857142857142858
499 500 1.3571428571428572
499 508 1.3571428571428572
499 509 1.7857142857142858
500 501 0.9285714285714286
500 509 -0.5714285714285714
500 510 -1.7857142857142858
501 502 -0.9285714285714286
501 510 -1.7857142857142858
501 511 1.3571428571428572
502 503 1.7857142857142858
502 512 1.3571428571428572
502 522 1.7857142857142858
502 532 1.7857142857142858
502 559 0.9285714285714286
502 568 -0.9285714285714286
503 504 -1.7857142857142858
503 512 -1.3571428571428572
503 513 2.0
503 593 -0.5714285714285714
503 602 2.0
503 631 -2.0
503 641 0.9285714285714286
504 505 1.7857142857142858
504 513 -1.3571428571428572
504 514 -2.0
504 667 -0.9285714285714286
504 675 -1.3571428571428572
505 514 -0.9285714285714286
505 515 -1.7857142857142858
506 507 0.5714285714285714
507 508 -0.9285714285714286
508 509 2.0
509 510 -1.3571428571428572
511 522 -0.5714285714285714
511 532 1.7857142857142858
512 513 -0.5714285714285714
512 559 -0.9285714285714286
512 568 -1.3571428571428572
512 593 -1.7857142857142858
512 602 -0.9285714285714286
513 514 -2.0
513 631 -1.7857142857142858
513 641 -0.9285714285714286
513 667 -1.7857142857142858
513 675 -1.7857142857142858
514 515 -0.5714285714285714
516 525 0.5714285714285714
517 518 2.0
517 526 -0.5714285714285714
518 519 1.3571428571428572
518 527 0.5714285714285714
518 528 -2.0
519 520 -0.9285714285714286
519 528 -0.9285714285714286
519 529 -1.3571428571428572
520 521 0.9285714285714286
520 529 2.0
520 530 -0.9285714285714286
521 522 0.9285714285714286
521 530 2.0
521 531 0.9285714285714286
522 523 -0.5714285714285714
522 531 -2.0
522 532 -1.7857142857142858
523 524 -1.3571428571428572
523 532 0.9285714285714286
523 533 2.0
523 548 -0.9285714285714286
523 576 1.7857142857142858
523 584 -0.5714285714285714
524 533 -0.5714285714285714
524 534 1.3571428571428572
524 611 0.9285714285714286
524 620 -0.5714285714285714
524 649 -1.7857142857142858
525 526 -1.7857142857142858
526 527 1.7857142857142858
527 528 -2.0
528 529 -0.5714285714285714
529 530 1.3571428571428572
530 531 0.9285714285714286
531 532 -2.0
532 533 -0.5714285714285714
532 548 1.3571428571428572
533 534 0.5714285714285714
533 576 -1.7857142857142858
533 584 -1.7857142857142858
533 611 0.9285714285714286
533 620 0.9285714285714286
534 649 0.9285714285714286
534 683 1.3571428571428572
534 690 -1.7857142857142858
535 536 -1.7857142857142858
535 544 1.3571428571428572
536 537 -1.3571428571428572
536 544 -0.5714285714285714
536 545 1.7857142857142858
537 538 0.5714285714285714
537 545 0.5714285714285714
538 539 -2.0
538 546 -0.5714285714285714
539 540 -0.9285714285714286
539 546 1.3571428571428572
539 547 -2.0
540 547 1.7857142857142858
540 548 -1.7857142857142858
541 542 0.5714285714285714
541 549 -1.3571428571428572
541 550 1.3571428571428572
541 594 2.0
541 602 0.9285714285714286
541 632 -1.7857142857142858
541 641 1.3571428571428572
542 543 0.5714285714285714
542 550 -0.9285714285714286
542 551 -1.7857142857142858
542 668 -1.7857142857142858
542 675 -2.0
543 551 2.0
543 552 -1.7857142857142858
544 545 0.9285714285714286
546 547 -0.9285714285714286
547 548 -0.9285714285714286
548 549 -0.5714285714285714
549 550 0.5714285714285714
549 560 0.9285714285714286
549 568 -0.9285714285714286
549 594 -0.5714285714285714
549 602 -2.0
550 551 -2.0
550 632 -1.7857142857142858
550 641 2.0
550 668 -2.0
550 675 0.5714285714285714
551 552 -1.3571428571428572
553 554 1.7857142857142858
553 561 2.0
554 561 0.9285714285714286
554 562 -1.3571428571428572
555 556 0.9285714285714286
555 563 -2.0
555 564 1.3571428571428572
556 557 -0.5714285714285714
556 564 -1.7857142857142858
556 565 0.5714285714285714
557 558 -1.3571428571428572
557 565 1.3571428571428572
557 566 2.0
558 559 -1.3571428571428572
558 566 0.9285714285714286
558 567 -1.3571428571428572
559 560 -0.5714285714285714
559 567 1.7857142857142858
559 568 0.5714285714285714
560 568 -1.3571428571428572
560 569 -0.9285714285714286
560 576 0.9285714285714286
561 562 -1.7857142857142858
562 563 -0.9285714285714286
563 564 1.7857142857142858
564 565 1.7857142857142858
566 567 0.5714285714285714
567 568 -0.9285714285714286
568 569 1.7857142857142858
569 570 -0.5714285714285714
569 576 -0.9285714285714286
569 611 -0.5714285714285714
569 621 -1.7857142857142858
570 649 1.3571428571428572
570 683 -2.0
570 691 -0.5714285714285714
572 573 0.9285714285714286
572 580 0.5714285714285714
572 581 2.0
573 574 0.5714285714285714
573 581 -2.0
573 582 0.9285714285714286
574 575 2.0
574 582 0.5714285714285714
574 583 -0.5714285714285714
575 576 -2.0
575 583 -0.5714285714285714
575 584 -1.7857142857142858
576 577 0.9285714285714286
576 584 -1.3571428571428572
577 578 -2.0
577 585 -1.3571428571428572
577 594 1.3571428571428572
577 603 -2.0
577 632 -1.7857142857142858
578 579 -1.7857142857142858
578 585 0.5714285714285714
578 586 -0.5714285714285714
578 668 1.7857142857142858
578 676 -2.0
579 586 -1.3571428571428572
579 587 2.0
580 581 -1.7857142857142858
581 582 -0.9285714285714286
582 583 -0.5714285714285714
583 584 2.0
585 586 0.9285714285714286
585 632 -0.5714285714285714
585 668 0.9285714285714286
585 676 0.9285714285714286
586 587 1.3571428571428572
588 589 -1.7857142857142858
588 595 -2.0
588 596 -0.5714285714285714
589 590 -0.9285714285714286
589 596 -0.9285714285714286
589 597 0.5714285714285714
590 597 1.7857142857142858
590 598 -0.9285714285714286
591 592 -2.0
591 599 -0.9285714285714286
591 600 0.9285714285714286
592 593 0.5714285714285714
592 600 1.3571428571428572
592 601 -1.7857142857142858
593 594 -0.5714285714285714
593 601 1.7857142857142858
593 602 -2.0
594 602 1.3571428571428572
594 603 1.7857142857142858
595 596 -2.0
596 597 1.3571428571428572
597 598 -1.7857142857142858
598 599 -2.0
599 600 -0.5714285714285714
600 601 -0.9285714285714286
601 602 -1.7857142857142858
602 603 -0.5714285714285714
603 604 -2.0
603 612 2.0
603 621 -0.5714285714285714
604 650 -0.9285714285714286
604 684 -2.0
604 691 1.3571428571428572
605 606 -2.0
605 615 2.0
606 607 0.9285714285714286
606 615 -2.0
606 616 -1.3571428571428572
607 608 -1.7857142857142858
607 617 1.3571428571428572
608 609 -0.9285714285714286
608 617 1.7857142857142858
608 618 -1.7857142857142858
609 610 -0.9285714285714286
609 618 1.3571428571428572
609 619 1.7857142857142858
610 611 -1.3571428571428572
610 619 0.9285714285714286
610 620 1.3571428571428572
611 612 0.5714285714285714
611 620 -1.7857142857142858
611 621 0.5714285714285714
612 613 1.3571428571428572
612 621 2.0
612 622 -1.7857142857142858
612 633 -1.3571428571428572
613 614 -1.3571428571428572
613 622 0.9285714285714286
613 623 1.7857142857142858
613 676 -1.7857142857142858
614 623 -0.9285714285714286
614 624 0.9285714285714286
615 616 -1.3571428571428572
616 617 1.7857142857142858
617 618 -0.5714285714285714
618 619 -1.3571428571428572
619 620 1.7857142857142858
620 621 -0.9285714285714286
621 622 0.5714285714285714
622 623 1.7857142857142858
622 633 0.5714285714285714
622 676 0.5714285714285714
623 624 1.7857142857142858
625 626 1.7857142857142858
625 634 -1.3571428571428572
625 635 -1.3571428571428572
626 627 2.0
626 635 1.7857142857142858
626 636 1.7857142857142858
627 628 -2.0
627 636 2.0
627 637 1.7857142857142858
628 629 1.7857142857142858
628 637 0.5714285714285714
628 638 1.7857142857142858
629 630 -1.7857142857142858
629 638 -1.7857142857142858
629 639 -1.7857142857142858
630 631 1.7857142857142858
630 639 1.3571428571428572
630 640 2.0
631 632 2.0
631 640 -1.7857142857142858
631 641 1.3571428571428572
632 633 1.3571428571428572
632 641 0.5714285714285714
633 642 -0.9285714285714286
633 650 -0.9285714285714286
633 658 0.9285714285714286
634 635 -2.0
635 636 -2.0
636 637 -0.5714285714285714
637 638 -0.5714285714285714
638 639 -1.3571428571428572
639 640 0.9285714285714286
640 641 -1.7857142857142858
642 650 0.5714285714285714
642 658 1.3571428571428572
642 684 1.3571428571428572
642 692 0.5714285714285714
643 644 -0.5714285714285714
643 653 -0.5714285714285714
644 645 1.3571428571428572
644 653 -0.9285714285714286
644 654 -2.0
645 646 0.5714285714285714
645 654 0.5714285714285714
645 655 1.3571428571428572
646 647 -1.7857142857142858
646 655 -0.5714285714285714
646 656 -1.7857142857142858
647 648 1.3571428571428572
647 656 0.5714285714285714
647 657 -0.9285714285714286
648 649 0.5714285714285714
648 657 -0.5714285714285714
649 650 0.9285714285714286
650 651 1.3571428571428572
650 658 -1.7857142857142858
651 652 0.5714285714285714
651 658 -2.0
651 659 1.3571428571428572
651 677 0.9285714285714286
652 659 -0.5714285714285714
652 660 2.0
653 654 -0.5714285714285714
654 655 -0.9285714285714286
655 656 2.0
656 657 0.5714285714285714
658 659 0.9285714285714286
658 677 0.9285714285714286
662 663 1.3571428571428572
662 670 -1.3571428571428572
663 664 0.5714285714285714
663 670 2.0
663 671 -2.0
664 665 -0.5714285714285714
664 671 -0.5714285714285714
664 672 1.3571428571428572
665 666 1.3571428571428572
665 672 0.9285714285714286
666 667 -2.0
666 673 -0.9285714285714286
667 668 1.7857142857142858
667 674 1.3571428571428572
667 675 0.9285714285714286
668 675 1.7857142857142858
668 676 0.9285714285714286
670 671 -0.5714285714285714
671 672 1.7857142857142858
672 673 -1.3571428571428572
673 674 -0.9285714285714286
674 675 -0.5714285714285714
675 676 -0.9285714285714286
676 677 0.9285714285714286
677 685 -1.7857142857142858
677 692 -1.7857142857142858
679 680 -1.3571428571428572
679 687 0.9285714285714286
680 681 -2.0
680 687 0.9285714285714286
680 688 0.9285714285714286
681 682 1.7857142857142858
681 688 -0.9285714285714286
681 689 -0.9285714285714286
682 683 0.9285714285714286
682 690 -0.5714285714285714
683 684 -1.3571428571428572
683 691 -2.0
684 685 -2.0
684 691 1.3571428571428572
684 692 2.0
685 686 -1.3571428571428572
685 692 1.3571428571428572
685 693 -0.5714285714285714
686 693 -0.9285714285714286
686 694 -0.9285714285714286
687 688 2.0
688 689 -1.3571428571428572
689 690 -0.9285714285714286
690 691 -0.5714285714285714
691 692 -0.5714285714285714
693 694 1.7857142857142858
