118 436
1 1 2.214285714285715
2 2 7.428571428571429
3 3 1.0714285714285712
4 4 -3.7142857142857144
5 5 -2.571428571428571
6 6 -2.2857142857142856
7 7 -1.5714285714285714
8 8 -4.571428571428571
9 9 -4.357142857142858
10 10 0.9285714285714286
11 11 -2.357142857142857
12 12 0.5714285714285714
13 13 -0.1428571428571428
14 14 -1.142857142857143
15 15 -5.928571428571429
16 16 -0.9999999999999998
17 17 2.2142857142857144
18 18 1.2142857142857146
19 19 -1.8571428571428572
20 20 -0.8571428571428572
21 21 -0.2857142857142856
22 22 -4.928571428571429
23 23 -3.0
24 24 -6.928571428571429
25 25 -2.928571428571429
26 26 -0.7857142857142854
27 27 0.4285714285714286
28 28 -0.2142857142857144
29 29 -1.9999999999999998
30 30 1.571428571428572
31 31 -3.5
32 32 3.7857142857142856
33 33 3.7142857142857144
34 34 2.2857142857142856
35 35 -4.0
36 36 -0.21428571428571375
37 37 1.7857142857142858
38 38 -1.9285714285714286
39 39 -2.0
40 40 -5.357142857142858
41 41 -2.0
42 42 -0.3571428571428572
43 43 0.2857142857142858
44 44 -0.21428571428571397
45 45 -2.857142857142857
47 47 1.1428571428571432
48 48 0.8571428571428572
49 49 0.49999999999999956
50 50 -4.642857142857142
51 51 -1.642857142857143
52 52 1.1428571428571432
53 53 1.8571428571428572
54 54 -3.6428571428571432
55 55 -7.0
56 56 4.428571428571429
57 57 6.5
58 58 2.071428571428572
59 59 -6.5
60 60 -2.1428571428571432
61 61 -5.428571428571429
62 62 -2.857142857142857
63 63 -7.2857142857142865
64 64 5.642857142857143
65 65 -2.5
66 66 0.0714285714285714
67 67 -1.2857142857142858
68 68 4.857142857142858
69 69 -0.2142857142857142
70 70 2.5
71 71 3.5
72 72 -1.8571428571428574
73 73 2.2142857142857144
74 74 1.3571428571428574
75 75 -0.35714285714285743
76 76 -3.571428571428572
77 77 -3.1428571428571432
78 78 -0.9285714285714286
79 79 1.571428571428571
80 80 -2.220446049250313e-16
81 81 -2.7857142857142856
82 82 0.5714285714285714
83 83 2.071428571428571
84 84 -2.6428571428571432
85 85 1.7857142857142858
86 86 -4.428571428571429
87 87 -0.3571428571428572
88 88 2.8571428571428568
89 89 -1.3571428571428572
90 90 2.6428571428571432
91 91 3.5
92 92 2.142857142857143
93 93 3.2142857142857153
94 94 0.785714285714286
95 95 5.857142857142858
96 96 -0.5
97 97 3.6428571428571432
98 98 2.857142857142857
99 99 0.5714285714285716
100 100 -5.928571428571429
101 101 -4.071428571428572
102 102 0.8571428571428572
103 103 2.1428571428571432
104 104 1.0714285714285716
105 105 -1.7857142857142865
106 106 -3.7857142857142856
107 107 -1.857142857142857
108 108 -0.9285714285714286
109 109 2.220446049250313e-16
110 110 -1.357142857142857
111 111 -2.3571428571428568
112 112 4.928571428571429
113 113 -2.2857142857142856
114 114 -1.4999999999999996
115 115 1.8571428571428572
116 116 -0.8571428571428572
117 117 2.7857142857142856
118 118 3.6428571428571432
1 2 -0.9285714285714286
1 5 1.3571428571428572
1 17 -2.0
1 21 0.5714285714285714
1 38 -1.7857142857142858
1 43 0.5714285714285714
2 3 -2.0
2 5 -1.7857142857142858
2 6 1.3571428571428572
2 62 -1.3571428571428572
2 66 -1.7857142857142858
2 85 -0.9285714285714286
3 4 0.5714285714285714
3 6 -1.3571428571428572
3 7 -1.7857142857142858
3 9 -0.5714285714285714
3 11 1.7857142857142858
3 104 0.9285714285714286
3 108 1.3571428571428572
4 7 1.3571428571428572
4 8 1.7857142857142858
4 54 -0.5714285714285714
4 58 0.5714285714285714
5 6 0.9285714285714286
5 38 1.7857142857142858
5 43 0.9285714285714286
5 62 1.3571428571428572
5 66 -2.0
6 7 0.5714285714285714
6 85 -0.5714285714285714
6 104 1.3571428571428572
7 8 -0.5714285714285714
7 9 2.0
8 54 2.0
8 58 -2.0
8 78 1.3571428571428572
8 81 2.0
9 10 0.9285714285714286
9 11 0.9285714285714286
9 98 2.0
9 102 -0.9285714285714286
10 11 -0.9285714285714286
10 31 0.9285714285714286
10 48 -0.9285714285714286
10 52 -0.9285714285714286
11 31 0.5714285714285714
12 15 -0.5714285714285714
13 14 -0.9285714285714286
13 20 -0.5714285714285714
13 26 0.5714285714285714
13 42 -0.9285714285714286
13 46 2.0
14 15 2.0
14 22 2.0
14 65 -1.3571428571428572
14 69 -0.5714285714285714
15 16 0.5714285714285714
15 22 0.5714285714285714
15 107 1.3571428571428572
15 111 2.0
16 24 2.0
16 34 -1.7857142857142858
16 37 0.5714285714285714
16 57 -0.9285714285714286
16 61 0.5714285714285714
17 18 0.9285714285714286
17 21 -0.5714285714285714
17 96 -0.5714285714285714
18 19 2.0
18 21 -2.0
18 23 -0.9285714285714286
18 27 0.5714285714285714
18 47 -1.7857142857142858
19 20 -0.5714285714285714
19 23 0.5714285714285714
19 25 1.7857142857142858
19 70 -1.3571428571428572
19 89 -0.5714285714285714
20 25 1.3571428571428572
20 26 2.0
20 112 -1.3571428571428572
21 23 0.9285714285714286
21 27 1.3571428571428572
22 107 0.5714285714285714
22 111 1.7857142857142858
23 25 2.0
23 47 -1.3571428571428572
23 70 1.7857142857142858
24 57 1.3571428571428572
24 61 1.7857142857142858
24 84 1.7857142857142858
25 26 -1.7857142857142858
25 89 1.3571428571428572
25 112 -1.7857142857142858
27 29 -0.5714285714285714
27 43 -1.7857142857142858
28 31 2.0
28 32 -1.7857142857142858
28 55 2.0
28 58 -2.0
29 30 2.0
29 43 -1.3571428571428572
29 63 1.3571428571428572
29 66 0.5714285714285714
30 31 -1.3571428571428572
30 86 0.9285714285714286
30 105 -1.3571428571428572
30 108 -1.7857142857142858
31 32 1.3571428571428572
32 33 -2.0
32 35 -0.9285714285714286
32 49 1.3571428571428572
32 52 -1.7857142857142858
33 34 0.9285714285714286
33 35 -2.0
33 36 -0.5714285714285714
33 73 -0.5714285714285714
33 76 2.0
33 92 -0.9285714285714286
33 94 -0.5714285714285714
34 36 -0.9285714285714286
34 37 0.5714285714285714
34 115 0.9285714285714286
34 117 -2.0
35 36 2.0
35 49 1.7857142857142858
35 52 0.5714285714285714
35 73 0.5714285714285714
35 76 2.0
36 37 -2.0
36 92 -0.9285714285714286
36 94 -0.9285714285714286
36 115 1.7857142857142858
36 117 1.7857142857142858
37 41 -0.9285714285714286
38 43 1.3571428571428572
38 100 0.5714285714285714
39 69 2.0
40 42 1.3571428571428572
40 44 2.0
40 70 -0.5714285714285714
40 74 2.0
40 89 0.5714285714285714
41 45 2.0
41 61 0.9285714285714286
42 44 1.3571428571428572
42 46 -2.0
42 112 0.5714285714285714
44 89 -1.3571428571428572
44 112 -1.7857142857142858
45 61 1.7857142857142858
45 84 -0.9285714285714286
47 50 2.0
48 49 -1.7857142857142858
48 51 -0.5714285714285714
48 52 2.0
48 105 1.3571428571428572
48 109 -0.9285714285714286
49 52 1.3571428571428572
49 53 -1.7857142857142858
49 55 -2.0
49 59 0.5714285714285714
50 51 2.0
50 63 2.0
50 67 -1.3571428571428572
51 52 -1.7857142857142858
51 86 2.0
51 105 -2.0
51 109 2.0
52 53 -0.5714285714285714
53 55 2.0
53 59 -0.5714285714285714
53 82 -0.9285714285714286
54 55 1.7857142857142858
54 58 1.3571428571428572
54 99 -0.9285714285714286
55 56 1.7857142857142858
55 58 -0.5714285714285714
55 59 2.0
56 57 -2.0
56 59 0.9285714285714286
56 60 1.7857142857142858
56 73 -2.0
56 77 -1.7857142857142858
56 92 -1.3571428571428572
56 95 -1.7857142857142858
57 60 -0.5714285714285714
57 61 -0.5714285714285714
57 115 -2.0
57 118 -1.7857142857142858
58 59 0.5714285714285714
59 60 -0.5714285714285714
59 73 1.7857142857142858
59 77 1.7857142857142858
60 61 0.9285714285714286
60 92 0.9285714285714286
60 95 -1.7857142857142858
60 115 -0.5714285714285714
60 118 2.0
62 63 1.7857142857142858
62 97 -0.9285714285714286
62 100 2.0
63 64 -0.5714285714285714
63 66 1.3571428571428572
63 67 1.3571428571428572
64 65 0.5714285714285714
64 68 -2.0
64 71 -0.9285714285714286
64 74 -1.7857142857142858
64 90 -0.9285714285714286
65 68 1.3571428571428572
65 69 0.5714285714285714
65 113 1.3571428571428572
66 67 1.7857142857142858
67 68 -2.0
67 71 0.9285714285714286
67 74 0.5714285714285714
68 69 -1.7857142857142858
68 90 0.9285714285714286
68 113 -1.3571428571428572
70 71 -0.5714285714285714
70 74 -1.7857142857142858
71 72 0.9285714285714286
71 74 -0.9285714285714286
71 75 -2.0
71 87 -0.9285714285714286
72 73 -2.0
72 75 2.0
72 76 0.9285714285714286
72 106 2.0
72 109 -2.0
73 76 -1.3571428571428572
73 77 1.3571428571428572
74 75 0.5714285714285714
75 76 1.7857142857142858
75 87 -0.5714285714285714
75 106 0.5714285714285714
75 109 -2.0
76 77 -1.7857142857142858
77 79 1.7857142857142858
77 82 1.7857142857142858
78 81 1.3571428571428572
78 103 -1.7857142857142858
79 80 -1.3571428571428572
79 82 -1.7857142857142858
79 83 -2.0
79 95 1.7857142857142858
80 83 1.3571428571428572
80 84 1.7857142857142858
80 118 -1.7857142857142858
81 82 -0.5714285714285714
82 83 0.9285714285714286
83 95 -1.7857142857142858
83 118 -0.5714285714285714
85 86 0.5714285714285714
85 97 -1.7857142857142858
85 101 0.9285714285714286
86 87 0.9285714285714286
87 88 0.9285714285714286
87 90 0.9285714285714286
87 93 -0.9285714285714286
88 90 -1.7857142857142858
88 93 -2.0
88 113 0.5714285714285714
88 116 -0.5714285714285714
89 90 1.3571428571428572
90 91 -1.7857142857142858
90 93 -1.3571428571428572
91 92 0.9285714285714286
91 93 -0.9285714285714286
91 94 -0.9285714285714286
91 106 0.5714285714285714
91 110 -1.3571428571428572
92 94 0.5714285714285714
92 95 -1.3571428571428572
93 94 2.0
93 106 -1.3571428571428572
93 110 1.3571428571428572
94 95 -0.9285714285714286
96 97 -0.9285714285714286
96 100 2.0
97 98 -2.0
97 101 2.0
98 99 -2.0
98 101 0.5714285714285714
98 102 0.5714285714285714
98 104 -2.0
99 102 1.7857142857142858
99 103 0.5714285714285714
100 101 1.3571428571428572
101 102 -1.3571428571428572
101 104 0.5714285714285714
102 103 -0.9285714285714286
104 105 -0.5714285714285714
104 108 -1.3571428571428572
105 106 0.5714285714285714
105 108 1.7857142857142858
105 109 2.0
106 109 -0.5714285714285714
106 110 2.0
107 110 -1.7857142857142858
107 111 0.5714285714285714
107 114 0.5714285714285714
107 116 0.5714285714285714
108 109 0.9285714285714286
109 110 0.5714285714285714
110 111 -2.0
110 114 2.0
110 116 0.5714285714285714
112 113 -0.5714285714285714
113 114 1.3571428571428572
113 116 0.9285714285714286
114 115 0.9285714285714286
114 116 -2.0
114 117 -1.3571428571428572
115 117 -2.0
115 118 -0.9285714285714286
116 117 1.3571428571428572
117 118 -0.5714285714285714
