694 2806
1 1 7.571428571428572
2 2 0.4285714285714286
3 3 -2.3571428571428577
4 4 0.2142857142857142
5 5 2.8571428571428568
6 6 2.571428571428571
7 7 -4.428571428571429
8 8 2.5714285714285716
9 9 6.0
10 10 1.928571428571429
11 11 9.071428571428571
12 12 3.357142857142857
13 13 3.0
14 14 -8.571428571428571
15 15 1.7857142857142856
16 16 1.2142857142857149
17 17 2.5
18 18 -1.0000000000000002
19 19 2.928571428571429
20 20 5.7857142857142865
21 21 -1.9285714285714284
22 22 3.8571428571428577
23 23 4.0
24 24 -0.0714285714285714
25 25 -1.0
26 26 5.0
27 27 3.357142857142857
28 28 1.7857142857142858
29 29 1.1428571428571428
30 30 -2.0
31 31 4.0
32 32 -1.3571428571428572
33 33 3.0
34 34 0.2142857142857144
35 35 -1.2142857142857142
36 36 -1.9285714285714286
37 37 3.7857142857142856
38 38 4.071428571428571
39 39 -3.428571428571429
40 40 -2.928571428571429
41 41 -0.2142857142857144
42 42 4.142857142857143
43 43 2.2142857142857144
44 44 1.7142857142857144
45 45 -4.642857142857142
46 46 2.1428571428571423
47 47 -1.214285714285714
48 48 3.5
49 49 -1.3571428571428572
50 50 -1.8571428571428574
51 51 -2.2857142857142856
52 52 -1.2857142857142856
53 53 3.0
54 54 1.214285714285714
55 55 0.2857142857142858
56 56 -3.785714285714286
57 57 3.142857142857143
58 58 -8.071428571428571
59 59 1.2857142857142858
60 60 2.2142857142857135
61 61 -1.5714285714285716
62 62 -2.0
63 63 -3.5000000000000004
64 64 -5.071428571428571
65 65 -2.2142857142857144
66 66 0.28571428571428603
67 67 4.7142857142857135
68 68 6.500000000000001
69 69 -0.5714285714285714
70 70 8.5
71 71 0.6428571428571426
72 72 3.4285714285714284
73 73 1.8571428571428574
74 74 2.5
75 75 3.928571428571429
76 76 1.4285714285714286
77 77 -2.357142857142857
78 78 4.285714285714286
79 79 3.9285714285714284
80 80 8.0
81 81 0.5714285714285721
82 82 -1.2142857142857144
83 83 -4.928571428571429
84 84 -1.0
85 85 2.0
86 86 0.0714285714285714
87 87 5.214285714285715
88 88 -0.3571428571428572
89 89 3.4285714285714284
90 90 3.6428571428571432
91 91 1.857142857142857
92 92 -0.5714285714285721
93 93 -4.357142857142858
94 94 5.142857142857143
95 95 1.5714285714285712
96 96 0.2142857142857142
97 97 6.714285714285714
98 98 0.4285714285714286
99 99 4.714285714285714
100 100 0.2142857142857144
101 101 -3.8571428571428568
102 102 -1.1428571428571428
103 103 -0.5
104 104 1.8571428571428572
105 105 -0.9285714285714286
106 106 -2.9285714285714284
107 107 -5.785714285714286
108 108 3.2142857142857144
109 109 -3.5
110 110 1.4999999999999998
111 111 1.0714285714285714
112 112 -4.357142857142857
113 113 1.142857142857143
114 114 8.857142857142856
115 115 4.428571428571429
116 116 -0.2142857142857142
117 117 0.9285714285714286
118 118 6.714285714285714
119 119 -0.6428571428571428
120 120 -0.2142857142857144
121 121 4.142857142857143
122 122 0.7142857142857144
123 123 -0.9285714285714286
124 124 -4.785714285714286
125 125 -1.7857142857142856
126 126 -4.928571428571429
127 127 -6.071428571428571
128 128 -1.1428571428571428
129 129 -0.2142857142857142
130 130 -4.071428571428572
131 131 2.571428571428572
132 132 0.3571428571428572
133 133 -0.7857142857142851
134 134 0.2142857142857142
135 135 -3.571428571428571
136 136 -3.7857142857142856
137 137 3.7142857142857144
138 138 1.6428571428571432
139 139 -0.7142857142857142
140 140 -1.4285714285714286
141 141 1.5714285714285714
142 142 1.0
143 143 -1.2142857142857144
144 144 1.0714285714285714
145 145 1.1428571428571432
146 146 -1.0
147 147 2.071428571428571
148 148 -1.714285714285714
149 149 1.9285714285714282
150 150 -5.571428571428572
151 151 -0.3571428571428572
152 152 0.4285714285714288
153 153 3.571428571428571
154 154 2.7142857142857144
155 155 1.0714285714285714
156 156 2.071428571428571
157 157 1.5714285714285712
158 158 5.2857142857142865
159 159 5.857142857142858
160 160 1.1428571428571435
161 161 0.7857142857142858
162 162 -2.7857142857142856
163 163 3.7142857142857144
164 164 2.571428571428571
165 165 -4.785714285714286
166 166 6.857142857142858
167 167 -1.357142857142857
168 168 -6.714285714285715
169 169 2.8571428571428568
170 170 -1.5
171 171 5.785714285714286
172 172 -1.357142857142857
173 173 4.857142857142857
174 174 2.857142857142857
175 175 1.3571428571428568
176 176 0.3571428571428572
177 177 -0.8571428571428572
178 178 -3.857142857142857
179 179 0.7142857142857144
180 180 -4.642857142857142
181 181 1.0
182 182 3.4285714285714284
183 183 2.0
184 184 1.1428571428571428
185 185 5.571428571428571
186 186 2.6428571428571423
187 187 5.357142857142858
188 188 -3.5000000000000004
189 189 1.8571428571428574
190 190 3.071428571428571
191 191 -3.928571428571429
192 192 2.7857142857142865
193 193 0.1428571428571428
194 194 1.6428571428571426
195 195 -0.7857142857142856
196 196 0.2142857142857144
197 197 -4.428571428571429
198 198 3.0
199 199 -0.8571428571428572
200 200 -4.142857142857143
201 201 -0.8571428571428572
202 202 -0.0714285714285714
203 203 -6.785714285714285
204 204 -5.999999999999999
205 205 -2.6428571428571423
206 206 -4.142857142857143
207 207 -1.5714285714285714
208 208 -1.2142857142857142
209 209 -2.928571428571429
210 210 -6.428571428571429
211 211 -6.214285714285714
212 212 -4.571428571428571
213 213 2.0
214 214 3.928571428571429
215 215 4.928571428571429
216 216 -0.9285714285714286
217 217 2.5
218 218 2.642857142857143
219 219 -5.928571428571429
220 220 9.142857142857142
221 221 -5.357142857142858
222 222 5.071428571428571
223 223 3.571428571428572
224 224 -1.7857142857142858
225 225 -0.7857142857142856
226 226 -3.785714285714286
227 227 4.071428571428571
228 228 -1.5
229 229 0.2142857142857144
230 230 -2.0
231 231 1.8571428571428572
232 232 4.642857142857142
233 233 -5.928571428571429
234 234 -5.7142857142857135
235 235 -0.7857142857142856
236 236 2.357142857142857
237 237 1.8571428571428574
238 238 2.928571428571429
239 239 -6.714285714285714
240 240 8.5
241 241 4.357142857142858
242 242 -3.071428571428571
243 243 2.2142857142857144
244 244 -5.285714285714286
245 245 -5.7142857142857135
246 246 2.7142857142857144
247 247 5.928571428571429
248 248 -3.7142857142857144
249 249 4.571428571428571
250 250 6.2857142857142865
251 251 1.785714285714286
252 252 -1.7142857142857144
253 253 2.7857142857142865
254 254 4.714285714285714
255 255 -1.0714285714285716
256 256 5.7857142857142865
257 257 -0.2142857142857142
258 258 -2.2142857142857144
259 259 3.071428571428571
260 260 -1.5
261 261 0.28571428571428603
262 262 -0.5714285714285716
263 263 -4.142857142857144
264 264 -3.142857142857143
265 265 -1.9999999999999998
266 266 3.3571428571428568
267 267 1.3571428571428572
268 268 1.2142857142857144
269 269 -1.0000000000000002
270 270 4.214285714285714
271 271 -2.642857142857143
272 272 -0.14285714285714257
273 273 -0.2142857142857142
274 274 1.4285714285714286
275 275 3.0714285714285716
276 276 1.214285714285714
277 277 3.1428571428571432
278 278 -1.9285714285714288
279 279 -7.0
280 280 3.428571428571429
281 281 2.2142857142857144
282 282 6.2857142857142865
283 283 -1.5714285714285716
284 284 2.0
285 285 2.928571428571428
286 286 6.357142857142858
287 287 4.214285714285714
288 288 2.2142857142857144
289 289 3.2857142857142856
290 290 0.8571428571428572
291 291 8.642857142857144
292 292 2.571428571428571
293 293 1.0714285714285714
294 294 12.785714285714286
295 295 -3.500000000000001
296 296 0.7142857142857144
297 297 9.142857142857144
298 298 0.9285714285714288
300 300 -1.4285714285714286
301 301 -0.49999999999999956
302 302 -0.2142857142857142
303 303 0.35714285714285743
304 304 -1.142857142857143
305 305 -2.928571428571429
306 306 -3.7857142857142856
307 307 -3.5
308 308 -5.857142857142857
309 309 1.357142857142857
310 310 -5.5
311 311 3.999999999999999
312 312 5.357142857142858
313 313 -0.1428571428571428
314 314 -2.428571428571429
315 315 -3.2857142857142856
316 316 -1.1428571428571432
317 317 0.5
318 318 0.7857142857142858
319 319 3.071428571428571
320 320 0.6428571428571426
321 321 -1.0000000000000002
322 322 -4.142857142857143
323 323 -2.1428571428571432
324 324 1.7142857142857144
325 325 2.6428571428571423
326 326 3.428571428571429
327 327 2.0714285714285716
328 328 0.14285714285714368
329 329 2.2857142857142847
330 330 2.357142857142857
331 331 1.928571428571429
332 332 5.928571428571429
333 333 3.6428571428571423
334 334 2.214285714285714
335 335 -2.2857142857142856
336 336 4.0
337 337 0.21428571428571463
338 338 0.28571428571428603
339 339 2.7142857142857135
340 340 -1.2142857142857142
341 341 2.7857142857142856
342 342 5.714285714285714
343 343 2.5
344 344 -0.7142857142857142
345 345 1.5
346 346 -6.928571428571429
347 347 -1.4285714285714284
348 348 4.0
349 349 0.4285714285714286
350 350 1.8571428571428574
351 351 4.500000000000001
352 352 -0.2857142857142858
353 353 5.142857142857143
354 354 6.928571428571429
355 355 7.142857142857142
356 356 8.857142857142858
357 357 3.2142857142857135
358 358 -4.428571428571429
359 359 -3.1428571428571432
360 360 0.07142857142857117
361 361 -6.2857142857142865
362 362 2.5714285714285716
363 363 1.0714285714285712
364 364 -4.357142857142858
365 365 0.9285714285714286
366 366 5.571428571428571
367 367 -10.928571428571427
368 368 -2.2857142857142856
369 369 -2.3571428571428568
370 370 -2.1428571428571432
371 371 0.2857142857142856
372 372 -2.4285714285714293
373 373 -4.142857142857143
374 374 -2.2142857142857144
375 375 -3.2142857142857144
376 376 -2.7142857142857144
377 377 0.7857142857142863
378 378 3.1428571428571432
379 379 -1.9285714285714286
380 380 -1.0
381 381 1.9999999999999998
382 382 0.7857142857142854
383 383 1.7857142857142856
384 384 4.0
385 385 6.285714285714286
386 386 1.5000000000000002
387 387 0.4285714285714286
388 388 0.8571428571428572
389 389 -2.357142857142857
390 390 -6.071428571428572
391 391 -1.3571428571428572
392 392 0.2857142857142856
393 393 2.6428571428571432
394 394 -7.285714285714285
395 395 2.1428571428571423
396 396 0.5000000000000002
397 397 2.571428571428571
398 398 -2.4285714285714284
399 399 7.142857142857143
400 400 2.0
401 401 3.7142857142857135
402 402 -0.9285714285714286
403 403 -6.714285714285714
404 404 0.7142857142857142
405 405 -2.428571428571429
406 406 0.6428571428571432
407 407 4.571428571428571
408 408 1.7857142857142858
409 409 3.7142857142857144
410 410 3.214285714285715
411 411 -5.42857142857143
412 412 -2.5
413 413 -2.2857142857142856
414 414 -1.2142857142857144
415 415 1.7142857142857144
416 416 5.000000000000001
417 417 -0.1428571428571428
418 418 -4.142857142857143
419 419 1.5000000000000004
420 420 -1.6428571428571426
421 421 2.2857142857142847
422 422 -0.9285714285714293
423 423 4.571428571428571
424 424 -1.3571428571428572
425 425 4.5
426 426 0.357142857142857
427 427 -3.7142857142857144
428 428 -6.857142857142857
429 429 -0.2857142857142856
430 430 0.5
431 431 -0.0714285714285714
432 432 -4.0
433 433 -1.8571428571428572
434 434 -2.357142857142857
435 435 2.1428571428571432
436 436 -1.7857142857142858
437 437 3.0
438 438 0.5714285714285712
439 439 0.7142857142857142
440 440 -6.785714285714285
441 441 -6.5
442 442 1.3571428571428572
443 443 2.7857142857142856
444 444 -1.8571428571428572
445 445 -2.0
446 446 0.7857142857142856
447 447 -3.142857142857143
448 448 -2.928571428571429
449 449 0.8571428571428568
450 450 2.928571428571429
451 451 -1.7857142857142858
452 452 5.714285714285714
453 453 1.7857142857142858
454 454 1.142857142857143
455 455 2.7142857142857144
456 456 4.714285714285714
457 457 0.7857142857142858
458 458 -1.7142857142857144
459 459 -1.9285714285714288
460 460 -3.928571428571429
461 461 -7.642857142857142
462 462 -3.2142857142857144
463 463 3.3571428571428577
464 464 2.2857142857142856
465 465 6.428571428571429
466 466 4.071428571428572
467 467 5.142857142857142
468 468 8.214285714285715
469 469 0.7142857142857144
470 470 -0.4285714285714286
471 471 2.1428571428571423
472 472 -1.2857142857142863
473 473 0.9285714285714286
474 474 -5.714285714285714
475 475 3.8571428571428577
477 477 -5.571428571428571
478 478 4.285714285714286
479 479 -0.785714285714286
480 480 0.2142857142857142
481 481 0.0714285714285714
482 482 -2.357142857142857
483 483 3.071428571428571
484 484 3.0
485 485 -4.571428571428572
486 486 5.0
487 487 -3.428571428571428
488 488 0.642857142857143
489 489 -0.5
490 490 -1.2857142857142858
491 491 -0.42857142857142794
492 492 2.7857142857142856
493 493 -1.3571428571428572
494 494 -5.7142857142857135
495 495 -0.28571428571428603
496 496 2.785714285714286
497 497 4.0
498 498 1.1428571428571428
499 499 3.2142857142857144
500 500 -4.142857142857142
501 501 -4.357142857142858
502 502 -4.5
503 503 -2.0
504 504 3.1428571428571423
505 505 5.214285714285714
506 506 3.571428571428571
507 507 2.6428571428571432
508 508 -0.8571428571428572
509 509 -4.7857142857142865
510 510 0.2142857142857142
511 511 5.285714285714286
512 512 -3.6428571428571432
513 513 -0.5714285714285714
514 514 -1.2142857142857144
515 515 -4.5
516 516 8.357142857142858
517 517 1.0714285714285716
518 518 -3.2142857142857144
519 519 -2.1428571428571432
520 520 -0.7142857142857142
521 521 -3.285714285714286
522 522 -3.9285714285714284
523 523 -1.6428571428571428
524 524 -0.2142857142857144
525 525 1.0714285714285718
526 526 4.714285714285714
527 527 2.7142857142857144
528 528 -0.4999999999999998
529 529 4.642857142857143
530 530 4.214285714285714
531 531 7.0
532 532 5.642857142857143
533 533 1.6428571428571426
534 534 3.2857142857142856
535 535 1.0000000000000002
536 536 -3.071428571428571
537 537 4.071428571428572
538 538 -2.1428571428571432
539 539 -1.4999999999999998
540 540 3.428571428571429
541 541 6.071428571428572
542 542 -2.5714285714285716
543 543 0.07142857142857162
544 544 -4.214285714285714
545 545 -0.6428571428571428
546 546 -1.0
547 547 0.3571428571428572
548 548 6.142857142857143
549 549 2.2142857142857144
550 550 2.071428571428571
551 551 6.92857142857143
552 552 -2.357142857142857
553 553 -7.071428571428571
554 554 1.357142857142857
555 555 -1.1428571428571428
556 556 -0.5714285714285712
557 557 0.21428571428571463
558 558 1.7857142857142856
559 559 -6.0
560 560 1.6428571428571428
561 561 -0.14285714285714302
562 562 4.2142857142857135
563 563 4.285714285714286
564 564 2.714285714285714
565 565 2.2857142857142856
566 566 -5.285714285714286
567 567 -0.5
568 568 -2.2142857142857144
569 569 -4.428571428571429
570 570 2.7142857142857144
571 571 0.9285714285714286
572 572 8.881784197001252e-16
573 573 -4.7857142857142865
574 574 -0.7857142857142858
575 575 -0.6428571428571428
576 576 -0.6428571428571426
577 577 1.0000000000000002
578 578 1.3571428571428572
579 579 -0.785714285714286
580 580 0.6428571428571428
581 581 0.14285714285714302
582 582 -2.428571428571429
583 583 0.6428571428571426
584 584 3.571428571428572
585 585 -3.1428571428571423
586 586 -3.571428571428571
587 587 0.8571428571428572
588 588 0.1428571428571428
589 589 0.1428571428571428
590 590 4.357142857142858
591 591 6.357142857142858
592 592 -5.428571428571429
593 593 -0.7142857142857142
594 594 7.571428571428571
595 595 1.5714285714285712
596 596 0.5
597 597 -3.4285714285714284
598 598 -3.642857142857143
599 599 1.2142857142857144
600 600 3.071428571428571
601 601 -0.357142857142857
602 602 -2.571428571428572
603 603 3.5714285714285716
604 604 2.9285714285714284
605 605 -0.7142857142857142
606 606 -3.0
607 607 -5.428571428571429
608 608 -4.571428571428571
609 609 -3.428571428571429
610 610 -1.7857142857142856
611 611 -7.0
612 612 1.5714285714285716
613 613 4.857142857142858
614 614 -3.8571428571428577
615 615 1.9285714285714286
616 616 3.857142857142857
617 617 3.571428571428571
618 618 -7.071428571428571
619 619 -1.9285714285714288
620 620 -3.428571428571429
621 621 3.5714285714285716
622 622 1.9285714285714286
623 623 2.0
624 624 -1.5
625 625 -4.642857142857142
626 626 4.7857142857142865
627 627 3.0
628 628 7.285714285714286
629 629 1.7857142857142858
630 630 2.9285714285714284
631 631 9.0
632 632 -3.2142857142857144
633 633 -3.0
634 634 -5.5
635 635 -1.2142857142857146
636 636 4.928571428571429
637 637 -3.7857142857142856
638 638 1.9285714285714288
639 639 5.071428571428571
640 640 2.7857142857142856
641 641 2.8571428571428568
642 642 0.4999999999999998
643 643 3.1428571428571432
644 644 -2.5714285714285707
645 645 7.071428571428571
646 646 2.5
647 647 6.071428571428571
648 648 -3.4999999999999996
649 649 0.7142857142857146
650 650 5.071428571428572
651 651 1.4285714285714286
652 652 1.2142857142857146
653 653 2.0
654 654 5.357142857142858
655 655 -3.071428571428571
656 656 3.3571428571428577
657 657 0.07142857142857117
658 658 5.928571428571429
659 659 -4.357142857142858
660 660 4.0
662 662 2.7142857142857144
663 663 2.428571428571429
664 664 -0.857142857142857
665 665 9.214285714285715
666 666 4.857142857142857
667 667 0.35714285714285765
668 668 0.14285714285714324
669 669 -2.7857142857142856
670 670 4.0
671 671 5.857142857142857
672 672 -0.6428571428571432
673 673 3.7857142857142856
674 674 2.5
675 675 1.7142857142857142
676 676 1.2857142857142858
677 677 -4.357142857142858
678 678 -0.4285714285714286
679 679 -1.1428571428571432
680 680 -3.571428571428571
681 681 1.7857142857142858
682 682 -0.2142857142857144
683 683 9.5
684 684 1.142857142857143
685 685 -8.071428571428573
686 686 -4.928571428571429
687 687 -1.5714285714285716
688 688 1.4285714285714286
689 689 -0.7142857142857142
690 690 1.071428571428571
691 691 3.7142857142857144
692 692 0.35714285714285743
693 693 -4.2142857142857135
694 694 -1.0
1 2 -1.7857142857142858
1 10 -1.3571428571428572
1 23 -2.0
1 31 -2.0
1 53 1.3571428571428572
1 62 -1.7857142857142858
2 3 1.7857142857142858
2 10 1.7857142857142858
2 11 -1.3571428571428572
2 89 -1.7857142857142858
2 97 0.9285714285714286
2 118 -1.3571428571428572
2 123 1.3571428571428572
3 11 -0.5714285714285714
3 12 -2.0
3 151 1.7857142857142858
3 157 -0.5714285714285714
3 179 1.3571428571428572
3 186 0.5714285714285714
4 5 -0.5714285714285714
4 273 -0.5714285714285714
4 281 0.9285714285714286
5 6 -0.9285714285714286
5 342 -1.3571428571428572
5 351 -0.9285714285714286
5 378 0.9285714285714286
6 7 1.3571428571428572
6 13 -1.3571428571428572
6 407 0.9285714285714286
6 415 -0.5714285714285714
6 437 -2.0
7 13 -0.9285714285714286
7 14 1.7857142857142858
7 469 2.0
7 504 2.0
7 514 -1.7857142857142858
8 9 1.3571428571428572
8 14 1.7857142857142858
8 15 -1.7857142857142858
8 542 -1.7857142857142858
8 551 -1.7857142857142858
8 578 -0.9285714285714286
8 586 0.5714285714285714
9 15 -2.0
9 16 -1.3571428571428572
9 613 -2.0
9 623 -1.3571428571428572
9 651 -2.0
9 659 1.3571428571428572
10 11 2.0
10 53 -2.0
10 62 0.5714285714285714
10 89 -2.0
10 97 -0.9285714285714286
11 12 -1.3571428571428572
11 118 -1.7857142857142858
11 123 -2.0
11 151 -2.0
11 157 -2.0
12 179 1.7857142857142858
12 186 -0.5714285714285714
12 208 0.5714285714285714
12 215 -1.7857142857142858
13 14 2.0
13 437 -1.3571428571428572
13 469 -1.3571428571428572
14 15 1.7857142857142858
14 504 -0.5714285714285714
14 514 1.7857142857142858
14 542 1.3571428571428572
14 551 -1.3571428571428572
15 16 -1.3571428571428572
15 578 -1.3571428571428572
15 586 2.0
15 623 0.9285714285714286
16 651 0.9285714285714286
16 659 1.3571428571428572
16 685 0.5714285714285714
16 693 -1.3571428571428572
17 18 1.7857142857142858
17 25 -1.3571428571428572
17 125 -2.0
17 159 -0.9285714285714286
18 19 -0.5714285714285714
18 25 0.5714285714285714
18 26 -2.0
18 188 -0.5714285714285714
18 216 1.7857142857142858
19 20 -1.3571428571428572
19 26 0.5714285714285714
19 27 1.3571428571428572
19 248 -0.9285714285714286
19 283 -2.0
20 27 -0.9285714285714286
20 28 -0.9285714285714286
20 316 -0.5714285714285714
20 353 -2.0
21 22 -0.9285714285714286
21 29 -0.9285714285714286
21 445 2.0
21 479 1.7857142857142858
22 29 -0.9285714285714286
22 30 -1.7857142857142858
22 516 -2.0
22 553 1.7857142857142858
23 24 -1.7857142857142858
23 31 -2.0
23 661 1.7857142857142858
24 31 0.9285714285714286
24 32 0.9285714285714286
25 26 -1.7857142857142858
25 159 1.7857142857142858
25 188 1.7857142857142858
26 27 -1.7857142857142858
26 216 -1.7857142857142858
26 248 1.7857142857142858
27 28 -1.7857142857142858
27 283 1.7857142857142858
27 316 -2.0
28 353 0.9285714285714286
29 30 1.7857142857142858
29 479 0.9285714285714286
29 516 -2.0
30 553 2.0
31 32 -0.9285714285714286
32 38 -0.5714285714285714
32 54 0.5714285714285714
32 62 1.3571428571428572
33 39 -2.0
33 40 1.3571428571428572
33 180 -1.7857142857142858
33 186 -0.5714285714285714
34 35 -1.7857142857142858
34 41 1.3571428571428572
34 281 -1.7857142857142858
34 308 2.0
35 41 1.7857142857142858
35 42 -1.3571428571428572
35 343 1.7857142857142858
35 351 -0.5714285714285714
35 379 1.3571428571428572
36 37 0.9285714285714286
36 43 1.7857142857142858
36 44 -1.7857142857142858
36 470 1.3571428571428572
36 505 0.5714285714285714
36 514 -0.9285714285714286
37 44 0.9285714285714286
37 543 -1.3571428571428572
37 551 -1.3571428571428572
37 579 -2.0
37 586 -0.9285714285714286
38 39 -0.9285714285714286
38 54 -2.0
38 62 1.7857142857142858
38 90 -0.5714285714285714
38 97 -1.7857142857142858
39 40 2.0
39 119 1.7857142857142858
39 123 2.0
39 157 0.5714285714285714
40 180 0.9285714285714286
40 186 -2.0
40 209 2.0
40 215 -1.3571428571428572
41 42 -1.3571428571428572
41 308 -2.0
41 343 1.7857142857142858
41 351 -1.3571428571428572
42 43 -2.0
42 379 1.3571428571428572
42 408 -1.3571428571428572
42 415 0.5714285714285714
43 470 -2.0
44 505 -1.7857142857142858
44 514 0.9285714285714286
44 543 2.0
44 551 -2.0
45 652 0.5714285714285714
45 659 1.7857142857142858
45 686 0.9285714285714286
45 693 1.3571428571428572
46 55 0.9285714285714286
46 135 0.9285714285714286
46 159 -2.0
46 166 -2.0
47 48 0.5714285714285714
47 56 2.0
47 248 1.3571428571428572
47 257 -1.3571428571428572
47 283 -1.3571428571428572
48 49 -1.3571428571428572
48 56 -1.3571428571428572
48 57 -1.7857142857142858
48 316 1.7857142857142858
48 353 -1.3571428571428572
49 50 0.9285714285714286
49 57 -2.0
49 58 2.0
49 424 1.7857142857142858
50 51 0.5714285714285714
50 59 -1.7857142857142858
50 445 1.7857142857142858
50 479 0.9285714285714286
50 488 -0.5714285714285714
51 52 2.0
51 59 1.3571428571428572
51 60 -2.0
51 516 -1.7857142857142858
51 525 1.7857142857142858
51 553 0.9285714285714286
51 561 -0.5714285714285714
52 53 -2.0
52 60 -1.7857142857142858
52 61 2.0
52 595 -0.9285714285714286
52 634 2.0
53 54 -1.3571428571428572
53 61 -1.3571428571428572
53 62 0.9285714285714286
53 661 -0.5714285714285714
53 669 2.0
54 62 -2.0
54 63 1.7857142857142858
54 72 1.7857142857142858
55 159 -1.3571428571428572
55 166 -1.3571428571428572
55 188 0.9285714285714286
55 195 0.5714285714285714
56 283 1.7857142857142858
56 316 1.3571428571428572
57 58 2.0
57 353 -1.3571428571428572
58 59 0.5714285714285714
58 424 0.9285714285714286
58 445 2.0
58 452 0.5714285714285714
59 60 -1.7857142857142858
59 479 -2.0
59 488 0.9285714285714286
59 516 -0.5714285714285714
59 525 2.0
60 61 -2.0
60 553 2.0
60 561 1.3571428571428572
60 595 2.0
61 62 0.5714285714285714
61 634 1.7857142857142858
61 661 0.5714285714285714
62 63 0.5714285714285714
63 72 -2.0
63 98 1.3571428571428572
63 105 1.7857142857142858
64 65 1.3571428571428572
64 72 -0.9285714285714286
64 73 1.7857142857142858
64 90 0.5714285714285714
64 119 0.9285714285714286
64 124 1.3571428571428572
65 66 2.0
65 73 -0.5714285714285714
65 158 -0.5714285714285714
65 180 2.0
65 187 -2.0
66 67 -1.3571428571428572
66 74 2.0
66 209 -0.9285714285714286
66 247 -2.0
67 68 -0.9285714285714286
67 74 -2.0
67 75 -1.3571428571428572
67 282 -1.7857142857142858
67 308 1.3571428571428572
67 315 1.3571428571428572
68 69 -1.3571428571428572
68 75 -2.0
68 76 -0.9285714285714286
68 343 -1.7857142857142858
68 352 -0.9285714285714286
68 379 2.0
68 387 -0.5714285714285714
69 76 1.7857142857142858
69 408 0.5714285714285714
69 416 -1.3571428571428572
69 444 0.9285714285714286
70 71 -0.9285714285714286
70 78 -2.0
70 79 -1.7857142857142858
70 543 -1.3571428571428572
70 552 -0.9285714285714286
70 579 -0.5714285714285714
70 587 -0.9285714285714286
71 79 -0.9285714285714286
71 80 -1.3571428571428572
71 614 -0.9285714285714286
71 624 0.5714285714285714
71 652 2.0
71 660 0.9285714285714286
72 73 -0.9285714285714286
72 90 -1.3571428571428572
73 119 -0.9285714285714286
73 124 0.5714285714285714
73 158 -1.7857142857142858
74 75 -0.5714285714285714
74 247 -1.3571428571428572
74 282 -0.5714285714285714
75 76 -1.7857142857142858
75 308 1.3571428571428572
75 315 -1.3571428571428572
75 352 1.7857142857142858
76 77 0.5714285714285714
76 379 -2.0
76 387 1.3571428571428572
76 408 1.3571428571428572
76 416 -1.7857142857142858
77 78 1.7857142857142858
77 444 0.9285714285714286
77 470 -0.9285714285714286
78 79 -1.3571428571428572
78 505 -1.7857142857142858
78 515 0.9285714285714286
78 543 -0.9285714285714286
78 552 -0.9285714285714286
79 80 -1.3571428571428572
79 579 0.9285714285714286
79 587 0.5714285714285714
79 614 2.0
79 624 -2.0
80 652 -1.7857142857142858
80 660 -0.9285714285714286
80 686 -2.0
80 694 -0.5714285714285714
81 82 0.5714285714285714
81 91 2.0
81 126 -1.3571428571428572
81 135 -1.3571428571428572
81 160 -1.3571428571428572
81 166 0.9285714285714286
82 83 1.7857142857142858
82 91 -0.9285714285714286
82 195 1.7857142857142858
82 222 -2.0
83 84 2.0
83 92 0.5714285714285714
83 93 -0.5714285714285714
83 249 1.7857142857142858
83 257 1.3571428571428572
83 284 -2.0
84 85 -2.0
84 93 1.7857142857142858
84 94 -1.3571428571428572
84 317 0.5714285714285714
85 86 -1.3571428571428572
85 94 1.7857142857142858
85 388 0.9285714285714286
85 424 -1.3571428571428572
86 87 -1.3571428571428572
86 95 1.7857142857142858
86 446 1.7857142857142858
86 452 -0.9285714285714286
86 480 1.3571428571428572
86 488 -1.3571428571428572
87 88 -2.0
87 95 0.5714285714285714
87 525 -0.9285714285714286
87 554 -0.5714285714285714
87 561 -0.9285714285714286
88 89 1.3571428571428572
88 96 -0.9285714285714286
88 588 -0.5714285714285714
88 595 1.3571428571428572
88 625 0.5714285714285714
88 634 0.5714285714285714
89 90 -1.3571428571428572
89 96 1.7857142857142858
89 97 -2.0
89 669 0.5714285714285714
90 97 -0.9285714285714286
91 92 1.7857142857142858
91 160 -1.7857142857142858
91 166 -2.0
91 195 -0.9285714285714286
92 93 1.3571428571428572
92 222 -2.0
92 249 -0.5714285714285714
92 257 -0.5714285714285714
93 94 -2.0
93 284 2.0
93 317 1.7857142857142858
94 354 -1.7857142857142858
94 388 -1.7857142857142858
95 480 -2.0
95 488 -0.5714285714285714
95 525 -1.3571428571428572
96 97 -2.0
96 625 0.9285714285714286
96 634 -2.0
96 669 2.0
98 105 -1.7857142857142858
99 100 -1.3571428571428572
99 106 -1.7857142857142858
99 107 1.7857142857142858
99 158 -2.0
99 187 -1.3571428571428572
100 101 0.5714285714285714
100 107 2.0
100 108 -2.0
100 247 0.5714285714285714
101 102 1.7857142857142858
101 108 0.9285714285714286
101 109 2.0
101 282 -2.0
101 315 0.5714285714285714
102 109 0.5714285714285714
102 352 0.5714285714285714
102 387 -1.7857142857142858
103 104 -0.9285714285714286
103 110 -0.5714285714285714
103 515 2.0
104 110 -2.0
104 552 2.0
104 587 -0.9285714285714286
105 106 0.9285714285714286
106 107 2.0
106 124 1.7857142857142858
107 108 2.0
107 187 -2.0
108 109 -1.7857142857142858
108 247 -1.7857142857142858
108 282 -0.5714285714285714
109 315 0.9285714285714286
109 352 1.7857142857142858
110 515 2.0
110 552 -0.9285714285714286
111 660 -2.0
111 694 0.9285714285714286
112 113 0.5714285714285714
112 126 1.7857142857142858
112 136 -0.9285714285714286
112 160 2.0
112 167 0.9285714285714286
113 114 -1.3571428571428572
113 196 0.5714285714285714
113 223 -0.9285714285714286
114 120 -0.5714285714285714
114 249 -1.7857142857142858
114 258 -1.3571428571428572
114 284 -2.0
114 291 -1.7857142857142858
115 116 -0.9285714285714286
115 121 -2.0
115 446 -0.5714285714285714
115 453 1.3571428571428572
115 480 -0.9285714285714286
115 489 -1.3571428571428572
116 117 0.9285714285714286
116 526 0.5714285714285714
116 554 0.5714285714285714
116 562 -0.9285714285714286
117 118 -2.0
117 122 -2.0
117 588 2.0
117 596 -0.9285714285714286
117 625 2.0
117 635 -0.9285714285714286
118 119 1.7857142857142858
118 122 -2.0
118 123 -1.3571428571428572
119 123 -2.0
119 124 -0.9285714285714286
120 284 1.3571428571428572
120 291 -0.5714285714285714
120 317 0.5714285714285714
120 326 -0.5714285714285714
121 480 0.5714285714285714
121 489 -1.3571428571428572
121 526 -1.3571428571428572
122 123 0.9285714285714286
122 625 0.5714285714285714
122 635 1.7857142857142858
123 124 2.0
125 126 1.7857142857142858
125 135 2.0
126 127 1.7857142857142858
126 136 0.9285714285714286
127 128 0.5714285714285714
127 136 1.3571428571428572
127 137 0.5714285714285714
127 175 1.7857142857142858
128 129 2.0
128 137 -0.5714285714285714
128 138 0.9285714285714286
128 231 -1.7857142857142858
129 130 0.9285714285714286
129 138 -1.7857142857142858
129 139 -1.3571428571428572
129 266 -0.9285714285714286
129 300 1.3571428571428572
130 131 1.7857142857142858
130 139 -2.0
130 140 2.0
130 370 1.3571428571428572
131 132 -1.7857142857142858
131 140 -0.5714285714285714
131 141 -2.0
131 400 0.9285714285714286
131 430 -0.9285714285714286
132 133 -1.3571428571428572
132 141 1.3571428571428572
132 462 2.0
132 496 -0.5714285714285714
133 134 -1.7857142857142858
133 142 1.3571428571428572
133 535 0.5714285714285714
133 571 2.0
134 142 -0.5714285714285714
134 143 1.3571428571428572
134 605 1.3571428571428572
134 643 -0.5714285714285714
135 136 2.0
136 137 -1.3571428571428572
136 144 1.7857142857142858
137 138 -1.7857142857142858
137 175 -0.5714285714285714
138 139 1.7857142857142858
138 231 0.5714285714285714
138 266 -1.3571428571428572
139 140 0.9285714285714286
139 300 1.3571428571428572
140 141 -1.3571428571428572
140 370 1.3571428571428572
140 400 -0.9285714285714286
141 430 -0.9285714285714286
141 462 1.3571428571428572
142 143 -0.5714285714285714
142 571 -1.7857142857142858
142 605 0.5714285714285714
143 643 -1.3571428571428572
143 678 1.7857142857142858
144 145 -2.0
144 152 -2.0
144 161 0.5714285714285714
144 167 0.5714285714285714
145 146 -0.9285714285714286
145 152 -0.9285714285714286
145 153 -0.5714285714285714
145 196 0.5714285714285714
145 217 1.7857142857142858
145 223 0.9285714285714286
146 153 0.5714285714285714
146 154 -1.3571428571428572
146 258 1.3571428571428572
146 285 1.3571428571428572
147 154 1.3571428571428572
147 155 1.3571428571428572
147 318 0.5714285714285714
147 326 -1.3571428571428572
147 355 -2.0
147 363 -2.0
148 149 0.9285714285714286
148 453 -1.7857142857142858
148 481 0.5714285714285714
148 489 2.0
149 150 1.7857142857142858
149 156 -0.5714285714285714
149 517 -0.9285714285714286
149 526 -1.3571428571428572
149 562 -1.7857142857142858
150 151 -1.3571428571428572
150 156 1.7857142857142858
150 589 -0.9285714285714286
150 596 1.3571428571428572
150 626 2.0
150 635 0.9285714285714286
151 157 1.3571428571428572
151 662 0.5714285714285714
152 153 2.0
152 161 -0.9285714285714286
152 167 -0.5714285714285714
152 196 2.0
153 154 -1.7857142857142858
153 217 -2.0
153 223 -2.0
153 250 -1.7857142857142858
153 258 2.0
154 155 -1.3571428571428572
154 285 1.7857142857142858
154 291 -2.0
154 318 -1.3571428571428572
154 326 2.0
155 355 -2.0
155 363 0.9285714285714286
156 562 -0.5714285714285714
156 589 -1.3571428571428572
156 596 -1.3571428571428572
157 158 -0.9285714285714286
159 160 -1.3571428571428572
159 166 -2.0
160 161 -0.9285714285714286
160 166 0.9285714285714286
160 167 1.3571428571428572
161 162 2.0
161 167 -0.9285714285714286
161 168 1.7857142857142858
161 175 -0.5714285714285714
161 181 -1.7857142857142858
162 168 -0.5714285714285714
162 169 -1.3571428571428572
162 231 1.3571428571428572
162 239 1.3571428571428572
163 164 -2.0
163 172 0.5714285714285714
163 462 -1.3571428571428572
163 471 -0.9285714285714286
163 496 0.9285714285714286
163 506 -0.9285714285714286
164 165 1.7857142857142858
164 173 -2.0
164 535 -1.7857142857142858
164 544 2.0
164 571 -0.5714285714285714
165 173 0.9285714285714286
165 174 0.9285714285714286
165 605 -1.3571428571428572
165 615 0.5714285714285714
165 643 0.5714285714285714
165 653 1.3571428571428572
166 167 -1.3571428571428572
167 168 1.3571428571428572
168 169 1.7857142857142858
168 175 1.7857142857142858
168 181 0.5714285714285714
169 170 1.3571428571428572
169 231 -1.7857142857142858
169 239 0.9285714285714286
169 266 -2.0
169 274 -1.7857142857142858
170 171 2.0
170 300 -0.9285714285714286
170 309 -0.9285714285714286
171 172 -2.0
171 380 -1.7857142857142858
171 400 -2.0
171 409 -2.0
172 430 1.3571428571428572
172 462 2.0
172 471 -0.5714285714285714
173 174 -2.0
173 571 -0.5714285714285714
173 605 0.5714285714285714
173 615 -1.7857142857142858
174 643 -1.7857142857142858
174 653 1.3571428571428572
174 678 -1.3571428571428572
175 176 -1.7857142857142858
175 181 -2.0
176 181 1.3571428571428572
176 182 -1.3571428571428572
176 197 2.0
176 217 -0.5714285714285714
177 184 -0.9285714285714286
177 454 0.5714285714285714
177 481 -0.5714285714285714
177 490 1.7857142857142858
178 179 -0.9285714285714286
178 185 1.7857142857142858
178 589 2.0
178 597 -1.3571428571428572
178 626 0.5714285714285714
178 636 1.7857142857142858
179 180 2.0
179 185 -1.7857142857142858
179 186 -1.3571428571428572
179 670 -1.7857142857142858
180 186 0.9285714285714286
180 187 0.5714285714285714
181 182 -0.9285714285714286
181 197 1.7857142857142858
182 217 -0.5714285714285714
182 224 -0.5714285714285714
182 250 1.7857142857142858
182 259 -1.7857142857142858
183 355 -2.0
184 481 1.7857142857142858
184 490 -0.5714285714285714
184 517 -2.0
184 527 0.5714285714285714
185 186 0.9285714285714286
185 626 -2.0
185 636 -1.7857142857142858
185 662 -1.3571428571428572
185 670 -1.3571428571428572
186 187 -0.5714285714285714
188 195 1.3571428571428572
189 190 -2.0
189 197 2.0
189 198 -0.9285714285714286
189 202 -0.9285714285714286
189 232 -0.9285714285714286
189 239 0.9285714285714286
190 191 -0.5714285714285714
190 198 -0.9285714285714286
190 274 1.3571428571428572
190 309 -0.9285714285714286
191 192 1.7857142857142858
191 199 1.7857142857142858
191 335 0.9285714285714286
191 371 -2.0
191 380 2.0
192 199 -2.0
192 401 -1.3571428571428572
192 409 -1.7857142857142858
192 431 0.5714285714285714
193 463 -1.3571428571428572
193 471 1.7857142857142858
193 497 -0.5714285714285714
194 200 -0.5714285714285714
194 201 -2.0
194 606 2.0
194 644 0.9285714285714286
194 653 -2.0
195 196 -2.0
196 197 -1.3571428571428572
197 198 -0.5714285714285714
197 202 0.5714285714285714
198 232 -1.3571428571428572
198 239 1.3571428571428572
198 274 -0.5714285714285714
199 371 0.9285714285714286
199 380 0.5714285714285714
199 401 -1.3571428571428572
199 409 0.9285714285714286
200 201 2.0
200 606 1.7857142857142858
200 615 0.9285714285714286
201 644 1.7857142857142858
201 653 -0.9285714285714286
202 203 0.5714285714285714
202 210 1.3571428571428572
202 218 -0.9285714285714286
202 224 -0.5714285714285714
203 204 1.7857142857142858
203 210 1.3571428571428572
203 211 2.0
203 251 2.0
203 259 -1.7857142857142858
203 286 -0.9285714285714286
203 292 1.7857142857142858
204 205 -2.0
204 211 2.0
204 212 1.7857142857142858
204 319 1.7857142857142858
204 327 2.0
204 356 -1.3571428571428572
205 206 2.0
205 212 1.7857142857142858
205 389 1.7857142857142858
205 417 -0.9285714285714286
206 213 1.3571428571428572
206 447 1.3571428571428572
206 454 -0.5714285714285714
207 208 0.5714285714285714
207 214 1.7857142857142858
207 590 -1.3571428571428572
207 597 0.5714285714285714
207 627 1.7857142857142858
207 636 -1.7857142857142858
208 209 0.9285714285714286
208 214 2.0
208 215 -0.9285714285714286
208 663 -1.3571428571428572
208 670 -0.5714285714285714
209 215 0.9285714285714286
210 211 0.9285714285714286
210 218 0.5714285714285714
210 224 1.7857142857142858
210 251 -0.9285714285714286
210 259 1.3571428571428572
211 212 1.3571428571428572
211 286 -0.5714285714285714
211 292 0.9285714285714286
211 319 0.9285714285714286
211 327 -1.3571428571428572
212 356 0.5714285714285714
212 389 -0.9285714285714286
213 490 -2.0
213 527 -1.3571428571428572
214 215 -1.7857142857142858
214 627 -1.7857142857142858
214 636 -1.7857142857142858
214 663 -1.7857142857142858
214 670 -0.5714285714285714
216 222 0.9285714285714286
217 218 2.0
217 223 -1.3571428571428572
217 224 -1.7857142857142858
218 219 -0.5714285714285714
218 224 0.5714285714285714
218 225 -0.9285714285714286
218 232 -1.3571428571428572
218 240 -2.0
219 225 1.3571428571428572
219 226 2.0
219 275 2.0
219 301 0.5714285714285714
219 310 0.5714285714285714
220 227 -2.0
220 228 -1.3571428571428572
220 401 -2.0
220 410 -1.7857142857142858
220 431 -2.0
221 230 2.0
221 606 2.0
221 616 1.3571428571428572
221 644 1.7857142857142858
221 654 -1.7857142857142858
222 223 -2.0
223 224 1.7857142857142858
224 225 0.5714285714285714
225 226 0.9285714285714286
225 232 2.0
225 240 -1.3571428571428572
225 275 -1.7857142857142858
226 227 -1.3571428571428572
226 301 0.9285714285714286
226 310 0.9285714285714286
226 335 -0.5714285714285714
226 344 0.9285714285714286
227 228 -1.3571428571428572
227 371 2.0
227 381 0.5714285714285714
227 401 -1.3571428571428572
227 410 -0.5714285714285714
228 229 0.5714285714285714
228 431 0.9285714285714286
228 463 1.7857142857142858
228 472 0.9285714285714286
229 497 -1.7857142857142858
229 507 0.5714285714285714
229 536 -0.9285714285714286
229 545 1.3571428571428572
230 644 0.5714285714285714
230 654 -0.5714285714285714
231 232 -2.0
231 239 1.7857142857142858
232 233 -0.5714285714285714
232 239 0.9285714285714286
232 240 -1.3571428571428572
233 234 2.0
233 240 0.9285714285714286
233 241 1.7857142857142858
233 251 0.5714285714285714
233 260 0.5714285714285714
233 286 2.0
233 293 -1.3571428571428572
234 235 2.0
234 241 -0.9285714285714286
234 242 2.0
234 319 -2.0
234 328 2.0
234 356 -1.3571428571428572
234 364 2.0
235 236 -0.9285714285714286
235 242 -2.0
235 243 -0.5714285714285714
235 389 -0.9285714285714286
235 394 1.7857142857142858
235 417 2.0
235 425 -0.5714285714285714
236 237 -2.0
236 243 -0.5714285714285714
236 244 0.5714285714285714
236 455 -0.9285714285714286
236 482 0.9285714285714286
236 491 0.5714285714285714
237 238 -1.7857142857142858
237 518 1.3571428571428572
237 528 0.9285714285714286
237 555 0.5714285714285714
237 564 -0.9285714285714286
238 245 2.0
238 590 -1.7857142857142858
238 598 -0.9285714285714286
238 627 -1.7857142857142858
238 637 1.3571428571428572
239 240 -0.5714285714285714
240 241 -1.7857142857142858
240 251 -1.7857142857142858
240 260 -0.5714285714285714
241 242 -0.5714285714285714
241 286 -2.0
241 293 0.5714285714285714
241 319 -2.0
241 328 0.5714285714285714
242 243 1.3571428571428572
242 356 -2.0
242 364 2.0
242 389 1.3571428571428572
242 394 0.9285714285714286
243 244 0.9285714285714286
243 417 -1.3571428571428572
243 425 -0.5714285714285714
243 447 -2.0
243 455 0.5714285714285714
244 482 1.7857142857142858
244 491 2.0
245 246 -1.3571428571428572
245 627 1.7857142857142858
245 637 0.5714285714285714
245 663 1.7857142857142858
245 671 0.9285714285714286
246 247 -1.3571428571428572
248 249 0.9285714285714286
248 257 0.5714285714285714
249 250 -1.3571428571428572
249 257 -1.7857142857142858
249 258 -1.7857142857142858
250 251 -1.3571428571428572
250 258 -1.7857142857142858
250 259 -1.7857142857142858
251 252 0.9285714285714286
251 259 -1.7857142857142858
251 260 0.5714285714285714
252 253 1.7857142857142858
252 260 -1.3571428571428572
252 261 0.5714285714285714
252 267 -2.0
252 275 1.7857142857142858
252 302 -2.0
252 310 2.0
253 261 -1.7857142857142858
253 262 0.5714285714285714
253 336 -2.0
253 344 -0.9285714285714286
253 372 1.3571428571428572
253 381 -1.7857142857142858
254 255 -0.5714285714285714
254 263 -0.5714285714285714
254 264 0.5714285714285714
254 464 -0.9285714285714286
254 472 -2.0
254 498 0.5714285714285714
254 507 -1.7857142857142858
255 256 -0.9285714285714286
255 264 2.0
255 265 1.3571428571428572
255 537 -1.7857142857142858
255 545 -0.9285714285714286
255 572 0.5714285714285714
255 580 1.3571428571428572
256 265 -1.3571428571428572
256 607 -1.3571428571428572
256 616 0.5714285714285714
256 645 -1.3571428571428572
256 654 -1.3571428571428572
257 258 2.0
258 259 1.7857142857142858
259 260 0.9285714285714286
260 261 1.3571428571428572
260 267 1.7857142857142858
260 275 -1.7857142857142858
261 262 -1.7857142857142858
261 302 2.0
261 310 0.5714285714285714
261 336 -1.7857142857142858
261 344 0.5714285714285714
262 263 -2.0
262 372 1.7857142857142858
262 381 1.3571428571428572
262 402 2.0
262 410 -1.3571428571428572
263 264 1.3571428571428572
263 432 2.0
263 464 1.3571428571428572
263 472 2.0
264 265 -0.5714285714285714
264 498 -0.5714285714285714
264 537 -0.5714285714285714
264 545 0.9285714285714286
265 572 2.0
265 580 0.5714285714285714
265 607 2.0
265 616 -2.0
266 274 0.9285714285714286
267 268 -1.7857142857142858
267 275 -0.5714285714285714
267 276 -0.5714285714285714
267 293 1.7857142857142858
268 269 0.5714285714285714
268 276 -2.0
268 277 -1.7857142857142858
268 320 2.0
268 328 1.3571428571428572
268 357 -0.9285714285714286
268 364 1.3571428571428572
269 270 -1.3571428571428572
269 277 -1.3571428571428572
269 390 1.7857142857142858
269 394 1.3571428571428572
269 418 2.0
269 425 -2.0
270 271 2.0
270 278 -1.3571428571428572
270 455 -0.5714285714285714
270 483 -2.0
270 491 -0.9285714285714286
271 272 0.5714285714285714
271 278 -0.9285714285714286
271 279 -0.9285714285714286
271 519 1.7857142857142858
271 528 -0.9285714285714286
271 556 2.0
271 564 -0.9285714285714286
272 273 0.9285714285714286
272 279 2.0
272 280 2.0
272 598 -1.7857142857142858
272 628 -1.7857142857142858
272 637 -1.7857142857142858
273 280 -1.7857142857142858
273 281 2.0
273 664 0.5714285714285714
273 671 -0.9285714285714286
274 275 -1.3571428571428572
275 276 -1.3571428571428572
276 287 -0.9285714285714286
276 293 1.3571428571428572
276 320 1.3571428571428572
276 328 0.9285714285714286
277 357 -1.3571428571428572
277 364 -0.5714285714285714
277 390 1.3571428571428572
277 394 0.5714285714285714
278 279 2.0
278 483 -0.9285714285714286
278 519 1.7857142857142858
278 528 1.3571428571428572
279 280 1.3571428571428572
279 556 1.3571428571428572
279 564 -0.5714285714285714
279 598 1.7857142857142858
280 281 -2.0
280 628 -0.5714285714285714
280 637 1.3571428571428572
280 664 -1.7857142857142858
280 671 -2.0
281 282 -1.3571428571428572
283 284 1.3571428571428572
284 285 -1.7857142857142858
284 291 -0.9285714285714286
285 286 -0.9285714285714286
285 291 -2.0
285 292 -1.3571428571428572
286 287 -1.3571428571428572
286 292 -2.0
286 293 -0.5714285714285714
287 288 0.5714285714285714
287 293 -0.9285714285714286
287 294 -0.9285714285714286
287 302 1.3571428571428572
287 311 -2.0
288 289 0.5714285714285714
288 294 -2.0
288 295 0.9285714285714286
288 336 1.3571428571428572
288 345 -1.3571428571428572
288 372 -0.9285714285714286
288 382 -1.3571428571428572
289 295 -1.3571428571428572
289 296 -1.3571428571428572
289 402 -2.0
289 411 2.0
289 432 -0.5714285714285714
289 438 -0.5714285714285714
290 298 -0.9285714285714286
290 299 -1.7857142857142858
290 607 0.9285714285714286
290 617 0.5714285714285714
290 645 -0.5714285714285714
290 655 0.9285714285714286
291 292 -1.3571428571428572
292 293 -0.5714285714285714
293 294 -1.3571428571428572
294 295 -1.3571428571428572
294 302 -1.3571428571428572
294 311 -1.7857142857142858
294 336 -2.0
294 345 -2.0
295 296 1.3571428571428572
295 372 0.9285714285714286
295 382 1.7857142857142858
295 402 -0.5714285714285714
295 411 1.7857142857142858
296 297 -1.7857142857142858
296 432 2.0
296 438 -2.0
296 464 -0.9285714285714286
296 473 2.0
297 298 -2.0
297 498 -2.0
297 508 -1.3571428571428572
297 537 -2.0
298 299 1.3571428571428572
298 572 1.7857142857142858
298 581 -0.9285714285714286
298 607 1.7857142857142858
298 617 -2.0
299 645 -1.3571428571428572
299 655 1.7857142857142858
299 679 -2.0
299 687 2.0
300 301 0.5714285714285714
300 309 -0.9285714285714286
301 302 -1.7857142857142858
301 309 2.0
301 310 -1.7857142857142858
302 303 -1.3571428571428572
302 310 2.0
302 311 1.3571428571428572
303 304 1.3571428571428572
303 311 1.7857142857142858
303 320 0.5714285714285714
303 329 -0.9285714285714286
303 357 -1.7857142857142858
304 305 1.7857142857142858
304 312 -1.7857142857142858
304 390 0.9285714285714286
304 395 -0.5714285714285714
304 418 -0.5714285714285714
305 456 1.3571428571428572
305 483 1.7857142857142858
305 492 -2.0
306 307 0.5714285714285714
306 313 -1.3571428571428572
306 314 2.0
306 599 1.7857142857142858
306 628 -0.5714285714285714
306 638 1.3571428571428572
307 308 1.3571428571428572
307 314 -1.3571428571428572
307 664 2.0
307 672 0.9285714285714286
308 315 1.7857142857142858
309 310 -0.5714285714285714
310 311 1.7857142857142858
311 312 -1.7857142857142858
311 320 -2.0
311 329 -1.3571428571428572
312 357 1.3571428571428572
312 390 -1.7857142857142858
312 395 -1.3571428571428572
313 314 0.9285714285714286
313 556 0.5714285714285714
313 565 1.7857142857142858
313 599 -1.7857142857142858
314 628 -2.0
314 638 0.9285714285714286
314 664 1.3571428571428572
314 672 0.5714285714285714
316 317 0.5714285714285714
317 318 -2.0
317 326 -2.0
318 319 0.5714285714285714
318 326 -0.5714285714285714
318 327 2.0
319 320 -0.9285714285714286
319 327 -2.0
319 328 0.5714285714285714
320 321 0.9285714285714286
320 328 -2.0
320 329 -0.5714285714285714
321 322 2.0
321 329 -1.3571428571428572
321 330 -0.5714285714285714
321 337 -0.9285714285714286
321 345 0.9285714285714286
321 373 0.9285714285714286
321 382 -0.9285714285714286
322 323 2.0
322 330 -1.7857142857142858
322 331 -2.0
322 403 1.7857142857142858
322 411 0.9285714285714286
322 433 1.7857142857142858
322 438 -0.5714285714285714
323 324 -1.3571428571428572
323 331 -0.9285714285714286
323 332 1.7857142857142858
323 473 -0.5714285714285714
323 499 -0.5714285714285714
323 508 1.7857142857142858
324 325 2.0
324 332 -1.3571428571428572
324 538 1.3571428571428572
324 573 -0.5714285714285714
324 581 -1.7857142857142858
325 333 -2.0
325 334 -0.5714285714285714
325 608 -1.7857142857142858
325 617 -1.3571428571428572
325 646 2.0
325 655 -0.9285714285714286
326 327 -0.9285714285714286
327 328 -1.7857142857142858
328 329 -1.7857142857142858
329 330 1.7857142857142858
329 337 0.5714285714285714
329 345 1.3571428571428572
330 331 0.5714285714285714
330 373 -0.5714285714285714
330 382 -0.9285714285714286
330 403 -1.7857142857142858
330 411 0.9285714285714286
331 332 -0.5714285714285714
331 433 -1.3571428571428572
331 438 0.5714285714285714
331 473 1.7857142857142858
332 333 -2.0
332 499 -1.7857142857142858
332 538 -2.0
333 334 -2.0
333 573 1.7857142857142858
333 581 1.3571428571428572
333 608 0.5714285714285714
333 617 -1.3571428571428572
334 646 -0.5714285714285714
334 655 0.9285714285714286
334 680 1.3571428571428572
334 687 -1.3571428571428572
335 336 1.3571428571428572
335 344 0.5714285714285714
336 337 -1.3571428571428572
336 344 1.3571428571428572
336 345 -0.9285714285714286
337 338 -1.7857142857142858
337 345 0.9285714285714286
337 346 0.5714285714285714
337 358 1.7857142857142858
338 339 -0.5714285714285714
338 346 1.3571428571428572
338 347 0.9285714285714286
338 391 0.5714285714285714
338 395 -1.3571428571428572
338 419 0.5714285714285714
339 340 1.7857142857142858
339 347 -1.7857142857142858
339 348 0.9285714285714286
339 456 -2.0
339 484 -2.0
339 492 0.9285714285714286
340 341 -2.0
340 348 -1.7857142857142858
340 349 0.9285714285714286
340 520 1.3571428571428572
340 529 0.9285714285714286
340 557 1.7857142857142858
340 565 -1.7857142857142858
341 342 -1.3571428571428572
341 350 -2.0
341 591 1.7857142857142858
341 629 1.3571428571428572
341 638 -0.5714285714285714
342 343 -1.3571428571428572
342 350 0.5714285714285714
342 351 -1.7857142857142858
342 665 -1.3571428571428572
342 672 0.9285714285714286
343 351 -0.9285714285714286
343 352 -2.0
344 345 -1.7857142857142858
345 346 1.3571428571428572
346 347 0.9285714285714286
346 358 1.7857142857142858
346 395 0.9285714285714286
347 348 0.9285714285714286
347 419 1.3571428571428572
347 456 -0.9285714285714286
348 349 -1.7857142857142858
348 484 -1.3571428571428572
348 492 -0.5714285714285714
348 520 -0.9285714285714286
348 529 0.5714285714285714
349 350 -1.7857142857142858
349 557 2.0
349 565 -0.9285714285714286
349 591 0.5714285714285714
349 599 0.5714285714285714
350 351 2.0
350 629 -2.0
350 638 -1.3571428571428572
350 665 1.7857142857142858
350 672 0.9285714285714286
351 352 -0.9285714285714286
353 354 -1.3571428571428572
354 355 -1.7857142857142858
354 363 -2.0
355 356 -1.3571428571428572
355 363 2.0
356 357 -2.0
356 364 -1.3571428571428572
357 358 0.5714285714285714
357 364 0.9285714285714286
358 359 1.7857142857142858
358 365 -0.9285714285714286
358 373 -0.5714285714285714
359 360 -0.5714285714285714
359 365 0.5714285714285714
359 366 -1.7857142857142858
359 403 1.7857142857142858
359 412 0.5714285714285714
359 433 1.3571428571428572
359 439 -0.5714285714285714
360 361 -0.5714285714285714
360 366 -2.0
360 367 1.7857142857142858
360 474 0.9285714285714286
360 499 -0.5714285714285714
360 509 0.9285714285714286
361 362 1.3571428571428572
361 367 1.7857142857142858
361 368 1.3571428571428572
361 538 1.3571428571428572
361 546 -0.9285714285714286
361 573 1.3571428571428572
361 582 0.5714285714285714
362 368 -1.3571428571428572
362 369 -0.9285714285714286
362 608 0.5714285714285714
362 618 0.9285714285714286
362 646 -1.3571428571428572
362 656 -1.7857142857142858
365 366 -1.7857142857142858
365 373 1.7857142857142858
365 412 -0.5714285714285714
366 367 -0.9285714285714286
366 474 0.9285714285714286
367 368 1.3571428571428572
367 499 1.7857142857142858
367 509 1.3571428571428572
367 538 2.0
367 546 1.7857142857142858
368 369 0.9285714285714286
368 573 -0.9285714285714286
368 582 -1.7857142857142858
368 608 1.3571428571428572
368 618 1.3571428571428572
369 646 -0.9285714285714286
369 656 0.5714285714285714
369 680 1.3571428571428572
369 688 1.3571428571428572
370 380 -0.5714285714285714
371 372 -0.5714285714285714
371 380 1.3571428571428572
371 381 -2.0
372 373 1.7857142857142858
372 381 -1.3571428571428572
372 382 -0.5714285714285714
373 374 1.3571428571428572
373 382 -0.5714285714285714
374 375 1.3571428571428572
374 383 -0.9285714285714286
374 391 -0.5714285714285714
374 396 1.3571428571428572
374 419 0.5714285714285714
374 426 -0.9285714285714286
375 376 1.7857142857142858
375 383 0.5714285714285714
375 384 0.5714285714285714
375 457 -2.0
375 484 0.9285714285714286
376 377 1.7857142857142858
376 384 0.5714285714285714
376 520 -0.9285714285714286
376 530 -2.0
376 557 0.5714285714285714
376 566 0.9285714285714286
377 378 -0.9285714285714286
377 385 0.5714285714285714
377 386 -1.7857142857142858
377 591 -1.7857142857142858
377 600 1.7857142857142858
377 629 -1.3571428571428572
377 639 0.9285714285714286
378 379 -1.3571428571428572
378 386 0.9285714285714286
378 665 -1.7857142857142858
378 673 -0.9285714285714286
379 387 0.5714285714285714
380 381 -0.5714285714285714
381 382 1.7857142857142858
383 384 -2.0
383 419 -1.7857142857142858
383 426 1.7857142857142858
383 457 0.5714285714285714
384 385 -1.3571428571428572
384 484 -1.7857142857142858
384 520 -1.3571428571428572
384 530 1.3571428571428572
385 386 -0.5714285714285714
385 557 -1.7857142857142858
385 566 -0.5714285714285714
385 591 -2.0
385 600 -0.5714285714285714
386 629 0.5714285714285714
386 639 0.5714285714285714
386 665 -1.7857142857142858
386 673 0.5714285714285714
389 390 -0.9285714285714286
389 394 2.0
390 391 1.3571428571428572
390 394 2.0
390 395 1.3571428571428572
391 395 2.0
391 396 -2.0
392 393 -2.0
392 397 -2.0
392 398 0.5714285714285714
392 465 -2.0
392 474 1.7857142857142858
392 500 1.3571428571428572
392 509 2.0
393 398 0.5714285714285714
393 539 -1.7857142857142858
393 546 0.5714285714285714
393 574 0.5714285714285714
393 582 -0.5714285714285714
394 395 -1.3571428571428572
395 396 -1.7857142857142858
396 397 0.5714285714285714
396 412 1.3571428571428572
397 439 -0.9285714285714286
397 465 -2.0
397 474 1.7857142857142858
398 500 2.0
398 509 2.0
398 539 -1.3571428571428572
398 546 -1.3571428571428572
399 647 -1.3571428571428572
399 656 -2.0
399 681 -1.7857142857142858
399 688 -2.0
400 401 -0.5714285714285714
400 409 0.5714285714285714
401 402 1.7857142857142858
401 409 0.5714285714285714
401 410 0.5714285714285714
402 403 0.9285714285714286
402 410 0.5714285714285714
402 411 -1.7857142857142858
403 411 2.0
403 412 2.0
404 413 -0.5714285714285714
404 414 1.7857142857142858
404 448 -1.3571428571428572
404 457 -0.5714285714285714
405 406 2.0
405 414 -1.7857142857142858
405 521 0.5714285714285714
405 530 0.5714285714285714
405 558 -0.9285714285714286
405 566 2.0
406 407 -1.7857142857142858
406 592 0.5714285714285714
406 600 0.5714285714285714
406 639 -2.0
407 408 -2.0
407 415 -1.3571428571428572
407 666 -0.9285714285714286
407 673 0.5714285714285714
408 415 0.5714285714285714
408 416 -0.9285714285714286
409 410 -2.0
410 411 1.3571428571428572
411 412 -1.7857142857142858
412 413 0.9285714285714286
413 414 1.7857142857142858
413 420 0.9285714285714286
413 426 -1.3571428571428572
413 448 0.5714285714285714
414 530 -0.5714285714285714
415 416 -0.9285714285714286
417 418 1.7857142857142858
417 425 -1.3571428571428572
418 419 0.9285714285714286
419 420 -1.3571428571428572
419 426 -1.7857142857142858
420 426 0.5714285714285714
420 427 0.5714285714285714
420 440 0.9285714285714286
421 422 0.9285714285714286
421 427 -2.0
421 428 0.9285714285714286
421 465 -2.0
421 475 -2.0
421 500 0.9285714285714286
421 510 0.9285714285714286
422 423 -2.0
422 428 -0.5714285714285714
422 429 2.0
422 539 1.3571428571428572
422 547 1.7857142857142858
422 574 -0.5714285714285714
422 583 -2.0
423 429 -2.0
423 619 -0.5714285714285714
423 647 -0.9285714285714286
423 657 0.9285714285714286
426 427 1.3571428571428572
427 428 0.9285714285714286
427 440 1.3571428571428572
427 465 0.9285714285714286
427 475 0.5714285714285714
428 429 2.0
428 500 1.7857142857142858
428 510 -0.9285714285714286
428 539 1.7857142857142858
428 547 0.9285714285714286
429 574 -2.0
429 583 -2.0
429 609 0.9285714285714286
429 619 1.3571428571428572
431 432 0.5714285714285714
432 433 0.9285714285714286
432 438 -0.9285714285714286
433 438 0.9285714285714286
433 439 -1.7857142857142858
434 435 0.5714285714285714
434 441 1.7857142857142858
434 448 0.5714285714285714
434 458 -0.5714285714285714
435 436 0.5714285714285714
435 441 -1.3571428571428572
435 521 -0.9285714285714286
435 531 -0.5714285714285714
435 558 -1.7857142857142858
435 567 1.3571428571428572
436 437 1.3571428571428572
436 442 -0.9285714285714286
436 443 2.0
436 592 -0.9285714285714286
436 601 -1.3571428571428572
436 630 -0.9285714285714286
436 640 2.0
437 443 -1.3571428571428572
437 666 -0.5714285714285714
437 674 0.9285714285714286
438 439 2.0
439 440 0.5714285714285714
440 441 2.0
440 448 1.3571428571428572
440 458 0.5714285714285714
441 442 1.3571428571428572
441 521 1.7857142857142858
441 531 0.9285714285714286
442 558 -1.7857142857142858
442 592 2.0
442 601 -2.0
443 630 0.9285714285714286
443 640 -0.5714285714285714
443 666 -1.7857142857142858
443 674 -2.0
445 446 -2.0
445 452 -1.7857142857142858
446 452 -1.7857142857142858
446 453 1.7857142857142858
447 454 2.0
447 455 1.7857142857142858
448 449 -2.0
448 457 2.0
448 458 1.7857142857142858
449 450 -2.0
449 458 1.7857142857142858
449 459 1.7857142857142858
449 466 -1.3571428571428572
449 475 -2.0
449 501 2.0
449 510 0.9285714285714286
450 451 -0.9285714285714286
450 459 0.9285714285714286
450 460 -2.0
450 540 1.3571428571428572
450 547 -1.7857142857142858
450 575 0.5714285714285714
450 583 0.9285714285714286
451 460 2.0
451 461 2.0
451 610 -0.9285714285714286
451 619 -1.7857142857142858
451 648 2.0
451 657 -0.5714285714285714
452 453 -1.7857142857142858
453 454 -1.3571428571428572
454 455 -1.7857142857142858
455 456 -1.7857142857142858
456 457 -1.3571428571428572
457 458 0.5714285714285714
458 459 -2.0
458 466 -1.3571428571428572
458 475 0.9285714285714286
459 460 2.0
459 501 1.3571428571428572
459 510 0.5714285714285714
459 540 -1.7857142857142858
459 547 -0.9285714285714286
460 461 1.7857142857142858
460 575 1.3571428571428572
460 583 1.3571428571428572
460 610 -0.5714285714285714
460 619 -2.0
461 648 0.5714285714285714
461 657 0.9285714285714286
461 682 1.7857142857142858
461 689 0.5714285714285714
462 463 0.5714285714285714
462 471 -1.3571428571428572
463 464 -1.7857142857142858
463 471 -2.0
463 472 -0.5714285714285714
464 472 1.7857142857142858
464 473 -1.7857142857142858
465 466 0.9285714285714286
465 474 -0.9285714285714286
465 475 -1.3571428571428572
466 467 -0.9285714285714286
466 475 -1.7857142857142858
466 476 -0.9285714285714286
466 485 1.3571428571428572
467 468 -2.0
467 476 0.5714285714285714
467 477 0.5714285714285714
467 522 1.3571428571428572
467 531 -0.9285714285714286
467 559 -2.0
467 567 -1.7857142857142858
468 469 -2.0
468 477 1.3571428571428572
468 478 -2.0
468 593 -0.9285714285714286
468 601 0.9285714285714286
468 631 -1.7857142857142858
468 640 -1.7857142857142858
469 470 2.0
469 478 -2.0
469 667 2.0
469 674 -1.3571428571428572
471 472 0.9285714285714286
472 473 -1.7857142857142858
473 474 -0.5714285714285714
474 475 1.7857142857142858
476 477 0.5714285714285714
476 485 0.9285714285714286
476 522 -0.5714285714285714
476 531 -0.5714285714285714
477 478 2.0
477 559 1.3571428571428572
477 567 -1.3571428571428572
477 593 -0.9285714285714286
477 601 2.0
478 631 -1.7857142857142858
478 640 -2.0
478 667 0.5714285714285714
478 674 0.9285714285714286
479 480 0.9285714285714286
479 488 -1.7857142857142858
480 481 -2.0
480 488 0.9285714285714286
480 489 0.9285714285714286
481 482 -0.9285714285714286
481 489 -0.9285714285714286
481 490 2.0
482 483 1.3571428571428572
482 490 -1.3571428571428572
482 491 0.5714285714285714
483 484 -0.5714285714285714
483 491 -1.7857142857142858
483 492 -0.9285714285714286
484 492 1.7857142857142858
485 486 0.9285714285714286
485 493 1.7857142857142858
485 501 1.3571428571428572
485 511 -1.7857142857142858
486 487 -0.9285714285714286
486 493 0.9285714285714286
486 494 0.5714285714285714
486 540 -1.7857142857142858
486 548 -1.7857142857142858
486 575 -0.9285714285714286
486 584 -2.0
487 494 2.0
487 495 0.5714285714285714
487 610 1.3571428571428572
487 620 -0.9285714285714286
487 648 1.3571428571428572
488 489 1.7857142857142858
489 490 -0.5714285714285714
490 491 2.0
491 492 -2.0
493 494 0.5714285714285714
493 501 1.3571428571428572
493 511 -0.9285714285714286
493 540 -0.5714285714285714
493 548 -1.7857142857142858
494 495 1.3571428571428572
494 575 0.9285714285714286
494 584 -2.0
494 610 1.3571428571428572
494 620 0.9285714285714286
495 648 -2.0
495 682 -0.5714285714285714
495 690 0.9285714285714286
496 497 -1.3571428571428572
496 506 -1.7857142857142858
497 498 0.9285714285714286
497 506 -1.7857142857142858
497 507 0.5714285714285714
498 499 -0.9285714285714286
498 507 -0.9285714285714286
498 508 1.7857142857142858
499 500 -1.7857142857142858
499 508 2.0
499 509 -1.3571428571428572
500 501 1.3571428571428572
500 509 -0.5714285714285714
500 510 -0.9285714285714286
501 502 0.9285714285714286
501 510 -2.0
501 511 -2.0
502 503 2.0
502 512 2.0
502 522 1.3571428571428572
502 532 -1.7857142857142858
502 559 0.9285714285714286
502 568 -0.9285714285714286
503 504 1.3571428571428572
503 512 1.7857142857142858
503 593 -1.3571428571428572
503 602 0.9285714285714286
503 631 -0.9285714285714286
503 641 -1.7857142857142858
504 505 -1.7857142857142858
504 513 0.5714285714285714
504 514 -0.9285714285714286
504 667 -1.7857142857142858
504 675 -2.0
505 514 1.3571428571428572
505 515 -1.7857142857142858
506 507 0.9285714285714286
507 508 -2.0
508 509 -1.3571428571428572
509 510 1.7857142857142858
510 511 -0.5714285714285714
511 522 0.5714285714285714
511 532 -0.5714285714285714
512 513 -0.9285714285714286
512 559 -0.5714285714285714
512 568 -2.0
512 593 2.0
512 602 1.3571428571428572
513 514 -0.5714285714285714
513 631 1.3571428571428572
513 641 0.5714285714285714
513 667 -1.3571428571428572
513 675 0.9285714285714286
514 515 1.3571428571428572
516 525 -2.0
517 518 0.9285714285714286
517 527 0.9285714285714286
518 519 -1.3571428571428572
518 527 0.9285714285714286
518 528 1.3571428571428572
519 520 0.5714285714285714
519 528 1.3571428571428572
519 529 -2.0
520 521 2.0
520 529 -0.5714285714285714
520 530 0.5714285714285714
521 522 1.3571428571428572
521 530 -0.5714285714285714
521 531 -0.9285714285714286
522 523 1.7857142857142858
522 531 -1.3571428571428572
522 532 -0.5714285714285714
523 524 1.3571428571428572
523 532 -1.3571428571428572
523 533 -0.9285714285714286
523 548 0.5714285714285714
523 576 -1.7857142857142858
523 584 2.0
524 533 -0.9285714285714286
524 534 -1.3571428571428572
524 620 0.5714285714285714
524 649 0.5714285714285714
525 526 -0.5714285714285714
526 527 -2.0
527 528 -1.7857142857142858
528 529 -1.7857142857142858
529 530 -1.7857142857142858
530 531 -1.7857142857142858
531 532 -1.7857142857142858
532 533 -0.9285714285714286
532 548 1.3571428571428572
533 534 -0.5714285714285714
533 576 1.3571428571428572
533 584 0.5714285714285714
533 611 1.7857142857142858
533 620 -2.0
534 649 -1.3571428571428572
534 683 -2.0
534 690 2.0
535 536 2.0
535 544 -1.7857142857142858
536 537 1.7857142857142858
536 544 2.0
536 545 -1.7857142857142858
537 538 -0.5714285714285714
537 545 -0.9285714285714286
538 539 1.7857142857142858
538 546 -1.7857142857142858
539 540 0.5714285714285714
539 546 0.9285714285714286
539 547 -1.7857142857142858
540 547 0.5714285714285714
540 548 -1.7857142857142858
541 542 -0.9285714285714286
541 549 -1.3571428571428572
541 550 -2.0
541 594 -2.0
541 602 -0.5714285714285714
541 632 1.3571428571428572
541 641 -0.5714285714285714
542 543 2.0
542 550 1.3571428571428572
542 551 -1.3571428571428572
542 668 0.5714285714285714
542 675 1.3571428571428572
543 551 -1.7857142857142858
543 552 1.3571428571428572
544 545 2.0
546 547 1.7857142857142858
547 548 -0.9285714285714286
548 549 -1.7857142857142858
549 550 -2.0
549 560 -0.5714285714285714
549 568 0.9285714285714286
549 594 0.5714285714285714
549 602 2.0
550 551 0.9285714285714286
550 632 2.0
550 641 -2.0
550 668 0.5714285714285714
550 675 -0.9285714285714286
551 552 1.7857142857142858
553 554 0.9285714285714286
553 561 -0.5714285714285714
554 561 -0.9285714285714286
554 562 -1.3571428571428572
555 556 0.5714285714285714
555 563 -0.9285714285714286
555 564 0.9285714285714286
556 557 -2.0
556 564 -0.5714285714285714
556 565 -1.3571428571428572
557 558 0.5714285714285714
557 565 -1.3571428571428572
558 559 1.7857142857142858
558 566 0.9285714285714286
558 567 -0.5714285714285714
559 560 0.9285714285714286
559 567 1.7857142857142858
559 568 1.7857142857142858
560 568 1.3571428571428572
560 569 -1.3571428571428572
560 576 -2.0
561 562 1.7857142857142858
562 563 -1.3571428571428572
563 564 -2.0
564 565 1.3571428571428572
566 567 2.0
567 568 -0.9285714285714286
568 569 2.0
569 570 1.7857142857142858
569 576 0.5714285714285714
569 611 2.0
569 621 -0.5714285714285714
570 649 -1.3571428571428572
570 683 -1.7857142857142858
570 691 -1.3571428571428572
572 573 -0.5714285714285714
572 580 -2.0
572 581 -1.7857142857142858
573 574 0.5714285714285714
573 581 1.7857142857142858
573 582 1.3571428571428572
574 575 -1.7857142857142858
574 582 2.0
574 583 2.0
575 576 1.3571428571428572
575 583 0.9285714285714286
575 584 -1.7857142857142858
576 577 0.5714285714285714
576 584 0.5714285714285714
577 578 -0.9285714285714286
577 585 1.3571428571428572
577 594 -2.0
577 603 2.0
577 632 -2.0
578 579 -0.9285714285714286
578 585 -1.3571428571428572
578 586 1.7857142857142858
578 668 0.5714285714285714
578 676 1.7857142857142858
579 586 2.0
579 587 1.3571428571428572
580 581 -0.5714285714285714
581 582 1.7857142857142858
582 583 -0.9285714285714286
583 584 -0.9285714285714286
585 586 -0.9285714285714286
585 632 1.3571428571428572
585 668 1.7857142857142858
585 676 0.9285714285714286
586 587 -0.9285714285714286
588 589 -0.9285714285714286
588 595 -2.0
588 596 1.3571428571428572
589 596 -0.9285714285714286
589 597 2.0
590 597 -1.7857142857142858
590 598 0.5714285714285714
591 592 -0.9285714285714286
591 599 -2.0
591 600 -2.0
592 593 1.7857142857142858
592 600 0.9285714285714286
592 601 2.0
593 594 -1.7857142857142858
593 601 1.3571428571428572
593 602 0.5714285714285714
594 602 -0.5714285714285714
594 603 -1.7857142857142858
595 596 -2.0
596 597 2.0
597 598 2.0
598 599 2.0
599 600 -1.7857142857142858
600 601 -2.0
601 602 -0.5714285714285714
602 603 -0.5714285714285714
603 604 -2.0
603 612 -1.7857142857142858
603 621 0.5714285714285714
604 650 -1.3571428571428572
604 684 -0.9285714285714286
604 691 1.3571428571428572
605 606 -1.3571428571428572
605 615 0.9285714285714286
606 607 0.9285714285714286
606 615 -0.5714285714285714
606 616 -1.7857142857142858
607 608 0.5714285714285714
607 617 0.5714285714285714
608 609 0.9285714285714286
608 617 0.5714285714285714
608 618 1.7857142857142858
609 610 -2.0
609 618 1.7857142857142858
609 619 1.7857142857142858
610 611 2.0
610 620 0.5714285714285714
611 612 0.5714285714285714
611 620 2.0
611 621 -1.3571428571428572
612 613 -1.3571428571428572
612 621 -1.3571428571428572
612 622 1.7857142857142858
612 633 0.5714285714285714
613 614 1.3571428571428572
613 622 -0.5714285714285714
613 623 -1.3571428571428572
613 676 -0.9285714285714286
614 623 -0.5714285714285714
614 624 2.0
615 616 -2.0
617 618 -0.5714285714285714
618 619 1.7857142857142858
619 620 1.3571428571428572
620 621 0.9285714285714286
621 622 -1.7857142857142858
622 623 -0.5714285714285714
622 633 0.5714285714285714
622 676 -1.3571428571428572
623 624 0.9285714285714286
625 626 -1.3571428571428572
625 634 1.3571428571428572
625 635 0.5714285714285714
626 627 -2.0
626 635 -2.0
627 628 -0.5714285714285714
627 636 -1.3571428571428572
627 637 0.9285714285714286
628 629 0.9285714285714286
628 637 -1.3571428571428572
628 638 -1.3571428571428572
629 630 -0.9285714285714286
629 638 -0.9285714285714286
629 639 0.5714285714285714
630 631 -1.7857142857142858
630 639 -2.0
630 640 1.7857142857142858
631 632 -1.3571428571428572
631 640 -1.7857142857142858
631 641 -0.9285714285714286
632 633 0.9285714285714286
632 641 0.9285714285714286
633 642 1.7857142857142858
633 650 -1.7857142857142858
633 658 0.9285714285714286
634 635 1.7857142857142858
635 636 -0.9285714285714286
636 637 0.9285714285714286
637 638 1.7857142857142858
638 639 -1.7857142857142858
639 640 -1.3571428571428572
640 641 0.9285714285714286
642 650 -0.9285714285714286
642 658 -1.7857142857142858
642 684 1.7857142857142858
642 692 -1.3571428571428572
643 644 -0.9285714285714286
643 653 0.9285714285714286
644 645 -2.0
644 653 -0.9285714285714286
644 654 1.3571428571428572
645 646 1.3571428571428572
645 654 -1.7857142857142858
645 655 -1.3571428571428572
646 647 -1.7857142857142858
646 655 0.5714285714285714
646 656 -1.7857142857142858
647 648 0.9285714285714286
647 656 -0.9285714285714286
647 657 -2.0
648 649 2.0
648 657 -1.3571428571428572
649 650 -0.5714285714285714
650 651 1.3571428571428572
650 658 -1.7857142857142858
651 652 -1.3571428571428572
651 658 -1.7857142857142858
651 659 -0.5714285714285714
651 677 2.0
652 659 1.3571428571428572
652 660 -2.0
653 654 -1.7857142857142858
654 655 0.5714285714285714
655 656 0.5714285714285714
656 657 2.0
658 659 -0.9285714285714286
658 677 -0.5714285714285714
661 669 -1.7857142857142858
662 663 -1.3571428571428572
662 670 -0.5714285714285714
663 664 -0.9285714285714286
663 670 1.7857142857142858
663 671 -0.5714285714285714
664 665 -1.7857142857142858
664 671 -0.5714285714285714
664 672 2.0
665 666 -1.3571428571428572
665 672 -0.9285714285714286
665 673 -2.0
666 667 -2.0
666 673 1.7857142857142858
667 668 -0.9285714285714286
667 674 1.3571428571428572
667 675 1.7857142857142858
668 675 -1.3571428571428572
668 676 -1.3571428571428572
670 671 -0.9285714285714286
671 672 -1.7857142857142858
672 673 -2.0
673 674 -1.7857142857142858
674 675 -0.5714285714285714
675 676 -0.9285714285714286
676 677 0.5714285714285714
677 685 1.7857142857142858
677 692 0.5714285714285714
679 680 1.7857142857142858
679 687 1.3571428571428572
680 681 -0.9285714285714286
680 687 0.9285714285714286
680 688 -0.9285714285714286
681 682 -1.3571428571428572
681 688 0.9285714285714286
681 689 1.3571428571428572
682 683 -0.5714285714285714
682 690 0.9285714285714286
683 684 -1.3571428571428572
683 690 -1.7857142857142858
683 691 -2.0
684 685 0.5714285714285714
684 691 0.5714285714285714
684 692 -1.7857142857142858
685 686 2.0
685 692 1.3571428571428572
685 693 1.7857142857142858
686 693 2.0
686 694 2.0
687 688 -1.3571428571428572
688 689 0.5714285714285714
689 690 -1.7857142857142858
690 691 -1.3571428571428572
691 692 -0.9285714285714286
692 693 1.7857142857142858
693 694 -1.3571428571428572
