839 3405
1 1 6.0
2 2 0.4999999999999998
3 3 -5.142857142857142
4 4 -4.857142857142858
5 5 -0.2142857142857144
6 6 -8.0
7 7 5.357142857142858
8 8 -2.357142857142857
9 9 -7.285714285714286
10 10 -3.5000000000000004
11 11 -0.2857142857142865
12 12 2.0
13 13 3.4285714285714284
14 14 3.071428571428571
15 15 -4.357142857142858
16 16 -0.0714285714285714
17 17 -0.4285714285714286
18 18 -6.714285714285715
19 19 1.0
20 20 1.1428571428571423
21 21 1.785714285714286
22 22 3.928571428571429
23 23 -4.928571428571429
24 24 -1.071428571428572
25 25 -5.714285714285715
26 26 2.5
27 27 2.3571428571428577
28 28 -3.857142857142857
29 29 -1.5
30 30 -0.9285714285714282
31 31 -1.8571428571428568
32 32 -4.5
33 33 1.0714285714285716
34 34 -1.3571428571428577
35 35 -5.928571428571429
36 36 -4.142857142857142
37 37 0.7142857142857144
38 38 1.4285714285714286
39 39 0.6428571428571428
40 40 5.642857142857143
41 41 2.0
42 42 -3.5714285714285716
43 43 2.2142857142857144
44 44 2.571428571428571
45 45 3.1428571428571423
46 46 4.214285714285714
47 47 -0.07142857142857117
48 48 1.7142857142857144
49 49 -0.8571428571428572
50 50 -0.5
51 51 -1.7857142857142858
52 52 -1.357142857142857
53 53 1.5
54 54 3.7142857142857144
55 55 1.4285714285714284
56 56 0.5714285714285714
57 57 0.0714285714285714
58 58 -3.571428571428571
59 59 3.1428571428571432
60 60 -0.2857142857142856
61 61 4.0
62 62 -6.071428571428571
63 63 -2.571428571428571
64 64 -0.7857142857142858
65 65 -1.4285714285714288
66 66 1.7142857142857142
67 67 0.0714285714285714
68 68 -6.071428571428571
69 69 1.7857142857142858
70 70 -1.7142857142857144
71 71 -3.1428571428571423
72 72 -2.142857142857143
73 73 -0.35714285714285743
74 74 -5.7857142857142865
75 75 3.071428571428572
76 76 3.071428571428571
77 77 -4.0
78 78 -1.4285714285714286
79 79 1.5714285714285718
80 80 -3.714285714285714
81 81 -4.071428571428571
82 82 3.357142857142857
83 83 -3.8571428571428577
84 84 -4.142857142857143
85 85 3.0
86 86 -4.357142857142858
87 87 1.5000000000000002
88 88 -3.7142857142857144
89 89 0.7857142857142858
90 90 -5.0
91 91 -2.142857142857143
92 92 -0.2857142857142856
93 93 2.0
94 94 2.8571428571428577
95 95 5.857142857142858
96 96 0.4285714285714286
97 97 -2.428571428571429
98 98 -4.928571428571429
99 99 -1.714285714285714
100 100 3.5
102 102 2.2857142857142856
103 103 -0.5714285714285714
104 104 0.785714285714286
105 105 0.5000000000000007
106 106 -1.5
107 107 0.5
108 108 -2.5
109 109 -3.428571428571429
110 110 0.4285714285714284
111 111 -1.7857142857142858
112 112 0.5714285714285714
113 113 -5.571428571428571
114 114 -7.7857142857142865
115 115 -7.928571428571429
116 116 4.142857142857142
117 117 -5.357142857142858
118 118 -2.5
119 119 1.0
120 120 2.571428571428571
121 121 -3.3571428571428577
122 122 -2.071428571428572
123 123 -5.357142857142857
124 124 -1.785714285714286
125 125 2.8571428571428568
126 126 3.7142857142857144
127 127 4.071428571428571
128 128 4.357142857142858
129 129 3.1428571428571432
130 130 -0.7142857142857144
131 131 -5.928571428571428
132 132 2.0
133 133 3.0
134 134 -1.2142857142857144
135 135 -2.7142857142857144
136 136 -7.428571428571429
137 137 0.1428571428571428
138 138 0.8571428571428572
139 139 1.642857142857143
140 140 1.4285714285714284
141 141 -3.571428571428572
142 142 -2.7857142857142856
143 143 -0.7142857142857144
144 144 -0.7857142857142858
145 145 -0.7857142857142856
146 146 -0.9999999999999998
147 147 -2.357142857142857
148 148 -7.214285714285714
149 149 -3.714285714285715
150 150 -0.2142857142857142
151 151 -2.5714285714285716
152 152 3.428571428571429
153 153 -2.0714285714285707
154 154 1.8571428571428574
155 155 -2.428571428571429
156 156 2.8571428571428568
157 157 -4.642857142857144
158 158 2.5
159 159 -0.7857142857142858
160 160 5.428571428571429
161 161 0.2142857142857142
162 162 -2.6428571428571432
163 163 -2.0714285714285716
164 164 -3.5
165 165 -6.285714285714286
166 166 0.4999999999999998
167 167 -3.2857142857142856
168 168 1.9999999999999998
169 169 3.214285714285714
170 170 2.428571428571429
171 171 -2.428571428571429
172 172 4.357142857142858
173 173 3.0
174 174 -1.0714285714285718
175 175 7.642857142857143
176 176 -0.4285714285714288
177 177 -1.2857142857142858
178 178 -4.928571428571429
179 179 -2.1428571428571423
180 180 3.2857142857142856
181 181 0.5714285714285716
182 182 -2.3571428571428568
183 183 -2.357142857142857
184 184 0.2857142857142858
185 185 -4.928571428571428
186 186 1.2857142857142858
187 187 -6.857142857142858
188 188 -8.285714285714286
189 189 -2.857142857142857
190 190 -4.571428571428571
191 191 5.785714285714286
192 192 4.0
193 193 3.428571428571429
194 194 0.7857142857142856
195 195 0.7857142857142858
196 196 -1.214285714285714
197 197 2.0
198 198 -4.071428571428571
199 199 3.0
200 200 2.0
201 201 1.4999999999999998
202 202 2.428571428571429
203 203 2.2142857142857144
204 204 -5.285714285714286
205 205 -2.642857142857143
206 206 -1.6428571428571428
207 207 1.2142857142857149
208 208 2.1428571428571432
209 209 3.5714285714285716
210 210 -1.2857142857142858
211 211 1.5714285714285714
212 212 0.357142857142857
213 213 1.5714285714285712
214 214 2.928571428571429
215 215 2.071428571428571
216 216 5.857142857142858
217 217 0.14285714285714235
218 218 0.5
219 219 -5.0
220 220 2.571428571428571
221 221 -4.0
222 222 0.0714285714285714
223 223 -1.5714285714285716
224 224 -1.785714285714286
225 225 -3.1428571428571423
226 226 1.4285714285714284
227 227 -9.642857142857142
228 228 1.4285714285714286
229 229 0.2142857142857144
230 230 -2.142857142857143
231 231 0.7142857142857144
232 232 -1.3571428571428572
233 233 -2.2857142857142856
234 234 -1.9999999999999998
235 235 2.0
236 236 4.285714285714286
237 237 -0.8571428571428572
238 238 -0.21428571428571463
239 239 2.571428571428571
240 240 2.8571428571428568
241 241 -2.428571428571429
242 242 -0.5
243 243 3.071428571428571
244 244 -0.2142857142857144
245 245 2.2142857142857144
246 246 -0.2857142857142856
247 247 2.6428571428571432
248 248 4.857142857142858
249 249 -0.2142857142857142
250 250 -0.7857142857142858
251 251 3.714285714285714
252 252 3.0000000000000004
253 253 -0.2142857142857144
254 254 0.571428571428571
255 255 -7.357142857142858
256 256 -3.2857142857142856
257 257 -2.7857142857142856
258 258 2.2142857142857144
259 259 -0.35714285714285676
260 260 1.0714285714285716
261 261 2.357142857142857
262 262 2.9999999999999996
263 263 0.2857142857142856
264 264 3.0
265 265 -2.857142857142857
266 266 3.1428571428571432
267 267 -4.2857142857142865
268 268 4.571428571428572
269 269 -0.7857142857142858
270 270 -1.5714285714285714
271 271 -4.0
272 272 -5.714285714285714
273 273 7.214285714285715
274 274 -3.214285714285715
275 275 -9.285714285714285
276 276 2.142857142857143
277 277 2.0
278 278 -1.2142857142857142
279 279 -1.6428571428571423
280 280 -7.0
281 281 -1.5000000000000004
282 282 4.214285714285714
283 283 1.0714285714285714
284 284 3.142857142857143
285 285 -3.642857142857143
286 286 -0.357142857142857
287 287 -1.4285714285714284
288 288 -2.3571428571428577
289 289 -1.3571428571428572
290 290 6.857142857142858
291 291 0.2142857142857144
292 292 -7.214285714285714
293 293 -2.1428571428571432
294 294 -4.7857142857142865
295 295 2.571428571428571
296 296 -1.2142857142857144
297 297 -0.8571428571428572
298 298 0.7857142857142858
299 299 6.714285714285714
300 300 -3.1428571428571432
301 301 -0.357142857142857
302 302 6.7857142857142865
303 303 -0.785714285714286
304 304 -0.14285714285714324
305 305 -1.4285714285714293
306 306 -1.3571428571428568
307 307 3.0714285714285716
308 308 1.2142857142857142
309 309 3.0
310 310 1.2857142857142856
311 311 -0.4285714285714286
312 312 3.0714285714285716
313 313 4.714285714285714
314 314 1.6428571428571428
315 315 2.071428571428571
316 316 -2.071428571428572
317 317 2.2857142857142856
318 318 -1.9285714285714286
319 319 -4.0
320 320 -2.7142857142857144
321 321 1.9285714285714288
322 322 -2.6428571428571432
323 323 5.0
324 324 0.357142857142857
325 325 -3.2142857142857144
326 326 2.142857142857143
327 327 5.357142857142858
328 328 0.642857142857143
329 329 0.7142857142857142
330 330 1.0714285714285712
331 331 -1.8571428571428574
332 332 -7.571428571428571
333 333 3.5
334 334 -6.5
335 335 4.357142857142858
336 336 -2.2857142857142856
337 337 2.5
338 338 -8.642857142857142
339 339 1.2142857142857144
340 340 5.142857142857142
341 341 -1.142857142857143
342 342 3.571428571428571
343 343 -4.428571428571429
344 344 -3.7857142857142856
345 345 5.142857142857142
346 346 3.357142857142857
347 347 -5.2857142857142865
348 348 -0.3571428571428572
349 349 0.5714285714285714
350 350 2.2142857142857144
351 351 4.928571428571429
352 352 -0.785714285714286
353 353 -2.357142857142857
354 354 2.2142857142857144
355 355 6.214285714285714
356 356 -1.8571428571428574
357 357 2.928571428571429
358 358 3.1428571428571432
359 359 -0.642857142857143
360 360 1.0714285714285714
361 361 4.785714285714286
362 362 -0.49999999999999956
363 363 -0.4285714285714286
364 364 -2.0
365 365 -0.4285714285714286
366 366 -0.5
367 367 3.2857142857142856
368 368 -1.785714285714286
369 369 3.8571428571428568
370 370 0.6428571428571428
371 371 -1.5000000000000002
372 372 2.642857142857143
373 373 4.0
374 374 -1.1428571428571426
375 375 -1.7857142857142854
376 376 -5.428571428571429
377 377 2.214285714285714
378 378 3.714285714285715
379 379 -4.2857142857142865
380 380 -2.4285714285714284
381 381 0.642857142857143
382 382 -2.2857142857142856
383 383 0.8571428571428572
384 384 6.2857142857142865
385 385 -1.5714285714285714
386 386 -4.0
387 387 4.714285714285714
388 388 -6.214285714285714
389 389 0.21428571428571463
390 390 1.0
391 391 8.142857142857142
392 392 5.357142857142858
393 393 -2.8571428571428577
394 394 3.7142857142857144
395 395 0.2857142857142858
396 396 1.5714285714285716
397 397 -1.9999999999999996
398 398 -1.8571428571428572
399 399 0.21428571428571463
400 400 0.7857142857142856
401 401 3.857142857142857
402 402 -0.2857142857142858
403 403 -3.071428571428572
404 404 2.4285714285714284
405 405 2.3571428571428577
406 406 3.571428571428571
407 407 5.214285714285714
408 408 -0.7142857142857144
409 409 -4.785714285714286
410 410 0.7142857142857142
411 411 1.2142857142857144
412 412 -1.0714285714285718
413 413 0.3571428571428572
414 414 -7.714285714285714
415 415 -0.2142857142857144
416 416 3.785714285714285
417 417 -3.5000000000000004
418 418 5.857142857142858
419 419 5.7857142857142865
420 420 4.857142857142857
421 421 0.42857142857142905
422 422 -4.142857142857143
423 423 -7.0
424 424 1.5714285714285712
425 425 5.214285714285714
426 426 1.0
427 427 8.357142857142858
428 428 8.142857142857142
429 429 -0.2857142857142856
430 430 -1.357142857142857
431 431 1.7142857142857146
432 432 -5.428571428571428
433 433 4.857142857142858
434 434 -1.2142857142857142
435 435 -5.714285714285714
436 436 3.1428571428571432
437 437 2.220446049250313e-16
438 438 5.0
439 439 -9.714285714285714
440 440 0.785714285714286
441 441 -3.4999999999999996
442 442 -5.7857142857142865
443 443 -0.8571428571428572
444 444 2.785714285714286
445 445 -4.571428571428571
446 446 -3.142857142857143
447 447 6.428571428571429
448 448 0.5714285714285714
449 449 3.2142857142857144
450 450 5.214285714285714
451 451 -1.7857142857142856
452 452 -4.142857142857143
453 453 -5.214285714285714
454 454 0.28571428571428537
455 455 0.5714285714285714
456 456 6.428571428571429
457 457 -2.928571428571429
458 458 -0.4999999999999998
459 459 4.285714285714286
460 460 -0.2142857142857144
461 461 -2.071428571428572
462 462 3.1428571428571423
463 463 -4.714285714285714
464 464 -0.2142857142857144
465 465 3.285714285714286
466 466 3.8571428571428568
467 467 1.8571428571428568
468 468 -0.5714285714285712
469 469 4.857142857142857
470 470 -0.7142857142857144
471 471 5.0
472 472 -3.571428571428571
473 473 -1.5
474 474 -6.214285714285714
475 475 0.4285714285714286
476 476 -2.2857142857142856
477 477 0.2142857142857142
478 478 2.7857142857142856
479 479 3.1428571428571423
480 480 8.857142857142858
481 481 -4.857142857142858
482 482 -1.9285714285714286
483 483 -1.4285714285714286
484 484 -0.7142857142857146
485 485 -1.4999999999999991
486 486 -2.7857142857142856
487 487 -3.6428571428571423
488 488 2.5
489 489 2.2857142857142865
490 490 6.071428571428571
491 491 3.6428571428571432
492 492 -2.0000000000000004
493 493 2.571428571428571
494 494 2.2142857142857135
495 495 -2.5000000000000004
496 496 -1.214285714285714
497 497 -1.3571428571428572
498 498 5.142857142857142
499 499 3.928571428571429
500 500 -2.4285714285714297
501 501 0.6428571428571428
502 502 0.2142857142857142
503 503 3.8571428571428568
504 504 5.642857142857142
505 505 2.357142857142857
506 506 8.642857142857142
507 507 2.357142857142857
508 508 -1.7857142857142854
509 509 1.714285714285714
510 510 -2.928571428571429
511 511 -2.571428571428571
512 512 0.0714285714285714
513 513 -4.142857142857142
514 514 -7.857142857142857
515 515 -3.7857142857142856
516 516 2.7142857142857144
517 517 5.857142857142858
518 518 3.2857142857142856
519 519 2.0
520 520 3.0714285714285716
521 521 -2.0
522 522 3.714285714285714
523 523 -1.4285714285714286
524 524 3.4285714285714284
525 525 -0.0714285714285714
526 526 4.0
527 527 0.5714285714285714
528 528 0.2857142857142858
529 529 -3.428571428571429
530 530 -2.571428571428571
531 531 -5.142857142857143
532 532 -4.357142857142858
533 533 -2.0714285714285716
534 534 0.9285714285714286
535 535 1.0
536 536 3.0
537 537 -1.9999999999999998
538 538 0.0714285714285714
539 539 7.2857142857142865
540 540 3.642857142857143
541 541 2.3571428571428577
542 542 5.142857142857142
543 543 2.0
544 544 1.3571428571428572
545 545 -1.2142857142857144
546 546 -5.5
547 547 1.0
548 548 -0.1428571428571428
549 549 -0.2142857142857142
550 550 1.0
551 551 4.7142857142857135
552 552 6.642857142857142
553 553 -2.857142857142857
554 554 -5.428571428571429
555 555 3.0
556 556 3.357142857142857
557 557 3.5
558 558 7.428571428571429
559 559 -3.0714285714285716
560 560 -3.1428571428571432
561 561 -1.8571428571428572
562 562 -0.2857142857142858
563 563 -1.3571428571428572
564 564 -0.6428571428571428
565 565 -4.0
566 566 -1.9285714285714286
567 567 3.1428571428571432
568 568 -2.4285714285714284
569 569 -0.8571428571428572
570 570 7.92857142857143
571 571 -0.5714285714285716
572 572 -1.142857142857143
573 573 -8.5
574 574 -4.357142857142857
575 575 4.5
576 576 3.0
577 577 1.9285714285714286
578 578 4.2142857142857135
579 579 4.142857142857143
580 580 5.000000000000001
581 581 4.142857142857143
582 582 2.2857142857142856
583 583 -5.571428571428571
584 584 0.21428571428571397
585 585 -3.3571428571428568
586 586 1.2857142857142856
587 587 -4.5
588 588 1.9285714285714288
589 589 -1.7142857142857142
590 590 3.3571428571428577
591 591 1.285714285714286
592 592 0.0714285714285714
593 593 3.2857142857142865
594 594 0.5000000000000002
595 595 2.428571428571429
596 596 -4.857142857142858
597 597 2.2142857142857144
598 598 4.214285714285714
599 599 -0.5714285714285712
600 600 -4.642857142857143
601 601 3.928571428571428
602 602 4.142857142857143
603 603 5.0
604 604 -5.2857142857142865
605 605 0.0714285714285714
606 606 -3.5714285714285716
607 607 1.9285714285714286
608 608 2.1428571428571432
609 609 5.285714285714286
610 610 -5.0
611 611 4.785714285714286
612 612 0.07142857142857117
613 613 -0.0714285714285714
614 614 4.857142857142858
615 615 1.9285714285714288
616 616 2.9285714285714284
617 617 1.6428571428571428
618 618 0.7142857142857144
619 619 -4.142857142857143
620 620 -2.5714285714285716
621 621 -3.928571428571429
622 622 -1.0
623 623 -2.428571428571429
624 624 4.428571428571429
625 625 -2.6428571428571423
626 626 -1.5000000000000004
627 627 -3.285714285714285
628 628 -1.0714285714285716
629 629 9.0
630 630 -2.8571428571428563
631 631 -1.9999999999999998
632 632 4.0
633 633 -3.5
634 634 3.071428571428571
635 635 -1.7142857142857146
636 636 -1.8571428571428579
637 637 -2.7142857142857144
638 638 2.571428571428571
639 639 0.5714285714285712
640 640 -2.2142857142857144
641 641 1.2142857142857149
642 642 -2.7857142857142856
643 643 6.071428571428571
644 644 1.5714285714285716
645 645 -5.357142857142858
646 646 -5.714285714285714
647 647 0.42857142857142927
648 648 -0.4999999999999998
649 649 -0.7857142857142856
650 650 -4.071428571428572
651 651 -5.928571428571429
652 652 -5.785714285714286
653 653 -4.5
654 654 -5.42857142857143
655 655 -2.214285714285714
656 656 2.642857142857143
657 657 -1.2142857142857144
658 658 2.928571428571429
659 659 5.5
660 660 -3.499999999999999
661 661 -1.9285714285714286
662 662 -3.1428571428571432
663 663 0.9285714285714284
664 664 -3.7142857142857144
665 665 -0.7857142857142858
666 666 1.9285714285714286
667 667 -3.7857142857142856
668 668 -3.785714285714286
669 669 5.928571428571429
670 670 3.071428571428571
671 671 2.2142857142857144
672 672 4.428571428571429
673 673 -2.1428571428571423
674 674 3.7142857142857144
675 675 -2.7142857142857144
676 676 0.2142857142857144
677 677 -0.2857142857142858
678 678 1.9285714285714286
679 679 1.642857142857143
680 680 -2.6428571428571423
681 681 -7.642857142857142
682 682 -3.3571428571428577
683 683 3.1428571428571432
684 684 -4.714285714285714
685 685 5.428571428571429
686 686 2.857142857142857
687 687 -0.8571428571428572
688 688 3.285714285714286
689 689 -4.071428571428571
690 690 1.9285714285714286
691 691 -8.071428571428571
692 692 -2.357142857142857
693 693 -0.7857142857142854
694 694 4.642857142857142
695 695 -4.357142857142858
696 696 -3.0
697 697 -3.571428571428571
698 698 -8.285714285714285
699 699 4.357142857142858
700 700 2.2142857142857144
701 701 -9.92857142857143
702 702 0.6428571428571432
703 703 0.7857142857142858
704 704 -0.7142857142857142
705 705 2.7142857142857144
706 706 -0.7142857142857142
707 707 -2.8571428571428568
708 708 1.5714285714285712
709 709 4.928571428571429
710 710 -2.6428571428571432
711 711 -2.071428571428571
712 712 -1.2857142857142856
713 713 5.571428571428571
714 714 -1.0
715 715 -0.28571428571428625
716 716 1.7142857142857144
717 717 -2.571428571428572
718 718 -10.571428571428573
719 719 -4.7857142857142865
720 720 -1.0
721 721 -0.3571428571428572
722 722 3.5
723 723 1.5714285714285714
724 724 -0.8571428571428572
725 725 6.571428571428572
726 726 -4.285714285714286
727 727 3.571428571428572
728 728 -5.857142857142858
729 729 2.357142857142857
730 730 -7.214285714285714
731 731 0.9285714285714284
732 732 -1.928571428571429
733 733 1.5
734 734 5.428571428571429
735 735 2.428571428571429
736 736 0.2142857142857144
737 737 -2.5
738 738 -2.7857142857142856
739 739 1.2142857142857144
740 740 -0.2857142857142858
741 741 4.428571428571429
742 742 5.357142857142857
743 743 2.2857142857142856
744 744 -1.1428571428571432
745 745 0.9285714285714286
746 746 7.785714285714286
747 747 2.857142857142857
748 748 7.428571428571429
749 749 -2.857142857142857
750 750 -0.642857142857143
751 751 1.9285714285714286
752 752 2.142857142857143
753 753 2.220446049250313e-16
754 754 1.9285714285714284
755 755 3.785714285714286
756 756 1.3571428571428572
757 757 -2.7857142857142856
758 758 3.428571428571429
759 759 -0.6428571428571428
760 760 -3.1428571428571432
761 761 0.4285714285714286
762 762 -1.7857142857142863
763 763 -4.285714285714286
764 764 0.8571428571428581
765 765 0.7142857142857144
766 766 3.7857142857142856
767 767 3.1428571428571432
768 768 -3.5
769 769 -1.9999999999999996
770 770 -3.071428571428572
771 771 -5.142857142857143
772 772 -2.0000000000000004
773 773 -2.2857142857142856
774 774 -6.5
775 775 -4.2857142857142865
776 776 -2.928571428571429
777 777 -2.500000000000001
778 778 2.4285714285714284
779 779 1.0
780 780 -0.7857142857142858
781 781 1.785714285714286
782 782 -3.3571428571428568
783 783 1.7142857142857144
784 784 3.7142857142857144
785 785 3.0000000000000004
786 786 -0.5714285714285714
787 787 2.2857142857142856
788 788 -0.2857142857142856
789 789 -2.857142857142857
790 790 -1.6428571428571428
791 791 -2.642857142857143
792 792 -7.785714285714286
793 793 -0.4285714285714286
794 794 1.9285714285714286
795 795 0.6428571428571428
796 796 -3.928571428571429
797 797 -0.2857142857142856
798 798 4.0
799 799 3.5
800 800 -3.7142857142857144
801 801 -3.785714285714286
802 802 1.642857142857143
803 803 -0.7142857142857142
804 804 -2.6428571428571432
805 805 -4.642857142857142
806 806 -3.142857142857143
807 807 -1.0714285714285712
808 808 9.5
809 809 -3.0
810 810 -2.2142857142857144
811 811 4.357142857142858
812 812 -2.3571428571428568
813 813 0.9285714285714286
814 814 -9.85714285714286
815 815 -3.714285714285714
816 816 8.285714285714286
817 817 0.6428571428571428
818 818 -1.3571428571428574
819 819 0.2857142857142858
820 820 4.357142857142858
821 821 2.0
822 822 -2.0
823 823 2.7142857142857144
824 824 0.1428571428571428
825 825 -5.571428571428572
826 826 -5.928571428571429
827 827 -1.1428571428571426
828 828 4.214285714285714
829 829 2.4285714285714284
830 830 -1.8571428571428568
831 831 4.428571428571429
832 832 -4.0
833 833 0.2142857142857144
834 834 -2.2142857142857144
835 835 6.785714285714285
836 836 3.1428571428571423
837 837 -2.2142857142857144
838 838 0.2857142857142858
839 839 2.2142857142857144
1 2 -2.0
1 44 -2.0
1 53 -2.0
1 97 -2.0
1 107 2.0
2 3 -1.3571428571428572
2 10 1.3571428571428572
2 11 1.7857142857142858
2 136 1.3571428571428572
2 145 0.9285714285714286
2 169 -2.0
2 174 -0.5714285714285714
3 11 1.7857142857142858
3 12 0.9285714285714286
3 223 1.7857142857142858
3 230 0.5714285714285714
3 272 -0.5714285714285714
3 280 2.0
4 5 1.3571428571428572
4 376 0.9285714285714286
4 385 2.0
4 412 0.5714285714285714
5 6 0.5714285714285714
5 452 -0.5714285714285714
5 461 -0.5714285714285714
5 491 -0.5714285714285714
6 7 1.3571428571428572
6 13 1.3571428571428572
6 524 1.7857142857142858
6 533 0.9285714285714286
6 556 2.0
7 8 1.3571428571428572
7 13 -2.0
7 14 -1.7857142857142858
7 591 -1.3571428571428572
7 630 -0.9285714285714286
7 641 -2.0
8 9 2.0
8 14 -1.7857142857142858
8 15 2.0
8 672 0.5714285714285714
8 682 1.3571428571428572
8 712 -1.7857142857142858
8 720 -1.3571428571428572
9 15 1.3571428571428572
9 16 -1.3571428571428572
9 749 2.0
9 760 1.3571428571428572
9 791 1.3571428571428572
9 800 0.5714285714285714
10 11 -0.5714285714285714
10 97 2.0
10 107 -2.0
10 136 1.3571428571428572
10 145 1.3571428571428572
11 12 -0.5714285714285714
11 169 -2.0
11 174 -0.5714285714285714
11 223 -1.3571428571428572
11 230 1.7857142857142858
12 272 -1.7857142857142858
12 280 2.0
12 305 -0.5714285714285714
12 313 -2.0
13 14 0.5714285714285714
13 556 -2.0
13 591 -1.3571428571428572
14 15 -0.9285714285714286
14 630 0.5714285714285714
14 641 -2.0
14 672 1.3571428571428572
14 682 0.9285714285714286
15 16 1.7857142857142858
15 712 -2.0
15 720 1.3571428571428572
15 749 1.3571428571428572
15 760 -0.5714285714285714
16 17 2.0
16 791 -2.0
16 800 0.5714285714285714
16 829 -0.9285714285714286
17 35 1.7857142857142858
17 78 -1.3571428571428572
17 87 -2.0
18 19 1.3571428571428572
18 27 -0.9285714285714286
18 205 2.0
18 215 1.3571428571428572
18 258 0.9285714285714286
18 267 2.0
19 27 -0.9285714285714286
19 28 0.5714285714285714
19 290 -2.0
19 298 0.5714285714285714
19 320 -0.5714285714285714
20 21 -1.3571428571428572
20 29 -0.9285714285714286
20 30 -1.7857142857142858
20 434 2.0
20 444 0.9285714285714286
20 474 2.0
20 482 -2.0
21 22 0.9285714285714286
21 30 1.3571428571428572
21 31 -1.3571428571428572
21 508 -1.3571428571428572
21 515 0.9285714285714286
21 548 -0.9285714285714286
22 23 -2.0
22 31 0.5714285714285714
22 32 -1.3571428571428572
22 572 -2.0
22 583 1.7857142857142858
22 612 -0.9285714285714286
22 621 -0.9285714285714286
23 24 1.3571428571428572
23 32 0.9285714285714286
23 33 0.9285714285714286
23 653 0.5714285714285714
23 664 2.0
23 693 0.5714285714285714
23 704 0.5714285714285714
24 33 -0.5714285714285714
24 34 -1.7857142857142858
24 729 -2.0
24 740 1.3571428571428572
24 772 1.7857142857142858
24 782 0.9285714285714286
25 26 2.0
25 35 1.3571428571428572
25 36 2.0
25 69 -0.5714285714285714
25 118 0.9285714285714286
26 36 0.5714285714285714
26 37 -0.9285714285714286
26 154 -1.7857142857142858
26 162 -0.5714285714285714
26 194 -1.7857142857142858
27 28 1.7857142857142858
27 258 -1.7857142857142858
27 267 1.3571428571428572
27 290 -0.9285714285714286
27 298 -0.9285714285714286
28 29 0.9285714285714286
28 320 0.5714285714285714
28 358 -1.7857142857142858
28 368 1.7857142857142858
29 30 1.3571428571428572
29 395 0.5714285714285714
29 434 1.3571428571428572
29 444 -1.7857142857142858
30 31 -1.3571428571428572
30 474 2.0
30 482 0.5714285714285714
30 508 0.5714285714285714
30 515 -1.7857142857142858
31 32 1.7857142857142858
31 548 -0.9285714285714286
31 572 1.7857142857142858
31 583 1.3571428571428572
32 612 -1.7857142857142858
32 621 2.0
32 653 2.0
32 664 0.9285714285714286
33 34 -2.0
33 704 -2.0
33 729 2.0
33 740 0.5714285714285714
34 35 0.9285714285714286
34 772 -1.3571428571428572
34 782 2.0
34 811 1.7857142857142858
34 821 1.7857142857142858
35 36 0.9285714285714286
35 69 0.9285714285714286
36 37 2.0
36 118 1.7857142857142858
36 154 -1.3571428571428572
36 162 -1.7857142857142858
37 194 -1.3571428571428572
37 243 -1.3571428571428572
37 250 0.9285714285714286
38 39 -2.0
38 47 0.9285714285714286
38 195 0.5714285714285714
38 251 -0.9285714285714286
39 40 -0.9285714285714286
39 47 1.3571428571428572
39 48 -1.7857142857142858
39 283 1.7857142857142858
39 314 0.9285714285714286
40 41 1.3571428571428572
40 48 -1.3571428571428572
40 49 -0.9285714285714286
40 349 -2.0
40 387 -1.7857142857142858
41 49 0.5714285714285714
41 50 -0.5714285714285714
41 424 -2.0
41 464 -1.3571428571428572
42 43 1.7857142857142858
42 51 1.7857142857142858
42 565 0.5714285714285714
42 603 -0.5714285714285714
43 51 -2.0
43 52 1.3571428571428572
43 644 -2.0
43 685 -1.3571428571428572
44 45 0.9285714285714286
44 53 -0.5714285714285714
44 803 -0.9285714285714286
45 46 -1.3571428571428572
45 53 -0.9285714285714286
45 55 -1.7857142857142858
46 54 -1.7857142857142858
46 147 -2.0
46 177 0.9285714285714286
47 48 -1.7857142857142858
47 251 -1.3571428571428572
47 283 0.9285714285714286
48 49 1.7857142857142858
48 314 -0.5714285714285714
48 349 2.0
49 50 2.0
49 387 -2.0
49 424 -0.5714285714285714
50 464 -0.9285714285714286
51 52 0.9285714285714286
51 603 -0.9285714285714286
51 644 2.0
52 685 -0.9285714285714286
53 55 2.0
54 177 -1.3571428571428572
54 233 -0.5714285714285714
55 61 -2.0
55 98 -0.5714285714285714
55 107 0.9285714285714286
56 62 -0.5714285714285714
56 63 1.3571428571428572
56 230 1.3571428571428572
56 273 -1.7857142857142858
56 280 -0.9285714285714286
57 58 -0.5714285714285714
57 64 0.9285714285714286
57 385 -1.3571428571428572
57 413 0.9285714285714286
58 64 0.5714285714285714
58 65 2.0
58 453 0.9285714285714286
58 461 2.0
58 492 -1.3571428571428572
59 60 -1.3571428571428572
59 66 -0.9285714285714286
59 67 0.9285714285714286
59 592 -1.7857142857142858
59 631 1.7857142857142858
59 641 -1.7857142857142858
60 67 0.5714285714285714
60 673 2.0
60 682 2.0
60 713 -2.0
60 720 -0.9285714285714286
61 62 1.7857142857142858
61 98 2.0
61 107 -2.0
61 137 -2.0
61 145 -1.7857142857142858
62 63 -0.9285714285714286
62 170 2.0
62 174 2.0
62 230 1.7857142857142858
63 273 -1.3571428571428572
63 280 2.0
63 306 0.9285714285714286
63 313 0.5714285714285714
64 65 0.9285714285714286
64 413 -2.0
64 453 0.9285714285714286
64 461 -0.5714285714285714
65 66 -0.5714285714285714
65 492 -0.9285714285714286
65 525 -0.9285714285714286
65 533 0.9285714285714286
66 67 -2.0
66 592 1.7857142857142858
67 631 -0.9285714285714286
67 641 1.3571428571428572
67 673 0.5714285714285714
67 682 -0.5714285714285714
68 69 0.5714285714285714
68 792 0.5714285714285714
68 800 1.7857142857142858
68 830 1.3571428571428572
68 837 1.7857142857142858
69 79 -1.3571428571428572
69 87 -1.3571428571428572
70 71 0.5714285714285714
70 81 1.7857142857142858
70 215 -2.0
70 267 1.3571428571428572
71 72 0.5714285714285714
71 298 2.0
72 73 -1.7857142857142858
72 82 2.0
72 368 1.3571428571428572
73 74 1.3571428571428572
73 82 -1.3571428571428572
73 83 0.9285714285714286
73 444 -0.5714285714285714
73 482 1.7857142857142858
74 75 -0.9285714285714286
74 83 2.0
74 515 1.3571428571428572
74 548 2.0
75 76 -1.7857142857142858
75 84 0.5714285714285714
75 583 -0.9285714285714286
76 77 0.9285714285714286
76 84 0.9285714285714286
76 85 -0.5714285714285714
76 664 -0.5714285714285714
76 704 -2.0
77 78 1.3571428571428572
77 85 -1.3571428571428572
77 86 2.0
77 740 2.0
77 782 -0.9285714285714286
78 79 -1.7857142857142858
78 86 1.7857142857142858
78 87 -0.5714285714285714
78 821 2.0
79 80 -1.3571428571428572
79 87 2.0
79 88 0.9285714285714286
80 88 1.7857142857142858
80 89 0.5714285714285714
80 162 1.7857142857142858
80 194 0.9285714285714286
81 267 0.9285714285714286
81 298 1.3571428571428572
82 83 -2.0
82 444 -2.0
83 482 2.0
83 515 0.9285714285714286
84 85 -0.9285714285714286
84 621 1.7857142857142858
84 664 1.7857142857142858
85 86 -0.5714285714285714
85 704 1.7857142857142858
85 740 -1.3571428571428572
86 87 1.3571428571428572
86 782 1.7857142857142858
86 821 -2.0
87 88 -0.9285714285714286
88 89 0.5714285714285714
88 162 1.3571428571428572
89 194 -0.5714285714285714
89 250 -1.3571428571428572
90 100 -0.5714285714285714
90 206 2.0
90 251 1.7857142857142858
90 259 1.7857142857142858
91 92 0.5714285714285714
91 101 1.7857142857142858
91 349 0.5714285714285714
91 359 0.5714285714285714
91 387 -1.3571428571428572
92 93 0.9285714285714286
92 101 -1.7857142857142858
92 102 -0.5714285714285714
92 424 0.5714285714285714
92 464 0.5714285714285714
93 94 0.5714285714285714
93 102 -0.9285714285714286
93 103 -0.5714285714285714
93 543 -2.0
94 95 -1.7857142857142858
94 103 0.5714285714285714
94 104 -1.3571428571428572
94 565 -0.9285714285714286
94 573 2.0
94 603 -1.3571428571428572
94 613 -0.5714285714285714
95 96 -1.7857142857142858
95 104 -1.3571428571428572
95 105 2.0
95 644 -2.0
95 654 1.7857142857142858
95 685 -1.7857142857142858
95 694 -0.9285714285714286
96 97 0.5714285714285714
96 105 -1.3571428571428572
96 106 1.3571428571428572
96 730 -0.5714285714285714
96 773 1.3571428571428572
97 98 0.5714285714285714
97 106 -0.9285714285714286
97 107 1.3571428571428572
97 803 -0.9285714285714286
97 812 1.7857142857142858
98 99 2.0
98 107 0.5714285714285714
98 108 0.9285714285714286
98 119 -0.5714285714285714
99 108 -1.3571428571428572
99 109 -0.9285714285714286
99 147 2.0
99 155 0.5714285714285714
99 177 -0.5714285714285714
100 251 -0.9285714285714286
100 259 0.9285714285714286
100 283 -2.0
100 291 -0.9285714285714286
101 387 -1.3571428571428572
101 424 1.3571428571428572
102 103 -1.3571428571428572
102 464 0.5714285714285714
103 104 -0.9285714285714286
103 543 0.9285714285714286
103 565 0.5714285714285714
103 573 1.3571428571428572
104 105 0.9285714285714286
104 603 -0.9285714285714286
104 613 2.0
104 644 -0.9285714285714286
104 654 1.7857142857142858
105 106 -0.9285714285714286
105 685 -1.3571428571428572
105 694 -1.7857142857142858
105 730 2.0
106 107 -1.3571428571428572
106 773 1.3571428571428572
106 803 2.0
108 109 -0.5714285714285714
108 119 2.0
108 147 0.5714285714285714
108 155 0.9285714285714286
109 177 1.3571428571428572
109 233 1.7857142857142858
109 244 1.7857142857142858
110 111 1.3571428571428572
110 119 -0.9285714285714286
110 120 1.3571428571428572
110 137 1.7857142857142858
110 170 -2.0
110 175 -2.0
111 112 -0.5714285714285714
111 120 1.3571428571428572
111 231 2.0
111 273 -1.7857142857142858
111 281 -0.5714285714285714
112 113 -1.3571428571428572
112 121 -0.9285714285714286
112 306 1.3571428571428572
112 347 0.9285714285714286
113 114 2.0
113 121 1.3571428571428572
113 122 1.7857142857142858
113 386 0.5714285714285714
113 413 -0.5714285714285714
113 422 1.7857142857142858
114 115 -0.5714285714285714
114 122 1.3571428571428572
114 123 0.5714285714285714
114 453 1.3571428571428572
114 462 -0.9285714285714286
114 492 2.0
114 500 2.0
115 123 2.0
115 124 1.7857142857142858
115 525 1.7857142857142858
115 534 2.0
115 563 0.9285714285714286
116 117 0.9285714285714286
116 125 -2.0
116 126 -2.0
116 673 0.9285714285714286
116 683 0.5714285714285714
116 713 -0.5714285714285714
116 721 -2.0
117 118 0.9285714285714286
117 126 2.0
117 127 -1.3571428571428572
117 750 2.0
117 792 -0.9285714285714286
117 801 1.7857142857142858
118 127 -1.3571428571428572
118 830 2.0
118 838 -1.7857142857142858
119 120 -0.5714285714285714
119 137 -0.9285714285714286
120 170 -1.7857142857142858
120 175 -0.9285714285714286
120 231 -2.0
121 347 0.9285714285714286
121 386 2.0
122 123 -0.9285714285714286
122 413 0.9285714285714286
122 422 -2.0
122 462 0.9285714285714286
123 124 1.3571428571428572
123 492 1.7857142857142858
123 500 2.0
123 525 0.5714285714285714
123 534 -2.0
124 125 -1.7857142857142858
124 563 -1.3571428571428572
124 592 1.7857142857142858
125 126 -0.9285714285714286
125 631 0.9285714285714286
125 642 -0.5714285714285714
125 673 0.5714285714285714
125 683 0.9285714285714286
126 127 -2.0
126 713 -0.5714285714285714
126 721 0.5714285714285714
126 750 -1.3571428571428572
126 761 0.5714285714285714
127 792 0.5714285714285714
127 801 2.0
127 830 -0.5714285714285714
127 838 -1.3571428571428572
128 129 -1.7857142857142858
128 139 0.9285714285714286
128 196 -1.3571428571428572
128 206 -0.9285714285714286
128 252 -1.7857142857142858
128 259 0.5714285714285714
129 130 -0.5714285714285714
129 139 -2.0
129 140 2.0
129 291 0.5714285714285714
129 321 -1.3571428571428572
130 131 1.7857142857142858
130 140 -0.5714285714285714
130 141 1.7857142857142858
130 350 -0.9285714285714286
130 359 -1.3571428571428572
130 388 0.5714285714285714
131 132 0.9285714285714286
131 141 0.5714285714285714
131 142 2.0
131 425 2.0
131 465 -1.3571428571428572
132 133 -1.3571428571428572
132 142 1.3571428571428572
132 502 -2.0
132 543 -0.9285714285714286
133 134 2.0
133 143 -2.0
133 566 -1.7857142857142858
133 573 0.5714285714285714
133 604 0.9285714285714286
133 613 -1.3571428571428572
134 135 1.3571428571428572
134 143 -2.0
134 654 1.3571428571428572
134 686 -0.9285714285714286
134 694 -0.5714285714285714
135 136 0.9285714285714286
135 144 1.3571428571428572
135 722 -0.9285714285714286
135 730 2.0
135 773 -2.0
136 137 1.3571428571428572
136 144 -1.3571428571428572
136 145 1.7857142857142858
136 812 2.0
137 138 0.5714285714285714
137 145 -0.9285714285714286
138 146 -1.7857142857142858
138 155 0.9285714285714286
138 178 -0.5714285714285714
139 140 -1.3571428571428572
139 252 2.0
139 259 -1.7857142857142858
139 291 0.5714285714285714
140 141 1.7857142857142858
140 321 -0.5714285714285714
140 350 -1.7857142857142858
140 359 -0.9285714285714286
141 142 -0.5714285714285714
141 388 1.3571428571428572
141 425 -1.3571428571428572
142 465 -1.7857142857142858
142 502 1.7857142857142858
143 604 2.0
143 613 1.7857142857142858
143 654 0.9285714285714286
144 145 -0.5714285714285714
144 763 2.0
144 773 1.3571428571428572
144 812 -2.0
146 178 -0.5714285714285714
146 234 2.0
146 244 1.3571428571428572
147 155 1.7857142857142858
148 149 1.3571428571428572
148 156 1.7857142857142858
148 157 1.7857142857142858
148 224 0.9285714285714286
148 231 -1.3571428571428572
148 274 0.9285714285714286
148 281 1.7857142857142858
149 150 0.5714285714285714
149 157 1.7857142857142858
149 158 -1.3571428571428572
149 307 -1.7857142857142858
149 338 1.3571428571428572
149 347 1.7857142857142858
150 151 0.9285714285714286
150 158 -1.3571428571428572
150 159 0.9285714285714286
150 377 -1.7857142857142858
150 386 0.9285714285714286
150 414 0.5714285714285714
150 422 -0.5714285714285714
151 159 -0.5714285714285714
151 462 1.7857142857142858
151 493 -0.9285714285714286
151 500 1.3571428571428572
152 153 -1.3571428571428572
152 160 -1.7857142857142858
152 593 -0.9285714285714286
152 632 -1.3571428571428572
152 642 2.0
153 160 -0.9285714285714286
153 674 0.5714285714285714
153 683 1.7857142857142858
153 721 2.0
154 161 -0.5714285714285714
154 162 0.9285714285714286
154 838 0.9285714285714286
155 156 -1.7857142857142858
156 157 -2.0
156 175 -1.7857142857142858
156 224 0.9285714285714286
157 158 0.9285714285714286
157 274 1.7857142857142858
157 281 0.9285714285714286
157 307 -0.5714285714285714
158 159 -0.9285714285714286
158 338 2.0
158 347 1.7857142857142858
158 377 -1.7857142857142858
158 386 -1.7857142857142858
159 414 1.3571428571428572
159 422 1.7857142857142858
159 462 -1.7857142857142858
160 632 -1.3571428571428572
160 642 0.9285714285714286
160 674 -1.3571428571428572
160 683 -0.9285714285714286
161 162 0.9285714285714286
161 793 -0.5714285714285714
161 801 -1.3571428571428572
161 838 1.3571428571428572
163 164 0.9285714285714286
163 196 0.5714285714285714
163 207 0.9285714285714286
163 252 -0.9285714285714286
163 260 0.5714285714285714
164 165 1.7857142857142858
164 292 1.3571428571428572
164 322 -0.5714285714285714
165 171 1.3571428571428572
165 350 1.7857142857142858
165 360 -0.9285714285714286
165 388 0.9285714285714286
165 396 1.3571428571428572
166 167 -0.9285714285714286
166 172 -1.3571428571428572
166 574 1.7857142857142858
166 604 1.3571428571428572
166 614 -1.3571428571428572
167 168 1.7857142857142858
167 655 2.0
167 686 -0.9285714285714286
167 695 1.3571428571428572
168 169 -0.5714285714285714
168 173 -1.7857142857142858
168 722 -2.0
168 731 -0.9285714285714286
168 763 0.9285714285714286
168 774 0.5714285714285714
169 170 1.3571428571428572
169 173 -1.7857142857142858
169 174 1.7857142857142858
170 174 -2.0
171 388 2.0
171 396 -1.7857142857142858
171 425 -0.9285714285714286
171 435 1.7857142857142858
172 604 -1.7857142857142858
172 614 -1.7857142857142858
172 655 0.5714285714285714
173 174 1.3571428571428572
173 763 0.5714285714285714
173 774 -1.3571428571428572
174 175 -0.9285714285714286
175 176 -2.0
176 178 2.0
176 186 1.3571428571428572
176 234 -0.9285714285714286
177 178 0.9285714285714286
178 179 1.7857142857142858
178 186 1.3571428571428572
179 180 -0.5714285714285714
179 186 -1.7857142857142858
179 187 0.5714285714285714
179 224 0.5714285714285714
179 232 2.0
179 274 0.9285714285714286
179 282 -1.3571428571428572
180 181 -0.5714285714285714
180 187 -1.3571428571428572
180 188 0.9285714285714286
180 307 -1.3571428571428572
180 338 0.5714285714285714
180 348 -0.9285714285714286
181 182 0.5714285714285714
181 188 0.5714285714285714
181 377 -2.0
181 414 -0.9285714285714286
181 423 1.7857142857142858
182 183 2.0
182 189 0.9285714285714286
182 190 -1.3571428571428572
182 463 0.5714285714285714
182 493 -0.9285714285714286
182 501 0.5714285714285714
183 190 2.0
183 191 -1.3571428571428572
183 526 -0.9285714285714286
183 535 -1.3571428571428572
183 564 2.0
184 185 0.5714285714285714
184 192 -1.7857142857142858
184 684 0.9285714285714286
185 193 -0.9285714285714286
185 751 1.7857142857142858
185 762 2.0
185 793 0.5714285714285714
185 802 0.9285714285714286
186 187 1.7857142857142858
186 224 -2.0
186 232 -2.0
187 188 0.9285714285714286
187 274 2.0
187 282 0.9285714285714286
187 307 2.0
188 189 0.9285714285714286
188 338 2.0
188 348 0.9285714285714286
188 377 2.0
189 190 -0.5714285714285714
189 414 0.9285714285714286
189 423 -1.3571428571428572
189 463 2.0
190 191 1.3571428571428572
190 493 0.9285714285714286
190 501 1.3571428571428572
190 526 -0.9285714285714286
190 535 1.7857142857142858
191 192 -1.7857142857142858
191 593 -2.0
191 602 -2.0
192 632 0.9285714285714286
192 643 -1.7857142857142858
192 674 -1.3571428571428572
192 684 1.7857142857142858
193 194 2.0
193 793 -1.3571428571428572
193 802 -1.7857142857142858
193 839 -1.3571428571428572
195 196 -1.3571428571428572
196 197 2.0
196 207 1.3571428571428572
197 198 0.5714285714285714
197 207 -0.9285714285714286
197 208 -0.9285714285714286
197 216 -1.7857142857142858
197 268 -0.9285714285714286
198 199 1.7857142857142858
198 208 0.5714285714285714
198 209 0.5714285714285714
198 330 0.5714285714285714
199 200 -2.0
199 209 -2.0
199 369 -1.3571428571428572
199 405 0.5714285714285714
200 201 0.5714285714285714
200 210 1.7857142857142858
200 211 -0.5714285714285714
200 483 -1.7857142857142858
201 202 -0.5714285714285714
201 211 -0.5714285714285714
201 212 1.7857142857142858
201 516 -0.9285714285714286
201 549 -1.7857142857142858
202 203 -1.7857142857142858
202 212 -0.9285714285714286
202 584 1.7857142857142858
202 622 -0.9285714285714286
203 204 1.7857142857142858
203 213 -1.3571428571428572
203 665 0.9285714285714286
203 705 -1.7857142857142858
204 205 2.0
204 213 -1.3571428571428572
204 214 1.3571428571428572
204 741 0.9285714285714286
204 783 0.5714285714285714
205 214 -1.3571428571428572
205 215 0.5714285714285714
205 822 -0.5714285714285714
206 207 0.5714285714285714
207 208 -1.7857142857142858
207 216 -1.3571428571428572
208 209 1.7857142857142858
208 268 -1.7857142857142858
209 210 -2.0
209 330 -0.5714285714285714
209 369 -1.3571428571428572
210 211 0.9285714285714286
210 405 0.5714285714285714
211 212 -2.0
211 483 2.0
211 516 -1.3571428571428572
212 549 -0.5714285714285714
212 584 1.3571428571428572
213 214 -2.0
213 705 1.3571428571428572
213 741 1.7857142857142858
214 215 -2.0
214 783 -0.9285714285714286
214 822 2.0
216 217 1.7857142857142858
216 225 -1.7857142857142858
216 253 -1.7857142857142858
216 260 -0.9285714285714286
217 218 -1.3571428571428572
217 225 -1.3571428571428572
217 226 -1.3571428571428572
217 292 1.3571428571428572
217 315 -0.5714285714285714
217 322 1.3571428571428572
218 226 -1.3571428571428572
218 227 1.7857142857142858
218 351 1.7857142857142858
218 360 -0.5714285714285714
218 389 0.5714285714285714
218 396 -1.3571428571428572
219 227 1.3571428571428572
219 228 1.3571428571428572
219 426 2.0
219 435 1.3571428571428572
219 466 -2.0
219 475 0.9285714285714286
220 221 -2.0
220 574 -1.3571428571428572
220 605 -0.5714285714285714
220 614 1.3571428571428572
221 222 1.3571428571428572
221 229 1.7857142857142858
221 645 2.0
221 655 -0.9285714285714286
221 695 1.7857142857142858
222 223 1.3571428571428572
222 229 -1.7857142857142858
222 723 -0.9285714285714286
222 731 0.5714285714285714
222 764 -2.0
222 774 1.3571428571428572
223 230 -2.0
223 804 1.7857142857142858
224 232 1.3571428571428572
225 226 1.7857142857142858
225 253 1.7857142857142858
225 260 1.3571428571428572
225 292 1.3571428571428572
226 227 1.7857142857142858
226 315 -0.9285714285714286
226 322 -0.9285714285714286
226 351 -1.7857142857142858
226 360 1.3571428571428572
227 228 0.5714285714285714
227 389 -0.5714285714285714
227 396 1.3571428571428572
227 426 1.3571428571428572
227 435 2.0
228 466 -2.0
228 475 -1.3571428571428572
229 695 0.5714285714285714
229 723 0.5714285714285714
229 731 -1.3571428571428572
230 231 -1.3571428571428572
231 232 2.0
232 235 -2.0
233 234 2.0
233 244 -0.9285714285714286
234 235 0.9285714285714286
234 244 -2.0
235 236 -0.9285714285714286
235 245 0.9285714285714286
235 282 -0.9285714285714286
236 237 -2.0
236 245 -1.3571428571428572
237 238 1.7857142857142858
237 246 -0.9285714285714286
237 423 2.0
238 239 -2.0
238 246 -2.0
238 247 0.9285714285714286
238 463 0.9285714285714286
238 501 0.5714285714285714
239 240 -0.5714285714285714
239 247 -0.5714285714285714
239 248 0.5714285714285714
239 535 1.7857142857142858
239 564 -1.7857142857142858
240 241 1.7857142857142858
240 248 -1.7857142857142858
240 602 -1.3571428571428572
240 643 -0.9285714285714286
241 242 -1.3571428571428572
241 684 2.0
242 243 -0.5714285714285714
242 249 0.5714285714285714
242 762 0.9285714285714286
242 802 0.9285714285714286
243 249 -0.9285714285714286
243 250 1.7857142857142858
243 839 -2.0
245 282 -1.7857142857142858
246 247 -0.5714285714285714
246 423 2.0
246 463 1.7857142857142858
247 248 -0.9285714285714286
247 501 -0.5714285714285714
247 535 -0.9285714285714286
248 564 -1.3571428571428572
248 602 -1.3571428571428572
249 250 -0.5714285714285714
249 802 0.5714285714285714
249 839 0.5714285714285714
251 252 -0.9285714285714286
251 259 -1.3571428571428572
252 253 1.7857142857142858
252 259 -1.7857142857142858
252 260 -1.3571428571428572
253 254 -0.9285714285714286
253 260 -0.9285714285714286
253 261 -0.5714285714285714
253 268 -0.9285714285714286
253 275 1.7857142857142858
254 261 0.9285714285714286
254 262 2.0
254 330 -0.5714285714285714
254 339 -2.0
255 256 1.3571428571428572
255 265 1.7857142857142858
255 584 0.9285714285714286
255 594 1.3571428571428572
255 622 1.3571428571428572
255 633 0.5714285714285714
256 257 0.5714285714285714
256 665 0.9285714285714286
256 675 1.3571428571428572
256 705 -0.9285714285714286
257 258 -0.5714285714285714
257 266 1.7857142857142858
257 741 -1.3571428571428572
257 752 0.9285714285714286
257 783 2.0
257 794 -0.5714285714285714
258 267 -1.3571428571428572
258 822 0.5714285714285714
259 260 2.0
260 261 -1.7857142857142858
261 262 -2.0
261 268 -0.9285714285714286
261 275 2.0
262 263 1.3571428571428572
262 330 -2.0
262 369 -0.5714285714285714
262 378 -1.7857142857142858
263 264 -2.0
263 405 -0.5714285714285714
263 415 0.9285714285714286
264 265 0.5714285714285714
264 483 1.7857142857142858
264 494 -2.0
264 527 -1.3571428571428572
265 549 2.0
265 584 -0.9285714285714286
265 594 -0.5714285714285714
266 705 -1.3571428571428572
266 741 -1.7857142857142858
266 752 -1.7857142857142858
268 269 -0.5714285714285714
268 275 0.5714285714285714
269 275 1.3571428571428572
269 276 -0.5714285714285714
269 293 0.5714285714285714
269 315 -0.5714285714285714
269 323 0.5714285714285714
270 278 0.5714285714285714
270 575 -0.9285714285714286
270 605 0.5714285714285714
270 615 1.3571428571428572
271 272 0.5714285714285714
271 279 2.0
271 723 1.3571428571428572
271 732 2.0
271 764 -1.3571428571428572
271 775 -0.5714285714285714
272 273 0.5714285714285714
272 279 2.0
272 280 1.3571428571428572
272 804 1.7857142857142858
272 813 1.7857142857142858
273 274 0.9285714285714286
273 280 -1.7857142857142858
273 281 -2.0
274 281 -1.3571428571428572
274 282 -2.0
275 276 1.7857142857142858
275 293 1.7857142857142858
276 315 -1.3571428571428572
276 323 2.0
276 351 -2.0
276 361 -2.0
277 466 -2.0
278 605 -0.9285714285714286
278 615 2.0
278 645 0.9285714285714286
278 656 -1.3571428571428572
279 280 0.5714285714285714
279 764 -2.0
279 775 1.7857142857142858
279 804 -1.3571428571428572
279 813 -1.3571428571428572
280 281 1.7857142857142858
281 282 0.9285714285714286
283 291 -1.7857142857142858
284 285 1.7857142857142858
284 293 -0.9285714285714286
284 294 -0.5714285714285714
284 299 -2.0
284 331 -2.0
284 339 0.5714285714285714
285 286 1.7857142857142858
285 294 2.0
285 378 -1.3571428571428572
285 415 -0.5714285714285714
286 287 -1.3571428571428572
286 295 -1.7857142857142858
286 445 1.3571428571428572
286 484 0.9285714285714286
286 494 -0.5714285714285714
287 288 -2.0
287 295 1.7857142857142858
287 517 1.7857142857142858
287 527 1.7857142857142858
287 550 -0.5714285714285714
288 585 2.0
288 594 2.0
288 623 0.9285714285714286
288 633 -0.5714285714285714
289 290 -0.5714285714285714
289 296 -1.3571428571428572
289 297 1.7857142857142858
289 784 0.5714285714285714
289 794 0.9285714285714286
290 297 -1.3571428571428572
290 298 -2.0
291 292 1.3571428571428572
292 293 1.7857142857142858
293 294 0.9285714285714286
293 299 -2.0
294 331 2.0
294 339 -0.9285714285714286
294 378 1.3571428571428572
295 484 -0.5714285714285714
295 494 2.0
295 517 -2.0
295 527 -2.0
296 297 1.7857142857142858
296 742 -0.5714285714285714
296 752 1.3571428571428572
297 298 -1.7857142857142858
297 784 -0.9285714285714286
297 794 1.3571428571428572
299 300 -1.7857142857142858
299 308 1.7857142857142858
299 316 -1.7857142857142858
299 323 -0.9285714285714286
300 301 2.0
300 308 -1.7857142857142858
300 309 2.0
300 352 -0.5714285714285714
300 361 0.9285714285714286
300 390 1.7857142857142858
300 397 0.5714285714285714
301 302 0.5714285714285714
301 309 -0.5714285714285714
301 310 0.5714285714285714
301 427 -2.0
301 436 -2.0
301 467 1.7857142857142858
302 303 -1.3571428571428572
302 310 -2.0
302 503 -2.0
302 536 -2.0
303 311 1.7857142857142858
303 567 0.9285714285714286
303 575 -0.5714285714285714
304 305 -0.5714285714285714
304 312 -2.0
304 724 -0.9285714285714286
304 732 0.9285714285714286
304 765 1.7857142857142858
304 775 0.9285714285714286
305 306 1.7857142857142858
305 312 1.3571428571428572
305 313 -0.5714285714285714
305 805 1.3571428571428572
305 813 -1.3571428571428572
306 307 -1.3571428571428572
306 313 -1.3571428571428572
308 309 -2.0
308 316 -0.5714285714285714
308 323 -1.3571428571428572
308 352 1.3571428571428572
308 361 1.3571428571428572
309 310 -1.3571428571428572
309 390 -2.0
309 397 2.0
309 427 -2.0
309 436 0.9285714285714286
310 467 0.9285714285714286
310 503 0.5714285714285714
311 606 1.3571428571428572
311 615 -1.3571428571428572
311 656 -1.3571428571428572
312 313 -1.3571428571428572
312 765 -0.9285714285714286
312 775 -2.0
312 805 0.9285714285714286
312 813 0.9285714285714286
314 321 -2.0
315 316 1.7857142857142858
315 322 1.3571428571428572
315 323 -1.7857142857142858
316 317 1.7857142857142858
316 323 -0.9285714285714286
316 324 1.7857142857142858
316 331 0.9285714285714286
316 340 -0.9285714285714286
317 324 -1.3571428571428572
317 325 -1.3571428571428572
317 379 0.9285714285714286
317 406 -0.9285714285714286
317 416 -1.3571428571428572
318 327 0.5714285714285714
318 517 0.5714285714285714
318 528 -0.5714285714285714
318 550 1.3571428571428572
319 320 1.7857142857142858
319 329 -2.0
319 742 1.7857142857142858
319 753 0.5714285714285714
319 784 0.9285714285714286
319 795 0.9285714285714286
320 329 0.9285714285714286
321 322 2.0
322 323 -0.5714285714285714
323 324 -2.0
324 325 1.3571428571428572
324 331 1.7857142857142858
324 340 -1.3571428571428572
324 379 -0.5714285714285714
325 326 -0.5714285714285714
325 406 1.3571428571428572
325 416 -1.3571428571428572
325 445 2.0
325 454 1.7857142857142858
326 327 -2.0
326 484 1.7857142857142858
326 495 -1.3571428571428572
326 517 -2.0
326 528 2.0
327 328 -0.9285714285714286
327 550 -1.7857142857142858
327 585 0.5714285714285714
327 595 -1.7857142857142858
328 623 2.0
328 634 -0.9285714285714286
328 666 0.5714285714285714
328 676 -1.3571428571428572
329 784 -0.5714285714285714
329 795 0.9285714285714286
330 331 0.9285714285714286
330 339 0.5714285714285714
331 332 -0.5714285714285714
331 339 0.5714285714285714
331 340 -1.7857142857142858
332 340 0.9285714285714286
332 341 2.0
332 352 1.3571428571428572
332 362 2.0
332 390 0.9285714285714286
332 398 0.9285714285714286
333 334 -1.3571428571428572
333 341 -1.7857142857142858
333 342 -0.5714285714285714
333 427 0.5714285714285714
333 437 -0.5714285714285714
333 467 -1.7857142857142858
333 476 2.0
334 335 0.9285714285714286
334 342 2.0
334 343 2.0
334 503 1.3571428571428572
334 509 1.3571428571428572
334 536 2.0
334 544 -1.7857142857142858
335 336 -0.5714285714285714
335 344 -1.7857142857142858
335 576 -1.7857142857142858
335 606 -0.5714285714285714
335 616 -0.5714285714285714
336 337 -0.9285714285714286
336 646 1.3571428571428572
336 657 1.3571428571428572
336 687 -0.9285714285714286
336 697 2.0
337 345 -0.5714285714285714
337 724 -0.9285714285714286
337 733 -2.0
337 765 1.3571428571428572
337 776 0.5714285714285714
338 347 1.7857142857142858
338 348 0.9285714285714286
340 341 -2.0
340 352 0.5714285714285714
340 362 -0.5714285714285714
341 342 0.5714285714285714
341 390 0.5714285714285714
341 398 1.7857142857142858
341 427 -1.7857142857142858
341 437 1.7857142857142858
342 343 -1.3571428571428572
342 467 -2.0
342 476 -2.0
342 503 -2.0
342 509 1.7857142857142858
343 344 1.7857142857142858
343 536 0.5714285714285714
343 544 1.7857142857142858
343 567 -0.9285714285714286
343 576 0.5714285714285714
344 606 1.7857142857142858
344 616 2.0
345 346 -2.0
345 765 -2.0
345 776 -2.0
345 805 -0.5714285714285714
345 814 2.0
346 347 -1.3571428571428572
347 348 -0.5714285714285714
349 350 -0.5714285714285714
349 359 -0.5714285714285714
350 351 -1.7857142857142858
350 359 2.0
350 360 -0.9285714285714286
351 352 -0.5714285714285714
351 361 -0.5714285714285714
352 353 1.7857142857142858
352 361 -1.7857142857142858
352 362 -1.3571428571428572
353 354 -2.0
353 362 0.5714285714285714
353 363 -1.7857142857142858
353 370 1.3571428571428572
353 379 1.7857142857142858
353 407 2.0
353 416 -1.3571428571428572
354 363 1.3571428571428572
354 364 -1.7857142857142858
354 446 2.0
354 454 -1.7857142857142858
354 485 -0.9285714285714286
354 495 0.9285714285714286
355 356 -1.7857142857142858
355 365 -2.0
355 366 -0.9285714285714286
355 586 -0.5714285714285714
355 595 -0.9285714285714286
355 624 -1.7857142857142858
355 634 1.7857142857142858
356 357 -0.5714285714285714
356 366 1.7857142857142858
356 367 -0.5714285714285714
356 667 -1.3571428571428572
356 676 1.7857142857142858
356 706 0.5714285714285714
356 714 2.0
357 358 1.3571428571428572
357 367 -1.3571428571428572
357 743 1.3571428571428572
357 753 -1.7857142857142858
357 785 -1.3571428571428572
357 795 -0.5714285714285714
358 368 -1.3571428571428572
358 823 -1.3571428571428572
359 360 0.9285714285714286
360 361 -0.9285714285714286
361 362 -1.7857142857142858
362 363 0.5714285714285714
362 370 -0.9285714285714286
362 379 2.0
363 364 1.7857142857142858
363 407 -1.7857142857142858
363 416 1.7857142857142858
363 446 -0.5714285714285714
363 454 -0.9285714285714286
364 365 1.7857142857142858
364 485 0.9285714285714286
364 495 2.0
364 518 -1.7857142857142858
364 528 -0.9285714285714286
365 366 2.0
365 551 -0.9285714285714286
365 586 -1.3571428571428572
365 595 0.9285714285714286
366 367 -0.9285714285714286
366 624 0.5714285714285714
366 634 -1.3571428571428572
366 667 1.3571428571428572
366 676 -2.0
367 706 -1.7857142857142858
367 714 1.3571428571428572
367 743 1.3571428571428572
367 753 -1.3571428571428572
369 378 -0.5714285714285714
370 371 -0.9285714285714286
370 379 0.9285714285714286
370 380 0.9285714285714286
370 398 -2.0
371 372 -0.9285714285714286
371 380 0.5714285714285714
371 381 1.7857142857142858
371 428 -1.7857142857142858
371 437 -0.5714285714285714
371 468 2.0
371 476 1.3571428571428572
372 373 -0.5714285714285714
372 381 -1.3571428571428572
372 504 -1.3571428571428572
372 509 -2.0
372 537 1.7857142857142858
372 544 1.7857142857142858
373 374 0.5714285714285714
373 382 -2.0
373 576 1.3571428571428572
373 607 -1.3571428571428572
373 616 -2.0
374 375 0.9285714285714286
374 382 2.0
374 383 0.5714285714285714
374 647 -1.7857142857142858
374 657 -2.0
374 688 -0.9285714285714286
374 697 1.7857142857142858
375 376 -2.0
375 383 -1.3571428571428572
375 384 -1.3571428571428572
375 733 1.7857142857142858
375 766 2.0
375 776 1.7857142857142858
376 384 1.7857142857142858
376 385 1.3571428571428572
376 806 2.0
376 814 1.3571428571428572
377 386 1.3571428571428572
378 379 -1.3571428571428572
379 380 0.5714285714285714
380 391 -0.5714285714285714
380 398 0.9285714285714286
380 428 -0.5714285714285714
380 437 0.5714285714285714
381 468 0.9285714285714286
381 476 0.9285714285714286
381 504 -0.9285714285714286
381 509 -2.0
382 383 1.3571428571428572
382 607 1.3571428571428572
382 647 -1.7857142857142858
382 657 1.3571428571428572
383 384 -1.3571428571428572
383 688 0.5714285714285714
383 697 -2.0
383 733 1.3571428571428572
384 385 -1.3571428571428572
384 766 -2.0
384 776 -2.0
384 806 -2.0
384 814 2.0
385 386 0.9285714285714286
387 388 1.7857142857142858
388 389 0.9285714285714286
388 396 -1.3571428571428572
389 390 -1.7857142857142858
389 396 2.0
389 397 -1.3571428571428572
390 391 0.9285714285714286
390 397 0.5714285714285714
390 398 -2.0
391 392 -2.0
391 398 -1.7857142857142858
391 399 -1.3571428571428572
391 407 -1.3571428571428572
391 417 -2.0
392 393 0.9285714285714286
392 399 -1.7857142857142858
392 400 -0.5714285714285714
392 446 -1.7857142857142858
392 455 -0.5714285714285714
392 485 -1.3571428571428572
392 496 1.7857142857142858
393 400 0.5714285714285714
393 401 -1.7857142857142858
393 518 0.9285714285714286
393 529 -0.9285714285714286
393 551 1.3571428571428572
393 557 1.7857142857142858
394 395 1.3571428571428572
394 403 1.7857142857142858
394 404 -2.0
394 743 -0.9285714285714286
394 754 -1.3571428571428572
394 785 -2.0
394 796 -0.5714285714285714
395 404 -1.7857142857142858
395 823 0.9285714285714286
395 831 -1.3571428571428572
396 397 -1.7857142857142858
397 398 2.0
398 399 2.0
399 400 0.9285714285714286
399 407 -1.3571428571428572
399 417 1.3571428571428572
399 446 1.3571428571428572
399 455 -1.3571428571428572
400 401 1.7857142857142858
400 485 -1.7857142857142858
400 496 -1.3571428571428572
400 518 -0.9285714285714286
400 529 0.5714285714285714
401 402 1.3571428571428572
401 551 -2.0
401 557 -0.9285714285714286
401 586 -1.3571428571428572
401 596 -0.9285714285714286
402 403 -0.9285714285714286
402 624 -0.5714285714285714
402 635 1.7857142857142858
402 667 -1.3571428571428572
403 404 1.3571428571428572
403 706 1.3571428571428572
403 715 1.7857142857142858
403 743 -0.9285714285714286
403 754 -1.3571428571428572
404 785 -0.5714285714285714
404 796 1.3571428571428572
404 823 -1.3571428571428572
404 831 0.5714285714285714
405 406 -0.9285714285714286
405 415 -2.0
406 407 -2.0
406 415 0.9285714285714286
406 416 -2.0
407 408 -0.9285714285714286
407 416 -1.7857142857142858
407 417 2.0
408 409 1.7857142857142858
408 417 2.0
408 418 -0.5714285714285714
408 428 -2.0
408 438 -1.3571428571428572
408 468 1.7857142857142858
409 418 0.5714285714285714
409 504 -1.3571428571428572
409 510 1.7857142857142858
409 537 2.0
410 419 -1.3571428571428572
410 577 -0.5714285714285714
410 607 1.7857142857142858
410 617 -0.5714285714285714
411 412 -1.3571428571428572
411 420 0.9285714285714286
411 421 0.5714285714285714
411 734 -0.9285714285714286
411 766 0.9285714285714286
411 777 -1.3571428571428572
412 413 -2.0
412 421 0.9285714285714286
412 806 0.9285714285714286
412 815 2.0
413 414 1.7857142857142858
413 422 0.5714285714285714
414 422 2.0
414 423 2.0
415 416 0.9285714285714286
416 417 1.3571428571428572
417 418 -2.0
417 428 -0.5714285714285714
417 438 1.3571428571428572
418 468 -0.9285714285714286
418 504 -0.9285714285714286
418 510 -2.0
419 420 -2.0
419 607 -2.0
419 617 -1.3571428571428572
419 647 0.9285714285714286
420 421 -1.7857142857142858
420 688 -2.0
420 698 0.9285714285714286
420 734 -0.9285714285714286
421 766 -0.9285714285714286
421 777 2.0
421 806 -1.7857142857142858
421 815 0.5714285714285714
422 423 0.5714285714285714
424 425 -0.9285714285714286
425 426 -2.0
425 435 -2.0
426 427 -2.0
426 435 0.5714285714285714
426 436 -0.9285714285714286
427 428 -1.7857142857142858
427 436 -1.3571428571428572
427 437 2.0
428 429 -2.0
428 437 0.5714285714285714
429 430 2.0
429 438 -2.0
429 439 2.0
429 447 -1.3571428571428572
429 455 0.5714285714285714
429 486 -0.9285714285714286
429 496 2.0
430 431 0.5714285714285714
430 439 1.7857142857142858
430 440 -1.3571428571428572
430 519 -1.7857142857142858
430 529 0.9285714285714286
430 552 -1.3571428571428572
430 557 0.5714285714285714
431 432 0.5714285714285714
431 440 -1.7857142857142858
431 441 -2.0
431 596 -0.9285714285714286
431 625 0.9285714285714286
431 635 0.9285714285714286
432 433 1.3571428571428572
432 441 2.0
432 442 0.9285714285714286
432 668 0.9285714285714286
432 707 0.5714285714285714
432 715 -0.9285714285714286
433 434 -1.7857142857142858
433 442 -0.5714285714285714
433 443 2.0
433 744 -1.7857142857142858
433 754 -1.3571428571428572
433 786 -1.7857142857142858
433 796 -0.9285714285714286
434 443 -2.0
434 444 2.0
434 824 -0.9285714285714286
434 831 0.5714285714285714
435 436 2.0
436 437 -1.7857142857142858
437 438 -2.0
438 439 1.3571428571428572
438 447 -1.7857142857142858
438 455 -0.5714285714285714
439 440 1.3571428571428572
439 486 2.0
439 496 -1.3571428571428572
439 519 2.0
439 529 0.5714285714285714
440 441 2.0
440 552 -1.7857142857142858
440 557 -0.5714285714285714
440 596 1.3571428571428572
441 442 -1.3571428571428572
441 625 0.5714285714285714
441 635 0.9285714285714286
441 668 1.3571428571428572
442 443 1.3571428571428572
442 707 1.7857142857142858
442 715 0.9285714285714286
442 744 1.3571428571428572
442 754 1.3571428571428572
443 444 -1.3571428571428572
443 786 1.7857142857142858
443 796 -0.9285714285714286
443 824 1.7857142857142858
443 831 -1.7857142857142858
445 446 1.7857142857142858
445 454 -0.5714285714285714
446 447 0.9285714285714286
446 454 -0.5714285714285714
447 448 -1.7857142857142858
447 455 0.9285714285714286
447 456 -1.3571428571428572
447 469 -2.0
448 449 0.9285714285714286
448 456 1.3571428571428572
448 457 0.9285714285714286
448 505 -0.5714285714285714
448 510 0.5714285714285714
448 538 -2.0
449 450 -0.9285714285714286
449 457 -0.5714285714285714
449 458 -0.9285714285714286
449 577 -0.9285714285714286
449 608 0.5714285714285714
449 617 -1.3571428571428572
450 451 0.9285714285714286
450 458 -0.9285714285714286
450 459 -1.7857142857142858
450 648 -0.9285714285714286
450 658 -2.0
450 689 -0.9285714285714286
450 698 1.3571428571428572
451 452 0.5714285714285714
451 460 0.5714285714285714
451 725 0.5714285714285714
451 767 -1.7857142857142858
451 777 0.9285714285714286
452 453 0.5714285714285714
452 460 -0.9285714285714286
452 461 1.7857142857142858
452 807 0.9285714285714286
452 815 1.7857142857142858
453 461 2.0
453 462 -0.5714285714285714
454 455 1.7857142857142858
455 456 -1.3571428571428572
456 457 -1.3571428571428572
456 469 -1.7857142857142858
456 505 -1.3571428571428572
456 510 -0.5714285714285714
457 458 0.5714285714285714
457 538 2.0
457 577 1.3571428571428572
458 459 -2.0
458 608 -0.5714285714285714
458 617 1.7857142857142858
458 648 2.0
458 658 0.5714285714285714
459 460 -0.9285714285714286
459 689 1.7857142857142858
459 698 2.0
459 725 -1.3571428571428572
459 734 -2.0
460 461 -0.5714285714285714
460 767 -2.0
460 777 1.7857142857142858
460 807 0.9285714285714286
460 815 1.3571428571428572
461 462 -2.0
462 463 -0.5714285714285714
464 465 1.3571428571428572
465 466 -0.5714285714285714
465 475 -0.9285714285714286
466 467 1.7857142857142858
466 475 0.9285714285714286
467 468 -2.0
467 476 -0.5714285714285714
468 469 -1.7857142857142858
468 476 0.5714285714285714
469 470 1.3571428571428572
469 477 -2.0
469 486 1.3571428571428572
470 471 -0.5714285714285714
470 477 2.0
470 478 -1.7857142857142858
470 519 -0.5714285714285714
470 530 1.7857142857142858
470 552 -0.5714285714285714
470 558 -0.9285714285714286
471 472 -0.9285714285714286
471 478 -0.9285714285714286
471 479 -2.0
471 597 2.0
471 625 -2.0
471 636 -0.5714285714285714
472 473 2.0
472 479 1.7857142857142858
472 480 -2.0
472 668 0.9285714285714286
472 677 -0.9285714285714286
472 707 0.9285714285714286
472 716 1.7857142857142858
473 474 2.0
473 480 2.0
473 481 0.5714285714285714
473 744 -1.3571428571428572
473 755 -1.7857142857142858
473 786 -0.5714285714285714
473 797 -1.3571428571428572
474 481 1.3571428571428572
474 482 -1.3571428571428572
474 824 -1.7857142857142858
474 832 2.0
477 478 1.7857142857142858
477 486 -2.0
478 479 -0.9285714285714286
478 597 -0.9285714285714286
479 480 -2.0
479 625 2.0
479 636 -2.0
479 668 -1.7857142857142858
479 677 1.7857142857142858
480 481 -1.7857142857142858
480 707 -0.9285714285714286
480 716 -1.7857142857142858
480 744 -0.5714285714285714
480 755 -1.7857142857142858
481 482 0.9285714285714286
481 786 0.5714285714285714
481 797 0.9285714285714286
481 824 1.3571428571428572
481 832 0.9285714285714286
483 494 -0.5714285714285714
484 485 0.5714285714285714
484 494 -2.0
485 486 1.7857142857142858
485 495 1.3571428571428572
485 496 0.9285714285714286
486 496 0.5714285714285714
487 488 -0.9285714285714286
487 505 2.0
487 511 2.0
487 538 0.5714285714285714
488 489 -0.9285714285714286
488 497 1.3571428571428572
488 578 -2.0
489 490 1.3571428571428572
489 497 -0.5714285714285714
489 498 1.3571428571428572
489 648 -0.9285714285714286
489 659 -1.3571428571428572
489 689 0.5714285714285714
489 699 -1.7857142857142858
490 491 -0.9285714285714286
490 498 -2.0
490 499 -1.7857142857142858
490 725 -1.3571428571428572
490 735 -0.5714285714285714
490 767 0.5714285714285714
490 778 -1.3571428571428572
491 492 1.3571428571428572
491 499 -0.5714285714285714
491 807 -0.9285714285714286
491 816 -2.0
492 493 0.9285714285714286
492 500 -1.7857142857142858
493 500 -0.5714285714285714
493 501 -2.0
494 495 0.9285714285714286
495 496 -1.3571428571428572
497 608 0.5714285714285714
497 648 1.3571428571428572
497 659 -1.3571428571428572
498 499 -1.7857142857142858
498 689 1.7857142857142858
498 699 -1.7857142857142858
498 725 -1.7857142857142858
498 735 -0.9285714285714286
499 767 1.7857142857142858
499 778 -0.9285714285714286
499 807 1.3571428571428572
499 816 -2.0
500 501 -0.5714285714285714
503 504 -1.7857142857142858
504 505 -2.0
504 509 0.9285714285714286
504 510 1.7857142857142858
505 510 1.3571428571428572
505 511 -1.7857142857142858
506 507 -1.7857142857142858
506 513 -1.7857142857142858
506 587 0.9285714285714286
506 597 -2.0
506 626 -2.0
506 636 -2.0
507 513 0.5714285714285714
507 669 -1.7857142857142858
507 677 -0.5714285714285714
507 708 -0.5714285714285714
507 716 1.7857142857142858
508 514 2.0
508 515 0.5714285714285714
508 825 1.7857142857142858
508 832 -1.7857142857142858
509 510 -1.7857142857142858
510 511 1.7857142857142858
511 512 1.7857142857142858
511 520 0.5714285714285714
511 530 -1.7857142857142858
512 513 1.3571428571428572
512 558 -2.0
512 587 0.5714285714285714
512 597 -1.7857142857142858
513 626 -1.3571428571428572
513 636 1.3571428571428572
513 669 2.0
513 677 2.0
514 515 1.7857142857142858
514 787 0.5714285714285714
514 797 0.9285714285714286
514 825 0.5714285714285714
514 832 2.0
516 517 -1.7857142857142858
516 527 1.3571428571428572
517 518 -0.5714285714285714
517 527 -0.9285714285714286
517 528 -0.9285714285714286
518 519 -0.9285714285714286
518 528 -1.3571428571428572
518 529 1.3571428571428572
519 520 -0.9285714285714286
519 529 -1.7857142857142858
519 530 2.0
520 521 -0.9285714285714286
520 530 -1.7857142857142858
520 531 1.3571428571428572
520 539 -1.3571428571428572
521 531 1.7857142857142858
521 532 1.3571428571428572
521 568 1.7857142857142858
521 578 -2.0
522 523 1.7857142857142858
522 532 -0.9285714285714286
522 649 -0.5714285714285714
522 690 -2.0
522 699 -2.0
523 524 -0.9285714285714286
523 726 0.5714285714285714
523 735 -1.3571428571428572
523 778 1.3571428571428572
524 525 -1.3571428571428572
524 533 -0.5714285714285714
524 808 -1.7857142857142858
524 816 -0.5714285714285714
525 526 0.5714285714285714
525 533 -0.5714285714285714
526 534 -1.3571428571428572
526 535 -1.3571428571428572
527 528 0.5714285714285714
528 529 0.9285714285714286
529 530 1.7857142857142858
530 531 0.5714285714285714
531 532 2.0
531 539 -0.5714285714285714
531 568 -0.9285714285714286
531 578 0.9285714285714286
532 649 1.3571428571428572
532 659 0.5714285714285714
533 534 1.3571428571428572
534 535 -0.9285714285714286
536 537 -1.7857142857142858
536 544 -1.7857142857142858
537 538 1.3571428571428572
537 544 -1.3571428571428572
538 539 -2.0
539 545 -1.3571428571428572
539 559 -2.0
540 541 -1.3571428571428572
540 545 -1.3571428571428572
540 546 -1.3571428571428572
540 587 1.3571428571428572
540 598 -0.5714285714285714
540 626 0.5714285714285714
540 637 -0.9285714285714286
541 542 -1.7857142857142858
541 546 0.9285714285714286
541 547 1.3571428571428572
541 669 -1.3571428571428572
541 678 0.9285714285714286
541 708 -2.0
541 717 0.9285714285714286
542 547 -0.5714285714285714
542 745 -1.3571428571428572
542 756 0.9285714285714286
542 787 -0.5714285714285714
542 798 -1.7857142857142858
545 546 1.3571428571428572
545 559 1.3571428571428572
545 587 1.7857142857142858
545 598 -0.5714285714285714
546 547 2.0
546 626 0.5714285714285714
546 637 2.0
546 669 1.7857142857142858
546 678 -1.7857142857142858
547 708 -1.7857142857142858
547 717 2.0
547 745 -2.0
547 756 -2.0
549 550 0.5714285714285714
550 551 -0.5714285714285714
551 552 -0.5714285714285714
551 557 -2.0
552 557 -0.5714285714285714
552 558 -1.7857142857142858
553 554 2.0
553 559 1.7857142857142858
553 560 -0.5714285714285714
553 568 0.5714285714285714
553 579 -0.9285714285714286
554 555 0.5714285714285714
554 560 0.9285714285714286
554 649 2.0
554 660 0.5714285714285714
554 690 1.3571428571428572
554 700 -2.0
555 556 1.3571428571428572
555 561 -2.0
555 562 1.3571428571428572
555 726 -0.5714285714285714
555 736 -1.3571428571428572
555 768 -0.5714285714285714
555 779 -1.7857142857142858
556 562 -1.3571428571428572
556 808 -2.0
556 817 -1.3571428571428572
557 558 -1.7857142857142858
558 559 -0.9285714285714286
559 560 0.5714285714285714
559 568 1.3571428571428572
559 579 0.9285714285714286
560 561 2.0
560 649 -1.7857142857142858
560 660 2.0
561 562 -1.3571428571428572
561 690 0.9285714285714286
561 726 1.3571428571428572
561 736 0.9285714285714286
562 768 1.3571428571428572
562 779 1.7857142857142858
562 808 -0.5714285714285714
562 817 -0.9285714285714286
563 564 1.7857142857142858
565 566 1.7857142857142858
565 573 2.0
566 573 0.5714285714285714
566 574 1.3571428571428572
567 575 -1.7857142857142858
567 576 -1.3571428571428572
568 569 -0.5714285714285714
568 578 2.0
568 579 -1.7857142857142858
569 570 -0.9285714285714286
569 579 1.3571428571428572
569 580 -0.9285714285714286
569 588 -0.9285714285714286
569 598 0.9285714285714286
569 627 0.5714285714285714
569 637 1.3571428571428572
570 571 -0.9285714285714286
570 580 -2.0
570 581 -0.9285714285714286
570 670 -1.7857142857142858
570 678 -0.5714285714285714
570 709 0.5714285714285714
570 717 -1.3571428571428572
571 572 0.9285714285714286
571 581 0.9285714285714286
571 582 -2.0
571 746 0.9285714285714286
571 756 1.7857142857142858
571 788 -2.0
571 798 0.9285714285714286
572 582 -1.3571428571428572
572 583 1.3571428571428572
572 826 1.3571428571428572
572 833 -0.9285714285714286
573 574 2.0
574 575 0.5714285714285714
575 576 -1.7857142857142858
577 578 -1.7857142857142858
578 579 -1.3571428571428572
579 580 -0.9285714285714286
579 588 -2.0
579 598 0.5714285714285714
580 581 -2.0
580 627 2.0
580 637 -1.3571428571428572
580 670 -1.7857142857142858
580 678 2.0
581 582 1.3571428571428572
581 709 -0.9285714285714286
581 717 0.5714285714285714
581 746 -1.7857142857142858
581 756 -1.3571428571428572
582 583 2.0
582 788 -0.9285714285714286
582 798 -1.3571428571428572
582 826 0.9285714285714286
582 833 -0.9285714285714286
584 585 -2.0
584 594 -1.3571428571428572
585 586 2.0
585 594 -0.5714285714285714
585 595 1.3571428571428572
586 595 -2.0
586 596 2.0
587 588 1.3571428571428572
587 597 -0.5714285714285714
587 598 -0.9285714285714286
588 589 2.0
588 598 -0.9285714285714286
588 599 0.5714285714285714
588 609 -2.0
589 590 -0.9285714285714286
589 599 0.9285714285714286
589 600 -1.3571428571428572
589 650 -0.9285714285714286
589 660 -1.3571428571428572
589 691 2.0
589 700 1.3571428571428572
590 591 2.0
590 600 1.7857142857142858
590 601 -1.7857142857142858
590 727 -1.7857142857142858
590 736 0.9285714285714286
590 769 -1.7857142857142858
590 779 -1.7857142857142858
591 592 -0.9285714285714286
591 601 -2.0
591 809 1.7857142857142858
591 817 0.5714285714285714
592 593 -0.9285714285714286
593 602 0.5714285714285714
594 595 -1.3571428571428572
595 596 1.3571428571428572
596 597 2.0
597 598 -0.9285714285714286
598 599 -1.7857142857142858
599 600 2.0
599 609 -1.3571428571428572
599 650 2.0
599 660 -1.7857142857142858
600 601 -0.5714285714285714
600 691 1.7857142857142858
600 700 1.7857142857142858
600 727 -1.3571428571428572
600 736 0.5714285714285714
601 769 0.5714285714285714
601 779 1.7857142857142858
601 809 -1.3571428571428572
601 817 -0.5714285714285714
603 604 0.5714285714285714
603 613 -1.7857142857142858
604 605 1.7857142857142858
604 613 1.3571428571428572
604 614 -0.9285714285714286
605 606 1.3571428571428572
605 614 -1.3571428571428572
605 615 -0.9285714285714286
606 607 2.0
606 615 -1.7857142857142858
606 616 -0.5714285714285714
607 608 -1.7857142857142858
607 616 -1.3571428571428572
607 617 -0.5714285714285714
608 617 -0.9285714285714286
609 610 1.3571428571428572
609 618 -1.7857142857142858
609 627 -0.9285714285714286
609 638 -0.5714285714285714
610 611 -0.5714285714285714
610 618 0.5714285714285714
610 619 0.9285714285714286
610 670 1.3571428571428572
610 679 0.9285714285714286
610 709 -1.3571428571428572
610 718 1.7857142857142858
611 612 -1.3571428571428572
611 619 -0.9285714285714286
611 620 -1.3571428571428572
611 746 -2.0
611 757 -0.5714285714285714
611 788 2.0
612 620 1.7857142857142858
612 621 2.0
612 826 2.0
612 834 -1.7857142857142858
613 614 -1.3571428571428572
614 615 0.5714285714285714
615 616 -1.7857142857142858
616 617 1.3571428571428572
618 619 0.9285714285714286
618 627 0.5714285714285714
618 638 -1.7857142857142858
618 670 1.3571428571428572
618 679 -0.5714285714285714
619 620 1.7857142857142858
619 709 -1.7857142857142858
619 718 0.9285714285714286
619 746 0.9285714285714286
619 757 1.3571428571428572
620 621 -0.9285714285714286
620 788 -0.5714285714285714
620 826 0.9285714285714286
620 834 0.9285714285714286
622 633 0.5714285714285714
623 624 0.5714285714285714
623 633 0.9285714285714286
623 634 -2.0
624 625 0.5714285714285714
624 634 -2.0
624 635 -1.7857142857142858
625 626 1.3571428571428572
625 635 -1.3571428571428572
625 636 0.5714285714285714
626 627 2.0
626 636 0.9285714285714286
626 637 -0.5714285714285714
627 628 1.3571428571428572
627 637 -0.9285714285714286
627 638 -1.3571428571428572
628 629 -0.5714285714285714
628 639 -0.5714285714285714
628 650 -2.0
628 661 0.5714285714285714
628 691 1.3571428571428572
628 701 0.9285714285714286
629 630 -2.0
629 639 -1.7857142857142858
629 640 -0.9285714285714286
629 727 0.5714285714285714
629 737 -1.3571428571428572
629 769 -0.9285714285714286
629 780 -2.0
630 631 2.0
630 640 0.5714285714285714
630 641 1.7857142857142858
630 809 -0.9285714285714286
630 818 1.7857142857142858
631 632 -1.7857142857142858
631 641 -0.9285714285714286
631 642 0.9285714285714286
632 642 0.9285714285714286
632 643 -1.3571428571428572
633 634 2.0
634 635 -0.5714285714285714
635 636 1.7857142857142858
636 637 1.7857142857142858
637 638 1.3571428571428572
638 650 1.7857142857142858
638 661 -2.0
639 640 -0.5714285714285714
639 691 0.5714285714285714
639 701 2.0
639 727 -2.0
639 737 1.7857142857142858
640 641 1.7857142857142858
640 769 2.0
640 780 -2.0
640 809 1.3571428571428572
641 642 0.5714285714285714
642 643 -2.0
644 654 1.3571428571428572
645 646 2.0
645 655 1.7857142857142858
645 656 -1.3571428571428572
646 647 0.5714285714285714
646 656 1.7857142857142858
647 648 0.5714285714285714
647 657 2.0
647 658 -0.9285714285714286
648 649 -0.9285714285714286
648 658 1.3571428571428572
648 659 -2.0
649 650 1.7857142857142858
649 659 -2.0
649 660 0.9285714285714286
650 651 1.7857142857142858
650 660 0.5714285714285714
650 661 -0.9285714285714286
651 652 -1.7857142857142858
651 661 1.7857142857142858
651 662 1.7857142857142858
651 679 -0.5714285714285714
651 710 2.0
651 718 0.9285714285714286
652 653 1.3571428571428572
652 662 1.3571428571428572
652 663 1.7857142857142858
652 747 -0.9285714285714286
652 757 2.0
652 789 2.0
653 663 -2.0
653 664 1.3571428571428572
653 827 1.7857142857142858
653 834 -0.5714285714285714
654 655 -1.7857142857142858
655 656 0.5714285714285714
656 657 -0.9285714285714286
657 658 -0.5714285714285714
658 659 -1.3571428571428572
659 660 2.0
660 661 0.5714285714285714
661 662 0.5714285714285714
661 679 1.3571428571428572
662 663 -1.3571428571428572
662 710 -1.3571428571428572
662 718 1.7857142857142858
662 747 0.9285714285714286
662 757 -0.5714285714285714
663 664 -1.7857142857142858
663 789 -0.9285714285714286
663 827 2.0
663 834 1.3571428571428572
665 666 -2.0
665 675 0.9285714285714286
666 667 1.7857142857142858
666 675 -0.9285714285714286
666 676 -1.3571428571428572
667 668 2.0
667 676 1.3571428571428572
668 669 -0.5714285714285714
668 677 0.9285714285714286
669 670 -2.0
669 677 -2.0
669 678 -2.0
670 678 1.7857142857142858
670 679 -2.0
671 672 -1.7857142857142858
671 680 -1.7857142857142858
671 681 -2.0
671 728 0.9285714285714286
671 737 1.7857142857142858
671 770 -1.3571428571428572
671 780 2.0
672 673 -1.3571428571428572
672 681 1.3571428571428572
672 682 -0.5714285714285714
672 810 -2.0
672 818 -2.0
673 674 -2.0
673 682 2.0
673 683 -0.5714285714285714
674 683 -1.3571428571428572
674 684 1.7857142857142858
675 676 1.3571428571428572
677 678 -0.9285714285714286
678 679 -1.3571428571428572
679 680 0.5714285714285714
680 681 1.3571428571428572
680 692 -1.7857142857142858
680 701 1.3571428571428572
680 728 0.9285714285714286
680 737 2.0
681 770 2.0
681 780 1.7857142857142858
681 810 1.7857142857142858
681 818 1.3571428571428572
682 683 -1.7857142857142858
683 684 -1.7857142857142858
685 686 1.3571428571428572
685 694 -1.3571428571428572
686 694 -1.7857142857142858
686 695 -0.5714285714285714
687 688 -0.5714285714285714
687 696 1.7857142857142858
687 697 0.5714285714285714
688 689 -1.7857142857142858
688 697 -0.5714285714285714
688 698 2.0
689 690 -1.3571428571428572
689 698 2.0
689 699 2.0
690 691 0.5714285714285714
690 699 0.5714285714285714
690 700 -2.0
691 692 0.9285714285714286
691 700 -0.9285714285714286
691 701 1.7857142857142858
692 701 0.9285714285714286
692 702 0.9285714285714286
692 710 1.3571428571428572
693 703 2.0
693 704 0.5714285714285714
693 827 -1.7857142857142858
693 835 -0.5714285714285714
694 695 1.7857142857142858
695 696 -0.5714285714285714
696 697 1.7857142857142858
699 700 -1.3571428571428572
700 701 0.9285714285714286
701 702 2.0
702 703 -1.3571428571428572
702 710 0.9285714285714286
702 747 -1.3571428571428572
702 758 -1.7857142857142858
703 704 1.7857142857142858
703 789 -2.0
703 827 0.5714285714285714
703 835 -1.7857142857142858
706 707 0.5714285714285714
706 714 -1.7857142857142858
706 715 1.7857142857142858
707 708 1.7857142857142858
707 715 -0.9285714285714286
707 716 -0.9285714285714286
708 709 -0.9285714285714286
708 716 0.5714285714285714
708 717 1.3571428571428572
709 710 -1.3571428571428572
709 717 -0.9285714285714286
709 718 1.7857142857142858
710 711 -0.9285714285714286
710 718 2.0
711 712 -0.9285714285714286
711 719 0.9285714285714286
711 728 1.7857142857142858
711 738 -0.5714285714285714
711 770 1.7857142857142858
712 713 0.9285714285714286
712 719 1.7857142857142858
712 720 0.5714285714285714
712 810 0.9285714285714286
712 819 1.7857142857142858
713 720 -1.3571428571428572
713 721 -2.0
714 715 -0.5714285714285714
715 716 -1.7857142857142858
716 717 -1.3571428571428572
717 718 1.3571428571428572
719 720 0.9285714285714286
719 770 0.9285714285714286
719 810 2.0
719 819 -1.7857142857142858
720 721 1.7857142857142858
722 723 -2.0
722 730 2.0
722 731 -0.5714285714285714
723 724 1.7857142857142858
723 731 -1.7857142857142858
723 732 -0.5714285714285714
724 733 0.9285714285714286
725 726 0.9285714285714286
725 734 -1.7857142857142858
725 735 -1.7857142857142858
726 727 0.9285714285714286
726 735 2.0
726 736 -0.9285714285714286
727 728 2.0
727 736 -0.5714285714285714
727 737 -1.3571428571428572
728 737 -1.7857142857142858
728 738 2.0
729 739 0.9285714285714286
729 740 -1.3571428571428572
729 828 -0.5714285714285714
729 835 -1.3571428571428572
730 731 1.7857142857142858
731 732 1.3571428571428572
732 733 -1.7857142857142858
733 734 -1.7857142857142858
734 735 2.0
735 736 -1.7857142857142858
736 737 2.0
737 738 -0.5714285714285714
738 739 0.5714285714285714
738 758 1.3571428571428572
739 740 -0.9285714285714286
739 790 -1.3571428571428572
739 828 -1.3571428571428572
739 835 0.9285714285714286
741 742 -2.0
741 752 -2.0
742 743 -2.0
742 752 -2.0
742 753 -0.5714285714285714
743 744 -0.5714285714285714
743 754 -0.5714285714285714
744 745 1.7857142857142858
744 754 1.3571428571428572
744 755 0.9285714285714286
745 746 -1.3571428571428572
745 755 2.0
746 747 -1.3571428571428572
746 756 -1.3571428571428572
746 757 -1.7857142857142858
747 748 -2.0
747 757 0.9285714285714286
747 758 0.9285714285714286
748 749 -1.3571428571428572
748 758 -1.3571428571428572
748 759 -1.7857142857142858
748 771 -0.9285714285714286
749 750 1.7857142857142858
749 759 0.5714285714285714
749 760 -0.5714285714285714
749 819 -0.9285714285714286
750 751 -1.7857142857142858
751 761 -1.3571428571428572
751 762 -0.5714285714285714
752 753 1.3571428571428572
753 754 1.7857142857142858
754 755 -1.7857142857142858
755 756 -1.3571428571428572
756 757 2.0
757 758 -0.5714285714285714
758 759 -2.0
759 760 2.0
759 771 0.9285714285714286
759 819 0.9285714285714286
760 761 0.9285714285714286
761 762 -0.5714285714285714
763 764 0.5714285714285714
763 773 -1.7857142857142858
763 774 2.0
764 765 2.0
764 774 0.5714285714285714
764 775 1.3571428571428572
765 766 -1.7857142857142858
765 775 -0.5714285714285714
765 776 -0.5714285714285714
766 767 -2.0
766 776 1.7857142857142858
766 777 -1.7857142857142858
767 768 -2.0
767 777 1.3571428571428572
767 778 0.9285714285714286
768 769 2.0
768 778 1.3571428571428572
768 779 1.3571428571428572
769 770 -1.7857142857142858
769 779 0.5714285714285714
769 780 1.3571428571428572
770 771 0.9285714285714286
770 780 0.5714285714285714
771 772 2.0
771 781 -0.9285714285714286
771 790 1.3571428571428572
771 799 1.7857142857142858
772 781 1.7857142857142858
772 782 1.3571428571428572
772 828 -1.7857142857142858
772 836 -1.7857142857142858
773 774 2.0
774 775 1.3571428571428572
775 776 2.0
776 777 1.3571428571428572
777 778 -1.7857142857142858
778 779 -2.0
779 780 -0.9285714285714286
781 782 -1.7857142857142858
781 790 -0.5714285714285714
781 799 -1.3571428571428572
781 828 2.0
781 836 -0.9285714285714286
783 784 -2.0
783 794 -1.3571428571428572
784 785 0.5714285714285714
784 794 -0.9285714285714286
784 795 -1.3571428571428572
785 795 -0.5714285714285714
785 796 0.9285714285714286
786 787 0.5714285714285714
786 796 0.9285714285714286
786 797 -0.9285714285714286
787 788 -2.0
787 797 0.9285714285714286
787 798 -1.7857142857142858
788 789 1.7857142857142858
788 798 2.0
789 790 2.0
790 791 2.0
790 799 -1.7857142857142858
791 792 2.0
791 799 -0.9285714285714286
791 800 -1.7857142857142858
791 820 2.0
792 793 1.7857142857142858
792 800 2.0
792 801 1.7857142857142858
793 801 0.9285714285714286
793 802 -0.9285714285714286
794 795 -1.3571428571428572
795 796 1.3571428571428572
796 797 1.7857142857142858
797 798 -2.0
799 800 0.5714285714285714
799 820 -1.7857142857142858
801 802 -1.3571428571428572
803 812 0.5714285714285714
804 805 1.3571428571428572
804 813 -0.9285714285714286
805 806 2.0
805 813 -1.7857142857142858
805 814 1.3571428571428572
806 807 2.0
807 808 -1.7857142857142858
807 815 -2.0
807 816 0.5714285714285714
808 809 -1.3571428571428572
808 816 -2.0
809 810 0.9285714285714286
809 817 0.5714285714285714
809 818 2.0
810 818 -2.0
810 819 0.5714285714285714
811 820 -2.0
811 821 -1.7857142857142858
811 829 -0.5714285714285714
811 836 -1.7857142857142858
813 814 1.7857142857142858
814 815 1.3571428571428572
815 816 -1.3571428571428572
816 817 -0.9285714285714286
817 818 2.0
818 819 -1.7857142857142858
819 820 0.9285714285714286
820 821 -2.0
820 829 -0.5714285714285714
820 836 -0.9285714285714286
823 831 -0.9285714285714286
824 825 0.5714285714285714
824 831 -0.5714285714285714
824 832 -0.5714285714285714
825 826 1.7857142857142858
825 832 1.7857142857142858
825 833 -0.9285714285714286
826 827 -2.0
826 834 0.9285714285714286
827 828 0.5714285714285714
827 834 1.3571428571428572
827 835 -1.3571428571428572
828 829 -2.0
828 835 -2.0
828 836 0.9285714285714286
829 830 2.0
829 836 -0.9285714285714286
829 837 0.5714285714285714
830 837 -2.0
830 838 -0.9285714285714286
831 832 -0.9285714285714286
832 833 0.5714285714285714
833 834 2.0
834 835 -2.0
835 836 1.3571428571428572
836 837 0.9285714285714286
837 838 0.9285714285714286
838 839 0.5714285714285714
