252 965
1 1 -3.7142857142857135
2 2 1.785714285714286
3 3 -6.642857142857143
4 4 5.642857142857142
5 5 0.5
6 6 -6.857142857142858
7 7 -1.1428571428571428
8 8 5.571428571428571
9 9 4.714285714285714
10 10 -3.214285714285715
11 11 1.9285714285714284
12 12 2.428571428571429
13 13 -1.2857142857142858
14 14 -0.7857142857142858
15 15 -4.714285714285714
16 16 1.8571428571428574
17 17 4.714285714285714
18 18 -0.0714285714285714
19 19 3.8571428571428577
20 20 1.9285714285714286
21 21 0.6428571428571428
22 22 4.928571428571429
23 23 5.571428571428571
24 24 -1.5714285714285714
25 25 2.1428571428571432
26 26 -0.35714285714285765
27 27 0.4285714285714286
28 28 2.928571428571429
29 29 -2.5
30 30 1.8571428571428572
31 31 -3.928571428571429
32 32 -2.7142857142857144
33 33 -4.857142857142857
34 34 2.0
35 35 3.642857142857143
36 36 2.3571428571428577
37 37 3.7142857142857144
38 38 -1.4285714285714288
39 39 1.357142857142857
40 40 -6.0
41 41 1.3571428571428574
42 42 -3.7142857142857135
43 43 -2.5
44 44 3.857142857142857
45 45 0.6428571428571428
46 46 -3.5
47 47 -4.428571428571429
48 48 -0.21428571428571397
49 49 -1.7857142857142858
50 50 -0.0714285714285714
51 51 -2.142857142857143
52 52 4.142857142857143
53 53 2.0
54 54 -3.357142857142857
55 55 -3.571428571428572
56 56 1.4999999999999998
57 57 1.6428571428571428
58 58 -1.8571428571428572
59 59 -2.071428571428571
60 60 0.4285714285714286
61 61 4.857142857142858
62 62 1.0714285714285714
63 63 -1.0
64 64 7.928571428571429
65 65 -0.4285714285714286
66 66 -3.571428571428572
67 67 0.5714285714285703
68 68 -0.49999999999999956
69 69 -2.928571428571429
70 70 1.7857142857142856
71 71 2.2142857142857135
72 72 3.3571428571428577
73 73 3.5
74 74 3.3571428571428568
75 75 -3.0
76 76 2.5
77 77 1.9285714285714288
78 78 3.785714285714285
79 79 7.357142857142858
80 80 0.5714285714285712
81 81 0.2142857142857144
82 82 -3.5000000000000004
83 83 3.5
84 84 1.2857142857142856
85 85 -1.0714285714285714
86 86 1.4285714285714286
87 87 -4.2857142857142865
88 88 -0.9285714285714286
89 89 1.5000000000000002
90 90 0.9285714285714284
91 91 4.642857142857143
92 92 3.8571428571428577
93 93 1.3571428571428574
94 94 -1.0000000000000002
95 95 -5.142857142857143
96 96 0.28571428571428603
97 97 -4.142857142857142
98 98 4.5
99 99 3.3571428571428577
100 100 -2.357142857142857
101 101 -3.857142857142857
102 102 -3.1428571428571432
103 103 -5.785714285714286
104 104 0.1428571428571428
105 105 -2.2857142857142856
106 106 0.0714285714285714
107 107 1.7857142857142858
108 108 -2.0
109 109 5.857142857142858
110 110 -1.6428571428571428
111 111 -3.357142857142857
112 112 -1.5714285714285716
113 113 2.285714285714286
114 114 5.571428571428571
115 115 7.285714285714286
116 116 4.285714285714286
117 117 -3.5
118 118 -7.571428571428571
119 119 -1.2857142857142856
120 120 1.5714285714285714
121 121 2.357142857142857
122 122 -2.0
123 123 -4.357142857142858
124 124 -1.0
125 125 3.5000000000000004
126 126 0.7857142857142858
127 127 -1.9285714285714284
128 128 1.9285714285714282
129 129 10.571428571428571
130 130 5.5
131 131 -3.071428571428572
132 132 -4.428571428571429
133 133 2.857142857142857
134 134 -2.8571428571428568
135 135 -0.9285714285714288
136 136 0.5714285714285714
137 137 -1.142857142857143
138 138 -5.642857142857143
139 139 -3.142857142857143
140 140 -4.142857142857143
141 141 -2.857142857142857
142 142 2.357142857142857
143 143 1.857142857142857
144 144 2.857142857142857
145 145 1.2857142857142858
146 146 -1.0
147 147 -2.2142857142857144
148 148 1.1428571428571423
149 149 3.3571428571428577
150 150 0.1428571428571428
151 151 -1.9999999999999998
152 152 0.0714285714285714
153 153 0.7857142857142858
154 154 10.5
155 155 -4.285714285714286
156 156 -2.9285714285714284
157 157 -2.2857142857142856
158 158 -1.4285714285714286
159 159 -0.5
160 160 4.714285714285714
161 161 -7.071428571428572
162 162 3.7857142857142856
163 163 0.2142857142857142
164 164 -0.3571428571428572
165 165 -6.785714285714286
166 166 -0.4999999999999998
167 167 3.3571428571428568
168 168 -3.714285714285714
169 169 2.7142857142857144
170 170 -1.5000000000000002
171 171 -4.928571428571429
172 172 -0.9285714285714286
173 173 1.4285714285714284
174 174 2.7142857142857144
175 175 1.0
176 176 -2.428571428571429
177 177 4.571428571428572
178 178 -1.2142857142857144
179 179 -0.2857142857142858
180 180 1.2142857142857142
181 181 1.285714285714286
182 182 5.7142857142857135
183 183 -0.5000000000000002
184 184 3.285714285714286
185 185 2.7857142857142856
186 186 -0.7142857142857144
187 187 -1.5714285714285718
188 188 3.142857142857143
189 189 0.0714285714285714
190 190 -1.7857142857142858
191 191 -4.0
192 192 2.5
193 193 -3.7142857142857144
194 194 1.8571428571428572
195 195 0.5714285714285718
196 196 -2.0714285714285716
197 197 4.642857142857142
198 198 -0.3571428571428572
199 199 -2.0714285714285716
200 200 -3.428571428571429
201 201 -4.0
202 202 -6.714285714285714
203 203 -3.6428571428571423
204 204 -5.357142857142858
205 205 2.285714285714286
206 206 -7.357142857142858
207 207 -3.4285714285714284
208 208 0.5714285714285716
209 209 4.357142857142857
210 210 -4.357142857142858
211 211 -1.7142857142857142
212 212 3.071428571428571
213 213 0.2142857142857144
214 214 -0.2142857142857142
215 215 -2.6428571428571432
216 216 -3.6428571428571423
217 217 1.8571428571428572
218 218 -2.7857142857142856
219 219 0.2857142857142858
220 220 -7.928571428571429
221 221 0.5
222 222 0.2857142857142858
223 223 1.5
224 224 2.7142857142857144
225 225 5.7142857142857135
226 226 -3.642857142857143
227 227 -1.0000000000000004
228 228 2.500000000000001
229 229 -8.714285714285715
230 230 2.928571428571429
231 231 2.1428571428571432
232 232 1.4285714285714288
233 233 0.4285714285714288
234 234 -1.7142857142857144
235 235 0.2142857142857144
236 236 -1.9285714285714284
237 237 -0.2142857142857142
238 238 -3.928571428571429
239 239 -1.857142857142857
240 240 -2.1428571428571432
241 241 5.642857142857142
242 242 -3.9285714285714284
243 243 -3.7857142857142856
244 244 1.9285714285714286
245 245 -3.071428571428572
246 246 0.3571428571428572
247 247 0.5714285714285714
248 248 -0.4285714285714286
249 249 -1.7857142857142856
250 250 -1.2142857142857144
251 251 -7.357142857142857
252 252 -0.07142857142857162
1 2 2.0
1 9 0.5714285714285714
1 42 0.5714285714285714
1 47 0.5714285714285714
1 85 1.3571428571428572
1 93 -1.3571428571428572
2 3 0.9285714285714286
2 9 -2.0
2 10 0.9285714285714286
2 133 -0.9285714285714286
2 143 -1.3571428571428572
2 176 -1.3571428571428572
3 4 -0.5714285714285714
3 10 2.0
3 11 -2.0
3 20 2.0
3 29 0.9285714285714286
3 226 2.0
3 236 1.3571428571428572
4 11 -1.7857142857142858
4 12 -0.5714285714285714
4 123 -1.3571428571428572
4 128 -1.3571428571428572
5 15 0.9285714285714286
5 106 -2.0
5 115 0.5714285714285714
6 7 2.0
6 15 1.3571428571428572
6 16 -1.7857142857142858
6 156 1.7857142857142858
6 161 0.5714285714285714
6 192 0.9285714285714286
6 196 2.0
7 16 0.5714285714285714
7 17 0.5714285714285714
7 41 -2.0
7 247 -0.9285714285714286
7 251 0.9285714285714286
8 18 -0.5714285714285714
8 19 -1.7857142857142858
8 184 0.5714285714285714
8 225 -2.0
8 235 -1.7857142857142858
9 10 -0.5714285714285714
9 85 0.5714285714285714
9 93 -1.7857142857142858
9 133 -0.5714285714285714
9 143 -0.9285714285714286
10 11 1.3571428571428572
10 176 -0.9285714285714286
10 226 -1.3571428571428572
10 236 1.7857142857142858
11 12 -0.9285714285714286
11 20 -0.5714285714285714
11 29 2.0
12 13 -0.9285714285714286
12 123 1.3571428571428572
12 128 -0.9285714285714286
12 163 -1.7857142857142858
12 168 1.3571428571428572
13 14 -0.9285714285714286
13 204 1.3571428571428572
13 215 1.7857142857142858
14 56 1.7857142857142858
14 71 -2.0
14 102 1.3571428571428572
14 117 0.5714285714285714
15 16 1.7857142857142858
15 106 1.3571428571428572
15 115 -1.3571428571428572
15 156 -1.3571428571428572
15 161 2.0
16 17 -1.7857142857142858
16 192 -1.7857142857142858
16 196 1.3571428571428572
16 247 1.7857142857142858
16 251 -2.0
17 19 0.5714285714285714
17 41 -0.9285714285714286
17 90 -1.3571428571428572
17 96 -1.7857142857142858
18 25 -1.3571428571428572
18 31 1.7857142857142858
18 225 -1.7857142857142858
18 235 2.0
19 138 -1.7857142857142858
19 146 0.9285714285714286
19 184 -1.7857142857142858
20 26 -2.0
20 29 -1.3571428571428572
20 200 -1.3571428571428572
20 211 1.3571428571428572
21 22 1.3571428571428572
21 28 -2.0
22 23 -2.0
22 28 -0.9285714285714286
22 35 -1.3571428571428572
22 241 -2.0
23 24 -1.7857142857142858
23 30 -1.7857142857142858
24 25 -1.7857142857142858
24 30 1.3571428571428572
24 31 2.0
24 173 1.7857142857142858
25 31 -1.3571428571428572
25 32 0.5714285714285714
25 70 1.7857142857142858
26 29 -1.7857142857142858
26 33 1.3571428571428572
26 67 1.3571428571428572
26 103 2.0
26 113 -0.5714285714285714
27 28 1.3571428571428572
27 100 -1.7857142857142858
28 241 -1.3571428571428572
29 33 0.9285714285714286
29 67 1.7857142857142858
30 31 0.5714285714285714
30 173 -2.0
31 32 0.9285714285714286
32 70 1.7857142857142858
32 122 -0.5714285714285714
33 103 2.0
33 113 0.5714285714285714
33 153 -2.0
33 159 2.0
34 38 -2.0
35 222 -0.9285714285714286
35 233 -1.3571428571428572
36 37 -0.5714285714285714
36 53 1.3571428571428572
36 89 -1.3571428571428572
36 98 -1.7857142857142858
37 38 1.3571428571428572
37 48 -1.3571428571428572
37 139 -1.7857142857142858
37 150 -1.3571428571428572
38 39 0.9285714285714286
38 48 -1.7857142857142858
38 229 2.0
38 239 0.9285714285714286
39 40 -1.3571428571428572
39 50 -1.3571428571428572
39 78 -0.9285714285714286
39 82 1.7857142857142858
39 126 -1.7857142857142858
39 131 1.3571428571428572
40 41 1.3571428571428572
40 50 0.5714285714285714
40 165 1.7857142857142858
40 171 1.3571428571428572
40 207 1.3571428571428572
40 218 0.9285714285714286
41 52 -1.7857142857142858
41 62 2.0
42 43 2.0
42 47 0.5714285714285714
42 198 0.5714285714285714
43 44 -1.3571428571428572
43 47 0.9285714285714286
43 49 -1.3571428571428572
43 55 1.3571428571428572
43 101 0.9285714285714286
44 45 -0.5714285714285714
44 49 -0.9285714285714286
44 51 -1.7857142857142858
44 151 -0.5714285714285714
44 187 1.3571428571428572
45 51 1.3571428571428572
45 53 -2.0
45 242 0.5714285714285714
46 54 2.0
46 174 0.5714285714285714
46 220 0.9285714285714286
47 49 0.5714285714285714
47 55 1.7857142857142858
48 229 2.0
48 239 1.3571428571428572
49 51 0.5714285714285714
49 101 0.9285714285714286
49 151 2.0
50 126 0.9285714285714286
50 131 -2.0
50 165 0.5714285714285714
50 171 1.3571428571428572
51 53 -1.3571428571428572
51 187 2.0
51 242 1.3571428571428572
52 62 -0.9285714285714286
52 68 0.5714285714285714
52 120 -2.0
54 220 1.3571428571428572
55 65 -1.3571428571428572
55 93 1.7857142857142858
56 71 -0.5714285714285714
56 203 -0.9285714285714286
56 214 -1.7857142857142858
57 60 1.3571428571428572
57 61 0.9285714285714286
57 71 -0.5714285714285714
57 72 -1.7857142857142858
57 73 -0.9285714285714286
57 106 1.3571428571428572
57 116 -2.0
58 59 2.0
58 67 -0.5714285714285714
58 69 -1.7857142857142858
58 76 1.7857142857142858
58 124 1.7857142857142858
58 128 -1.3571428571428572
59 60 -0.9285714285714286
59 69 1.3571428571428572
59 168 0.5714285714285714
59 215 -0.9285714285714286
60 71 0.9285714285714286
60 72 -1.7857142857142858
61 62 -2.0
61 73 -0.9285714285714286
61 74 0.9285714285714286
61 156 -0.9285714285714286
61 162 -2.0
61 192 0.9285714285714286
61 197 -1.7857142857142858
62 63 -0.5714285714285714
62 68 -0.9285714285714286
62 74 1.3571428571428572
62 247 -1.7857142857142858
62 252 1.7857142857142858
63 64 -2.0
63 68 -2.0
63 75 2.0
63 90 1.7857142857142858
63 97 2.0
63 138 1.7857142857142858
63 147 -2.0
64 70 -2.0
64 75 -0.5714285714285714
64 185 -2.0
64 225 -1.3571428571428572
65 66 0.9285714285714286
65 93 -0.9285714285714286
65 143 1.7857142857142858
66 67 -0.5714285714285714
66 178 -0.5714285714285714
66 227 1.7857142857142858
66 236 2.0
67 69 -0.5714285714285714
67 76 -2.0
68 75 -0.9285714285714286
68 90 2.0
68 97 1.7857142857142858
69 124 2.0
69 128 0.5714285714285714
69 168 1.3571428571428572
70 75 -1.3571428571428572
70 225 -2.0
71 72 -0.5714285714285714
71 73 0.5714285714285714
72 107 -0.5714285714285714
72 117 1.3571428571428572
73 74 0.9285714285714286
73 106 -1.3571428571428572
73 116 -0.5714285714285714
73 156 0.5714285714285714
73 162 -1.7857142857142858
74 192 -2.0
74 197 -2.0
74 247 -2.0
74 252 -0.5714285714285714
75 138 0.9285714285714286
75 147 0.9285714285714286
75 185 2.0
76 77 -0.9285714285714286
76 80 1.3571428571428572
76 104 -1.3571428571428572
76 113 -1.3571428571428572
77 78 1.7857142857142858
77 80 2.0
77 81 -1.7857142857142858
77 154 -0.5714285714285714
77 159 -0.9285714285714286
77 190 -0.5714285714285714
77 194 -0.9285714285714286
78 81 -1.3571428571428572
78 82 -0.9285714285714286
78 245 -0.5714285714285714
78 249 -1.7857142857142858
79 83 -1.7857142857142858
79 84 -2.0
79 177 -1.7857142857142858
79 182 -1.7857142857142858
80 81 -0.5714285714285714
80 104 -1.3571428571428572
80 113 0.5714285714285714
80 154 -2.0
80 159 -0.5714285714285714
81 82 1.7857142857142858
81 190 -0.9285714285714286
81 194 -0.9285714285714286
81 245 1.7857142857142858
81 249 1.7857142857142858
82 83 1.7857142857142858
82 88 -0.9285714285714286
83 84 -2.0
83 136 1.3571428571428572
83 144 0.9285714285714286
83 177 -1.7857142857142858
83 182 -2.0
84 223 0.9285714285714286
84 233 1.7857142857142858
85 93 0.9285714285714286
85 209 -1.7857142857142858
86 140 0.5714285714285714
86 150 -2.0
87 89 0.9285714285714286
87 94 2.0
87 151 1.3571428571428572
87 157 -0.5714285714285714
87 187 0.5714285714285714
88 95 0.9285714285714286
88 131 0.9285714285714286
89 91 -2.0
89 94 0.9285714285714286
89 98 -1.3571428571428572
89 242 1.3571428571428572
90 96 -1.3571428571428572
90 97 -2.0
91 92 -0.9285714285714286
91 98 -1.3571428571428572
91 99 -0.9285714285714286
91 142 0.5714285714285714
92 99 -0.9285714285714286
92 100 1.7857142857142858
92 174 -2.0
92 181 -0.9285714285714286
92 220 0.9285714285714286
92 231 -1.7857142857142858
94 187 -0.5714285714285714
94 242 -1.3571428571428572
95 96 1.3571428571428572
95 131 1.7857142857142858
95 166 2.0
95 171 -0.9285714285714286
96 97 0.5714285714285714
96 218 0.9285714285714286
97 120 1.7857142857142858
99 100 0.9285714285714286
99 142 -0.9285714285714286
99 174 -0.9285714285714286
99 181 -0.5714285714285714
100 220 2.0
100 231 -0.5714285714285714
101 111 2.0
102 107 0.5714285714285714
102 117 1.7857142857142858
102 214 -0.5714285714285714
103 104 -0.9285714285714286
103 112 1.3571428571428572
103 113 -1.3571428571428572
103 227 1.3571428571428572
103 237 1.3571428571428572
104 105 0.5714285714285714
104 113 1.7857142857142858
104 114 2.0
104 124 0.9285714285714286
104 129 -1.7857142857142858
105 106 0.5714285714285714
105 114 -0.9285714285714286
105 115 0.9285714285714286
105 169 1.3571428571428572
105 205 -2.0
105 216 1.7857142857142858
106 115 -0.9285714285714286
106 116 0.9285714285714286
107 116 -1.7857142857142858
107 117 -2.0
107 118 2.0
108 109 -1.3571428571428572
108 118 1.7857142857142858
108 119 2.0
108 162 0.9285714285714286
108 197 -1.3571428571428572
109 119 -1.3571428571428572
109 120 -1.3571428571428572
109 252 -1.7857142857142858
110 121 -0.9285714285714286
110 122 2.0
110 185 0.5714285714285714
111 112 1.3571428571428572
111 134 -1.7857142857142858
111 148 1.7857142857142858
112 113 -0.5714285714285714
112 178 -0.5714285714285714
112 227 -1.3571428571428572
112 237 1.3571428571428572
113 114 -1.3571428571428572
114 115 -2.0
114 124 -0.5714285714285714
114 129 -1.3571428571428572
114 169 -1.3571428571428572
115 116 -1.7857142857142858
115 205 -1.3571428571428572
115 216 -1.3571428571428572
116 118 0.9285714285714286
117 118 1.7857142857142858
118 119 2.0
118 162 -0.9285714285714286
119 120 0.5714285714285714
119 197 -1.3571428571428572
119 252 -0.5714285714285714
120 121 -0.5714285714285714
121 122 0.5714285714285714
121 147 0.5714285714285714
121 185 -2.0
123 124 2.0
123 128 2.0
123 201 0.9285714285714286
123 212 -0.5714285714285714
124 125 -1.3571428571428572
124 128 -1.7857142857142858
124 129 -2.0
125 126 0.9285714285714286
125 129 -1.7857142857142858
125 130 -2.0
125 154 -1.3571428571428572
125 160 0.5714285714285714
125 190 0.9285714285714286
125 195 0.5714285714285714
126 130 -1.7857142857142858
126 131 0.5714285714285714
126 245 0.9285714285714286
126 250 -0.5714285714285714
127 132 1.3571428571428572
127 183 0.9285714285714286
127 223 -0.9285714285714286
127 234 0.5714285714285714
128 129 0.9285714285714286
129 130 -0.5714285714285714
129 154 -2.0
129 160 -2.0
130 131 -1.3571428571428572
130 190 1.3571428571428572
130 195 2.0
130 245 -1.3571428571428572
130 250 -1.7857142857142858
131 132 1.7857142857142858
132 136 -0.5714285714285714
132 177 0.9285714285714286
132 183 0.9285714285714286
133 134 1.3571428571428572
133 143 -1.3571428571428572
133 199 -1.3571428571428572
134 135 0.5714285714285714
134 143 1.3571428571428572
134 148 1.3571428571428572
135 139 -0.5714285714285714
135 148 -0.5714285714285714
135 149 -1.3571428571428572
135 152 1.7857142857142858
135 157 2.0
135 188 -0.9285714285714286
136 137 1.7857142857142858
136 144 -1.7857142857142858
136 145 -1.3571428571428572
137 138 2.0
137 145 2.0
137 146 -1.7857142857142858
137 166 -1.3571428571428572
137 172 -0.5714285714285714
137 219 -0.9285714285714286
138 146 0.9285714285714286
138 147 1.7857142857142858
139 140 1.7857142857142858
139 149 1.3571428571428572
139 150 1.7857142857142858
139 243 0.5714285714285714
140 141 1.7857142857142858
140 142 -2.0
140 150 2.0
141 175 1.3571428571428572
141 181 -0.9285714285714286
141 221 -1.3571428571428572
141 231 2.0
143 148 -1.3571428571428572
144 145 -2.0
145 146 0.9285714285714286
145 166 -1.7857142857142858
145 172 0.9285714285714286
146 147 0.9285714285714286
146 219 -0.9285714285714286
148 149 0.5714285714285714
148 152 -0.9285714285714286
148 157 -2.0
149 150 -0.5714285714285714
149 188 -2.0
149 243 -1.3571428571428572
151 152 -1.3571428571428572
151 157 0.5714285714285714
152 153 0.9285714285714286
152 157 0.9285714285714286
152 158 0.5714285714285714
152 179 -2.0
153 154 -2.0
153 158 0.9285714285714286
153 159 1.3571428571428572
153 228 -0.5714285714285714
153 237 0.5714285714285714
154 155 0.5714285714285714
154 159 -1.3571428571428572
154 160 -1.7857142857142858
155 156 2.0
155 160 1.3571428571428572
155 161 -1.3571428571428572
155 164 1.3571428571428572
155 169 -2.0
155 206 0.5714285714285714
155 216 1.7857142857142858
156 161 1.7857142857142858
156 162 -0.9285714285714286
157 158 1.3571428571428572
158 159 0.9285714285714286
158 228 -1.7857142857142858
158 237 -0.5714285714285714
159 160 -0.9285714285714286
160 164 -1.3571428571428572
160 169 -0.5714285714285714
161 162 0.9285714285714286
161 206 1.3571428571428572
161 216 1.7857142857142858
163 168 1.7857142857142858
163 202 1.7857142857142858
163 212 -2.0
164 165 0.9285714285714286
164 169 -0.5714285714285714
164 170 0.9285714285714286
164 195 -0.9285714285714286
165 166 0.5714285714285714
165 170 -1.3571428571428572
165 171 1.3571428571428572
165 246 2.0
165 250 0.9285714285714286
166 167 -0.9285714285714286
166 172 2.0
167 172 -1.7857142857142858
167 173 1.3571428571428572
167 183 0.5714285714285714
167 224 -0.5714285714285714
167 234 -2.0
168 169 -1.3571428571428572
169 170 1.7857142857142858
170 191 0.9285714285714286
170 195 -0.5714285714285714
170 246 -2.0
170 250 1.7857142857142858
171 172 1.7857142857142858
172 173 -2.0
172 183 0.5714285714285714
173 224 -0.5714285714285714
174 175 -0.9285714285714286
174 181 0.5714285714285714
175 180 -2.0
175 181 0.5714285714285714
176 178 1.7857142857142858
176 199 2.0
176 210 0.9285714285714286
177 182 -1.3571428571428572
177 183 -0.5714285714285714
178 179 0.5714285714285714
179 186 -0.5714285714285714
179 188 1.3571428571428572
179 193 0.9285714285714286
180 221 -0.5714285714285714
180 232 1.3571428571428572
182 183 -0.5714285714285714
183 184 -1.3571428571428572
184 185 -1.3571428571428572
184 208 -1.3571428571428572
184 219 2.0
186 188 -0.9285714285714286
186 193 1.7857142857142858
186 243 1.3571428571428572
186 248 -0.9285714285714286
187 188 -1.7857142857142858
188 189 0.5714285714285714
188 193 0.5714285714285714
189 190 -0.5714285714285714
189 193 0.9285714285714286
189 194 -1.7857142857142858
189 228 -0.5714285714285714
189 238 1.3571428571428572
190 191 2.0
190 194 1.3571428571428572
190 195 -1.7857142857142858
191 192 -0.9285714285714286
191 195 0.5714285714285714
191 196 0.5714285714285714
191 206 1.7857142857142858
191 217 -0.9285714285714286
192 196 -0.5714285714285714
192 197 0.9285714285714286
193 194 -0.9285714285714286
193 228 -1.3571428571428572
193 238 1.7857142857142858
194 195 1.3571428571428572
195 196 -1.7857142857142858
196 197 0.9285714285714286
196 206 1.3571428571428572
196 217 -1.7857142857142858
198 199 1.7857142857142858
198 209 -2.0
199 200 -0.9285714285714286
199 210 0.5714285714285714
200 201 1.7857142857142858
200 210 2.0
200 211 0.5714285714285714
200 226 1.3571428571428572
201 202 0.9285714285714286
201 211 0.9285714285714286
201 212 -0.5714285714285714
202 203 2.0
202 204 2.0
202 212 2.0
202 213 -2.0
203 213 0.5714285714285714
203 214 2.0
204 205 -1.7857142857142858
204 213 2.0
204 215 1.7857142857142858
205 206 1.3571428571428572
205 215 0.9285714285714286
205 216 0.5714285714285714
206 207 0.9285714285714286
206 216 -0.9285714285714286
206 217 0.9285714285714286
207 217 0.5714285714285714
207 218 -1.7857142857142858
207 246 0.5714285714285714
207 251 1.7857142857142858
208 219 -1.7857142857142858
208 224 2.0
208 235 0.5714285714285714
209 210 -0.5714285714285714
210 211 -0.5714285714285714
210 226 2.0
211 212 -0.5714285714285714
212 213 -1.3571428571428572
213 214 0.5714285714285714
215 216 -0.9285714285714286
216 217 0.9285714285714286
217 218 1.3571428571428572
217 246 -2.0
217 251 -0.9285714285714286
218 219 1.3571428571428572
220 221 1.7857142857142858
220 231 0.9285714285714286
221 222 2.0
221 231 -1.7857142857142858
221 232 -0.5714285714285714
222 223 -0.5714285714285714
222 230 -2.0
222 232 2.0
222 233 -1.3571428571428572
222 241 0.5714285714285714
223 224 -1.7857142857142858
223 233 -0.9285714285714286
223 234 1.7857142857142858
224 225 2.0
224 234 -2.0
224 235 -1.7857142857142858
225 235 -0.5714285714285714
226 227 0.5714285714285714
226 236 -0.9285714285714286
227 228 1.3571428571428572
227 236 -0.9285714285714286
227 237 -1.7857142857142858
228 237 -1.3571428571428572
228 238 1.7857142857142858
229 238 1.3571428571428572
229 244 2.0
229 248 1.3571428571428572
230 232 -1.3571428571428572
230 240 1.3571428571428572
230 241 -0.9285714285714286
231 232 -0.9285714285714286
232 233 -0.5714285714285714
232 241 -1.3571428571428572
233 234 2.0
234 235 1.3571428571428572
236 237 -1.3571428571428572
237 238 2.0
238 239 -1.7857142857142858
238 244 -2.0
238 248 -0.5714285714285714
239 240 1.3571428571428572
240 241 -0.5714285714285714
242 243 2.0
243 244 -0.5714285714285714
243 248 1.7857142857142858
244 245 1.7857142857142858
244 248 -1.7857142857142858
244 249 -1.3571428571428572
245 246 -0.9285714285714286
245 249 2.0
245 250 -0.5714285714285714
246 247 0.9285714285714286
246 250 -0.9285714285714286
246 251 2.0
247 251 2.0
247 252 -0.5714285714285714
248 249 0.5714285714285714
249 250 0.5714285714285714
250 251 1.7857142857142858
251 252 1.7857142857142858
