989 4009
1 1 -6.214285714285714
2 2 9.214285714285714
3 3 4.428571428571429
4 4 0.7857142857142858
5 5 -2.0
6 6 3.3571428571428568
7 7 -0.3571428571428572
8 8 -1.0000000000000002
9 9 -4.500000000000001
10 10 6.285714285714286
11 11 -1.0714285714285714
12 12 -4.0
13 13 2.4999999999999996
14 14 5.571428571428571
15 15 -1.8571428571428572
16 16 1.1428571428571423
17 17 0.6428571428571428
18 18 -2.928571428571429
19 19 0.9285714285714286
20 20 1.3571428571428572
21 21 -1.642857142857143
22 22 3.0000000000000004
23 23 -2.5
24 24 -1.0714285714285712
25 25 -2.2857142857142856
26 26 -0.357142857142857
27 27 -1.7857142857142858
28 28 -1.9285714285714284
29 29 -2.428571428571429
30 30 -2.1428571428571432
31 31 3.571428571428571
32 32 -1.5
33 33 -1.0
34 34 0.9285714285714284
35 35 -0.6428571428571432
36 36 -4.142857142857143
37 37 -5.92857142857143
38 38 2.3571428571428568
39 39 2.857142857142857
40 40 0.0714285714285714
41 41 2.2857142857142856
42 42 4.857142857142858
43 43 1.4999999999999998
44 44 -2.857142857142857
46 46 0.1428571428571428
47 47 -3.357142857142857
48 48 -2.2857142857142856
49 49 3.2142857142857144
50 50 0.6428571428571428
51 51 3.9285714285714284
52 52 1.0714285714285714
53 53 -1.642857142857143
54 54 -0.1428571428571428
55 55 4.642857142857142
56 56 -2.2142857142857144
57 57 -4.285714285714286
58 58 1.5714285714285714
59 59 0.2857142857142858
60 60 -5.357142857142858
61 61 1.2142857142857144
62 62 -1.142857142857143
63 63 2.5714285714285716
64 64 6.142857142857142
65 65 -0.3571428571428572
66 66 4.428571428571429
67 67 2.5
68 68 -3.428571428571429
69 69 -4.571428571428572
70 70 -0.5714285714285716
71 71 -2.1428571428571432
72 72 -1.2857142857142858
73 73 1.0
74 74 0.6428571428571428
75 75 1.6428571428571423
76 76 3.5
77 77 2.0
78 78 -2.1428571428571432
79 79 -1.2142857142857142
80 80 0.2857142857142858
81 81 -6.2857142857142865
82 82 -0.7857142857142856
83 83 -2.7857142857142856
84 84 -1.642857142857143
85 85 -5.2857142857142865
86 86 -3.5
87 87 2.500000000000001
88 88 -2.7857142857142856
89 89 -0.5714285714285714
90 90 5.428571428571428
91 91 0.5714285714285712
92 92 4.857142857142858
93 93 5.714285714285714
94 94 4.0
96 96 -2.285714285714286
97 97 1.0000000000000002
98 98 -3.4285714285714284
99 99 -3.6428571428571432
100 100 -4.357142857142858
101 101 3.7857142857142865
102 102 -2.2857142857142865
103 103 -1.5714285714285718
104 104 5.071428571428572
105 105 -1.2142857142857142
106 106 0.5714285714285714
107 107 2.214285714285715
108 108 -2.928571428571429
109 109 -4.2857142857142865
110 110 -1.5
111 111 2.928571428571429
112 112 0.5714285714285716
113 113 -2.428571428571429
114 114 -0.5714285714285716
115 115 0.9285714285714286
116 116 -0.9285714285714288
117 117 2.6428571428571432
118 118 3.071428571428571
119 119 -0.2857142857142856
120 120 -1.3571428571428577
121 121 -4.357142857142857
122 122 -4.071428571428572
123 123 -0.7142857142857144
124 124 -0.28571428571428537
125 125 -2.357142857142857
126 126 -1.5714285714285716
127 127 -1.3571428571428572
128 128 1.857142857142857
129 129 0.6428571428571437
130 130 -5.071428571428571
131 131 0.7857142857142858
132 132 -3.428571428571429
133 133 1.714285714285714
134 134 -2.428571428571429
135 135 -3.571428571428572
136 136 -0.2857142857142858
137 137 3.7142857142857144
138 138 -3.428571428571429
139 139 6.428571428571429
140 140 0.8571428571428572
141 141 -3.1428571428571432
142 142 1.5714285714285714
143 143 7.357142857142856
144 144 3.2857142857142856
145 145 -2.9999999999999996
146 146 7.071428571428572
147 147 1.9999999999999998
148 148 4.428571428571429
149 149 1.9999999999999998
150 150 -1.785714285714286
151 151 -1.0
152 152 2.1428571428571432
153 153 0.8571428571428572
154 154 2.6428571428571432
155 155 2.428571428571429
156 156 -1.142857142857143
157 157 4.214285714285714
158 158 5.071428571428572
159 159 -1.642857142857143
160 160 -1.2857142857142856
161 161 -5.214285714285715
162 162 1.1428571428571428
163 163 1.785714285714285
164 164 -5.214285714285714
165 165 -0.5
166 166 7.357142857142858
168 168 4.571428571428571
169 169 7.214285714285714
170 170 -1.0
171 171 -5.0
172 172 -2.8571428571428568
173 173 -4.714285714285714
174 174 0.7857142857142858
175 175 5.0
176 176 3.7857142857142856
177 177 -2.571428571428571
178 178 -7.571428571428571
179 179 -0.7142857142857144
180 180 0.9285714285714279
181 181 0.3571428571428572
182 182 -2.285714285714286
183 183 -2.5
184 184 3.7857142857142856
185 185 -1.142857142857143
186 186 0.9999999999999998
187 187 -5.7857142857142865
188 188 -5.0
189 189 -0.5714285714285712
191 191 0.14285714285714302
192 192 0.5000000000000002
193 193 5.5
194 194 7.428571428571429
195 195 -3.2857142857142856
196 196 0.4285714285714286
197 197 0.1428571428571428
198 198 -0.4285714285714286
199 199 -0.5000000000000002
200 200 -2.5
201 201 7.571428571428571
203 203 -5.5
204 204 -1.9285714285714286
205 205 4.071428571428572
206 206 -3.1428571428571432
207 207 2.9285714285714284
208 208 -5.928571428571429
209 209 0.07142857142857117
210 210 -0.3571428571428572
211 211 -0.6428571428571428
212 212 -6.428571428571429
213 213 -6.357142857142858
214 214 -2.642857142857143
215 215 2.5
216 216 6.071428571428571
217 217 -0.4285714285714286
218 218 -1.0
219 219 2.0
220 220 1.642857142857143
221 221 5.928571428571429
222 222 4.2857142857142865
223 223 3.7857142857142865
224 224 0.6428571428571428
225 225 -3.2142857142857144
226 226 0.9285714285714286
227 227 -4.0
228 228 2.142857142857143
229 229 -0.7857142857142858
230 230 2.4285714285714284
231 231 1.214285714285714
232 232 3.5000000000000004
233 233 0.9999999999999998
234 234 1.1428571428571428
235 235 -1.4285714285714282
236 236 -1.0000000000000004
237 237 -2.5714285714285716
238 238 0.8571428571428568
239 239 -3.142857142857143
240 240 4.428571428571429
241 241 0.9285714285714286
242 242 0.5
243 243 -1.785714285714286
244 244 4.142857142857142
245 245 0.9285714285714286
246 246 1.4285714285714286
247 247 3.8571428571428577
248 248 -3.5
249 249 0.6428571428571432
250 250 2.7857142857142856
251 251 6.214285714285714
252 252 4.357142857142858
253 253 2.2142857142857144
254 254 -3.7857142857142856
255 255 -1.7857142857142858
256 256 -6.928571428571429
257 257 1.7857142857142856
258 258 1.7857142857142854
259 259 -5.357142857142858
260 260 -2.1428571428571423
261 261 -1.8571428571428577
262 262 1.642857142857143
263 263 2.5
264 264 2.7857142857142865
265 265 -1.357142857142857
266 266 0.5714285714285714
267 267 -3.9285714285714284
268 268 -1.785714285714286
269 269 2.8571428571428568
270 270 -0.8571428571428572
271 271 -0.4285714285714288
272 272 -2.2857142857142856
273 273 -0.3571428571428572
274 274 -2.5
275 275 1.4285714285714288
276 276 -3.928571428571429
277 277 1.0714285714285714
278 278 4.0
279 279 1.4285714285714286
280 280 -0.857142857142857
281 281 -2.4285714285714284
282 282 2.7142857142857144
283 283 -2.071428571428571
284 284 -2.428571428571428
285 285 -1.5714285714285712
286 286 1.8571428571428574
287 287 2.5714285714285716
288 288 3.1428571428571423
289 289 -1.3571428571428574
290 290 0.35714285714285765
291 291 -0.2142857142857144
292 292 4.142857142857143
293 293 -4.571428571428571
294 294 1.9999999999999998
295 295 -4.2857142857142865
296 296 0.42857142857142816
297 297 9.785714285714285
298 298 1.1428571428571428
299 299 -4.571428571428571
300 300 -0.7142857142857144
301 301 2.571428571428571
302 302 0.49999999999999956
303 303 8.642857142857142
304 304 -2.0000000000000004
305 305 1.5714285714285712
306 306 3.857142857142857
307 307 1.0714285714285714
308 308 0.8571428571428572
309 309 4.0
310 310 1.142857142857143
311 311 -0.7857142857142858
312 312 8.5
313 313 -2.0714285714285716
314 314 0.1428571428571428
315 315 0.28571428571428537
316 316 -2.7142857142857144
317 317 5.0
318 318 -2.2857142857142856
319 319 2.428571428571429
320 320 -1.142857142857143
321 321 -2.428571428571429
322 322 2.2857142857142856
323 323 -3.9285714285714284
324 324 3.357142857142857
325 325 0.3571428571428572
326 326 3.7142857142857144
327 327 -4.642857142857143
328 328 -3.214285714285714
330 330 2.3571428571428568
331 331 0.8571428571428572
332 332 0.5714285714285716
333 333 3.7142857142857144
334 334 2.071428571428571
335 335 0.9285714285714282
336 336 4.0
337 337 -6.571428571428571
338 338 -2.2857142857142856
339 339 -2.357142857142857
340 340 2.0
341 341 2.6428571428571432
342 342 -1.1428571428571428
343 343 -2.928571428571429
344 344 -5.357142857142858
345 345 -6.714285714285714
346 346 0.7142857142857144
347 347 1.7857142857142858
348 348 1.7857142857142856
349 349 7.0
350 350 -0.35714285714285654
351 351 -0.2857142857142856
352 352 1.0714285714285714
353 353 -2.571428571428572
355 355 -0.3571428571428572
356 356 -1.0714285714285714
357 357 1.4285714285714286
358 358 -2.5000000000000004
359 359 1.0
360 360 0.3571428571428572
361 361 -0.7857142857142854
362 362 3.3571428571428568
363 363 2.1428571428571432
364 364 1.3571428571428572
365 365 -0.9999999999999996
366 366 3.3571428571428568
367 367 0.6428571428571423
368 368 -5.142857142857142
369 369 -3.5714285714285716
370 370 -2.5
371 371 2.642857142857143
372 372 3.0000000000000004
373 373 3.3571428571428568
374 374 6.2857142857142865
375 375 6.714285714285714
376 376 6.428571428571429
377 377 -2.571428571428571
378 378 -2.3571428571428577
379 379 3.071428571428571
380 380 1.5000000000000002
381 381 1.2142857142857144
382 382 5.428571428571429
383 383 0.9285714285714286
384 384 3.2142857142857144
385 385 3.7142857142857144
386 386 0.35714285714285676
387 387 -0.5714285714285714
388 388 -0.1428571428571428
389 389 -1.5000000000000002
390 390 1.7857142857142858
391 391 -3.571428571428571
392 392 -1.4285714285714286
393 393 -2.7142857142857144
394 394 -2.0
395 395 -1.4285714285714286
396 396 2.7857142857142856
397 397 0.9285714285714286
398 398 -5.714285714285715
399 399 -4.857142857142858
400 400 -0.2142857142857142
401 401 2.928571428571429
402 402 -0.5714285714285714
403 403 2.071428571428571
404 404 -2.928571428571429
405 405 -2.0
406 406 -3.1428571428571432
407 407 -2.5
408 408 -3.2142857142857144
409 409 -0.4285714285714286
410 410 0.5714285714285716
411 411 -1.7857142857142858
412 412 -0.9285714285714284
413 413 -4.571428571428571
414 414 -0.2142857142857144
415 415 -0.0714285714285714
416 416 -0.5714285714285712
417 417 0.4285714285714286
418 418 -1.9285714285714286
419 419 -0.9285714285714286
420 420 -10.857142857142858
421 421 -3.071428571428572
422 422 -2.5
423 423 -1.4285714285714286
424 424 -1.7857142857142851
425 425 3.785714285714286
426 426 0.5714285714285714
427 427 -0.4285714285714286
428 428 -3.5
429 429 -3.499999999999999
430 430 3.071428571428571
431 431 5.2857142857142865
432 432 0.357142857142857
433 433 -1.1428571428571428
434 434 0.2142857142857144
435 435 -1.0
436 436 -3.357142857142857
437 437 4.2857142857142865
438 438 8.642857142857144
439 439 -2.0
440 440 2.071428571428571
441 441 4.214285714285714
442 442 -0.7857142857142854
443 443 -2.571428571428571
444 444 1.2857142857142863
445 445 -6.142857142857143
446 446 0.6428571428571428
447 447 10.357142857142858
448 448 -1.7857142857142858
449 449 -2.4285714285714284
450 450 2.1428571428571432
451 451 3.7142857142857144
452 452 -0.5714285714285716
453 453 -0.4285714285714286
454 454 -1.0
455 455 -3.9285714285714284
456 456 -4.2142857142857135
457 457 7.071428571428571
458 458 1.0000000000000002
459 459 -1.4285714285714282
460 460 4.214285714285714
461 461 -2.2857142857142856
462 462 -3.6428571428571432
463 463 0.5714285714285714
464 464 2.7857142857142856
465 465 -3.642857142857143
466 466 -5.714285714285714
467 467 -4.714285714285714
468 468 5.928571428571429
469 469 3.2857142857142856
470 470 0.642857142857143
471 471 3.1428571428571432
472 472 0.42857142857142927
473 473 1.5000000000000004
474 474 -1.5714285714285716
475 475 -1.0000000000000002
476 476 -0.9285714285714286
477 477 0.21428571428571397
478 478 -3.928571428571429
479 479 0.3571428571428572
480 480 -0.7857142857142856
481 481 3.2142857142857135
482 482 -1.2857142857142863
483 483 -3.7142857142857144
484 484 0.4285714285714288
485 485 1.5714285714285714
486 486 -3.071428571428571
487 487 4.0
488 488 3.9285714285714284
489 489 -3.0714285714285716
490 490 2.928571428571428
491 491 0.9999999999999998
492 492 1.1428571428571428
493 493 -2.1428571428571432
494 494 4.571428571428572
495 495 0.7857142857142858
496 496 -0.5714285714285712
497 497 5.142857142857142
498 498 -5.357142857142857
499 499 -2.2857142857142847
500 500 2.071428571428571
501 501 2.357142857142857
502 502 5.714285714285714
503 503 3.4999999999999996
504 504 -0.7857142857142856
505 505 4.857142857142857
506 506 -0.6428571428571428
507 507 5.357142857142858
508 508 -0.42857142857142816
509 509 1.5
510 510 1.4285714285714284
511 511 -0.642857142857143
512 512 -3.9285714285714284
513 513 -3.5
514 514 0.7142857142857144
515 515 7.857142857142858
516 516 3.428571428571429
517 517 1.2142857142857142
518 518 2.5
519 519 4.642857142857143
520 520 2.6428571428571432
521 521 2.214285714285714
522 522 -4.500000000000001
523 523 -0.35714285714285676
524 524 2.071428571428571
525 525 -3.071428571428571
526 526 -4.5
527 527 0.2857142857142858
528 528 -5.5
529 529 -4.5
530 530 -4.571428571428572
531 531 -2.7142857142857144
532 532 -5.428571428571429
534 534 -4.2857142857142865
535 535 -2.2857142857142856
536 536 -6.928571428571429
537 537 -3.142857142857143
538 538 0.14285714285714302
539 539 3.571428571428571
540 540 -0.14285714285714257
541 541 0.5714285714285712
542 542 7.357142857142857
543 543 8.714285714285715
544 544 -4.357142857142858
545 545 -3.071428571428571
546 546 -1.2142857142857144
547 547 0.5000000000000007
548 548 -6.5
549 549 2.3571428571428563
550 550 -1.7857142857142858
551 551 5.0
552 552 1.1428571428571421
553 553 -4.571428571428572
554 554 -0.8571428571428572
555 555 -11.0
556 556 -0.35714285714285743
557 557 -2.0
558 558 -4.142857142857143
559 559 3.428571428571429
560 560 -0.7142857142857144
561 561 0.0714285714285714
562 562 -1.7857142857142858
563 563 1.4999999999999998
564 564 -1.857142857142857
565 565 3.8571428571428577
566 566 2.928571428571429
567 567 -2.2857142857142856
568 568 -3.928571428571429
569 569 -4.142857142857142
570 570 0.5
571 571 -5.5
572 572 -0.714285714285714
573 573 -2.5714285714285716
574 574 4.285714285714286
575 575 4.142857142857143
576 576 -1.9285714285714286
577 577 -4.928571428571429
578 578 -8.642857142857142
579 579 -5.857142857142858
580 580 1.2142857142857146
581 581 -4.785714285714286
582 582 -3.1428571428571423
583 583 2.142857142857143
584 584 4.5
585 585 1.5714285714285718
586 586 -1.1428571428571428
587 587 0.07142857142857117
588 588 1.2142857142857142
589 589 0.857142857142857
590 590 0.2142857142857142
591 591 0.21428571428571463
592 592 -4.285714285714286
593 593 -5.428571428571429
594 594 2.142857142857143
595 595 -1.7857142857142858
596 596 2.2142857142857144
597 597 8.5
598 598 -6.714285714285714
599 599 -0.8571428571428574
600 600 -7.142857142857142
601 601 -2.0
602 602 -0.14285714285714302
603 603 -0.5000000000000002
604 604 -3.071428571428571
605 605 4.214285714285715
606 606 0.4285714285714286
607 607 0.1428571428571428
608 608 -2.428571428571429
609 609 3.0714285714285716
610 610 2.2857142857142856
611 611 -3.2857142857142856
612 612 -4.0
613 613 -1.8571428571428572
614 614 -3.8571428571428568
615 615 6.714285714285714
616 616 2.285714285714286
617 617 3.7857142857142856
618 618 1.4285714285714284
619 619 4.357142857142858
620 620 1.5000000000000004
621 621 -6.7857142857142865
622 622 3.7857142857142856
623 623 -1.5714285714285716
624 624 -8.142857142857142
625 625 0.2857142857142858
626 626 -2.7857142857142865
627 627 7.285714285714286
628 628 1.5
629 629 3.642857142857143
630 630 1.1428571428571432
631 631 -0.3571428571428572
632 632 -2.5
633 633 -6.357142857142858
634 634 3.071428571428571
635 635 -5.428571428571429
636 636 0.1428571428571428
637 637 -5.285714285714286
638 638 1.4285714285714275
639 639 3.3571428571428577
640 640 3.2142857142857144
641 641 -3.2857142857142856
642 642 0.9285714285714284
643 643 0.8571428571428572
644 644 1.2857142857142858
645 645 3.3571428571428568
646 646 0.8571428571428577
647 647 -4.571428571428572
648 648 2.071428571428571
649 649 0.7857142857142858
650 650 4.428571428571429
651 651 4.7857142857142865
652 652 3.1428571428571432
653 653 -2.7142857142857144
654 654 2.428571428571429
655 655 2.1428571428571432
656 656 -4.642857142857143
657 657 1.4285714285714286
658 658 0.9285714285714286
659 659 3.7142857142857144
660 660 2.071428571428571
661 661 1.642857142857143
662 662 2.0714285714285716
663 663 -9.428571428571429
664 664 -6.357142857142858
665 665 2.7142857142857144
666 666 2.857142857142857
667 667 -3.2142857142857144
668 668 -2.5
669 669 1.3571428571428572
670 670 -3.1428571428571432
671 671 1.0714285714285714
672 672 0.357142857142857
673 673 5.0
674 674 -3.2142857142857144
675 675 -4.285714285714286
676 676 2.357142857142857
677 677 -5.5
678 678 -4.571428571428571
679 679 -10.928571428571429
680 680 -2.5
681 681 6.928571428571429
682 682 0.5000000000000002
683 683 -0.3571428571428572
684 684 3.0000000000000004
685 685 -6.5
686 686 -4.440892098500626e-16
687 687 7.285714285714286
688 688 -4.357142857142858
689 689 -3.2142857142857144
690 690 -1.7857142857142858
691 691 3.6428571428571432
692 692 5.5
693 693 7.142857142857142
694 694 0.2857142857142858
695 695 -2.5
696 696 3.785714285714285
697 697 -6.5
698 698 -5.214285714285715
699 699 -3.5
700 700 5.214285714285714
701 701 3.6428571428571432
702 702 3.8571428571428577
703 703 1.2142857142857146
704 704 -7.285714285714286
705 705 0.2142857142857142
706 706 5.071428571428572
707 707 9.214285714285715
708 708 -0.35714285714285676
709 709 -4.0
710 710 -3.928571428571429
711 711 -4.785714285714286
712 712 5.214285714285714
713 713 1.5714285714285716
714 714 -0.642857142857143
715 715 -6.357142857142857
716 716 4.2857142857142865
718 718 3.1428571428571432
719 719 3.1428571428571432
720 720 2.857142857142857
721 721 4.571428571428571
722 722 6.714285714285714
723 723 -1.7142857142857142
724 724 3.7857142857142856
725 725 -3.3571428571428577
726 726 0.5
727 727 -0.28571428571428537
728 728 -4.642857142857142
729 729 -1.4285714285714282
730 730 2.142857142857143
731 731 -2.6428571428571432
732 732 4.5
733 733 6.2857142857142865
734 734 0.07142857142857162
735 735 6.5
736 736 11.5
737 737 0.857142857142857
738 738 5.000000000000001
739 739 2.1428571428571432
740 740 4.0
741 741 3.2857142857142856
742 742 -0.5714285714285721
743 743 0.4285714285714277
744 744 -2.3571428571428577
745 745 0.2142857142857142
746 746 1.7142857142857142
747 747 -3.7142857142857144
748 748 1.4285714285714284
749 749 -3.428571428571429
750 750 1.5000000000000002
751 751 2.5
752 752 -4.214285714285714
753 753 0.7857142857142858
754 754 -1.7142857142857144
755 755 0.5714285714285716
756 756 5.928571428571429
757 757 -1.2142857142857149
758 758 -2.142857142857143
759 759 5.357142857142857
760 760 -0.2142857142857144
761 761 4.642857142857143
762 762 1.7142857142857144
763 763 -1.8571428571428565
764 764 2.071428571428571
765 765 -0.7142857142857142
766 766 -2.428571428571429
767 767 -0.7142857142857142
768 768 7.642857142857142
769 769 -0.785714285714286
770 770 -9.214285714285715
771 771 -0.2142857142857144
772 772 -0.7857142857142863
773 773 -3.1428571428571432
774 774 -0.14285714285714235
775 775 -1.5000000000000002
776 776 -0.785714285714286
777 777 3.928571428571429
778 778 -1.1428571428571428
779 779 0.8571428571428572
780 780 5.071428571428571
781 781 7.2857142857142865
782 782 -2.2857142857142856
783 783 -0.6428571428571428
784 784 -6.285714285714285
785 785 2.7142857142857144
786 786 -6.07142857142857
787 787 -5.357142857142858
788 788 3.7857142857142856
789 789 2.357142857142857
790 790 -0.4285714285714288
791 791 0.2142857142857144
792 792 -0.2142857142857142
793 793 4.071428571428572
794 794 -6.357142857142857
795 795 0.9285714285714284
796 796 0.8571428571428572
797 797 -2.571428571428572
798 798 -1.5714285714285714
800 800 -1.2857142857142856
801 801 1.7857142857142858
802 802 0.4285714285714288
803 803 10.0
804 804 1.0714285714285712
805 805 2.6428571428571432
806 806 -0.2857142857142856
807 807 0.1428571428571428
808 808 -6.928571428571429
809 809 -7.214285714285714
810 810 -0.5
811 811 2.5
812 812 7.7857142857142865
813 813 1.7142857142857146
814 814 -2.2857142857142856
815 815 2.071428571428571
816 816 -1.8571428571428572
817 817 6.285714285714286
818 818 0.7142857142857142
819 819 -4.857142857142857
820 820 -1.7142857142857144
821 821 3.7142857142857144
822 822 3.2142857142857144
823 823 -1.7857142857142856
824 824 1.4285714285714286
825 825 -5.357142857142858
826 826 1.1428571428571428
827 827 0.14285714285714235
828 828 -2.9285714285714284
829 829 -2.785714285714286
830 830 -3.7142857142857144
831 831 -3.3571428571428568
832 832 -0.2857142857142856
833 833 3.928571428571429
834 834 1.7857142857142858
835 835 2.999999999999999
836 836 2.7142857142857144
837 837 -2.2142857142857144
838 838 5.0
839 839 7.142857142857143
840 840 7.92857142857143
841 841 -3.0
842 842 -2.571428571428571
843 843 2.1428571428571423
844 844 7.0
845 845 -0.9999999999999991
846 846 3.2142857142857144
847 847 1.7857142857142858
848 848 0.7857142857142856
849 849 1.2142857142857142
850 850 3.571428571428571
851 851 -6.0
852 852 -0.21428571428571397
853 853 0.3571428571428572
854 854 -1.5
855 855 -1.9285714285714286
856 856 -4.071428571428571
857 857 -3.714285714285714
858 858 4.642857142857142
859 859 2.642857142857143
860 860 -0.5000000000000002
861 861 1.2142857142857142
862 862 -3.500000000000001
863 863 -1.5714285714285714
864 864 -2.7857142857142856
865 865 -3.5
866 866 -1.9285714285714286
867 867 1.428571428571429
869 869 -0.7142857142857144
870 870 -0.7857142857142854
871 871 4.785714285714286
872 872 -1.3571428571428568
873 873 -1.2857142857142858
874 874 -4.571428571428572
875 875 -0.8571428571428568
876 876 6.285714285714286
877 877 -9.785714285714285
878 878 -0.2142857142857142
879 879 5.642857142857144
880 880 1.5000000000000002
881 881 -0.5714285714285714
882 882 -0.07142857142857117
883 883 -2.5714285714285716
884 884 -7.214285714285715
885 885 -2.357142857142857
886 886 3.3571428571428568
887 887 -4.571428571428572
888 888 -3.571428571428572
889 889 -0.6428571428571428
890 890 0.7857142857142858
891 891 1.3571428571428572
892 892 -0.4285714285714288
893 893 1.7857142857142856
894 894 8.642857142857142
895 895 0.8571428571428572
896 896 2.571428571428571
897 897 -0.4285714285714286
898 898 -4.642857142857142
899 899 1.8571428571428574
900 900 0.7857142857142858
901 901 -1.0
902 902 -0.0714285714285714
903 903 -2.2142857142857144
904 904 -6.0
905 905 -0.7857142857142858
906 906 0.714285714285714
907 907 2.571428571428571
908 908 0.5714285714285712
909 909 0.07142857142857117
910 910 -5.571428571428571
911 911 2.7142857142857144
912 912 -2.500000000000001
913 913 2.3571428571428568
914 914 1.428571428571428
915 915 -2.2142857142857144
916 916 1.2857142857142856
917 917 -4.785714285714286
918 918 -1.9999999999999998
919 919 -0.1428571428571428
920 920 1.9285714285714282
921 921 -1.9999999999999996
922 922 4.440892098500626e-16
923 923 -0.8571428571428565
924 924 5.571428571428571
925 925 3.6428571428571432
926 926 5.928571428571429
927 927 1.642857142857143
928 928 0.7857142857142856
929 929 -1.9285714285714284
930 930 3.8571428571428568
931 931 -4.857142857142858
932 932 -5.642857142857142
933 933 -1.8571428571428577
934 934 0.4285714285714286
935 935 -0.14285714285714302
936 936 0.9285714285714288
937 937 -3.0
938 938 1.142857142857143
939 939 -5.071428571428571
940 940 6.500000000000001
941 941 5.071428571428571
942 942 -3.0
943 943 -3.7857142857142865
944 944 -6.857142857142858
945 945 1.9999999999999998
946 946 -6.285714285714286
947 947 -4.214285714285714
948 948 -0.21428571428571486
949 949 -2.0
950 950 -6.5
951 951 0.3571428571428572
952 952 -3.3571428571428577
953 953 -5.214285714285714
954 954 5.571428571428571
955 955 5.785714285714285
956 956 -0.21428571428571397
957 957 4.928571428571429
958 958 1.5
959 959 1.0714285714285716
960 960 -3.8571428571428568
961 961 -1.2142857142857142
962 962 -3.6428571428571432
963 963 -4.571428571428571
964 964 1.6428571428571423
965 965 1.5714285714285714
966 966 -0.9285714285714286
967 967 1.2857142857142856
968 968 0.8571428571428572
969 969 0.2857142857142865
970 970 0.8571428571428572
971 971 -2.0
972 972 5.857142857142858
973 973 -3.2857142857142865
974 974 -1.3571428571428572
975 975 0.5714285714285714
976 976 3.142857142857143
977 977 -2.857142857142857
978 978 0.7142857142857144
979 979 4.5
980 980 -3.642857142857143
981 981 -2.1428571428571432
982 982 -1.8571428571428565
983 983 3.7142857142857144
984 984 -1.8571428571428574
985 985 6.142857142857142
986 986 2.2142857142857144
987 987 1.7857142857142858
988 988 -3.928571428571429
989 989 2.2857142857142856
1 2 0.5714285714285714
1 11 0.5714285714285714
1 47 1.3571428571428572
1 57 1.7857142857142858
1 103 1.3571428571428572
1 114 0.5714285714285714
2 3 -1.3571428571428572
2 11 -1.3571428571428572
2 12 -1.7857142857142858
2 166 -2.0
2 175 -0.5714285714285714
2 220 -1.7857142857142858
2 226 -0.9285714285714286
3 12 2.0
3 13 0.5714285714285714
3 280 -1.3571428571428572
3 288 -2.0
3 334 -0.9285714285714286
3 343 -1.3571428571428572
4 5 -0.9285714285714286
4 486 0.9285714285714286
4 496 -1.3571428571428572
4 524 0.5714285714285714
5 6 0.9285714285714286
5 568 2.0
5 578 2.0
5 610 -2.0
6 7 1.3571428571428572
6 14 -1.3571428571428572
6 645 -1.3571428571428572
6 655 -0.9285714285714286
6 681 -2.0
7 8 0.9285714285714286
7 14 -0.9285714285714286
7 719 -1.7857142857142858
7 761 -0.5714285714285714
7 773 1.3571428571428572
8 9 0.9285714285714286
8 15 1.7857142857142858
8 16 -0.9285714285714286
8 807 -0.5714285714285714
8 818 -2.0
8 850 1.7857142857142858
8 859 -0.9285714285714286
9 16 1.7857142857142858
9 17 1.3571428571428572
9 890 -1.7857142857142858
9 902 1.7857142857142858
9 936 -1.3571428571428572
9 946 1.7857142857142858
10 18 -1.3571428571428572
10 19 -0.5714285714285714
10 83 -1.3571428571428572
10 92 -1.7857142857142858
10 143 0.5714285714285714
10 154 -1.7857142857142858
11 12 1.7857142857142858
11 103 -0.9285714285714286
11 114 1.3571428571428572
11 166 0.5714285714285714
11 175 -0.9285714285714286
12 13 -0.9285714285714286
12 220 1.7857142857142858
12 226 0.9285714285714286
12 280 2.0
12 288 -1.7857142857142858
13 334 -1.3571428571428572
13 343 1.7857142857142858
13 390 -2.0
13 399 -0.5714285714285714
14 15 -1.3571428571428572
14 681 -1.3571428571428572
14 719 -0.5714285714285714
15 16 1.3571428571428572
15 761 -1.3571428571428572
15 773 1.7857142857142858
15 807 -0.9285714285714286
15 818 0.5714285714285714
16 17 -0.5714285714285714
16 850 -1.3571428571428572
16 859 -1.7857142857142858
16 890 0.9285714285714286
16 902 -0.5714285714285714
17 18 0.9285714285714286
17 936 -1.7857142857142858
17 946 0.9285714285714286
17 978 -0.5714285714285714
17 987 -0.9285714285714286
18 19 2.0
18 38 -0.5714285714285714
18 83 1.3571428571428572
18 92 0.5714285714285714
19 143 -2.0
19 154 2.0
19 201 -1.7857142857142858
19 210 -0.5714285714285714
20 21 -1.7857142857142858
20 30 0.9285714285714286
20 260 2.0
20 271 -0.5714285714285714
20 318 -1.3571428571428572
20 328 -0.5714285714285714
21 30 -0.5714285714285714
21 31 -0.9285714285714286
21 373 2.0
21 382 0.9285714285714286
21 425 2.0
22 23 0.9285714285714286
22 32 -1.7857142857142858
22 33 -1.3571428571428572
22 548 1.3571428571428572
22 559 -0.9285714285714286
22 591 -1.7857142857142858
22 600 0.5714285714285714
23 24 0.5714285714285714
23 33 -0.5714285714285714
23 34 0.5714285714285714
23 628 -1.3571428571428572
23 636 0.5714285714285714
23 672 1.7857142857142858
24 25 0.9285714285714286
24 34 -2.0
24 35 2.0
24 698 1.7857142857142858
24 710 0.9285714285714286
24 742 -1.3571428571428572
24 752 -1.7857142857142858
25 26 0.9285714285714286
25 35 -2.0
25 36 0.5714285714285714
25 786 0.9285714285714286
25 798 0.9285714285714286
25 829 0.9285714285714286
25 841 -0.9285714285714286
26 36 1.3571428571428572
26 37 -1.7857142857142858
26 869 0.5714285714285714
26 880 -0.9285714285714286
26 915 2.0
26 926 -1.7857142857142858
27 28 0.5714285714285714
27 38 -0.5714285714285714
27 39 -0.9285714285714286
27 74 0.9285714285714286
27 125 1.7857142857142858
28 29 1.7857142857142858
28 39 1.3571428571428572
28 40 0.5714285714285714
28 184 -2.0
28 193 -0.9285714285714286
28 248 0.5714285714285714
29 40 0.9285714285714286
29 302 -0.9285714285714286
29 309 -1.3571428571428572
29 354 2.0
30 31 1.3571428571428572
30 318 1.3571428571428572
30 328 -0.9285714285714286
30 373 2.0
30 382 -2.0
31 32 -2.0
31 425 -0.9285714285714286
31 466 0.9285714285714286
31 477 -2.0
32 33 0.9285714285714286
32 506 2.0
32 548 1.7857142857142858
32 559 0.5714285714285714
33 34 1.7857142857142858
33 591 0.5714285714285714
33 600 0.5714285714285714
33 636 -0.9285714285714286
34 35 1.3571428571428572
34 672 -2.0
34 698 1.3571428571428572
34 710 -2.0
35 742 -0.5714285714285714
35 752 0.9285714285714286
35 786 0.9285714285714286
35 798 -2.0
36 37 2.0
36 829 2.0
36 841 -1.3571428571428572
36 869 -1.3571428571428572
36 880 0.9285714285714286
37 38 1.3571428571428572
37 915 1.3571428571428572
37 926 1.7857142857142858
37 958 -0.5714285714285714
37 969 1.7857142857142858
38 39 -0.5714285714285714
38 74 -2.0
39 40 -1.3571428571428572
39 125 -1.3571428571428572
39 184 -1.7857142857142858
39 193 1.7857142857142858
40 248 0.9285714285714286
40 302 -0.5714285714285714
40 309 -0.5714285714285714
41 42 -2.0
41 51 2.0
41 250 -1.3571428571428572
41 311 -0.9285714285714286
42 43 0.9285714285714286
42 51 -2.0
42 52 -0.5714285714285714
42 366 0.5714285714285714
42 419 -1.7857142857142858
43 44 0.9285714285714286
43 52 -0.9285714285714286
43 53 -2.0
43 457 -1.7857142857142858
43 498 1.3571428571428572
44 53 -1.3571428571428572
44 54 0.5714285714285714
44 538 0.9285714285714286
44 581 1.7857142857142858
45 46 0.5714285714285714
45 55 -0.5714285714285714
45 691 0.9285714285714286
45 733 -0.9285714285714286
46 55 -0.5714285714285714
46 56 1.7857142857142858
46 777 -0.5714285714285714
46 821 -1.3571428571428572
47 48 -0.5714285714285714
47 57 0.5714285714285714
47 950 2.0
48 49 0.5714285714285714
48 57 1.3571428571428572
48 59 0.9285714285714286
49 50 -2.0
49 58 -0.5714285714285714
49 177 0.5714285714285714
49 230 -1.7857142857142858
50 58 -0.5714285714285714
50 292 0.5714285714285714
50 347 1.3571428571428572
51 52 -1.3571428571428572
51 311 -0.5714285714285714
51 366 -2.0
52 53 1.7857142857142858
52 419 0.9285714285714286
52 457 -0.9285714285714286
53 54 0.9285714285714286
53 498 0.9285714285714286
53 538 1.3571428571428572
54 581 -1.3571428571428572
55 56 -0.9285714285714286
55 733 -2.0
55 777 -0.5714285714285714
56 821 1.3571428571428572
57 59 0.5714285714285714
58 230 0.9285714285714286
58 292 -1.3571428571428572
59 66 -0.5714285714285714
59 104 -1.7857142857142858
59 114 0.5714285714285714
60 67 2.0
60 68 1.7857142857142858
60 288 1.7857142857142858
60 335 1.7857142857142858
60 343 -2.0
61 62 0.9285714285714286
61 69 -0.9285714285714286
61 496 -1.7857142857142858
61 525 0.5714285714285714
62 69 1.3571428571428572
62 70 -0.5714285714285714
62 569 2.0
62 578 -0.5714285714285714
62 611 -2.0
63 64 -1.7857142857142858
63 72 0.5714285714285714
63 720 -1.3571428571428572
63 762 2.0
63 773 -2.0
64 72 -0.5714285714285714
64 808 -2.0
64 818 -1.3571428571428572
64 851 1.3571428571428572
64 859 -1.7857142857142858
65 74 -0.5714285714285714
65 84 1.7857142857142858
65 92 -1.7857142857142858
65 154 0.9285714285714286
66 67 -2.0
66 104 -0.9285714285714286
66 114 -0.5714285714285714
66 167 0.5714285714285714
66 175 -0.9285714285714286
67 68 1.7857142857142858
67 221 -2.0
67 226 -0.9285714285714286
67 288 -1.3571428571428572
68 335 -0.9285714285714286
68 343 1.3571428571428572
68 399 -0.5714285714285714
69 70 -0.5714285714285714
69 525 2.0
69 569 1.3571428571428572
69 578 1.3571428571428572
70 71 1.7857142857142858
70 611 0.5714285714285714
70 646 1.3571428571428572
70 655 -2.0
71 72 -0.5714285714285714
71 720 0.9285714285714286
72 762 -1.7857142857142858
72 773 0.9285714285714286
72 808 1.7857142857142858
72 818 0.9285714285714286
73 74 0.5714285714285714
73 937 -2.0
73 946 1.7857142857142858
73 979 -1.3571428571428572
74 84 1.7857142857142858
74 92 -1.3571428571428572
75 76 -2.0
75 86 -1.7857142857142858
75 261 1.7857142857142858
75 271 0.5714285714285714
75 319 -2.0
75 328 1.7857142857142858
76 77 -0.5714285714285714
76 374 -1.7857142857142858
76 382 -0.9285714285714286
76 426 1.7857142857142858
77 78 -1.7857142857142858
77 87 1.3571428571428572
77 467 1.3571428571428572
77 477 -0.5714285714285714
77 507 -1.7857142857142858
78 79 0.5714285714285714
78 87 1.7857142857142858
78 88 0.9285714285714286
78 549 -1.7857142857142858
78 559 0.9285714285714286
78 592 0.9285714285714286
78 600 0.5714285714285714
79 80 -1.7857142857142858
79 88 1.7857142857142858
79 629 -1.3571428571428572
79 636 -0.9285714285714286
79 666 2.0
79 672 0.9285714285714286
80 81 0.9285714285714286
80 89 0.5714285714285714
80 699 0.5714285714285714
80 710 0.5714285714285714
80 743 -0.5714285714285714
80 752 -0.5714285714285714
81 82 0.5714285714285714
81 89 1.7857142857142858
81 90 -2.0
81 787 2.0
81 798 -0.5714285714285714
81 830 1.7857142857142858
81 841 1.7857142857142858
82 83 2.0
82 90 -1.7857142857142858
82 91 -0.5714285714285714
82 880 0.5714285714285714
82 916 -0.5714285714285714
82 926 0.5714285714285714
83 84 -1.3571428571428572
83 91 0.9285714285714286
83 92 2.0
83 959 0.5714285714285714
83 969 -1.3571428571428572
84 85 1.3571428571428572
84 92 -1.3571428571428572
84 93 -0.5714285714285714
85 93 -1.3571428571428572
85 94 0.9285714285714286
85 185 0.9285714285714286
85 193 -0.5714285714285714
85 239 2.0
85 248 2.0
86 319 2.0
86 328 1.3571428571428572
86 374 1.3571428571428572
86 382 0.5714285714285714
87 88 -1.3571428571428572
87 507 -1.3571428571428572
87 549 -0.9285714285714286
87 559 -2.0
88 592 -1.3571428571428572
88 600 2.0
88 629 -0.5714285714285714
88 636 1.3571428571428572
89 90 -0.5714285714285714
89 743 -2.0
89 752 2.0
89 787 0.5714285714285714
89 798 -1.7857142857142858
90 91 -0.5714285714285714
90 830 1.7857142857142858
90 841 -0.9285714285714286
90 880 -1.3571428571428572
91 92 -0.5714285714285714
91 916 1.7857142857142858
91 926 -1.3571428571428572
91 959 1.7857142857142858
91 969 -2.0
92 93 -0.5714285714285714
93 94 0.5714285714285714
93 185 -2.0
93 193 -1.7857142857142858
94 95 -1.3571428571428572
94 239 -1.7857142857142858
94 248 -0.5714285714285714
94 309 -1.7857142857142858
95 355 -0.5714285714285714
95 408 1.3571428571428572
95 417 0.5714285714285714
96 107 -1.3571428571428572
96 262 0.9285714285714286
96 311 0.9285714285714286
96 320 1.7857142857142858
97 98 1.3571428571428572
97 108 0.9285714285714286
97 457 -0.5714285714285714
97 468 -1.7857142857142858
97 498 -0.9285714285714286
98 99 1.7857142857142858
98 108 -0.9285714285714286
98 109 0.5714285714285714
98 538 -1.3571428571428572
98 581 2.0
99 100 0.9285714285714286
99 109 0.5714285714285714
99 110 0.9285714285714286
99 667 -0.5714285714285714
100 101 1.7857142857142858
100 110 0.9285714285714286
100 111 -1.7857142857142858
100 691 -1.7857142857142858
100 700 0.9285714285714286
100 733 2.0
100 744 1.3571428571428572
101 102 -2.0
101 111 0.9285714285714286
101 112 -1.3571428571428572
101 777 -1.3571428571428572
101 788 -1.7857142857142858
101 821 -2.0
101 831 2.0
102 103 1.3571428571428572
102 112 0.5714285714285714
102 113 -0.5714285714285714
102 870 2.0
102 917 0.9285714285714286
103 104 -0.9285714285714286
103 113 -0.5714285714285714
103 114 -0.5714285714285714
103 950 0.9285714285714286
103 960 0.9285714285714286
104 105 0.5714285714285714
104 114 -2.0
104 115 -1.7857142857142858
104 126 1.7857142857142858
105 106 0.9285714285714286
105 115 -1.7857142857142858
105 116 1.3571428571428572
105 177 2.0
105 186 -0.9285714285714286
105 230 -0.9285714285714286
106 116 1.7857142857142858
106 117 -0.5714285714285714
106 292 -1.3571428571428572
106 303 -2.0
106 347 -1.3571428571428572
106 356 2.0
107 311 1.3571428571428572
107 320 0.9285714285714286
107 366 -1.3571428571428572
107 375 -1.7857142857142858
108 498 2.0
108 538 0.9285714285714286
109 110 1.3571428571428572
109 581 1.7857142857142858
110 111 -0.5714285714285714
110 667 2.0
110 691 -1.3571428571428572
110 700 -1.7857142857142858
111 112 0.5714285714285714
111 733 -1.7857142857142858
111 744 0.9285714285714286
111 777 0.5714285714285714
111 788 -1.7857142857142858
112 113 0.5714285714285714
112 821 -0.9285714285714286
112 831 0.9285714285714286
112 870 -0.9285714285714286
113 114 -0.5714285714285714
113 917 1.7857142857142858
113 950 1.7857142857142858
114 115 1.7857142857142858
115 116 1.7857142857142858
115 126 -0.9285714285714286
115 177 0.9285714285714286
115 186 -0.9285714285714286
116 117 -0.9285714285714286
116 230 -2.0
116 292 -2.0
116 303 0.9285714285714286
117 347 -1.7857142857142858
117 356 -1.3571428571428572
117 400 2.0
118 126 -2.0
118 127 -1.3571428571428572
118 167 -0.9285714285714286
118 221 -0.5714285714285714
118 227 1.7857142857142858
119 120 -2.0
119 391 1.3571428571428572
119 454 0.9285714285714286
120 121 0.5714285714285714
120 128 0.9285714285714286
120 129 0.9285714285714286
120 497 -2.0
120 525 0.9285714285714286
120 535 2.0
121 122 0.5714285714285714
121 129 1.7857142857142858
121 130 1.3571428571428572
121 569 -0.5714285714285714
121 611 2.0
121 619 -1.3571428571428572
122 130 1.7857142857142858
122 131 -0.9285714285714286
122 646 -0.9285714285714286
122 656 1.7857142857142858
122 688 1.7857142857142858
123 124 -1.7857142857142858
123 132 0.5714285714285714
123 808 2.0
123 819 1.3571428571428572
123 851 0.5714285714285714
123 860 -2.0
124 125 0.5714285714285714
124 133 -0.9285714285714286
124 134 0.5714285714285714
124 891 0.9285714285714286
124 903 -1.7857142857142858
124 937 1.3571428571428572
124 947 1.3571428571428572
125 134 1.3571428571428572
125 979 -0.5714285714285714
125 988 0.5714285714285714
126 127 0.9285714285714286
126 167 1.7857142857142858
127 221 -0.9285714285714286
127 227 1.3571428571428572
127 289 1.3571428571428572
128 129 -1.3571428571428572
128 454 0.5714285714285714
128 497 -2.0
129 130 0.5714285714285714
129 525 -1.3571428571428572
129 535 -1.7857142857142858
129 579 0.5714285714285714
130 131 1.3571428571428572
130 611 0.9285714285714286
130 619 -1.3571428571428572
130 646 -1.3571428571428572
130 656 1.7857142857142858
131 688 0.5714285714285714
131 720 -1.7857142857142858
132 133 1.7857142857142858
132 762 0.5714285714285714
132 774 -0.9285714285714286
132 808 2.0
132 819 -0.5714285714285714
133 134 -0.5714285714285714
133 860 -2.0
133 891 -0.5714285714285714
133 903 0.5714285714285714
134 937 1.3571428571428572
134 947 -1.3571428571428572
134 979 -0.9285714285714286
134 988 2.0
135 144 -0.5714285714285714
135 155 0.5714285714285714
135 202 1.7857142857142858
135 211 1.7857142857142858
136 147 -0.5714285714285714
136 261 0.5714285714285714
136 272 1.3571428571428572
136 319 -2.0
136 329 0.9285714285714286
137 138 -0.9285714285714286
137 147 1.3571428571428572
137 374 -0.5714285714285714
137 383 -1.7857142857142858
137 426 -1.7857142857142858
138 139 0.5714285714285714
138 148 0.9285714285714286
138 467 1.3571428571428572
138 478 0.5714285714285714
138 507 0.9285714285714286
139 140 0.5714285714285714
139 148 -1.7857142857142858
139 149 -1.3571428571428572
139 549 -2.0
139 560 -2.0
139 592 1.3571428571428572
139 601 -1.7857142857142858
140 149 -0.9285714285714286
140 150 -0.5714285714285714
140 629 0.9285714285714286
140 666 -1.7857142857142858
140 673 0.9285714285714286
141 142 -0.5714285714285714
141 151 1.7857142857142858
141 152 0.9285714285714286
141 787 -0.5714285714285714
141 799 2.0
141 830 -1.7857142857142858
141 842 1.3571428571428572
142 143 1.7857142857142858
142 152 -2.0
142 153 0.5714285714285714
142 881 -1.3571428571428572
142 916 -0.5714285714285714
142 927 0.5714285714285714
143 144 -1.3571428571428572
143 153 -2.0
143 154 -1.7857142857142858
143 959 -2.0
143 970 -0.5714285714285714
144 145 -1.3571428571428572
144 154 -2.0
144 155 2.0
145 146 0.5714285714285714
145 155 -0.5714285714285714
145 156 0.9285714285714286
145 185 1.7857142857142858
145 194 -0.9285714285714286
145 239 2.0
145 249 0.5714285714285714
146 156 -0.9285714285714286
146 157 -1.3571428571428572
146 310 -1.7857142857142858
146 355 -1.7857142857142858
146 365 -1.7857142857142858
147 319 -2.0
147 329 -2.0
147 374 -0.5714285714285714
147 383 1.7857142857142858
148 149 -1.3571428571428572
148 507 -1.7857142857142858
148 549 -1.3571428571428572
148 560 0.9285714285714286
149 150 1.7857142857142858
149 592 -0.9285714285714286
149 601 -0.5714285714285714
149 629 1.3571428571428572
150 151 1.3571428571428572
150 666 -2.0
150 673 -1.3571428571428572
150 699 0.5714285714285714
150 711 2.0
151 152 -1.7857142857142858
151 743 -0.5714285714285714
151 787 2.0
151 799 -1.7857142857142858
152 153 0.5714285714285714
152 830 0.5714285714285714
152 842 -1.3571428571428572
152 881 0.9285714285714286
153 154 2.0
153 916 0.5714285714285714
153 927 -1.7857142857142858
153 959 0.5714285714285714
153 970 -1.3571428571428572
154 155 -2.0
155 156 1.3571428571428572
155 185 -2.0
155 194 -1.7857142857142858
156 157 -2.0
156 239 1.7857142857142858
156 249 0.9285714285714286
156 310 -0.9285714285714286
157 355 0.9285714285714286
157 365 -1.3571428571428572
157 408 0.9285714285714286
157 418 -1.3571428571428572
158 159 1.7857142857142858
158 169 -0.5714285714285714
158 251 -1.3571428571428572
158 262 -1.7857142857142858
158 312 -1.7857142857142858
158 320 -1.3571428571428572
159 160 -0.5714285714285714
159 169 1.3571428571428572
159 170 0.5714285714285714
159 375 -0.5714285714285714
159 427 -0.9285714285714286
160 161 0.9285714285714286
160 170 -1.3571428571428572
160 171 -0.5714285714285714
160 458 0.9285714285714286
160 468 1.3571428571428572
160 499 0.5714285714285714
161 162 -2.0
161 171 1.3571428571428572
161 172 2.0
161 539 2.0
161 582 0.9285714285714286
162 163 -0.9285714285714286
162 172 1.7857142857142858
162 622 -1.7857142857142858
162 667 1.7857142857142858
163 164 1.3571428571428572
163 173 2.0
163 692 -0.9285714285714286
163 700 -1.3571428571428572
163 734 -0.5714285714285714
163 744 -1.3571428571428572
164 165 1.3571428571428572
164 173 0.9285714285714286
164 788 1.7857142857142858
164 822 -2.0
164 831 1.7857142857142858
165 166 -1.7857142857142858
165 174 0.9285714285714286
165 862 -0.5714285714285714
165 870 0.5714285714285714
165 906 -0.9285714285714286
165 917 0.9285714285714286
166 167 -2.0
166 174 -0.9285714285714286
166 175 -1.7857142857142858
166 960 0.5714285714285714
167 175 0.5714285714285714
168 176 -1.7857142857142858
168 293 1.7857142857142858
168 303 -2.0
168 348 -0.5714285714285714
168 356 -2.0
169 170 -2.0
169 312 -2.0
169 320 -2.0
169 375 -2.0
170 171 2.0
170 427 1.3571428571428572
170 458 1.3571428571428572
170 468 -0.9285714285714286
171 172 2.0
171 499 2.0
171 539 -1.7857142857142858
172 582 -0.9285714285714286
172 622 -2.0
173 734 -0.5714285714285714
173 744 1.7857142857142858
173 788 0.5714285714285714
174 175 -1.3571428571428572
174 906 -1.3571428571428572
174 917 1.3571428571428572
174 960 0.5714285714285714
176 231 -2.0
176 293 2.0
176 303 -2.0
177 186 -0.9285714285714286
178 187 1.7857142857142858
178 188 2.0
178 281 2.0
178 289 1.7857142857142858
178 336 -2.0
178 344 2.0
179 180 2.0
179 188 0.5714285714285714
179 189 0.9285714285714286
179 392 -2.0
179 444 0.5714285714285714
179 454 -1.3571428571428572
180 181 -1.3571428571428572
180 189 1.3571428571428572
180 190 -1.7857142857142858
180 487 2.0
180 497 -0.5714285714285714
180 526 -2.0
180 535 -0.5714285714285714
181 190 -1.3571428571428572
181 579 2.0
181 612 -0.5714285714285714
181 619 0.9285714285714286
182 183 0.5714285714285714
182 191 0.5714285714285714
182 721 -2.0
182 763 1.7857142857142858
182 774 1.3571428571428572
183 191 -0.9285714285714286
183 809 0.9285714285714286
183 819 0.5714285714285714
183 860 1.3571428571428572
184 185 1.7857142857142858
184 192 -1.7857142857142858
184 193 -2.0
184 988 2.0
185 193 2.0
185 194 -1.3571428571428572
186 187 1.7857142857142858
187 188 -0.9285714285714286
187 227 1.3571428571428572
187 281 1.7857142857142858
188 189 -1.3571428571428572
188 336 2.0
188 344 0.9285714285714286
188 392 1.7857142857142858
189 190 -1.7857142857142858
189 444 2.0
189 454 -0.9285714285714286
189 487 0.9285714285714286
189 497 -0.5714285714285714
190 526 0.9285714285714286
190 535 2.0
190 579 2.0
191 763 2.0
191 774 1.7857142857142858
191 809 -1.7857142857142858
191 819 -1.7857142857142858
192 193 -2.0
192 938 0.5714285714285714
192 947 1.3571428571428572
192 988 1.3571428571428572
193 194 -2.0
194 211 -1.3571428571428572
195 204 1.7857142857142858
195 272 0.9285714285714286
195 329 0.5714285714285714
196 205 -1.7857142857142858
196 478 1.3571428571428572
197 198 -0.9285714285714286
197 206 1.3571428571428572
197 673 -0.5714285714285714
198 199 1.7857142857142858
198 207 -1.7857142857142858
198 711 1.3571428571428572
199 207 -2.0
199 208 1.7857142857142858
199 799 0.9285714285714286
199 842 -2.0
200 201 -2.0
200 208 0.5714285714285714
200 209 1.3571428571428572
200 881 0.5714285714285714
200 927 2.0
201 202 -2.0
201 209 -1.7857142857142858
201 210 0.9285714285714286
201 970 -0.9285714285714286
202 210 2.0
202 211 -1.7857142857142858
203 212 0.9285714285714286
203 213 2.0
203 310 2.0
203 365 0.5714285714285714
204 205 -1.3571428571428572
204 329 0.9285714285714286
204 383 0.5714285714285714
205 478 -0.9285714285714286
206 601 1.7857142857142858
207 208 1.7857142857142858
207 799 -0.9285714285714286
208 209 -0.5714285714285714
208 842 0.5714285714285714
208 881 1.7857142857142858
209 210 -2.0
209 927 0.9285714285714286
209 970 2.0
211 212 2.0
212 213 2.0
212 249 0.5714285714285714
212 310 0.9285714285714286
213 365 1.7857142857142858
213 418 0.5714285714285714
214 215 -1.3571428571428572
214 251 0.9285714285714286
214 263 2.0
214 312 -0.9285714285714286
214 321 2.0
215 216 -0.9285714285714286
215 376 -2.0
215 428 1.7857142857142858
216 223 -2.0
216 458 -1.7857142857142858
216 469 -1.7857142857142858
216 499 1.7857142857142858
216 508 -1.3571428571428572
217 218 1.3571428571428572
217 224 -1.7857142857142858
217 692 0.5714285714285714
217 701 -0.9285714285714286
217 734 -0.5714285714285714
217 745 1.7857142857142858
218 219 -2.0
218 789 -0.9285714285714286
218 822 0.5714285714285714
218 832 2.0
219 220 1.7857142857142858
219 225 1.7857142857142858
219 906 -1.7857142857142858
219 918 -1.7857142857142858
220 221 -2.0
220 225 -2.0
220 226 0.5714285714285714
221 226 0.9285714285714286
221 227 -1.3571428571428572
222 228 -0.9285714285714286
222 229 -2.0
222 293 2.0
222 348 -2.0
222 357 -1.3571428571428572
223 499 -0.9285714285714286
223 508 0.5714285714285714
223 539 -2.0
223 550 0.5714285714285714
224 734 1.7857142857142858
224 745 -2.0
224 789 1.3571428571428572
225 226 -0.5714285714285714
225 906 2.0
225 918 2.0
226 227 -0.9285714285714286
227 228 1.7857142857142858
228 229 1.3571428571428572
228 231 -0.5714285714285714
228 240 -2.0
228 293 -1.7857142857142858
229 348 2.0
229 357 -0.5714285714285714
229 401 -0.5714285714285714
229 409 0.5714285714285714
230 231 1.3571428571428572
231 232 -1.3571428571428572
231 240 1.3571428571428572
232 233 -1.3571428571428572
232 240 -1.3571428571428572
232 241 -1.3571428571428572
232 281 0.5714285714285714
232 290 -0.5714285714285714
232 336 0.5714285714285714
232 345 1.3571428571428572
233 234 -1.7857142857142858
233 241 2.0
233 242 1.3571428571428572
233 392 -0.5714285714285714
233 444 -2.0
233 455 1.3571428571428572
234 235 0.5714285714285714
234 242 -0.5714285714285714
234 243 1.7857142857142858
234 487 -2.0
234 526 1.7857142857142858
234 536 -0.9285714285714286
235 236 -2.0
235 243 -0.5714285714285714
235 244 0.5714285714285714
235 580 -0.9285714285714286
235 612 1.7857142857142858
235 620 2.0
236 244 1.7857142857142858
236 245 1.7857142857142858
236 647 2.0
236 657 -0.5714285714285714
236 689 -2.0
237 238 1.3571428571428572
237 246 -0.5714285714285714
237 820 1.7857142857142858
238 247 -2.0
238 892 1.7857142857142858
238 904 1.3571428571428572
238 938 -2.0
238 948 -1.3571428571428572
239 248 0.9285714285714286
239 249 -1.7857142857142858
240 241 -2.0
240 281 0.9285714285714286
240 290 -1.3571428571428572
241 242 -0.9285714285714286
241 336 -2.0
241 345 1.3571428571428572
241 392 2.0
242 243 -0.9285714285714286
242 444 0.5714285714285714
242 455 1.7857142857142858
242 487 -1.7857142857142858
243 244 -0.9285714285714286
243 526 1.3571428571428572
243 536 2.0
243 580 -0.9285714285714286
244 245 -2.0
244 612 1.3571428571428572
244 620 -0.9285714285714286
244 647 -2.0
244 657 -2.0
245 246 -1.3571428571428572
245 721 -1.3571428571428572
245 731 2.0
246 763 0.5714285714285714
246 775 -0.9285714285714286
246 809 1.7857142857142858
246 820 -0.9285714285714286
247 248 0.5714285714285714
247 938 -0.5714285714285714
247 948 -0.9285714285714286
247 989 -0.9285714285714286
248 249 -0.9285714285714286
250 251 -2.0
250 262 0.5714285714285714
251 252 -2.0
251 263 -1.7857142857142858
252 253 -2.0
252 263 0.5714285714285714
252 264 -0.9285714285714286
252 273 -1.7857142857142858
252 330 1.7857142857142858
253 254 1.7857142857142858
253 264 -2.0
253 265 -1.7857142857142858
253 436 1.7857142857142858
254 255 2.0
254 265 2.0
254 266 -0.5714285714285714
254 479 0.5714285714285714
254 517 -2.0
255 256 -0.9285714285714286
255 266 1.7857142857142858
255 267 0.9285714285714286
255 602 -2.0
256 257 2.0
256 267 1.3571428571428572
256 268 0.9285714285714286
256 637 1.7857142857142858
256 674 1.7857142857142858
257 258 -0.9285714285714286
257 268 -0.5714285714285714
257 712 -0.9285714285714286
257 753 -1.3571428571428572
258 259 0.9285714285714286
258 269 2.0
258 800 -1.7857142857142858
258 843 -2.0
259 260 0.5714285714285714
259 269 0.9285714285714286
259 270 0.5714285714285714
259 882 0.5714285714285714
259 928 1.7857142857142858
260 261 1.7857142857142858
260 270 0.9285714285714286
260 271 -1.3571428571428572
260 971 -1.7857142857142858
261 271 -0.9285714285714286
261 272 -1.3571428571428572
262 263 -1.3571428571428572
263 264 -1.3571428571428572
263 273 -0.5714285714285714
264 265 0.5714285714285714
264 330 0.9285714285714286
265 266 -1.7857142857142858
265 436 0.5714285714285714
265 479 1.7857142857142858
266 267 -1.3571428571428572
266 517 1.3571428571428572
267 268 1.7857142857142858
267 602 1.7857142857142858
267 637 -0.5714285714285714
268 674 0.5714285714285714
268 712 -0.9285714285714286
269 270 -2.0
269 843 -2.0
269 882 -1.7857142857142858
270 271 1.3571428571428572
270 928 -2.0
270 971 2.0
271 272 1.3571428571428572
273 274 1.3571428571428572
273 283 0.9285714285714286
273 313 -0.9285714285714286
273 321 1.3571428571428572
274 283 1.3571428571428572
274 284 -0.9285714285714286
274 376 -2.0
274 420 0.9285714285714286
274 428 1.7857142857142858
275 284 1.3571428571428572
275 285 0.5714285714285714
275 459 -2.0
275 469 -0.9285714285714286
275 500 -1.7857142857142858
275 508 1.3571428571428572
276 285 0.9285714285714286
276 286 -0.9285714285714286
276 550 0.5714285714285714
276 583 1.3571428571428572
276 593 2.0
277 278 -1.3571428571428572
277 701 1.3571428571428572
277 735 -2.0
277 745 0.9285714285714286
278 279 0.9285714285714286
278 287 -1.3571428571428572
278 778 -1.3571428571428572
278 789 -1.7857142857142858
278 832 0.9285714285714286
279 280 -1.7857142857142858
279 287 -0.5714285714285714
279 863 1.3571428571428572
279 871 -1.7857142857142858
279 907 -0.9285714285714286
279 918 1.3571428571428572
280 288 2.0
281 282 0.9285714285714286
281 289 -2.0
281 290 -1.7857142857142858
282 290 -0.9285714285714286
282 291 -2.0
282 294 -0.9285714285714286
282 349 -1.7857142857142858
282 357 2.0
283 284 -0.9285714285714286
283 313 1.7857142857142858
283 321 0.9285714285714286
283 376 -2.0
284 285 1.7857142857142858
284 420 2.0
284 428 0.5714285714285714
284 459 0.5714285714285714
284 469 -2.0
285 286 -2.0
285 500 -0.9285714285714286
285 508 2.0
285 540 0.5714285714285714
285 550 -1.3571428571428572
286 583 -0.9285714285714286
286 593 2.0
287 832 0.5714285714285714
287 863 0.5714285714285714
287 871 -1.7857142857142858
288 289 -1.7857142857142858
289 290 2.0
290 291 1.3571428571428572
290 294 0.9285714285714286
291 349 -0.9285714285714286
291 409 1.7857142857142858
292 293 1.7857142857142858
292 303 -1.7857142857142858
293 294 0.5714285714285714
293 303 -1.7857142857142858
294 295 0.9285714285714286
294 304 -2.0
294 337 -0.9285714285714286
294 345 -0.5714285714285714
295 296 1.7857142857142858
295 304 -1.3571428571428572
295 393 1.7857142857142858
295 445 0.5714285714285714
295 455 0.5714285714285714
296 297 -2.0
296 305 -2.0
296 488 -0.5714285714285714
296 527 0.5714285714285714
296 536 1.7857142857142858
297 298 -0.9285714285714286
297 305 -0.5714285714285714
297 306 -2.0
297 570 -2.0
297 580 -1.3571428571428572
297 620 -0.9285714285714286
298 299 2.0
298 306 1.7857142857142858
298 307 -2.0
298 648 -2.0
298 657 -0.9285714285714286
298 689 0.9285714285714286
299 300 -2.0
299 307 2.0
299 722 0.5714285714285714
299 731 1.3571428571428572
299 764 -1.3571428571428572
299 775 2.0
300 301 1.7857142857142858
300 810 0.9285714285714286
300 820 -2.0
300 852 2.0
301 302 -0.5714285714285714
301 893 -1.7857142857142858
301 904 -0.5714285714285714
301 939 0.5714285714285714
301 948 -2.0
302 308 0.9285714285714286
302 309 2.0
302 989 -1.3571428571428572
304 337 2.0
304 345 2.0
304 393 1.3571428571428572
305 306 -0.9285714285714286
305 527 1.7857142857142858
305 536 0.9285714285714286
305 570 -1.3571428571428572
305 580 0.5714285714285714
306 307 -1.3571428571428572
306 620 -1.3571428571428572
306 648 0.9285714285714286
306 657 -0.9285714285714286
307 689 0.9285714285714286
307 722 -2.0
307 731 1.3571428571428572
308 309 -0.9285714285714286
308 948 -1.7857142857142858
308 989 0.9285714285714286
309 310 -1.3571428571428572
311 312 -1.7857142857142858
311 320 1.7857142857142858
312 313 0.5714285714285714
312 320 -0.5714285714285714
312 321 -2.0
313 314 0.9285714285714286
313 321 1.3571428571428572
313 322 -2.0
313 330 -0.5714285714285714
313 338 0.9285714285714286
314 322 -0.9285714285714286
314 323 1.7857142857142858
314 436 -1.3571428571428572
314 446 -0.5714285714285714
315 316 1.7857142857142858
315 326 -0.5714285714285714
315 712 -0.5714285714285714
315 723 1.3571428571428572
315 753 -1.3571428571428572
315 765 -0.9285714285714286
316 317 -2.0
316 327 2.0
316 800 2.0
316 811 -2.0
316 843 0.9285714285714286
317 318 0.9285714285714286
317 327 0.9285714285714286
317 882 -0.9285714285714286
317 894 -2.0
317 928 -0.5714285714285714
317 940 -1.3571428571428572
318 319 -1.3571428571428572
318 328 0.9285714285714286
318 971 1.7857142857142858
319 328 2.0
319 329 0.9285714285714286
320 321 0.5714285714285714
321 322 -1.7857142857142858
322 323 2.0
322 330 -0.9285714285714286
322 338 1.3571428571428572
323 324 -2.0
323 436 2.0
323 446 0.9285714285714286
323 479 -1.3571428571428572
323 489 0.5714285714285714
324 325 -0.9285714285714286
324 517 -1.3571428571428572
324 528 0.9285714285714286
325 326 -1.7857142857142858
325 602 0.9285714285714286
325 613 0.5714285714285714
325 637 1.7857142857142858
325 649 -0.9285714285714286
326 674 -0.9285714285714286
326 712 -1.3571428571428572
326 723 0.9285714285714286
327 843 0.9285714285714286
327 882 1.3571428571428572
327 894 -0.5714285714285714
328 329 -1.3571428571428572
330 331 -1.7857142857142858
330 338 -1.7857142857142858
331 338 1.7857142857142858
331 339 0.9285714285714286
331 377 -2.0
331 420 2.0
331 429 -1.7857142857142858
332 341 -1.7857142857142858
332 702 -1.3571428571428572
332 735 2.0
332 746 0.5714285714285714
333 334 -1.3571428571428572
333 342 1.7857142857142858
333 863 -1.3571428571428572
333 872 0.5714285714285714
333 907 -2.0
333 919 -1.3571428571428572
334 335 -0.5714285714285714
334 342 0.5714285714285714
334 343 0.9285714285714286
334 951 2.0
334 961 -1.3571428571428572
335 336 -2.0
335 343 1.3571428571428572
335 344 -0.5714285714285714
336 337 1.7857142857142858
336 344 -0.5714285714285714
336 345 -1.7857142857142858
337 345 2.0
337 346 0.9285714285714286
337 349 -0.5714285714285714
337 358 1.3571428571428572
338 339 0.9285714285714286
338 377 -0.9285714285714286
339 420 1.7857142857142858
339 429 -0.9285714285714286
339 459 -0.9285714285714286
339 470 0.5714285714285714
340 583 -2.0
341 735 -1.7857142857142858
341 746 1.3571428571428572
341 778 0.9285714285714286
341 790 -1.3571428571428572
342 343 -0.9285714285714286
342 907 -1.7857142857142858
342 919 0.5714285714285714
342 961 0.9285714285714286
343 344 1.7857142857142858
344 345 1.7857142857142858
345 346 0.5714285714285714
346 349 -1.3571428571428572
346 358 0.9285714285714286
346 410 -1.7857142857142858
347 348 -1.3571428571428572
347 356 1.3571428571428572
348 349 2.0
348 356 -0.9285714285714286
348 357 -0.9285714285714286
349 350 -1.7857142857142858
349 357 -2.0
349 358 -0.5714285714285714
350 358 2.0
350 359 0.5714285714285714
350 445 1.3571428571428572
350 456 -1.7857142857142858
351 360 -1.3571428571428572
351 361 0.5714285714285714
351 570 -0.9285714285714286
351 621 2.0
352 353 -1.7857142857142858
352 362 -0.9285714285714286
352 722 -1.3571428571428572
352 732 1.7857142857142858
352 764 1.7857142857142858
352 776 -0.5714285714285714
353 362 1.3571428571428572
353 363 0.5714285714285714
353 810 0.9285714285714286
353 852 0.5714285714285714
353 861 0.9285714285714286
354 364 -2.0
355 365 1.7857142857142858
356 357 2.0
357 358 -0.5714285714285714
358 359 -2.0
358 393 1.3571428571428572
359 360 -1.3571428571428572
359 445 2.0
359 456 1.7857142857142858
359 488 -2.0
360 361 2.0
360 527 -2.0
360 537 0.5714285714285714
360 570 1.7857142857142858
361 621 2.0
361 648 -2.0
361 658 -1.7857142857142858
362 363 0.9285714285714286
362 764 -0.9285714285714286
362 776 -2.0
362 810 -1.7857142857142858
363 364 2.0
363 852 -1.7857142857142858
363 861 -2.0
363 893 -0.9285714285714286
363 905 -0.9285714285714286
364 949 -1.3571428571428572
366 375 -0.5714285714285714
367 368 1.3571428571428572
367 377 1.7857142857142858
367 378 1.3571428571428572
367 384 -1.7857142857142858
367 437 -2.0
367 446 -1.3571428571428572
368 369 1.3571428571428572
368 378 0.5714285714285714
368 489 0.9285714285714286
368 528 0.9285714285714286
369 370 -0.9285714285714286
369 379 1.3571428571428572
369 561 0.5714285714285714
369 603 -0.5714285714285714
369 613 1.7857142857142858
370 371 1.3571428571428572
370 379 -0.5714285714285714
370 638 -0.9285714285714286
370 649 1.7857142857142858
370 675 1.7857142857142858
371 713 1.3571428571428572
371 723 -1.3571428571428572
371 754 -2.0
371 765 -2.0
372 373 -1.7857142857142858
372 380 0.9285714285714286
372 381 2.0
372 883 -0.5714285714285714
372 929 -1.7857142857142858
372 940 -1.7857142857142858
373 374 -1.7857142857142858
373 381 -1.7857142857142858
373 382 -2.0
374 382 -2.0
374 383 -0.9285714285714286
375 376 -1.7857142857142858
376 377 1.3571428571428572
377 378 1.7857142857142858
377 384 0.5714285714285714
378 437 -0.9285714285714286
378 446 -1.3571428571428572
378 489 0.9285714285714286
379 603 -0.5714285714285714
379 613 -0.5714285714285714
379 638 -1.3571428571428572
379 649 -1.3571428571428572
380 381 -2.0
380 883 0.9285714285714286
380 894 -1.3571428571428572
381 382 0.5714285714285714
381 929 0.9285714285714286
381 940 -0.9285714285714286
382 383 -0.5714285714285714
384 394 -2.0
384 421 -0.5714285714285714
384 429 0.5714285714285714
385 386 1.3571428571428572
385 394 -2.0
385 395 0.9285714285714286
385 460 -1.7857142857142858
385 470 -1.3571428571428572
385 501 0.9285714285714286
385 509 -1.7857142857142858
386 387 0.9285714285714286
386 395 -1.7857142857142858
386 396 2.0
386 541 0.9285714285714286
386 551 -1.7857142857142858
386 584 -2.0
387 388 0.5714285714285714
387 396 -2.0
387 623 -0.9285714285714286
387 659 2.0
388 693 -1.7857142857142858
388 702 1.3571428571428572
389 390 0.5714285714285714
389 398 -2.0
389 864 2.0
389 872 0.9285714285714286
389 908 0.9285714285714286
389 919 -0.9285714285714286
390 391 -1.7857142857142858
390 398 -0.5714285714285714
390 399 2.0
390 952 0.9285714285714286
390 961 -0.9285714285714286
391 392 2.0
391 399 2.0
392 393 -1.7857142857142858
394 395 1.7857142857142858
394 421 0.9285714285714286
394 429 0.9285714285714286
394 460 1.7857142857142858
394 470 0.5714285714285714
395 396 0.5714285714285714
395 501 -0.9285714285714286
395 509 1.7857142857142858
395 551 -0.9285714285714286
396 584 -2.0
396 623 -1.3571428571428572
397 736 -1.7857142857142858
397 746 -0.9285714285714286
397 790 1.7857142857142858
398 399 2.0
398 908 1.7857142857142858
398 919 0.9285714285714286
398 952 1.7857142857142858
398 961 1.7857142857142858
400 401 -1.7857142857142858
401 409 -0.5714285714285714
402 410 0.5714285714285714
402 411 -2.0
402 456 2.0
403 404 -0.5714285714285714
403 412 -0.9285714285714286
403 621 -0.5714285714285714
404 405 1.7857142857142858
404 412 -0.9285714285714286
404 413 1.7857142857142858
404 658 1.7857142857142858
404 690 -0.9285714285714286
405 406 1.3571428571428572
405 413 2.0
405 414 -0.5714285714285714
405 732 -2.0
405 776 -0.5714285714285714
406 414 1.3571428571428572
406 415 -1.3571428571428572
406 861 1.7857142857142858
407 408 1.3571428571428572
407 416 0.5714285714285714
407 417 0.5714285714285714
408 417 -1.3571428571428572
408 418 0.9285714285714286
409 410 -1.3571428571428572
410 411 2.0
411 456 1.7857142857142858
412 413 2.0
412 621 1.3571428571428572
412 658 -0.5714285714285714
413 414 -0.5714285714285714
413 690 1.3571428571428572
413 732 -2.0
414 415 -0.5714285714285714
414 776 0.5714285714285714
415 416 2.0
415 861 -1.3571428571428572
415 905 1.3571428571428572
416 417 -2.0
417 418 1.7857142857142858
419 427 1.7857142857142858
420 421 1.7857142857142858
420 428 0.5714285714285714
420 429 1.7857142857142858
421 422 0.9285714285714286
421 429 1.7857142857142858
421 430 -2.0
421 437 2.0
421 447 -1.7857142857142858
422 430 2.0
422 431 1.7857142857142858
422 490 -2.0
422 518 -2.0
422 529 1.7857142857142858
423 432 1.3571428571428572
423 433 -0.9285714285714286
423 638 -1.3571428571428572
423 650 0.5714285714285714
423 675 1.7857142857142858
424 425 -0.9285714285714286
424 435 0.5714285714285714
424 883 0.9285714285714286
424 895 -1.3571428571428572
424 929 2.0
424 941 0.5714285714285714
425 426 -0.5714285714285714
425 435 -1.3571428571428572
425 980 -2.0
427 428 -1.7857142857142858
428 429 0.5714285714285714
429 430 0.5714285714285714
430 431 -2.0
430 437 -0.5714285714285714
430 447 -2.0
430 490 0.9285714285714286
431 432 0.5714285714285714
431 518 -0.9285714285714286
431 529 -1.3571428571428572
431 561 -2.0
431 571 -1.3571428571428572
432 433 0.9285714285714286
432 603 -0.5714285714285714
432 614 1.3571428571428572
432 638 -2.0
432 650 -2.0
433 434 2.0
433 675 0.9285714285714286
433 713 -1.7857142857142858
434 754 1.3571428571428572
434 801 -1.7857142857142858
434 812 -1.7857142857142858
435 929 1.7857142857142858
435 941 -0.9285714285714286
435 980 0.9285714285714286
436 437 -0.5714285714285714
436 446 0.9285714285714286
437 438 -1.7857142857142858
437 446 1.3571428571428572
437 447 -1.7857142857142858
438 439 -0.9285714285714286
438 447 -2.0
438 448 0.9285714285714286
438 460 -0.9285714285714286
438 471 -1.3571428571428572
438 501 -0.5714285714285714
438 510 -2.0
439 440 -1.7857142857142858
439 448 1.7857142857142858
439 449 2.0
439 541 0.5714285714285714
439 552 1.7857142857142858
439 584 0.5714285714285714
439 594 -2.0
440 441 -1.7857142857142858
440 449 0.5714285714285714
440 450 2.0
440 623 0.9285714285714286
440 630 0.5714285714285714
440 659 -2.0
440 668 -0.5714285714285714
441 442 -1.7857142857142858
441 450 -0.9285714285714286
441 451 -0.9285714285714286
441 703 0.5714285714285714
441 736 -1.3571428571428572
441 747 2.0
442 779 -1.3571428571428572
442 791 0.5714285714285714
442 823 2.0
442 834 1.3571428571428572
443 452 2.0
443 864 -1.7857142857142858
443 873 0.9285714285714286
443 908 -0.5714285714285714
443 920 2.0
444 445 -1.3571428571428572
444 454 0.9285714285714286
444 455 -2.0
445 455 1.7857142857142858
445 456 1.7857142857142858
446 447 -0.5714285714285714
447 448 -1.3571428571428572
447 460 -1.7857142857142858
447 471 0.9285714285714286
448 449 -0.5714285714285714
448 501 2.0
448 510 -1.7857142857142858
448 541 -0.5714285714285714
448 552 1.3571428571428572
449 584 -0.9285714285714286
449 594 1.3571428571428572
449 623 0.5714285714285714
449 630 -0.5714285714285714
450 451 0.5714285714285714
450 659 -1.7857142857142858
450 668 1.3571428571428572
450 693 -2.0
450 703 -1.3571428571428572
451 736 -2.0
451 747 -1.3571428571428572
452 453 1.3571428571428572
452 908 -2.0
452 920 -0.5714285714285714
452 952 -2.0
452 962 1.7857142857142858
453 454 -0.9285714285714286
454 455 1.7857142857142858
455 456 -1.3571428571428572
457 458 -1.7857142857142858
457 468 -2.0
458 459 0.9285714285714286
458 468 -2.0
458 469 1.3571428571428572
459 460 -0.9285714285714286
459 469 2.0
459 470 1.7857142857142858
460 461 1.7857142857142858
460 470 -1.7857142857142858
460 471 -0.5714285714285714
461 462 1.3571428571428572
461 471 0.5714285714285714
461 472 0.9285714285714286
461 480 -1.7857142857142858
461 490 -0.5714285714285714
461 519 -0.5714285714285714
461 529 0.5714285714285714
462 472 -1.7857142857142858
462 473 0.9285714285714286
462 562 -1.3571428571428572
462 571 1.3571428571428572
462 604 1.7857142857142858
462 614 1.3571428571428572
463 464 -1.3571428571428572
463 474 1.7857142857142858
463 475 -0.5714285714285714
463 714 -0.5714285714285714
463 724 0.5714285714285714
463 755 -1.7857142857142858
463 766 1.3571428571428572
464 465 -1.3571428571428572
464 475 -0.9285714285714286
464 476 -0.9285714285714286
464 802 0.9285714285714286
464 812 -0.5714285714285714
464 844 -0.5714285714285714
464 853 2.0
465 466 2.0
465 476 0.9285714285714286
465 884 1.7857142857142858
465 895 0.9285714285714286
465 930 1.3571428571428572
465 941 -2.0
466 467 0.5714285714285714
466 477 2.0
466 972 -1.7857142857142858
466 980 2.0
467 477 -0.5714285714285714
467 478 2.0
468 469 -0.5714285714285714
469 470 -1.3571428571428572
470 471 0.9285714285714286
471 472 -1.7857142857142858
471 480 -0.9285714285714286
471 490 -0.9285714285714286
472 473 -1.3571428571428572
472 519 -0.9285714285714286
472 529 0.9285714285714286
472 562 1.7857142857142858
472 571 1.7857142857142858
473 474 -1.7857142857142858
473 604 -1.3571428571428572
473 614 0.9285714285714286
473 639 0.5714285714285714
473 650 0.5714285714285714
474 475 1.7857142857142858
474 676 -2.0
474 724 1.7857142857142858
475 476 0.9285714285714286
475 755 -2.0
475 766 1.7857142857142858
475 802 1.3571428571428572
475 812 -1.3571428571428572
476 844 -1.7857142857142858
476 853 -0.9285714285714286
476 884 1.3571428571428572
476 895 1.3571428571428572
477 478 0.9285714285714286
479 489 -1.3571428571428572
480 481 0.9285714285714286
480 490 -0.5714285714285714
480 491 1.3571428571428572
480 510 1.7857142857142858
481 482 -1.7857142857142858
481 491 1.7857142857142858
481 492 -0.5714285714285714
481 542 -1.3571428571428572
481 552 -2.0
481 585 -2.0
481 594 1.7857142857142858
482 483 0.9285714285714286
482 492 0.9285714285714286
482 624 1.7857142857142858
482 630 -0.9285714285714286
482 660 -0.5714285714285714
482 668 0.9285714285714286
483 484 0.9285714285714286
483 493 0.9285714285714286
483 703 0.9285714285714286
483 737 -1.3571428571428572
483 747 1.3571428571428572
484 485 1.7857142857142858
484 493 2.0
484 494 -0.9285714285714286
484 780 -0.9285714285714286
484 791 -1.3571428571428572
484 824 -0.5714285714285714
484 834 -1.3571428571428572
485 486 -1.3571428571428572
485 494 -2.0
485 495 0.5714285714285714
485 873 -2.0
485 909 -0.5714285714285714
485 920 2.0
486 495 0.9285714285714286
486 496 1.3571428571428572
486 953 1.7857142857142858
486 962 -0.5714285714285714
487 488 -1.3571428571428572
487 497 -1.7857142857142858
489 490 2.0
490 491 -1.7857142857142858
491 502 -0.5714285714285714
491 510 0.5714285714285714
491 542 -1.7857142857142858
491 552 -0.5714285714285714
492 585 -0.9285714285714286
492 594 -0.5714285714285714
492 624 2.0
492 630 -2.0
493 494 0.5714285714285714
493 737 -0.9285714285714286
493 780 -1.7857142857142858
493 791 1.3571428571428572
494 495 -2.0
494 824 0.9285714285714286
494 834 -0.5714285714285714
494 873 -0.5714285714285714
495 496 0.5714285714285714
495 909 -1.7857142857142858
495 920 -0.5714285714285714
495 953 0.9285714285714286
495 962 0.5714285714285714
496 497 1.7857142857142858
498 499 2.0
499 500 -1.3571428571428572
499 508 -1.7857142857142858
500 501 -0.5714285714285714
500 508 0.5714285714285714
500 509 2.0
501 502 -1.7857142857142858
501 509 -2.0
501 510 0.5714285714285714
502 503 -1.3571428571428572
502 510 -0.5714285714285714
502 511 0.9285714285714286
502 519 -0.5714285714285714
502 530 -1.7857142857142858
503 504 1.3571428571428572
503 511 -0.5714285714285714
503 512 1.7857142857142858
503 562 -1.7857142857142858
503 572 -0.5714285714285714
503 604 -0.5714285714285714
503 615 -1.7857142857142858
504 512 2.0
504 513 -0.9285714285714286
504 639 0.5714285714285714
504 651 -1.7857142857142858
504 676 -1.3571428571428572
504 682 0.9285714285714286
505 506 -2.0
505 515 -2.0
505 516 -1.7857142857142858
505 884 1.7857142857142858
505 896 -2.0
505 930 0.5714285714285714
505 942 0.5714285714285714
506 507 -1.3571428571428572
506 516 2.0
506 972 -1.7857142857142858
506 981 1.7857142857142858
508 509 -0.9285714285714286
509 510 -0.5714285714285714
510 511 0.5714285714285714
511 512 -1.3571428571428572
511 519 -0.9285714285714286
511 530 2.0
511 562 1.3571428571428572
511 572 -1.3571428571428572
512 513 0.9285714285714286
512 604 0.9285714285714286
512 615 -0.5714285714285714
512 639 -1.7857142857142858
512 651 2.0
513 514 0.9285714285714286
513 676 -0.5714285714285714
513 682 0.5714285714285714
513 714 2.0
513 725 0.5714285714285714
514 515 -0.9285714285714286
514 755 -0.9285714285714286
514 767 -1.7857142857142858
514 802 2.0
515 516 -1.3571428571428572
515 844 -1.7857142857142858
515 854 -1.3571428571428572
515 884 -1.7857142857142858
515 896 1.3571428571428572
516 930 -2.0
516 942 2.0
516 972 -1.3571428571428572
516 981 -0.9285714285714286
517 518 -0.5714285714285714
517 528 1.3571428571428572
518 519 -0.9285714285714286
518 528 1.3571428571428572
518 529 0.5714285714285714
519 520 -1.7857142857142858
519 529 -0.9285714285714286
519 530 2.0
520 521 -1.3571428571428572
520 530 0.9285714285714286
520 531 0.9285714285714286
520 542 -1.3571428571428572
520 553 2.0
520 585 -2.0
521 522 -0.5714285714285714
521 531 1.7857142857142858
521 624 -0.5714285714285714
521 631 -0.9285714285714286
521 660 -0.5714285714285714
522 532 1.3571428571428572
522 704 1.7857142857142858
522 737 1.3571428571428572
522 748 0.5714285714285714
523 524 -2.0
523 533 -0.5714285714285714
523 534 -1.7857142857142858
523 874 1.7857142857142858
523 909 0.9285714285714286
523 921 2.0
524 525 1.3571428571428572
524 534 1.3571428571428572
524 953 -2.0
524 963 -1.3571428571428572
525 526 0.9285714285714286
525 535 -1.3571428571428572
526 527 0.5714285714285714
526 536 0.9285714285714286
527 536 -1.7857142857142858
527 537 0.5714285714285714
528 529 0.9285714285714286
529 530 2.0
530 531 -1.3571428571428572
530 542 -0.5714285714285714
530 553 1.3571428571428572
531 585 1.7857142857142858
531 624 0.9285714285714286
531 631 -1.3571428571428572
532 533 1.3571428571428572
532 737 0.9285714285714286
532 780 1.7857142857142858
533 534 0.5714285714285714
533 824 -0.9285714285714286
533 835 -1.7857142857142858
533 874 1.3571428571428572
534 909 0.9285714285714286
534 921 2.0
534 953 1.7857142857142858
534 963 -0.5714285714285714
535 536 2.0
536 537 2.0
538 539 -2.0
539 540 -1.7857142857142858
539 550 2.0
540 541 1.3571428571428572
540 550 0.9285714285714286
540 551 -0.9285714285714286
541 542 0.9285714285714286
541 551 -1.7857142857142858
541 552 -2.0
542 543 -1.7857142857142858
542 552 -2.0
542 553 0.5714285714285714
543 544 1.7857142857142858
543 553 -1.7857142857142858
543 554 -0.5714285714285714
543 563 -2.0
543 572 -2.0
543 605 -1.7857142857142858
543 615 -0.5714285714285714
544 545 2.0
544 554 1.7857142857142858
544 555 -0.5714285714285714
544 640 -1.3571428571428572
544 651 1.3571428571428572
544 677 1.3571428571428572
544 682 -2.0
545 546 -0.5714285714285714
545 555 2.0
545 556 -0.9285714285714286
545 725 1.3571428571428572
545 756 -1.3571428571428572
545 767 0.5714285714285714
546 547 0.5714285714285714
546 556 -0.9285714285714286
546 557 0.5714285714285714
546 803 -1.3571428571428572
546 845 2.0
546 854 0.9285714285714286
547 548 0.5714285714285714
547 557 0.5714285714285714
547 558 2.0
547 885 -0.5714285714285714
547 896 -1.7857142857142858
547 931 -0.9285714285714286
547 942 -0.9285714285714286
548 549 1.3571428571428572
548 558 2.0
548 559 -0.5714285714285714
548 973 -1.7857142857142858
548 981 1.7857142857142858
549 559 0.5714285714285714
549 560 1.7857142857142858
550 551 -0.9285714285714286
551 552 1.3571428571428572
552 553 0.9285714285714286
553 554 0.5714285714285714
553 572 0.9285714285714286
554 555 2.0
554 605 -0.9285714285714286
554 615 -2.0
554 640 0.9285714285714286
554 651 -0.9285714285714286
555 556 1.7857142857142858
555 677 1.7857142857142858
555 682 2.0
555 725 2.0
556 557 1.7857142857142858
556 756 -1.3571428571428572
556 767 0.9285714285714286
556 803 -0.9285714285714286
557 558 -0.5714285714285714
557 845 0.5714285714285714
557 854 1.7857142857142858
557 885 -1.3571428571428572
557 896 -1.3571428571428572
558 559 -2.0
558 931 0.9285714285714286
558 942 1.3571428571428572
558 973 1.7857142857142858
558 981 -1.3571428571428572
561 571 1.3571428571428572
562 563 -0.5714285714285714
562 571 1.7857142857142858
562 572 0.5714285714285714
563 564 -0.9285714285714286
563 572 0.5714285714285714
563 573 2.0
563 586 -0.5714285714285714
564 565 -0.9285714285714286
564 573 0.9285714285714286
564 574 -0.5714285714285714
564 631 1.3571428571428572
564 661 2.0
565 566 1.7857142857142858
565 574 -0.9285714285714286
565 575 -1.7857142857142858
565 704 2.0
565 738 -2.0
565 748 -2.0
566 567 -1.7857142857142858
566 575 1.3571428571428572
566 576 -1.3571428571428572
566 781 -0.9285714285714286
566 792 -1.7857142857142858
566 825 1.7857142857142858
566 835 -2.0
567 568 0.9285714285714286
567 577 1.7857142857142858
567 865 1.3571428571428572
567 910 1.3571428571428572
567 921 -1.3571428571428572
568 569 -1.3571428571428572
568 577 -0.9285714285714286
568 578 1.7857142857142858
568 954 0.5714285714285714
568 963 0.9285714285714286
569 578 1.7857142857142858
569 579 0.9285714285714286
570 580 2.0
571 572 0.5714285714285714
572 573 2.0
573 574 -1.3571428571428572
573 586 -0.5714285714285714
573 625 1.3571428571428572
573 631 -1.7857142857142858
574 575 -2.0
574 704 0.5714285714285714
575 576 0.5714285714285714
575 738 -0.9285714285714286
575 748 -1.3571428571428572
575 781 -1.7857142857142858
575 792 1.7857142857142858
576 577 0.9285714285714286
576 825 0.9285714285714286
576 835 -0.5714285714285714
576 865 -0.5714285714285714
576 874 2.0
577 578 1.3571428571428572
577 910 1.7857142857142858
577 921 0.9285714285714286
577 963 -0.9285714285714286
578 579 0.9285714285714286
579 580 -0.5714285714285714
581 582 0.5714285714285714
582 583 0.5714285714285714
582 593 2.0
583 584 -0.5714285714285714
583 593 -0.5714285714285714
584 585 1.3571428571428572
584 594 -0.9285714285714286
585 586 2.0
585 594 -1.7857142857142858
586 587 0.9285714285714286
586 595 1.3571428571428572
586 605 -2.0
587 588 -0.9285714285714286
587 595 1.3571428571428572
587 596 -1.3571428571428572
587 640 -0.9285714285714286
587 677 1.7857142857142858
587 683 -0.9285714285714286
588 589 -0.9285714285714286
588 596 2.0
588 597 -0.5714285714285714
588 726 1.7857142857142858
588 756 -2.0
588 768 -0.5714285714285714
589 590 -0.5714285714285714
589 597 -0.5714285714285714
589 598 1.7857142857142858
589 803 -2.0
589 813 -0.9285714285714286
589 845 1.7857142857142858
589 855 0.5714285714285714
590 591 -0.9285714285714286
590 598 1.7857142857142858
590 599 -0.9285714285714286
590 885 0.5714285714285714
590 897 1.3571428571428572
590 931 -0.9285714285714286
590 943 -0.5714285714285714
591 592 0.9285714285714286
591 599 2.0
591 600 0.9285714285714286
591 973 -0.5714285714285714
591 982 -1.3571428571428572
592 600 1.3571428571428572
592 601 2.0
595 596 -0.5714285714285714
595 605 0.5714285714285714
595 652 -0.9285714285714286
596 597 -1.3571428571428572
596 726 -0.9285714285714286
597 598 -1.3571428571428572
597 756 -0.9285714285714286
597 768 -0.5714285714285714
597 803 -1.3571428571428572
597 813 -1.7857142857142858
598 599 1.7857142857142858
598 845 -1.3571428571428572
598 855 0.9285714285714286
598 885 1.7857142857142858
598 897 1.3571428571428572
599 600 0.5714285714285714
599 931 -0.9285714285714286
599 943 0.9285714285714286
599 973 -0.5714285714285714
599 982 -2.0
600 601 0.5714285714285714
602 613 -0.5714285714285714
603 604 -1.7857142857142858
603 613 2.0
603 614 2.0
604 605 1.7857142857142858
604 614 1.3571428571428572
604 615 0.9285714285714286
605 606 -0.9285714285714286
605 615 -0.9285714285714286
606 607 -0.9285714285714286
606 625 0.5714285714285714
606 632 1.7857142857142858
606 661 -0.9285714285714286
607 608 -0.5714285714285714
607 616 1.3571428571428572
607 705 -2.0
607 738 2.0
608 609 1.3571428571428572
608 616 2.0
608 617 -1.3571428571428572
608 781 -1.7857142857142858
608 793 -0.5714285714285714
608 825 1.3571428571428572
608 836 2.0
609 610 -1.3571428571428572
609 617 -0.9285714285714286
609 618 -1.3571428571428572
609 865 0.5714285714285714
609 875 0.9285714285714286
609 910 -1.3571428571428572
609 922 -0.9285714285714286
610 611 1.7857142857142858
610 618 -0.9285714285714286
610 954 -1.7857142857142858
610 964 2.0
611 612 1.7857142857142858
611 619 -1.7857142857142858
612 619 0.5714285714285714
612 620 -0.9285714285714286
613 614 -1.3571428571428572
614 615 -1.7857142857142858
616 617 -2.0
616 738 -1.3571428571428572
616 781 -0.9285714285714286
616 793 -1.3571428571428572
617 618 0.9285714285714286
617 825 -1.7857142857142858
617 836 -1.7857142857142858
617 865 1.3571428571428572
617 875 1.7857142857142858
618 910 1.3571428571428572
618 922 -1.7857142857142858
618 954 -0.5714285714285714
618 964 0.9285714285714286
619 620 -1.3571428571428572
620 621 2.0
623 624 1.7857142857142858
623 630 0.5714285714285714
624 625 -1.3571428571428572
624 630 1.7857142857142858
624 631 1.7857142857142858
625 631 0.9285714285714286
625 632 -1.7857142857142858
626 627 -2.0
626 633 1.3571428571428572
626 634 1.7857142857142858
626 715 1.3571428571428572
626 726 1.7857142857142858
626 757 -0.9285714285714286
626 768 -0.5714285714285714
627 634 -2.0
627 804 -0.9285714285714286
627 813 0.5714285714285714
627 846 -2.0
627 855 -0.9285714285714286
628 629 -2.0
628 635 0.9285714285714286
628 982 0.9285714285714286
629 636 -2.0
630 631 -0.5714285714285714
631 632 0.9285714285714286
632 633 2.0
632 641 -1.3571428571428572
632 652 0.9285714285714286
633 634 -1.3571428571428572
633 683 1.7857142857142858
633 715 2.0
633 726 0.5714285714285714
634 757 0.9285714285714286
634 768 -0.9285714285714286
634 804 -0.5714285714285714
634 813 -0.9285714285714286
635 636 1.7857142857142858
635 932 0.9285714285714286
635 943 1.7857142857142858
635 974 -2.0
635 982 2.0
637 638 1.3571428571428572
637 649 0.9285714285714286
638 639 1.3571428571428572
638 649 0.5714285714285714
638 650 0.9285714285714286
639 640 -0.9285714285714286
639 650 -1.3571428571428572
639 651 -1.7857142857142858
640 641 1.7857142857142858
640 651 -0.9285714285714286
640 652 -1.7857142857142858
641 642 1.3571428571428572
641 652 0.5714285714285714
641 662 0.9285714285714286
642 653 2.0
642 654 -1.3571428571428572
642 694 -0.9285714285714286
642 705 -2.0
643 644 -2.0
643 654 -1.3571428571428572
643 782 1.7857142857142858
643 793 1.3571428571428572
643 826 1.3571428571428572
643 836 -2.0
644 645 0.5714285714285714
644 866 -1.7857142857142858
644 875 1.3571428571428572
644 922 0.5714285714285714
645 646 -2.0
645 655 2.0
645 955 -2.0
645 964 -0.5714285714285714
646 647 0.9285714285714286
646 655 0.5714285714285714
646 656 0.5714285714285714
647 648 1.3571428571428572
647 656 1.3571428571428572
647 657 0.9285714285714286
648 657 0.5714285714285714
648 658 -0.9285714285714286
649 650 -1.7857142857142858
650 651 -1.3571428571428572
651 652 -1.3571428571428572
652 653 -0.5714285714285714
653 654 -0.9285714285714286
653 662 -1.3571428571428572
653 694 1.7857142857142858
653 705 1.7857142857142858
654 782 1.7857142857142858
654 793 -0.5714285714285714
655 656 -1.7857142857142858
656 657 0.9285714285714286
657 658 0.5714285714285714
659 660 -1.3571428571428572
659 668 -0.5714285714285714
660 661 -0.9285714285714286
660 668 1.3571428571428572
661 662 -1.7857142857142858
662 663 0.9285714285714286
662 669 0.5714285714285714
662 684 -1.3571428571428572
663 664 0.5714285714285714
663 669 -0.5714285714285714
663 670 2.0
663 715 0.9285714285714286
663 727 2.0
663 757 1.7857142857142858
663 769 1.7857142857142858
664 665 -1.7857142857142858
664 670 2.0
664 671 1.7857142857142858
664 804 -0.5714285714285714
664 814 0.5714285714285714
664 846 1.7857142857142858
664 856 2.0
665 671 -0.9285714285714286
665 886 -0.9285714285714286
665 898 -1.7857142857142858
665 932 1.3571428571428572
665 944 1.3571428571428572
666 672 0.9285714285714286
666 673 -2.0
669 670 -2.0
669 684 -1.3571428571428572
669 715 2.0
670 671 -2.0
670 757 1.3571428571428572
670 769 0.9285714285714286
670 804 -0.9285714285714286
670 814 1.7857142857142858
671 846 -0.9285714285714286
671 856 1.3571428571428572
671 886 -0.9285714285714286
671 898 0.5714285714285714
672 673 -2.0
674 675 1.7857142857142858
675 676 -2.0
676 677 1.7857142857142858
676 682 1.7857142857142858
677 682 -1.7857142857142858
677 683 0.5714285714285714
678 679 2.0
678 684 0.5714285714285714
678 685 2.0
678 694 2.0
678 706 -2.0
679 680 0.5714285714285714
679 685 2.0
679 782 2.0
679 794 0.5714285714285714
679 826 1.7857142857142858
679 837 2.0
680 681 0.5714285714285714
680 686 1.7857142857142858
680 687 -2.0
680 866 2.0
680 911 -1.7857142857142858
680 923 1.3571428571428572
681 687 -1.7857142857142858
681 955 -0.5714285714285714
681 965 -1.7857142857142858
682 683 -2.0
683 684 0.9285714285714286
684 685 0.9285714285714286
684 694 -1.3571428571428572
684 706 -1.3571428571428572
685 686 1.3571428571428572
685 782 -1.7857142857142858
685 794 2.0
686 687 -2.0
686 826 -2.0
686 866 1.7857142857142858
686 876 -0.9285714285714286
687 911 -0.9285714285714286
687 923 0.9285714285714286
687 955 -0.5714285714285714
687 965 -0.9285714285714286
688 689 2.0
689 690 1.3571428571428572
691 692 -2.0
691 700 0.5714285714285714
692 700 -1.7857142857142858
692 701 -1.3571428571428572
693 702 -2.0
693 703 -1.3571428571428572
694 695 0.5714285714285714
694 705 -1.7857142857142858
694 706 -0.5714285714285714
695 696 1.3571428571428572
695 706 1.3571428571428572
695 707 -1.7857142857142858
695 716 -1.3571428571428572
695 727 2.0
695 758 -0.5714285714285714
695 769 0.9285714285714286
696 697 -2.0
696 707 -2.0
696 708 -1.7857142857142858
696 805 0.9285714285714286
696 814 0.5714285714285714
696 847 -1.7857142857142858
696 856 0.9285714285714286
697 698 -1.3571428571428572
697 708 1.3571428571428572
697 709 2.0
697 887 2.0
697 898 1.7857142857142858
697 933 0.9285714285714286
697 944 1.7857142857142858
698 699 0.9285714285714286
698 709 1.3571428571428572
698 710 1.3571428571428572
698 975 1.7857142857142858
698 983 -2.0
699 710 2.0
699 711 -0.5714285714285714
700 701 -1.7857142857142858
701 702 -0.9285714285714286
702 703 -0.9285714285714286
703 704 0.9285714285714286
704 705 2.0
705 706 1.7857142857142858
706 707 -0.9285714285714286
706 716 -2.0
706 727 -1.3571428571428572
707 708 -2.0
707 758 0.5714285714285714
707 769 -2.0
707 805 0.9285714285714286
707 814 -2.0
708 709 -0.5714285714285714
708 847 -0.9285714285714286
708 856 0.9285714285714286
708 887 1.3571428571428572
708 898 2.0
709 710 -0.9285714285714286
709 933 0.5714285714285714
709 944 1.3571428571428572
709 975 -1.7857142857142858
709 983 2.0
710 711 2.0
712 713 -2.0
712 723 0.5714285714285714
713 714 -0.5714285714285714
713 723 2.0
713 724 -0.5714285714285714
714 724 -2.0
714 725 1.7857142857142858
715 716 2.0
715 726 -1.3571428571428572
715 727 -0.5714285714285714
716 717 -2.0
716 727 -0.9285714285714286
716 728 0.5714285714285714
716 739 -0.5714285714285714
717 718 0.5714285714285714
717 728 1.3571428571428572
717 729 1.7857142857142858
717 783 -1.7857142857142858
717 794 -1.3571428571428572
717 827 -0.5714285714285714
717 837 2.0
718 719 -1.7857142857142858
718 729 -0.5714285714285714
718 730 -2.0
718 867 -1.3571428571428572
718 876 -1.7857142857142858
718 912 2.0
718 923 1.7857142857142858
719 720 -2.0
719 730 1.7857142857142858
719 956 1.7857142857142858
719 965 -0.5714285714285714
720 721 1.3571428571428572
721 722 -2.0
721 731 -0.5714285714285714
722 731 -0.5714285714285714
722 732 -1.3571428571428572
723 724 -1.7857142857142858
724 725 -1.7857142857142858
725 726 -0.5714285714285714
726 727 -1.7857142857142858
727 728 0.9285714285714286
728 729 2.0
728 739 -1.3571428571428572
728 783 0.5714285714285714
728 794 0.5714285714285714
729 730 -0.9285714285714286
729 827 1.3571428571428572
729 837 0.9285714285714286
729 867 -1.7857142857142858
729 876 -1.3571428571428572
730 912 2.0
730 923 -1.7857142857142858
730 956 -1.7857142857142858
730 965 0.5714285714285714
731 732 -0.9285714285714286
733 734 -1.7857142857142858
733 744 -1.7857142857142858
734 735 -0.9285714285714286
734 744 2.0
734 745 0.5714285714285714
735 736 -2.0
735 746 -1.7857142857142858
736 737 -1.7857142857142858
736 746 -0.5714285714285714
736 747 -2.0
737 738 -1.7857142857142858
737 747 1.7857142857142858
737 748 0.9285714285714286
738 748 -0.9285714285714286
739 740 -1.3571428571428572
739 749 0.9285714285714286
739 758 -1.7857142857142858
739 770 2.0
740 741 -1.7857142857142858
740 749 1.7857142857142858
740 750 0.9285714285714286
740 805 -1.7857142857142858
740 815 -1.7857142857142858
740 847 1.3571428571428572
740 857 -1.3571428571428572
741 742 -1.3571428571428572
741 750 -2.0
741 751 2.0
741 887 0.9285714285714286
741 899 -2.0
741 933 0.9285714285714286
742 743 0.9285714285714286
742 751 -0.9285714285714286
742 752 0.9285714285714286
742 975 0.9285714285714286
742 984 2.0
743 752 1.7857142857142858
744 745 -0.5714285714285714
745 746 -0.9285714285714286
746 747 0.5714285714285714
747 748 1.3571428571428572
749 750 -0.5714285714285714
749 758 1.7857142857142858
749 770 1.3571428571428572
749 805 -0.9285714285714286
749 815 -0.9285714285714286
750 751 -1.7857142857142858
750 847 1.3571428571428572
750 857 2.0
750 887 -2.0
750 899 0.5714285714285714
751 752 0.9285714285714286
751 975 -1.7857142857142858
751 984 -0.9285714285714286
753 754 0.5714285714285714
753 765 1.3571428571428572
754 755 1.7857142857142858
754 765 0.9285714285714286
754 766 -0.9285714285714286
755 756 0.9285714285714286
755 766 -0.5714285714285714
755 767 2.0
756 757 -0.5714285714285714
756 767 1.3571428571428572
756 768 -2.0
757 758 -1.3571428571428572
757 768 0.5714285714285714
757 769 -0.5714285714285714
758 759 0.9285714285714286
758 769 0.5714285714285714
758 770 2.0
759 760 -2.0
759 771 -2.0
759 783 -1.3571428571428572
759 795 -1.3571428571428572
759 827 1.3571428571428572
759 838 -0.9285714285714286
760 761 -2.0
760 771 -2.0
760 772 1.7857142857142858
760 867 0.5714285714285714
760 877 0.9285714285714286
760 912 0.9285714285714286
760 924 2.0
761 762 -2.0
761 772 -1.3571428571428572
761 773 2.0
761 956 -1.3571428571428572
761 966 2.0
762 763 -0.9285714285714286
762 773 -1.3571428571428572
762 774 1.7857142857142858
763 764 -2.0
763 774 -0.9285714285714286
763 775 1.3571428571428572
764 775 -0.9285714285714286
764 776 1.3571428571428572
765 766 1.3571428571428572
766 767 -0.5714285714285714
767 768 -1.7857142857142858
768 769 -1.7857142857142858
769 770 0.9285714285714286
770 783 2.0
770 795 0.9285714285714286
771 772 0.9285714285714286
771 827 0.9285714285714286
771 838 0.9285714285714286
771 867 2.0
771 877 -0.5714285714285714
772 773 1.3571428571428572
772 912 0.9285714285714286
772 924 -2.0
772 956 -1.7857142857142858
772 966 0.9285714285714286
773 774 -0.9285714285714286
774 775 -2.0
775 776 2.0
777 788 -2.0
778 779 1.3571428571428572
778 789 -1.7857142857142858
778 790 2.0
779 780 0.5714285714285714
779 790 -2.0
779 791 0.5714285714285714
780 781 -0.9285714285714286
780 791 -2.0
780 792 -1.7857142857142858
781 782 -0.9285714285714286
781 792 1.7857142857142858
781 793 -1.7857142857142858
782 783 -0.5714285714285714
782 793 -1.3571428571428572
782 794 1.3571428571428572
783 784 0.5714285714285714
783 794 1.7857142857142858
783 795 -0.5714285714285714
784 785 -1.3571428571428572
784 795 1.7857142857142858
784 796 2.0
784 815 1.7857142857142858
784 848 0.9285714285714286
784 857 0.5714285714285714
785 786 -0.5714285714285714
785 796 -1.3571428571428572
785 797 -0.5714285714285714
785 899 0.5714285714285714
785 934 0.5714285714285714
786 787 1.3571428571428572
786 797 2.0
786 798 1.7857142857142858
786 976 0.5714285714285714
786 984 -0.9285714285714286
787 798 2.0
787 799 -2.0
788 789 -0.5714285714285714
789 790 1.3571428571428572
790 791 -1.3571428571428572
791 792 2.0
792 793 -1.7857142857142858
793 794 2.0
794 795 -0.5714285714285714
795 796 -0.5714285714285714
795 815 -0.5714285714285714
796 797 -2.0
796 848 0.5714285714285714
796 857 0.9285714285714286
796 888 1.3571428571428572
796 899 -1.7857142857142858
797 798 -0.5714285714285714
797 934 0.5714285714285714
797 976 1.3571428571428572
797 984 1.7857142857142858
798 799 1.7857142857142858
800 801 2.0
800 811 -0.9285714285714286
801 802 -2.0
801 811 1.7857142857142858
801 812 -1.7857142857142858
802 803 -1.7857142857142858
802 812 -0.9285714285714286
803 804 -2.0
803 813 -0.5714285714285714
804 805 0.5714285714285714
804 813 1.3571428571428572
804 814 2.0
805 814 -1.7857142857142858
805 815 -0.5714285714285714
806 807 2.0
806 816 1.7857142857142858
806 817 -0.9285714285714286
806 868 -0.5714285714285714
806 877 0.9285714285714286
806 913 -0.9285714285714286
806 924 -2.0
807 808 -0.5714285714285714
807 817 2.0
807 818 -0.5714285714285714
807 957 -0.5714285714285714
807 966 -0.9285714285714286
808 809 1.7857142857142858
808 818 0.5714285714285714
808 819 1.3571428571428572
809 810 1.3571428571428572
809 819 1.3571428571428572
809 820 1.7857142857142858
810 820 -0.9285714285714286
811 812 -1.3571428571428572
813 814 0.5714285714285714
814 815 0.5714285714285714
815 816 -0.5714285714285714
816 817 -1.7857142857142858
816 838 0.9285714285714286
816 868 0.5714285714285714
816 877 0.9285714285714286
817 818 0.5714285714285714
817 913 -1.7857142857142858
817 924 -1.7857142857142858
817 957 -0.5714285714285714
817 966 -2.0
818 819 0.5714285714285714
819 820 2.0
821 822 0.5714285714285714
821 831 -1.3571428571428572
822 831 -0.5714285714285714
822 832 -1.7857142857142858
823 824 0.5714285714285714
823 833 -1.3571428571428572
823 834 0.5714285714285714
824 825 0.9285714285714286
824 834 -1.7857142857142858
824 835 -0.5714285714285714
825 826 1.3571428571428572
825 835 1.3571428571428572
825 836 -0.5714285714285714
826 827 -1.7857142857142858
826 836 -0.9285714285714286
826 837 -0.9285714285714286
827 828 0.9285714285714286
827 837 -0.5714285714285714
827 838 -1.7857142857142858
828 838 -0.5714285714285714
828 839 0.5714285714285714
828 848 2.0
829 830 -2.0
829 840 -1.3571428571428572
829 841 2.0
829 976 -0.5714285714285714
829 985 1.7857142857142858
830 841 1.3571428571428572
830 842 2.0
831 832 0.5714285714285714
832 833 -2.0
833 834 -0.5714285714285714
834 835 0.5714285714285714
836 837 0.5714285714285714
837 838 -1.7857142857142858
838 839 -1.7857142857142858
839 840 -1.3571428571428572
839 848 -2.0
839 888 -0.5714285714285714
839 900 -2.0
840 841 -0.9285714285714286
840 934 -0.9285714285714286
840 976 -2.0
840 985 -1.3571428571428572
841 842 2.0
844 845 0.9285714285714286
844 853 -2.0
844 854 -1.7857142857142858
845 846 -0.9285714285714286
845 855 -2.0
846 847 -1.3571428571428572
846 855 2.0
846 856 -1.7857142857142858
847 856 -1.3571428571428572
847 857 0.9285714285714286
848 849 -0.9285714285714286
848 857 -1.3571428571428572
849 850 2.0
849 858 1.3571428571428572
849 868 -1.3571428571428572
849 878 -0.9285714285714286
849 913 -1.3571428571428572
850 851 0.9285714285714286
850 858 -2.0
850 859 -1.7857142857142858
850 957 -1.7857142857142858
850 967 -1.3571428571428572
851 859 1.3571428571428572
851 860 1.7857142857142858
852 861 -0.5714285714285714
853 854 0.5714285714285714
854 855 1.3571428571428572
856 857 2.0
858 859 0.9285714285714286
858 913 -2.0
858 957 -2.0
858 967 -0.9285714285714286
859 860 1.3571428571428572
862 863 1.3571428571428572
862 870 0.9285714285714286
862 871 1.7857142857142858
863 871 0.5714285714285714
863 872 -0.9285714285714286
864 872 2.0
864 873 0.5714285714285714
865 866 1.3571428571428572
865 874 -0.5714285714285714
866 867 -2.0
866 875 0.5714285714285714
867 868 1.3571428571428572
867 876 -2.0
867 877 1.7857142857142858
868 877 2.0
868 878 -2.0
869 879 0.9285714285714286
869 880 2.0
869 977 0.5714285714285714
869 985 -2.0
870 871 -1.7857142857142858
871 872 -1.7857142857142858
872 873 0.5714285714285714
873 874 1.7857142857142858
874 875 -1.7857142857142858
875 876 -2.0
876 877 1.7857142857142858
877 878 2.0
878 879 -1.7857142857142858
878 889 0.9285714285714286
878 900 2.0
879 880 -1.3571428571428572
879 935 0.5714285714285714
879 977 -2.0
879 985 -2.0
880 881 -1.3571428571428572
882 883 1.7857142857142858
882 894 -0.9285714285714286
883 884 0.9285714285714286
883 894 -2.0
883 895 0.5714285714285714
884 885 1.3571428571428572
884 896 1.7857142857142858
885 886 -0.9285714285714286
885 896 0.9285714285714286
885 897 0.5714285714285714
886 887 -2.0
886 897 -0.5714285714285714
886 898 2.0
887 888 1.3571428571428572
887 898 2.0
887 899 0.9285714285714286
888 889 -0.9285714285714286
888 899 1.7857142857142858
888 900 0.5714285714285714
889 890 -1.3571428571428572
889 900 -0.9285714285714286
889 901 0.9285714285714286
889 914 2.0
890 891 -1.7857142857142858
890 901 -0.5714285714285714
890 902 2.0
890 967 1.7857142857142858
891 892 -0.5714285714285714
891 902 -1.3571428571428572
891 903 2.0
892 893 -2.0
892 903 -0.5714285714285714
892 904 1.7857142857142858
893 904 2.0
893 905 0.9285714285714286
894 895 -1.7857142857142858
895 896 -0.5714285714285714
896 897 -0.9285714285714286
897 898 -1.3571428571428572
898 899 -0.5714285714285714
899 900 -1.3571428571428572
900 901 0.9285714285714286
901 902 -1.7857142857142858
901 914 0.9285714285714286
901 967 0.5714285714285714
903 904 2.0
904 905 -0.5714285714285714
906 907 -1.3571428571428572
906 917 1.7857142857142858
906 918 0.9285714285714286
907 908 2.0
907 918 0.5714285714285714
907 919 0.9285714285714286
908 909 -1.7857142857142858
908 920 -0.9285714285714286
909 910 1.3571428571428572
909 920 -0.9285714285714286
909 921 1.7857142857142858
910 911 -0.9285714285714286
910 922 2.0
911 912 -1.7857142857142858
911 922 0.9285714285714286
911 923 1.7857142857142858
912 913 1.7857142857142858
912 923 -2.0
912 924 -1.3571428571428572
913 914 0.5714285714285714
913 924 1.3571428571428572
914 915 -1.7857142857142858
914 925 -2.0
914 935 -0.5714285714285714
914 945 -0.5714285714285714
915 916 -0.5714285714285714
915 925 1.7857142857142858
915 926 -0.5714285714285714
915 977 1.3571428571428572
915 986 -1.3571428571428572
916 926 -0.5714285714285714
916 927 -1.3571428571428572
917 918 -2.0
918 919 0.9285714285714286
919 920 -0.9285714285714286
920 921 -2.0
921 922 -1.3571428571428572
922 923 0.5714285714285714
923 924 -1.7857142857142858
925 926 -2.0
925 935 -2.0
925 945 0.5714285714285714
925 977 0.5714285714285714
925 986 -0.5714285714285714
926 927 -2.0
928 929 0.5714285714285714
928 940 -0.5714285714285714
929 930 -2.0
929 940 -0.9285714285714286
929 941 1.3571428571428572
930 931 2.0
930 941 -1.7857142857142858
930 942 -2.0
931 932 1.3571428571428572
931 942 2.0
931 943 1.3571428571428572
932 933 2.0
932 943 -2.0
932 944 2.0
933 934 -2.0
933 944 -0.5714285714285714
934 935 1.3571428571428572
935 936 1.3571428571428572
935 945 -0.5714285714285714
936 937 2.0
936 945 -2.0
936 946 1.7857142857142858
936 968 -0.9285714285714286
937 938 -0.9285714285714286
937 946 -0.5714285714285714
937 947 1.7857142857142858
938 939 1.7857142857142858
938 947 -0.9285714285714286
938 948 0.9285714285714286
939 948 1.3571428571428572
939 949 1.3571428571428572
940 941 -0.9285714285714286
941 942 -1.3571428571428572
942 943 1.3571428571428572
943 944 0.9285714285714286
945 946 0.5714285714285714
947 948 2.0
948 949 2.0
950 960 1.7857142857142858
951 952 -0.5714285714285714
951 961 -1.7857142857142858
952 953 1.7857142857142858
952 961 2.0
952 962 -0.5714285714285714
953 954 -1.7857142857142858
953 962 0.9285714285714286
953 963 1.7857142857142858
954 955 -2.0
954 963 2.0
954 964 -2.0
955 956 1.3571428571428572
955 964 -2.0
956 957 -1.7857142857142858
956 965 2.0
956 966 1.7857142857142858
957 967 1.7857142857142858
958 959 1.3571428571428572
958 968 -0.9285714285714286
958 969 -1.3571428571428572
958 978 2.0
958 986 -2.0
959 969 -1.3571428571428572
959 970 -2.0
961 962 0.5714285714285714
962 963 0.9285714285714286
963 964 1.7857142857142858
964 965 -1.7857142857142858
965 966 0.9285714285714286
966 967 -1.7857142857142858
967 968 -1.3571428571428572
968 969 2.0
968 978 -0.5714285714285714
968 986 0.9285714285714286
969 970 2.0
972 973 -0.9285714285714286
972 980 1.3571428571428572
972 981 -1.3571428571428572
973 974 1.7857142857142858
973 981 1.7857142857142858
973 982 1.7857142857142858
974 975 0.9285714285714286
974 982 2.0
974 983 -1.3571428571428572
975 976 -2.0
975 984 1.3571428571428572
976 977 0.5714285714285714
976 984 0.9285714285714286
976 985 -2.0
977 978 1.3571428571428572
977 985 -0.9285714285714286
977 986 1.3571428571428572
978 979 -0.5714285714285714
978 986 -0.5714285714285714
978 987 -1.7857142857142858
979 987 0.9285714285714286
979 988 -2.0
980 981 1.3571428571428572
981 982 -0.9285714285714286
982 983 -0.5714285714285714
983 984 -1.7857142857142858
984 985 -0.5714285714285714
985 986 0.9285714285714286
986 987 -0.9285714285714286
987 988 0.9285714285714286
988 989 -0.9285714285714286
