72 256
1 1 -2.7142857142857144
2 2 5.142857142857143
3 3 -1.9285714285714286
4 4 5.714285714285715
5 5 -3.0
6 6 -0.357142857142857
7 7 2.2142857142857144
8 8 -0.3571428571428572
9 9 -5.928571428571428
10 10 1.285714285714286
11 11 4.428571428571429
12 12 6.857142857142857
13 13 8.285714285714285
14 14 -1.3571428571428577
15 15 4.5
16 16 -1.8571428571428572
17 17 2.7857142857142856
18 18 -2.0714285714285716
19 19 -3.8571428571428577
20 20 -1.9285714285714288
21 21 -0.4285714285714286
23 23 2.714285714285715
24 24 2.3571428571428577
25 25 -2.142857142857143
26 26 2.5
27 27 0.2142857142857142
28 28 -1.5714285714285714
29 29 7.642857142857143
30 30 3.5714285714285716
31 31 0.8571428571428572
32 32 -1.6428571428571428
33 33 -3.5
34 34 3.7857142857142856
35 35 0.7142857142857144
36 36 -8.142857142857142
37 37 1.5714285714285714
38 38 2.220446049250313e-16
39 39 0.6428571428571428
40 40 3.928571428571429
41 41 2.071428571428571
42 42 1.1428571428571428
43 43 -2.1428571428571432
44 44 1.8571428571428572
45 45 -0.7857142857142856
46 46 -3.2857142857142856
47 47 1.8571428571428572
48 48 -6.857142857142858
49 49 0.9285714285714288
50 50 -2.7142857142857144
51 51 -0.7857142857142856
52 52 2.142857142857143
53 53 -2.928571428571429
54 54 2.5714285714285716
55 55 0.8571428571428572
56 56 2.5
57 57 0.21428571428571397
58 58 5.214285714285714
59 59 3.857142857142857
60 60 1.6428571428571428
61 61 2.428571428571429
62 62 -0.4285714285714284
63 63 0.4285714285714286
64 64 -4.0
66 66 -3.071428571428571
67 67 -4.285714285714286
68 68 -5.857142857142857
69 69 0.9285714285714286
70 70 2.928571428571428
71 71 -2.5714285714285716
72 72 -0.2142857142857142
1 2 0.9285714285714286
1 13 -2.0
1 30 1.3571428571428572
1 40 0.9285714285714286
1 44 0.9285714285714286
1 54 0.5714285714285714
2 4 -1.3571428571428572
2 7 -1.7857142857142858
2 13 -2.0
2 14 -0.9285714285714286
2 18 -1.7857142857142858
2 64 1.7857142857142858
3 5 0.9285714285714286
3 6 -1.3571428571428572
3 11 -0.5714285714285714
3 15 -0.5714285714285714
3 22 2.0
3 66 0.5714285714285714
3 72 0.9285714285714286
4 14 -0.9285714285714286
4 16 -1.3571428571428572
4 31 -1.3571428571428572
4 41 -0.9285714285714286
4 46 2.0
4 55 -1.7857142857142858
5 33 2.0
5 42 -0.5714285714285714
5 49 2.0
5 58 -1.3571428571428572
6 15 0.5714285714285714
6 17 0.9285714285714286
6 50 -1.7857142857142858
6 59 2.0
7 9 0.5714285714285714
7 13 0.5714285714285714
7 18 1.7857142857142858
7 26 -1.3571428571428572
7 34 -2.0
8 10 -0.5714285714285714
8 16 1.3571428571428572
8 19 1.3571428571428572
8 38 -1.7857142857142858
9 11 1.3571428571428572
9 18 -0.9285714285714286
9 20 1.7857142857142858
9 51 1.3571428571428572
9 67 1.7857142857142858
10 12 -1.7857142857142858
10 19 -0.9285714285714286
10 21 2.0
10 53 1.7857142857142858
10 70 -1.7857142857142858
11 20 -2.0
11 22 -2.0
11 27 0.5714285714285714
11 35 -1.7857142857142858
12 17 -0.5714285714285714
12 21 -1.7857142857142858
12 23 -1.7857142857142858
12 39 -0.9285714285714286
13 14 -0.9285714285714286
13 18 -0.5714285714285714
13 30 -1.3571428571428572
13 40 -2.0
14 16 0.9285714285714286
14 46 -0.5714285714285714
14 55 1.7857142857142858
14 64 2.0
15 17 -1.7857142857142858
15 50 0.9285714285714286
15 59 -1.7857142857142858
15 66 -0.9285714285714286
15 72 -0.9285714285714286
16 19 2.0
16 31 0.9285714285714286
16 41 -2.0
17 23 -1.3571428571428572
18 20 1.7857142857142858
18 67 1.7857142857142858
19 21 2.0
19 70 -0.5714285714285714
20 22 -2.0
20 27 -0.5714285714285714
20 35 0.9285714285714286
20 51 2.0
21 23 -0.9285714285714286
21 39 0.9285714285714286
21 53 -1.7857142857142858
22 62 2.0
23 71 1.3571428571428572
24 26 -0.9285714285714286
24 34 -2.0
24 44 0.5714285714285714
25 27 -0.9285714285714286
25 33 0.5714285714285714
25 35 0.5714285714285714
25 49 1.3571428571428572
25 56 0.5714285714285714
26 28 0.9285714285714286
26 36 -0.5714285714285714
26 64 -0.5714285714285714
27 29 -2.0
27 37 0.9285714285714286
27 66 1.7857142857142858
28 31 -1.7857142857142858
28 36 1.7857142857142858
28 38 -1.3571428571428572
28 46 2.0
29 37 -0.9285714285714286
29 39 -2.0
29 50 -1.3571428571428572
29 57 -1.3571428571428572
30 34 -1.7857142857142858
30 40 -1.7857142857142858
31 32 0.5714285714285714
31 38 1.3571428571428572
31 41 -0.5714285714285714
32 41 2.0
32 45 -0.5714285714285714
32 53 0.5714285714285714
32 70 -0.9285714285714286
33 35 0.9285714285714286
34 36 2.0
35 37 -1.3571428571428572
36 38 1.7857142857142858
36 46 1.7857142857142858
36 64 1.3571428571428572
37 39 1.3571428571428572
37 50 1.3571428571428572
37 57 -2.0
37 66 -0.9285714285714286
40 60 -2.0
40 67 0.9285714285714286
41 70 -0.5714285714285714
42 61 -0.5714285714285714
43 47 1.3571428571428572
43 51 -0.5714285714285714
43 56 1.3571428571428572
44 47 -2.0
44 54 -1.3571428571428572
45 48 0.5714285714285714
45 52 -1.7857142857142858
45 53 0.5714285714285714
45 57 2.0
46 48 -1.3571428571428572
46 55 -0.5714285714285714
47 49 -1.3571428571428572
47 54 -1.7857142857142858
47 56 1.3571428571428572
47 60 0.5714285714285714
48 50 1.7857142857142858
48 52 0.9285714285714286
48 55 0.9285714285714286
48 57 2.0
48 68 2.0
49 56 -2.0
49 58 -0.9285714285714286
50 57 1.7857142857142858
51 52 -2.0
52 53 1.7857142857142858
52 57 0.9285714285714286
52 65 -2.0
54 56 -1.7857142857142858
54 60 1.7857142857142858
55 57 -1.7857142857142858
55 68 0.5714285714285714
56 58 -2.0
57 59 -1.7857142857142858
58 61 -0.9285714285714286
59 63 -1.3571428571428572
59 69 -0.9285714285714286
60 67 -2.0
61 62 -0.9285714285714286
62 63 0.5714285714285714
62 69 -1.7857142857142858
62 72 0.5714285714285714
63 69 0.9285714285714286
63 71 -0.5714285714285714
64 65 -0.5714285714285714
65 66 2.0
65 68 0.5714285714285714
66 72 0.5714285714285714
67 68 1.7857142857142858
68 70 0.9285714285714286
69 71 1.7857142857142858
69 72 -0.9285714285714286
