449 1782
1 1 5.714285714285714
2 2 1.9285714285714286
3 3 0.4285714285714286
4 4 -0.0714285714285714
5 5 -1.0
6 6 -2.571428571428571
7 7 4.571428571428571
8 8 -2.5
9 9 -3.1428571428571432
10 10 -2.2142857142857144
11 11 -5.571428571428571
12 12 1.142857142857143
13 13 4.428571428571429
14 14 -0.5714285714285712
15 15 6.571428571428571
16 16 -0.5
17 17 1.3571428571428572
18 18 -1.7857142857142858
19 19 1.785714285714286
20 20 5.142857142857143
21 21 -1.7142857142857144
22 22 1.8571428571428572
23 23 2.5
24 24 1.142857142857143
25 25 3.0
26 26 3.3571428571428577
27 27 -1.7857142857142858
28 28 -8.428571428571429
29 29 -3.428571428571429
30 30 4.2142857142857135
31 31 3.428571428571429
32 32 8.285714285714286
33 33 6.142857142857143
34 34 3.0
35 35 -6.071428571428571
36 36 -1.5000000000000002
37 37 -0.4285714285714286
38 38 -0.6428571428571428
39 39 -0.35714285714285765
40 40 2.0
41 41 -5.571428571428571
42 42 -4.5
43 43 -5.571428571428571
45 45 0.7857142857142856
46 46 -4.857142857142858
47 47 -2.0
48 48 3.1428571428571432
49 49 0.7142857142857144
50 50 0.5
51 51 -5.285714285714286
52 52 -1.5
53 53 -1.9999999999999998
54 54 0.4285714285714288
55 55 0.2857142857142858
56 56 -3.0
57 57 4.0
58 58 1.0714285714285714
59 59 4.857142857142858
60 60 -1.7857142857142858
61 61 0.21428571428571397
62 62 -2.0
63 63 5.357142857142858
64 64 0.4285714285714284
65 65 1.8571428571428572
66 66 -3.071428571428571
67 67 0.7142857142857142
68 68 5.285714285714286
69 69 -3.0
70 70 -2.2857142857142856
71 71 -0.14285714285714302
72 72 -6.0
73 73 -1.4285714285714286
74 74 3.8571428571428577
75 75 5.428571428571429
76 76 3.7142857142857144
77 77 -0.7857142857142858
78 78 -2.7142857142857144
79 79 -3.571428571428571
80 80 8.5
81 81 5.928571428571429
82 82 -3.5
83 83 -4.5
84 84 1.0714285714285716
85 85 3.714285714285714
86 86 -0.7857142857142858
87 87 1.642857142857143
88 88 5.500000000000001
89 89 -1.7142857142857144
90 90 3.928571428571429
92 92 2.6428571428571432
93 93 4.214285714285714
94 94 1.5
95 95 1.3571428571428572
96 96 -2.5
97 97 -4.285714285714286
98 98 1.0714285714285714
99 99 3.928571428571429
100 100 -3.5
101 101 3.2857142857142856
102 102 1.2142857142857146
103 103 0.5714285714285714
104 104 -4.714285714285715
105 105 -3.2857142857142856
106 106 3.857142857142857
107 107 2.714285714285715
108 108 2.071428571428571
109 109 0.7142857142857144
110 110 2.7142857142857144
111 111 -4.428571428571429
112 112 -0.5
113 113 0.8571428571428572
114 114 1.4285714285714284
115 115 -3.0
116 116 2.2142857142857135
117 117 -2.7142857142857144
118 118 -1.2142857142857142
119 119 0.2142857142857142
120 120 1.9999999999999998
121 121 -1.0
122 122 -0.5000000000000002
123 123 4.142857142857143
124 124 2.428571428571429
125 125 2.8571428571428568
126 126 3.785714285714285
127 127 -3.2142857142857144
128 128 0.5
129 129 3.1428571428571432
130 130 -1.6428571428571432
131 131 4.357142857142857
132 132 0.9999999999999996
133 133 -0.8571428571428572
134 134 1.2142857142857144
135 135 -7.357142857142857
136 136 2.071428571428572
137 137 -2.1428571428571432
138 138 0.9285714285714279
139 139 2.428571428571429
140 140 6.071428571428571
141 141 -2.428571428571429
142 142 2.0714285714285716
143 143 1.9999999999999998
144 144 -4.071428571428571
145 145 8.714285714285715
146 146 3.0714285714285716
147 147 0.642857142857143
148 148 7.5
149 149 6.642857142857143
150 150 2.4285714285714284
151 151 1.4285714285714286
152 152 -3.642857142857144
153 153 -6.0
154 154 -4.142857142857143
155 155 1.7857142857142858
156 156 0.5000000000000002
157 157 -5.7142857142857135
158 158 2.8571428571428568
159 159 2.428571428571429
160 160 -2.5
161 161 -1.8571428571428572
162 162 -1.4285714285714282
163 163 -3.857142857142857
164 164 -1.1428571428571428
165 165 -3.6428571428571432
166 166 -3.7857142857142856
167 167 0.642857142857143
168 168 -0.1428571428571428
169 169 -5.642857142857142
170 170 0.07142857142857095
171 171 1.642857142857143
172 172 -0.35714285714285765
173 173 0.9285714285714286
174 174 -2.5
175 175 0.6428571428571428
176 176 0.7857142857142858
177 177 -1.3571428571428572
178 178 -5.642857142857143
179 179 -1.285714285714286
180 180 -3.0714285714285716
181 181 -1.8571428571428574
182 182 -9.142857142857142
183 183 -2.7857142857142856
184 184 -5.857142857142858
185 185 0.8571428571428572
186 186 2.7142857142857144
187 187 1.1428571428571426
188 188 -3.6428571428571432
189 189 -2.7142857142857144
190 190 -6.357142857142858
191 191 -2.6428571428571432
192 192 0.1428571428571428
193 193 4.357142857142858
194 194 -3.5000000000000004
195 195 1.214285714285714
196 196 -4.214285714285714
197 197 7.428571428571429
198 198 2.7142857142857144
199 199 1.7142857142857144
200 200 -2.5
201 201 -5.142857142857143
202 202 2.3571428571428577
203 203 3.2142857142857144
204 204 -2.3571428571428568
205 205 -1.3571428571428572
206 206 -0.4285714285714286
207 207 7.785714285714285
208 208 -5.857142857142857
209 209 -3.071428571428571
210 210 -6.571428571428571
211 211 -0.2857142857142858
212 212 -6.142857142857142
213 213 3.3571428571428577
214 214 0.4285714285714286
215 215 -4.357142857142857
216 216 -0.9285714285714286
217 217 -2.2142857142857144
218 218 3.2857142857142856
219 219 3.0
220 220 0.2142857142857142
221 221 2.2142857142857144
222 222 10.714285714285715
223 223 -1.785714285714286
224 224 -4.214285714285715
225 225 -0.5714285714285716
226 226 -4.214285714285714
227 227 -4.785714285714286
228 228 6.642857142857143
229 229 -6.285714285714286
230 230 -1.7142857142857146
231 231 5.357142857142858
232 232 -3.2857142857142856
233 233 5.714285714285714
234 234 -2.6428571428571423
235 235 3.5714285714285716
236 236 0.6428571428571428
237 237 4.428571428571429
238 238 3.571428571428571
239 239 -2.928571428571429
240 240 -0.8571428571428572
241 241 5.571428571428571
242 242 2.428571428571429
243 243 0.9285714285714288
244 244 6.571428571428571
245 245 2.571428571428571
246 246 -1.2142857142857144
247 247 -3.357142857142857
248 248 -9.0
249 249 2.928571428571429
250 250 6.928571428571428
251 251 0.5
252 252 3.0714285714285716
253 253 -1.1428571428571426
254 254 -3.2142857142857144
255 255 3.0000000000000004
256 256 -1.0
257 257 0.9285714285714288
258 258 3.785714285714286
259 259 0.3571428571428572
260 260 -0.8571428571428572
261 261 -0.9285714285714284
262 262 2.928571428571429
263 263 4.142857142857143
264 264 -2.571428571428572
265 265 -1.0
266 266 -0.14285714285714324
267 267 -6.357142857142857
268 268 1.1428571428571428
269 269 -3.6428571428571432
270 270 -4.214285714285714
271 271 2.928571428571429
272 272 -3.928571428571429
273 273 -1.0714285714285714
274 274 0.7142857142857142
275 275 5.2857142857142865
276 276 0.7857142857142856
277 277 0.21428571428571508
278 278 -5.571428571428571
279 279 0.21428571428571397
280 280 4.571428571428571
281 281 1.6428571428571426
282 282 7.0
283 283 -2.071428571428571
284 284 -8.642857142857144
285 285 -1.8571428571428572
286 286 1.0000000000000002
287 287 -0.9285714285714286
288 288 -1.857142857142857
289 289 -5.071428571428571
290 290 3.2857142857142856
291 291 -0.7857142857142856
292 292 -1.9285714285714288
293 293 -0.3571428571428572
294 294 -2.2857142857142865
295 295 -1.214285714285714
296 296 -1.9285714285714288
297 297 -4.285714285714286
298 298 6.428571428571429
299 299 0.0714285714285714
300 300 8.071428571428571
301 301 -0.2857142857142858
302 302 3.6428571428571432
303 303 1.5714285714285714
304 304 2.7142857142857144
305 305 3.571428571428571
306 306 0.8571428571428572
307 307 2.2142857142857144
309 309 4.0
310 310 4.071428571428572
311 311 -3.285714285714285
312 312 -1.142857142857143
313 313 0.5000000000000004
314 314 8.714285714285714
315 315 3.928571428571429
316 316 -1.5714285714285716
317 317 2.3571428571428577
318 318 -4.214285714285715
319 319 1.642857142857143
320 320 -1.7857142857142854
321 321 -1.5714285714285716
322 322 -3.7857142857142856
323 323 -0.8571428571428572
324 324 -0.2857142857142856
325 325 -9.857142857142858
326 326 1.8571428571428565
327 327 -0.5714285714285712
328 328 5.071428571428571
329 329 -1.0000000000000002
330 330 -1.357142857142857
331 331 1.642857142857143
332 332 -0.2857142857142856
333 333 1.5714285714285714
334 334 -2.5
335 335 -7.928571428571429
336 336 -5.2857142857142865
337 337 2.642857142857143
338 338 2.7142857142857144
339 339 4.071428571428572
340 340 7.2857142857142865
341 341 6.214285714285714
342 342 -2.071428571428571
343 343 -7.214285714285714
344 344 -0.7142857142857144
345 345 2.357142857142857
346 346 -3.428571428571428
347 347 3.0
348 348 2.285714285714286
349 349 -2.7857142857142856
350 350 -2.1428571428571432
351 351 -4.928571428571428
352 352 -2.928571428571429
353 353 1.6428571428571428
354 354 4.285714285714286
355 355 1.3571428571428574
356 356 5.714285714285714
357 357 -1.0714285714285712
358 358 1.1428571428571428
359 359 -2.7142857142857144
360 360 5.214285714285714
361 361 3.5714285714285716
362 362 -2.2142857142857144
363 363 -1.642857142857143
364 364 -4.357142857142857
365 365 -2.2142857142857144
366 366 0.9285714285714286
367 367 -0.7142857142857142
368 368 -1.0000000000000002
369 369 1.4285714285714288
370 370 0.9285714285714286
371 371 -1.9285714285714286
372 372 -1.7142857142857142
373 373 -7.5
374 374 -3.1428571428571432
375 375 0.2857142857142858
376 376 -1.8571428571428568
377 377 2.2142857142857144
378 378 -0.2142857142857142
379 379 -1.1428571428571428
380 380 2.214285714285714
381 381 -2.0714285714285716
382 382 -2.7142857142857144
383 383 0.8571428571428568
384 384 -2.2857142857142856
385 385 4.142857142857143
386 386 1.1428571428571428
387 387 -2.928571428571429
388 388 2.071428571428571
389 389 3.7142857142857144
390 390 -0.1428571428571428
391 391 -5.428571428571429
392 392 1.0714285714285712
393 393 3.928571428571428
394 394 -1.2142857142857142
395 395 1.4285714285714284
396 396 8.5
398 398 -3.0
399 399 3.928571428571429
400 400 2.571428571428571
401 401 -1.5000000000000002
402 402 -1.9285714285714282
403 403 -1.0714285714285714
404 404 -0.2857142857142856
405 405 3.928571428571429
406 406 -0.7142857142857142
407 407 1.142857142857143
408 408 0.1428571428571428
409 409 3.6428571428571432
410 410 -1.1428571428571428
411 411 7.142857142857143
412 412 -5.928571428571429
413 413 1.8571428571428572
414 414 -2.2142857142857144
415 415 8.428571428571429
416 416 -1.9285714285714286
417 417 -9.214285714285715
418 418 0.1428571428571428
419 419 8.42857142857143
420 420 5.2857142857142865
421 421 -5.071428571428571
422 422 -0.49999999999999956
423 423 -0.14285714285714302
424 424 5.071428571428571
425 425 2.1428571428571432
426 426 -3.8571428571428568
427 427 -1.7142857142857137
428 428 -1.1428571428571426
429 429 -4.857142857142858
430 430 -3.0
431 431 5.642857142857142
432 432 4.428571428571429
433 433 5.428571428571428
434 434 -0.9285714285714286
435 435 0.2142857142857142
436 436 -1.0714285714285714
437 437 -3.8571428571428577
438 438 4.0
439 439 5.5
440 440 -3.7142857142857144
441 441 1.5714285714285714
442 442 -2.0
443 443 0.9285714285714286
444 444 -9.142857142857142
445 445 -5.857142857142858
446 446 3.7142857142857144
447 447 -3.7142857142857144
448 448 -1.7857142857142858
449 449 -2.7142857142857144
1 2 -1.7857142857142858
1 7 -2.0
1 50 -1.3571428571428572
1 77 -0.5714285714285714
2 3 -0.5714285714285714
2 7 -1.7857142857142858
2 8 1.3571428571428572
2 98 1.7857142857142858
2 121 -0.9285714285714286
3 4 2.0
3 8 -2.0
3 9 1.3571428571428572
3 147 -1.7857142857142858
3 176 0.5714285714285714
4 9 -0.5714285714285714
4 10 1.7857142857142858
4 203 -1.7857142857142858
4 231 -1.3571428571428572
5 6 -0.5714285714285714
5 11 2.0
5 307 -1.7857142857142858
5 335 1.3571428571428572
6 11 1.7857142857142858
6 12 -0.9285714285714286
6 364 0.9285714285714286
6 392 1.3571428571428572
7 8 -0.5714285714285714
7 77 1.7857142857142858
7 98 -2.0
8 9 1.7857142857142858
8 121 1.3571428571428572
8 147 0.5714285714285714
9 10 1.7857142857142858
9 176 -1.7857142857142858
9 203 0.5714285714285714
10 231 -1.3571428571428572
11 12 -2.0
11 335 2.0
11 364 1.7857142857142858
12 392 1.7857142857142858
13 20 -2.0
13 58 0.9285714285714286
13 77 -1.3571428571428572
13 82 -2.0
14 15 -2.0
14 21 1.3571428571428572
14 147 0.5714285714285714
14 154 2.0
14 176 -1.3571428571428572
15 16 -0.5714285714285714
15 21 -0.5714285714285714
15 22 0.5714285714285714
15 203 -2.0
15 231 -2.0
16 17 1.3571428571428572
16 22 -1.7857142857142858
16 23 0.9285714285714286
16 287 0.5714285714285714
17 18 2.0
17 23 -1.7857142857142858
17 24 -0.5714285714285714
17 307 1.3571428571428572
17 312 -1.3571428571428572
17 335 -0.5714285714285714
17 342 -1.7857142857142858
18 19 1.3571428571428572
18 24 0.9285714285714286
18 25 -0.5714285714285714
18 364 -0.9285714285714286
18 371 1.3571428571428572
18 392 -1.7857142857142858
18 399 -0.5714285714285714
19 25 0.5714285714285714
19 26 -1.7857142857142858
19 413 -0.5714285714285714
19 428 -1.3571428571428572
20 77 0.9285714285714286
20 82 -1.3571428571428572
20 98 -1.7857142857142858
20 104 -0.9285714285714286
21 203 0.9285714285714286
22 23 1.3571428571428572
22 231 -2.0
23 24 -2.0
23 287 -0.5714285714285714
23 307 -1.7857142857142858
23 312 1.3571428571428572
24 25 -1.7857142857142858
24 335 1.7857142857142858
24 342 -0.9285714285714286
24 364 2.0
24 371 -0.5714285714285714
25 26 -1.7857142857142858
25 392 -2.0
25 399 0.5714285714285714
25 413 2.0
26 428 -1.7857142857142858
26 436 2.0
27 28 -0.9285714285714286
27 35 1.3571428571428572
27 51 1.3571428571428572
27 58 -2.0
27 82 2.0
28 29 1.7857142857142858
28 35 2.0
28 36 1.7857142857142858
28 104 2.0
28 127 1.7857142857142858
29 30 1.3571428571428572
29 36 -2.0
29 37 2.0
29 148 -0.9285714285714286
29 154 1.7857142857142858
29 177 -0.5714285714285714
30 31 -2.0
30 37 -2.0
30 38 -0.9285714285714286
30 204 -2.0
30 232 1.3571428571428572
31 32 -2.0
31 38 0.5714285714285714
31 260 -0.9285714285714286
31 287 0.9285714285714286
32 33 -0.9285714285714286
32 39 -2.0
32 308 -2.0
32 312 0.9285714285714286
32 336 -1.3571428571428572
32 342 -0.9285714285714286
33 34 -2.0
33 39 -2.0
33 371 0.5714285714285714
33 393 -1.7857142857142858
34 40 -0.5714285714285714
34 407 -1.7857142857142858
34 413 -0.5714285714285714
34 421 0.5714285714285714
34 428 1.3571428571428572
35 36 1.3571428571428572
35 78 -0.9285714285714286
35 82 0.9285714285714286
35 104 1.3571428571428572
36 37 -0.5714285714285714
36 127 1.7857142857142858
36 148 -1.7857142857142858
36 154 0.9285714285714286
37 38 -1.3571428571428572
37 177 0.5714285714285714
37 204 1.7857142857142858
38 232 0.5714285714285714
38 260 1.7857142857142858
39 336 2.0
39 342 1.7857142857142858
39 371 0.5714285714285714
40 421 -2.0
40 428 0.5714285714285714
41 42 2.0
41 51 0.9285714285714286
41 59 -0.9285714285714286
41 78 1.7857142857142858
41 83 1.7857142857142858
42 43 0.5714285714285714
42 105 1.3571428571428572
42 128 0.5714285714285714
43 47 2.0
43 148 -0.9285714285714286
43 155 2.0
43 177 0.5714285714285714
43 183 1.3571428571428572
44 45 -0.5714285714285714
44 48 -1.3571428571428572
44 308 2.0
44 313 -0.9285714285714286
44 336 -0.9285714285714286
44 343 1.7857142857142858
45 46 1.3571428571428572
45 372 1.3571428571428572
45 393 -2.0
45 400 -0.9285714285714286
46 49 -1.3571428571428572
46 407 0.9285714285714286
46 414 2.0
46 421 0.5714285714285714
46 429 1.3571428571428572
47 177 -0.5714285714285714
47 183 0.5714285714285714
47 204 0.9285714285714286
47 211 -0.9285714285714286
48 336 -0.9285714285714286
48 343 0.9285714285714286
48 372 -1.7857142857142858
49 421 2.0
49 429 -1.3571428571428572
50 51 1.7857142857142858
50 58 -0.9285714285714286
51 52 1.7857142857142858
51 59 -0.5714285714285714
52 53 -0.5714285714285714
52 59 -1.3571428571428572
52 60 2.0
52 65 -0.9285714285714286
52 89 0.5714285714285714
53 54 2.0
53 60 2.0
53 61 -2.0
53 134 0.5714285714285714
54 55 -0.9285714285714286
54 61 -1.7857142857142858
54 62 -2.0
54 161 0.9285714285714286
54 190 1.3571428571428572
55 56 2.0
55 62 2.0
55 63 -1.3571428571428572
55 244 -2.0
56 57 -0.5714285714285714
56 63 -0.5714285714285714
56 64 1.7857142857142858
56 269 0.9285714285714286
56 293 -0.5714285714285714
57 64 -2.0
57 320 0.5714285714285714
57 348 -2.0
58 59 0.9285714285714286
59 60 -2.0
59 65 -0.9285714285714286
60 61 1.7857142857142858
60 89 -2.0
61 62 1.7857142857142858
61 134 -1.7857142857142858
61 161 1.7857142857142858
62 63 -1.7857142857142858
62 190 2.0
63 64 -0.5714285714285714
63 244 -2.0
63 269 0.9285714285714286
64 293 -0.5714285714285714
64 320 0.9285714285714286
65 66 2.0
65 72 1.3571428571428572
65 79 -1.3571428571428572
65 83 -2.0
66 67 1.7857142857142858
66 72 1.3571428571428572
66 73 1.7857142857142858
66 105 -0.9285714285714286
66 122 -2.0
66 128 -0.9285714285714286
67 73 1.7857142857142858
67 74 -2.0
67 149 -1.3571428571428572
67 155 1.3571428571428572
67 178 -1.3571428571428572
67 183 -0.9285714285714286
68 74 -2.0
68 75 -1.3571428571428572
68 205 -1.3571428571428572
68 211 -1.3571428571428572
68 233 -0.5714285714285714
68 239 1.3571428571428572
69 70 0.5714285714285714
69 313 2.0
69 337 -1.3571428571428572
69 343 1.7857142857142858
70 71 -0.5714285714285714
70 76 -1.7857142857142858
70 365 0.9285714285714286
70 372 1.7857142857142858
70 400 1.3571428571428572
71 76 1.7857142857142858
71 408 -0.9285714285714286
71 414 1.7857142857142858
71 422 -1.3571428571428572
71 429 -0.5714285714285714
72 73 -0.5714285714285714
72 79 0.9285714285714286
72 83 2.0
72 105 0.9285714285714286
73 74 -1.3571428571428572
73 122 1.7857142857142858
73 128 0.5714285714285714
73 149 -0.5714285714285714
73 155 -2.0
74 75 -0.9285714285714286
74 178 0.9285714285714286
74 205 0.9285714285714286
74 211 0.5714285714285714
75 233 -1.7857142857142858
75 239 -1.3571428571428572
76 400 -1.3571428571428572
76 408 -0.5714285714285714
76 414 -1.7857142857142858
77 78 -1.3571428571428572
77 82 1.3571428571428572
78 79 1.7857142857142858
78 82 2.0
78 83 -0.5714285714285714
79 80 -1.3571428571428572
79 83 1.7857142857142858
79 84 2.0
79 89 1.7857142857142858
79 93 -2.0
80 84 -1.7857142857142858
80 85 -2.0
80 134 -1.3571428571428572
80 141 -2.0
81 88 -2.0
81 320 0.5714285714285714
81 327 -1.7857142857142858
81 348 -0.9285714285714286
81 356 -1.7857142857142858
82 83 0.5714285714285714
83 84 0.9285714285714286
84 85 -1.7857142857142858
84 89 0.9285714285714286
84 93 -1.3571428571428572
85 86 -0.5714285714285714
85 134 2.0
85 141 1.3571428571428572
85 161 -1.7857142857142858
85 168 -0.9285714285714286
86 87 -1.3571428571428572
86 190 1.7857142857142858
86 196 0.9285714285714286
87 88 -0.9285714285714286
87 244 -0.5714285714285714
87 252 0.5714285714285714
87 269 2.0
87 276 -1.3571428571428572
88 293 0.5714285714285714
88 320 -1.7857142857142858
88 327 -1.3571428571428572
89 90 -0.9285714285714286
89 93 1.3571428571428572
90 93 -1.3571428571428572
90 94 0.9285714285714286
90 122 -0.5714285714285714
90 129 -2.0
91 96 1.3571428571428572
91 314 -1.7857142857142858
91 337 -1.3571428571428572
91 344 1.7857142857142858
92 97 0.9285714285714286
92 408 2.0
92 415 -2.0
92 422 -1.7857142857142858
92 430 -1.7857142857142858
93 94 0.9285714285714286
93 106 -1.7857142857142858
94 122 -0.9285714285714286
94 129 0.9285714285714286
94 149 -2.0
94 156 -1.3571428571428572
95 233 -1.3571428571428572
96 337 2.0
96 344 -1.7857142857142858
96 365 0.9285714285714286
97 422 -0.9285714285714286
97 430 2.0
97 437 0.9285714285714286
97 444 1.3571428571428572
98 104 0.9285714285714286
99 100 0.5714285714285714
99 106 -1.7857142857142858
99 107 -1.7857142857142858
99 109 -2.0
99 135 2.0
99 141 -0.9285714285714286
100 101 -0.9285714285714286
100 107 2.0
100 168 0.9285714285714286
100 196 0.9285714285714286
101 102 -1.7857142857142858
101 108 1.7857142857142858
101 218 -0.9285714285714286
101 245 -2.0
101 252 0.5714285714285714
102 103 -2.0
102 108 -0.9285714285714286
102 270 0.9285714285714286
102 276 0.5714285714285714
102 294 2.0
103 321 -0.5714285714285714
103 327 2.0
103 349 1.3571428571428572
103 356 -1.3571428571428572
104 105 1.3571428571428572
105 106 0.5714285714285714
106 107 -1.7857142857142858
106 109 0.9285714285714286
107 135 -1.7857142857142858
107 141 2.0
107 168 -1.3571428571428572
108 245 1.7857142857142858
108 252 -1.7857142857142858
108 270 -0.9285714285714286
108 276 -2.0
109 110 -1.3571428571428572
109 115 1.3571428571428572
109 123 0.9285714285714286
109 129 -0.5714285714285714
110 111 0.9285714285714286
110 115 0.9285714285714286
110 116 -2.0
110 150 -2.0
110 156 2.0
110 179 0.5714285714285714
110 184 -1.7857142857142858
111 112 0.9285714285714286
111 116 -0.5714285714285714
111 117 0.9285714285714286
111 206 1.3571428571428572
111 212 -0.9285714285714286
111 234 1.7857142857142858
112 113 2.0
112 117 -0.5714285714285714
112 261 -0.9285714285714286
112 282 -0.9285714285714286
113 118 -1.7857142857142858
113 309 0.9285714285714286
113 314 -2.0
114 119 0.9285714285714286
114 120 -0.5714285714285714
114 409 -2.0
114 415 -0.5714285714285714
114 423 -0.5714285714285714
114 430 1.3571428571428572
115 116 -0.5714285714285714
115 123 -1.7857142857142858
115 129 -0.9285714285714286
115 150 2.0
115 156 2.0
116 117 -0.5714285714285714
116 179 -1.7857142857142858
116 184 0.9285714285714286
116 206 0.5714285714285714
116 212 1.7857142857142858
117 234 0.9285714285714286
117 261 2.0
118 119 -0.5714285714285714
118 338 1.7857142857142858
118 344 1.7857142857142858
119 120 -0.9285714285714286
119 394 0.9285714285714286
119 401 2.0
119 409 -2.0
119 415 -0.5714285714285714
120 423 -0.9285714285714286
120 438 -1.3571428571428572
120 444 1.7857142857142858
121 127 0.5714285714285714
122 123 -1.7857142857142858
122 128 2.0
122 129 2.0
123 124 -1.7857142857142858
123 129 -1.3571428571428572
123 130 0.5714285714285714
123 135 2.0
123 142 -0.9285714285714286
124 130 1.3571428571428572
124 131 -2.0
124 169 -1.3571428571428572
124 191 1.3571428571428572
125 126 1.3571428571428572
125 132 -1.7857142857142858
125 133 -1.7857142857142858
125 270 1.7857142857142858
125 277 -1.7857142857142858
125 294 1.3571428571428572
125 300 -2.0
126 133 0.9285714285714286
126 321 -1.7857142857142858
126 328 -2.0
126 349 -1.3571428571428572
126 357 -0.9285714285714286
127 128 -0.9285714285714286
128 129 -1.7857142857142858
129 130 0.5714285714285714
130 131 0.9285714285714286
130 135 -1.7857142857142858
130 142 -2.0
130 169 2.0
131 132 -1.7857142857142858
131 191 -0.5714285714285714
131 197 -2.0
131 218 -0.9285714285714286
131 224 2.0
132 133 1.3571428571428572
132 245 -0.5714285714285714
132 253 -2.0
132 270 1.7857142857142858
132 277 2.0
133 294 1.7857142857142858
133 300 -1.7857142857142858
133 321 0.9285714285714286
133 328 -0.5714285714285714
134 135 1.3571428571428572
134 141 -2.0
135 136 1.7857142857142858
135 141 2.0
135 142 1.7857142857142858
136 137 0.9285714285714286
136 142 -1.7857142857142858
136 143 0.9285714285714286
136 150 -0.9285714285714286
136 157 0.5714285714285714
136 179 -1.7857142857142858
136 185 -1.7857142857142858
137 138 1.3571428571428572
137 143 -0.5714285714285714
137 206 -0.9285714285714286
137 213 0.9285714285714286
137 234 1.3571428571428572
137 240 -0.9285714285714286
138 139 -2.0
138 144 -0.5714285714285714
138 145 -1.7857142857142858
138 261 -0.5714285714285714
138 264 2.0
138 282 -1.3571428571428572
138 288 2.0
139 145 -0.5714285714285714
139 315 0.9285714285714286
139 338 0.5714285714285714
139 345 -1.3571428571428572
140 146 -1.3571428571428572
140 409 -1.7857142857142858
140 416 -0.9285714285714286
140 431 -2.0
141 142 2.0
142 143 -0.5714285714285714
142 150 -0.5714285714285714
143 144 0.9285714285714286
143 179 0.9285714285714286
143 185 -1.3571428571428572
143 206 -0.9285714285714286
143 213 -1.3571428571428572
144 145 -1.3571428571428572
144 234 0.5714285714285714
144 240 1.7857142857142858
144 261 1.7857142857142858
144 264 0.9285714285714286
145 282 -1.3571428571428572
145 288 -1.3571428571428572
145 309 -1.3571428571428572
145 315 -0.9285714285714286
146 423 -1.7857142857142858
146 431 0.9285714285714286
146 438 -1.7857142857142858
146 445 0.9285714285714286
147 148 -0.5714285714285714
147 154 0.5714285714285714
148 149 -0.9285714285714286
148 154 -0.5714285714285714
148 155 -1.7857142857142858
149 150 -0.5714285714285714
149 155 0.5714285714285714
149 156 -1.7857142857142858
150 151 -0.5714285714285714
150 156 -1.7857142857142858
150 157 2.0
151 152 1.7857142857142858
151 157 -2.0
151 158 -0.5714285714285714
151 162 0.9285714285714286
151 169 0.9285714285714286
151 192 -0.5714285714285714
151 197 -1.3571428571428572
152 158 1.3571428571428572
152 159 2.0
152 219 1.3571428571428572
152 224 0.9285714285714286
152 246 -1.7857142857142858
152 253 -2.0
153 160 2.0
153 322 2.0
153 328 -1.7857142857142858
153 350 1.7857142857142858
153 357 2.0
154 155 -0.5714285714285714
155 156 -1.3571428571428572
156 157 1.7857142857142858
157 162 1.3571428571428572
157 169 2.0
158 159 -1.7857142857142858
158 192 0.5714285714285714
158 197 -1.3571428571428572
158 219 0.9285714285714286
158 224 -2.0
159 160 -0.9285714285714286
159 246 2.0
159 253 -1.3571428571428572
159 271 -0.5714285714285714
159 277 -1.7857142857142858
160 295 0.5714285714285714
160 300 -0.9285714285714286
160 322 1.7857142857142858
161 168 0.9285714285714286
162 163 -1.3571428571428572
162 169 0.9285714285714286
162 170 -1.7857142857142858
162 185 1.3571428571428572
163 164 1.3571428571428572
163 170 1.7857142857142858
163 171 2.0
163 207 -0.9285714285714286
163 213 1.7857142857142858
163 235 0.5714285714285714
163 240 -1.3571428571428572
164 165 1.7857142857142858
164 171 -1.7857142857142858
164 172 2.0
164 264 1.3571428571428572
164 283 -1.7857142857142858
164 288 -1.7857142857142858
165 166 2.0
165 172 -2.0
165 173 0.9285714285714286
165 315 -0.5714285714285714
165 339 0.5714285714285714
165 345 0.9285714285714286
166 167 -1.7857142857142858
166 173 -0.9285714285714286
166 174 -0.5714285714285714
166 367 0.5714285714285714
166 373 1.7857142857142858
166 395 1.7857142857142858
166 402 0.9285714285714286
167 174 2.0
167 175 -1.7857142857142858
167 416 0.9285714285714286
167 424 -1.7857142857142858
167 431 1.7857142857142858
168 169 0.5714285714285714
169 170 0.5714285714285714
170 180 1.7857142857142858
170 185 1.3571428571428572
170 207 -1.7857142857142858
170 213 -2.0
171 172 -2.0
171 235 -1.7857142857142858
171 240 1.3571428571428572
171 264 0.5714285714285714
172 173 -0.5714285714285714
172 283 0.5714285714285714
172 288 0.5714285714285714
172 315 1.7857142857142858
173 174 0.5714285714285714
173 339 -1.3571428571428572
173 367 -0.9285714285714286
173 373 1.3571428571428572
174 175 1.3571428571428572
174 395 -2.0
174 402 0.5714285714285714
174 416 0.5714285714285714
175 424 1.3571428571428572
175 431 -1.3571428571428572
175 439 -2.0
175 445 1.7857142857142858
176 177 1.7857142857142858
177 178 0.9285714285714286
177 183 -1.3571428571428572
178 179 2.0
178 183 1.7857142857142858
178 184 1.3571428571428572
179 180 1.3571428571428572
179 184 2.0
179 185 -2.0
180 181 0.5714285714285714
180 185 -1.7857142857142858
180 186 0.5714285714285714
180 198 0.5714285714285714
181 182 2.0
181 186 0.5714285714285714
181 187 0.5714285714285714
181 219 -0.9285714285714286
181 225 1.3571428571428572
181 246 -1.3571428571428572
181 254 -0.9285714285714286
182 187 1.3571428571428572
182 188 1.3571428571428572
182 271 0.5714285714285714
182 278 2.0
182 295 0.9285714285714286
182 301 0.9285714285714286
183 184 1.3571428571428572
184 185 2.0
185 186 1.3571428571428572
186 192 0.5714285714285714
186 198 -2.0
186 219 -1.7857142857142858
186 225 -2.0
187 246 -0.5714285714285714
187 254 -0.5714285714285714
187 271 -1.3571428571428572
187 278 -0.5714285714285714
188 189 0.5714285714285714
188 295 1.7857142857142858
188 301 1.3571428571428572
188 322 0.5714285714285714
188 329 -2.0
189 350 1.3571428571428572
189 358 1.3571428571428572
189 380 -0.5714285714285714
190 191 1.7857142857142858
190 196 -0.5714285714285714
191 192 -0.5714285714285714
191 196 2.0
191 197 -1.3571428571428572
192 193 -0.5714285714285714
192 197 -1.3571428571428572
192 198 1.7857142857142858
193 198 -1.7857142857142858
193 199 0.5714285714285714
193 207 -1.3571428571428572
193 214 -1.7857142857142858
193 235 0.5714285714285714
194 200 1.3571428571428572
194 316 1.7857142857142858
194 339 -0.5714285714285714
194 346 0.9285714285714286
195 201 1.7857142857142858
195 202 -0.5714285714285714
195 417 1.3571428571428572
195 424 -1.7857142857142858
195 432 -2.0
196 197 0.9285714285714286
197 198 -0.9285714285714286
198 199 -0.5714285714285714
198 207 -1.7857142857142858
198 214 2.0
199 200 -1.3571428571428572
199 235 0.5714285714285714
199 265 -0.9285714285714286
200 283 0.5714285714285714
200 289 0.5714285714285714
200 316 1.3571428571428572
201 202 -1.3571428571428572
201 395 2.0
201 403 0.9285714285714286
201 417 1.7857142857142858
202 424 0.9285714285714286
202 432 1.3571428571428572
202 439 -1.7857142857142858
202 446 -0.9285714285714286
203 204 -0.9285714285714286
204 205 2.0
204 211 0.5714285714285714
205 206 -0.5714285714285714
205 211 -0.5714285714285714
205 212 0.9285714285714286
206 207 0.9285714285714286
206 212 1.7857142857142858
206 213 -1.7857142857142858
207 208 -0.9285714285714286
207 213 -0.5714285714285714
207 214 -1.3571428571428572
208 209 0.9285714285714286
208 214 1.3571428571428572
208 215 1.3571428571428572
208 220 1.3571428571428572
208 225 -0.9285714285714286
208 247 1.3571428571428572
208 254 1.3571428571428572
209 210 2.0
209 215 -0.9285714285714286
209 216 -2.0
209 272 -0.5714285714285714
209 278 0.9285714285714286
209 296 1.7857142857142858
209 301 0.9285714285714286
210 216 2.0
210 217 0.5714285714285714
210 329 1.3571428571428572
210 351 2.0
210 358 -1.3571428571428572
211 212 2.0
212 213 0.5714285714285714
213 214 -0.9285714285714286
214 215 1.3571428571428572
214 220 -2.0
214 225 0.9285714285714286
215 216 2.0
215 247 2.0
215 254 -2.0
215 272 0.5714285714285714
216 217 -0.5714285714285714
216 296 0.5714285714285714
216 301 -2.0
216 329 0.9285714285714286
217 351 1.7857142857142858
217 358 -0.9285714285714286
217 381 1.3571428571428572
218 219 -2.0
218 224 0.5714285714285714
219 220 -1.3571428571428572
219 224 1.3571428571428572
219 225 -0.5714285714285714
220 225 -0.9285714285714286
220 226 1.3571428571428572
220 236 1.3571428571428572
221 222 -1.7857142857142858
221 227 1.3571428571428572
221 228 -1.3571428571428572
221 340 -1.7857142857142858
221 346 1.3571428571428572
222 223 -2.0
222 228 -1.7857142857142858
222 229 0.5714285714285714
222 368 -0.5714285714285714
222 374 -2.0
222 396 -1.3571428571428572
222 403 -1.7857142857142858
223 230 1.3571428571428572
223 410 1.3571428571428572
223 425 2.0
223 432 -0.9285714285714286
224 225 1.3571428571428572
225 226 1.3571428571428572
226 227 0.9285714285714286
226 236 0.5714285714285714
226 262 -2.0
226 265 2.0
227 228 -2.0
227 284 1.3571428571428572
227 289 1.3571428571428572
227 316 1.7857142857142858
228 229 2.0
228 340 -1.7857142857142858
228 346 0.5714285714285714
228 368 -0.9285714285714286
228 374 -1.3571428571428572
229 230 0.5714285714285714
229 396 -1.7857142857142858
229 403 0.9285714285714286
229 410 2.0
229 417 2.0
230 425 -2.0
230 432 1.3571428571428572
230 440 1.7857142857142858
230 446 -1.3571428571428572
231 232 1.3571428571428572
232 233 -2.0
232 239 2.0
233 234 -0.9285714285714286
233 239 0.9285714285714286
234 235 -2.0
234 240 0.9285714285714286
235 236 -0.5714285714285714
235 240 -0.9285714285714286
236 237 -2.0
236 247 -2.0
236 255 2.0
237 238 -0.9285714285714286
237 241 -2.0
237 242 1.7857142857142858
237 272 1.3571428571428572
237 279 -2.0
237 296 1.3571428571428572
237 302 -2.0
238 242 -2.0
238 243 2.0
238 330 -2.0
238 351 1.3571428571428572
238 359 -2.0
241 242 -1.7857142857142858
241 247 -1.7857142857142858
241 255 0.5714285714285714
241 279 -0.5714285714285714
242 243 -1.7857142857142858
242 330 1.3571428571428572
243 351 -1.3571428571428572
243 359 2.0
243 387 -1.7857142857142858
244 252 -2.0
245 246 -2.0
245 252 -1.7857142857142858
245 253 2.0
246 247 1.7857142857142858
246 253 1.3571428571428572
246 254 1.7857142857142858
247 248 2.0
247 254 1.7857142857142858
247 255 -1.7857142857142858
248 249 2.0
248 255 -0.5714285714285714
248 256 0.5714285714285714
248 262 1.7857142857142858
248 266 -0.5714285714285714
248 284 2.0
248 290 1.7857142857142858
249 250 -2.0
249 256 -1.7857142857142858
249 257 -0.9285714285714286
249 317 1.7857142857142858
249 340 -2.0
250 251 -1.3571428571428572
250 257 -2.0
250 258 -1.7857142857142858
250 368 1.3571428571428572
250 375 -1.7857142857142858
250 396 -1.3571428571428572
250 404 2.0
251 258 2.0
251 259 -2.0
251 410 -1.7857142857142858
251 418 1.7857142857142858
251 425 1.7857142857142858
251 433 -0.9285714285714286
252 253 1.3571428571428572
253 254 1.7857142857142858
255 256 0.5714285714285714
255 262 -1.7857142857142858
255 266 -2.0
256 257 1.7857142857142858
256 284 1.7857142857142858
256 290 -1.3571428571428572
256 317 -0.5714285714285714
257 258 -1.7857142857142858
257 340 -1.3571428571428572
257 368 1.3571428571428572
257 375 2.0
258 259 2.0
258 396 -1.3571428571428572
258 404 -0.9285714285714286
258 410 -1.3571428571428572
258 418 -0.5714285714285714
259 425 -0.9285714285714286
259 433 -1.7857142857142858
259 440 1.7857142857142858
259 447 0.5714285714285714
261 264 -1.3571428571428572
262 265 -0.9285714285714286
263 268 -1.7857142857142858
263 323 -0.5714285714285714
263 330 -1.3571428571428572
263 352 -1.7857142857142858
263 359 1.3571428571428572
264 265 -0.9285714285714286
265 266 1.7857142857142858
266 279 0.9285714285714286
267 268 1.7857142857142858
267 302 0.5714285714285714
267 323 2.0
267 330 2.0
268 352 -0.5714285714285714
268 359 -0.5714285714285714
268 382 -0.5714285714285714
268 387 0.5714285714285714
269 270 1.7857142857142858
269 276 -2.0
270 271 -1.3571428571428572
270 276 2.0
270 277 -1.7857142857142858
271 272 0.5714285714285714
271 277 0.5714285714285714
271 278 -1.3571428571428572
272 278 2.0
273 280 2.0
273 281 -0.9285714285714286
273 310 0.9285714285714286
273 317 -0.9285714285714286
274 275 -1.3571428571428572
274 281 -0.5714285714285714
274 369 -0.5714285714285714
274 375 1.7857142857142858
274 397 0.5714285714285714
274 404 -0.5714285714285714
275 411 -2.0
275 418 -1.3571428571428572
275 433 -0.5714285714285714
276 277 2.0
277 278 0.5714285714285714
278 279 2.0
279 280 -0.5714285714285714
280 281 -0.5714285714285714
280 285 -1.7857142857142858
280 290 -0.9285714285714286
280 310 -1.7857142857142858
280 317 -0.9285714285714286
281 369 1.7857142857142858
281 375 -1.3571428571428572
282 283 -2.0
282 288 -1.3571428571428572
283 284 0.9285714285714286
283 288 2.0
283 289 1.7857142857142858
284 285 1.7857142857142858
284 289 1.3571428571428572
284 290 -0.5714285714285714
285 286 -0.5714285714285714
285 290 0.9285714285714286
285 291 0.5714285714285714
285 303 0.9285714285714286
286 291 1.7857142857142858
286 292 -0.9285714285714286
286 323 -2.0
286 331 -2.0
286 352 1.7857142857142858
286 360 0.9285714285714286
288 289 1.7857142857142858
289 290 -1.7857142857142858
290 291 -1.3571428571428572
291 292 -1.3571428571428572
291 303 0.9285714285714286
291 323 -1.7857142857142858
291 331 2.0
292 352 2.0
292 360 -1.7857142857142858
292 382 2.0
292 388 2.0
293 294 0.9285714285714286
294 295 -1.7857142857142858
294 300 -2.0
295 296 2.0
295 300 -1.3571428571428572
295 301 -0.9285714285714286
296 301 -1.7857142857142858
296 302 -2.0
297 298 0.9285714285714286
297 303 -1.3571428571428572
297 304 1.3571428571428572
297 310 2.0
297 318 1.3571428571428572
298 299 -0.9285714285714286
298 304 -0.5714285714285714
298 369 -0.9285714285714286
298 376 -1.7857142857142858
298 397 -1.3571428571428572
298 405 -1.7857142857142858
299 305 1.3571428571428572
299 306 0.9285714285714286
299 411 -0.5714285714285714
299 419 -2.0
299 426 0.5714285714285714
299 434 0.5714285714285714
301 302 1.7857142857142858
302 303 -2.0
303 304 -0.9285714285714286
303 310 -0.9285714285714286
303 318 1.7857142857142858
304 305 -1.7857142857142858
304 369 -1.3571428571428572
304 376 0.5714285714285714
305 306 0.9285714285714286
305 397 -1.3571428571428572
305 411 -1.3571428571428572
305 419 -1.3571428571428572
306 426 -1.3571428571428572
306 434 1.3571428571428572
306 441 -1.3571428571428572
306 448 -1.3571428571428572
307 308 -2.0
307 312 2.0
308 313 2.0
309 314 -1.7857142857142858
309 315 -1.7857142857142858
310 311 -1.3571428571428572
310 317 -0.9285714285714286
310 318 -2.0
311 318 1.3571428571428572
311 319 -0.9285714285714286
311 324 1.3571428571428572
311 331 2.0
311 353 -0.9285714285714286
311 360 1.7857142857142858
312 313 -1.7857142857142858
313 314 -1.7857142857142858
314 315 -1.3571428571428572
315 316 -2.0
316 317 -1.3571428571428572
317 318 0.5714285714285714
318 319 2.0
318 324 0.9285714285714286
318 331 -1.7857142857142858
319 353 -0.9285714285714286
319 360 -1.7857142857142858
319 383 1.7857142857142858
319 388 -1.7857142857142858
320 321 0.5714285714285714
320 327 0.9285714285714286
321 322 2.0
321 327 1.3571428571428572
321 328 -0.9285714285714286
322 328 -0.5714285714285714
322 329 -2.0
323 324 0.9285714285714286
323 330 0.9285714285714286
323 331 1.3571428571428572
324 325 1.7857142857142858
324 331 -1.3571428571428572
324 332 -1.3571428571428572
324 341 -2.0
325 326 1.7857142857142858
325 332 2.0
325 333 2.0
325 370 0.9285714285714286
325 376 -0.9285714285714286
325 398 1.3571428571428572
325 405 0.9285714285714286
326 333 -2.0
326 334 -0.5714285714285714
326 412 0.9285714285714286
326 419 -2.0
326 427 0.5714285714285714
326 434 -0.5714285714285714
327 328 -0.5714285714285714
328 329 1.3571428571428572
329 330 1.3571428571428572
330 331 -0.9285714285714286
331 332 -0.9285714285714286
332 333 0.9285714285714286
332 341 -0.5714285714285714
332 370 -1.7857142857142858
332 376 2.0
333 334 2.0
333 398 -2.0
333 405 -0.5714285714285714
333 412 -0.5714285714285714
333 419 -1.3571428571428572
334 427 -1.3571428571428572
334 434 -1.3571428571428572
334 442 2.0
334 448 1.7857142857142858
335 336 1.3571428571428572
335 342 2.0
336 337 2.0
336 342 1.3571428571428572
336 343 1.7857142857142858
337 338 -1.3571428571428572
337 343 -0.5714285714285714
337 344 -2.0
338 339 -1.7857142857142858
338 344 -0.5714285714285714
338 345 -1.3571428571428572
339 340 -0.9285714285714286
339 345 -0.5714285714285714
339 346 0.5714285714285714
340 346 0.5714285714285714
341 347 -0.9285714285714286
341 353 -0.9285714285714286
341 361 -1.7857142857142858
342 343 0.5714285714285714
343 344 0.9285714285714286
344 345 0.5714285714285714
345 346 -0.5714285714285714
347 353 0.9285714285714286
347 361 -1.7857142857142858
347 383 0.5714285714285714
347 389 -1.7857142857142858
348 349 2.0
348 356 -1.3571428571428572
349 350 0.5714285714285714
349 356 -1.7857142857142858
349 357 2.0
350 351 -1.3571428571428572
350 357 -2.0
350 358 1.7857142857142858
351 352 0.5714285714285714
351 358 0.5714285714285714
351 359 1.3571428571428572
352 353 0.9285714285714286
352 359 2.0
352 360 -2.0
353 354 -1.7857142857142858
353 360 -0.9285714285714286
353 361 2.0
354 355 -2.0
354 362 -0.9285714285714286
354 370 -0.9285714285714286
354 377 -1.7857142857142858
354 398 1.7857142857142858
354 406 1.3571428571428572
355 362 -1.7857142857142858
355 363 1.7857142857142858
355 412 1.7857142857142858
355 420 -1.7857142857142858
355 427 2.0
355 435 -1.3571428571428572
356 357 0.5714285714285714
357 358 -0.5714285714285714
358 359 -2.0
359 360 0.5714285714285714
360 361 -2.0
361 370 1.3571428571428572
361 377 -1.3571428571428572
362 363 1.7857142857142858
362 398 0.9285714285714286
362 406 2.0
362 412 2.0
362 420 -1.7857142857142858
363 427 1.3571428571428572
363 435 -0.5714285714285714
363 442 -1.3571428571428572
363 449 -1.3571428571428572
364 371 0.5714285714285714
365 366 -0.5714285714285714
365 372 0.9285714285714286
366 367 -0.9285714285714286
366 373 0.5714285714285714
367 368 -2.0
367 373 2.0
367 374 2.0
368 369 1.7857142857142858
368 374 0.9285714285714286
368 375 -0.9285714285714286
369 370 0.5714285714285714
369 375 -1.7857142857142858
369 376 -0.9285714285714286
370 376 0.9285714285714286
370 377 -2.0
371 372 -0.5714285714285714
373 374 1.7857142857142858
374 375 1.7857142857142858
376 377 2.0
377 389 0.9285714285714286
378 379 2.0
378 385 -1.7857142857142858
379 380 0.9285714285714286
379 385 -1.7857142857142858
380 381 -2.0
380 386 -0.5714285714285714
381 382 0.9285714285714286
381 387 1.7857142857142858
382 383 0.5714285714285714
382 387 1.7857142857142858
382 388 -2.0
383 388 -1.7857142857142858
383 389 -2.0
384 390 0.5714285714285714
384 391 0.9285714285714286
384 420 -0.5714285714285714
384 435 1.3571428571428572
385 386 -0.5714285714285714
387 388 0.5714285714285714
388 389 0.9285714285714286
389 390 -1.7857142857142858
390 391 1.3571428571428572
390 406 -1.7857142857142858
390 420 1.7857142857142858
391 435 1.7857142857142858
391 449 1.3571428571428572
392 393 0.9285714285714286
392 399 -1.3571428571428572
393 399 -2.0
393 400 0.9285714285714286
394 395 -2.0
394 401 0.9285714285714286
394 402 1.3571428571428572
395 396 -2.0
395 402 -0.5714285714285714
395 403 1.3571428571428572
396 397 -1.7857142857142858
396 403 0.5714285714285714
396 404 0.5714285714285714
397 398 1.3571428571428572
397 404 0.5714285714285714
397 405 2.0
398 405 -1.3571428571428572
398 406 0.9285714285714286
399 400 -0.5714285714285714
400 401 -2.0
401 402 0.5714285714285714
402 403 -0.9285714285714286
404 405 -1.3571428571428572
405 406 -1.7857142857142858
407 408 -0.9285714285714286
407 413 -1.3571428571428572
407 414 2.0
408 409 1.3571428571428572
408 414 0.9285714285714286
408 415 -2.0
409 415 -0.5714285714285714
409 416 1.3571428571428572
410 411 -1.7857142857142858
410 417 1.3571428571428572
410 418 1.3571428571428572
411 412 0.9285714285714286
411 418 -1.7857142857142858
411 419 -0.5714285714285714
412 419 1.7857142857142858
412 420 -0.9285714285714286
413 414 -1.3571428571428572
414 415 -1.3571428571428572
415 416 -1.3571428571428572
416 417 1.3571428571428572
417 418 1.3571428571428572
418 419 -0.9285714285714286
419 420 -2.0
421 422 2.0
421 428 0.5714285714285714
421 429 1.3571428571428572
422 423 1.7857142857142858
422 429 1.3571428571428572
422 430 -0.5714285714285714
423 424 0.5714285714285714
423 430 2.0
423 431 -0.9285714285714286
424 425 -0.5714285714285714
424 431 -1.7857142857142858
424 432 -2.0
425 426 1.3571428571428572
425 432 -1.7857142857142858
425 433 -2.0
426 427 0.5714285714285714
426 433 0.9285714285714286
426 434 1.7857142857142858
427 434 0.5714285714285714
427 435 -2.0
428 429 1.7857142857142858
429 430 0.9285714285714286
430 431 -0.9285714285714286
431 432 -1.3571428571428572
432 433 0.9285714285714286
433 434 -2.0
434 435 0.5714285714285714
436 443 -0.9285714285714286
437 438 0.9285714285714286
437 444 2.0
438 439 -2.0
438 444 2.0
438 445 -1.7857142857142858
439 440 1.3571428571428572
439 445 0.9285714285714286
439 446 -2.0
440 441 -0.5714285714285714
440 446 -2.0
440 447 1.3571428571428572
441 442 0.9285714285714286
441 447 -0.5714285714285714
442 448 -1.3571428571428572
442 449 1.7857142857142858
444 445 2.0
445 446 2.0
446 447 0.5714285714285714
447 448 1.7857142857142858
448 449 0.9285714285714286
