449 1783
1 1 0.4285714285714284
2 2 0.8571428571428572
3 3 -7.357142857142858
4 4 3.071428571428571
5 5 -4.214285714285714
6 6 -2.5714285714285716
7 7 -1.0714285714285714
8 8 -6.071428571428571
9 9 -5.714285714285714
10 10 0.3571428571428572
11 11 1.642857142857143
12 12 2.0
13 13 0.4285714285714284
14 14 0.2857142857142858
15 15 6.714285714285714
16 16 4.285714285714286
17 17 -2.2857142857142856
18 18 2.928571428571429
19 19 -0.2857142857142856
20 20 2.0
21 21 3.2857142857142856
22 22 -1.5
23 23 4.142857142857143
24 24 2.785714285714286
25 25 -2.071428571428571
26 26 1.8571428571428572
27 27 -0.2142857142857142
28 28 -0.7142857142857142
29 29 6.7857142857142865
30 30 1.2857142857142858
31 31 -1.6428571428571426
32 32 4.7142857142857135
33 33 -1.5
34 34 2.428571428571429
35 35 5.5
36 36 7.642857142857143
37 37 5.857142857142858
38 38 -2.2142857142857144
39 39 -1.1428571428571432
41 41 -0.4285714285714284
42 42 1.2142857142857144
43 43 -4.5
44 44 -2.9285714285714284
45 45 -4.142857142857143
46 46 -3.071428571428571
47 47 0.1428571428571428
48 48 2.571428571428571
49 49 -0.0714285714285714
50 50 2.2142857142857144
51 51 1.1428571428571428
52 52 -5.714285714285714
53 53 5.142857142857143
54 54 5.642857142857143
55 55 -3.8571428571428568
56 56 -2.928571428571429
57 57 -4.214285714285714
58 58 1.7142857142857146
59 59 1.2142857142857142
60 60 -2.0
61 61 3.4285714285714284
62 62 1.4285714285714284
63 63 0.5714285714285714
64 64 0.3571428571428572
65 65 -6.214285714285714
66 66 -0.5
67 67 4.0
68 68 -4.571428571428572
69 69 -2.7857142857142856
70 70 -1.7857142857142856
71 71 -0.5714285714285714
72 72 -6.071428571428572
73 73 -0.9999999999999991
74 74 -1.0714285714285714
75 75 -1.0714285714285714
76 76 -2.142857142857143
77 77 0.7857142857142856
78 78 3.499999999999999
79 79 -1.4285714285714288
80 80 -0.9285714285714288
81 81 -6.0
82 82 -0.4285714285714286
83 83 -1.9285714285714277
84 84 1.642857142857143
85 85 0.9285714285714288
86 86 -3.1428571428571432
87 87 -5.857142857142858
88 88 -1.428571428571429
89 89 -3.928571428571429
90 90 5.2142857142857135
91 91 1.4285714285714286
92 92 -5.214285714285714
93 93 -2.8571428571428568
94 94 1.9285714285714286
95 95 0.9285714285714286
96 96 0.14285714285714302
97 97 0.4999999999999998
98 98 4.0
99 99 2.9285714285714284
100 100 -4.714285714285714
101 101 -2.285714285714286
102 102 -0.714285714285714
103 103 -2.7142857142857144
104 104 0.07142857142857117
105 105 0.5714285714285714
106 106 3.6428571428571423
107 107 -2.857142857142857
108 108 -0.2142857142857144
109 109 -0.7857142857142858
110 110 2.7142857142857144
111 111 -5.357142857142858
112 112 -2.1428571428571432
113 113 -2.071428571428571
114 114 3.785714285714285
115 115 2.071428571428571
116 116 1.142857142857143
117 117 -5.142857142857143
118 118 -2.571428571428571
119 119 -1.7857142857142856
120 120 -3.3571428571428568
121 121 -3.642857142857143
122 122 -2.5
123 123 -3.857142857142857
124 124 0.14285714285714302
125 125 2.714285714285715
126 126 -0.357142857142857
127 127 3.1428571428571432
128 128 2.0714285714285716
129 129 1.0714285714285716
130 130 -1.3571428571428572
131 131 -3.7142857142857144
132 132 -8.214285714285715
133 133 4.785714285714286
134 134 1.9285714285714288
135 135 6.000000000000001
136 136 5.357142857142858
137 137 5.571428571428572
138 138 -3.428571428571429
139 139 0.0714285714285714
140 140 0.14285714285714235
141 141 0.4999999999999998
142 142 5.285714285714286
143 143 -4.214285714285714
144 144 5.642857142857143
145 145 2.357142857142857
146 146 -2.071428571428571
147 147 -1.0
148 148 4.5
149 149 2.7857142857142856
150 150 0.928571428571429
151 151 -0.4285714285714286
152 152 0.7142857142857144
153 153 3.6428571428571432
154 154 -0.4285714285714286
155 155 4.071428571428572
156 156 3.571428571428571
157 157 -1.7142857142857142
158 158 -1.2857142857142858
159 159 -1.285714285714286
160 160 -2.1428571428571432
161 161 -4.142857142857143
162 162 4.428571428571429
163 163 3.8571428571428568
164 164 2.2142857142857144
165 165 0.1428571428571428
166 166 0.9285714285714293
167 167 6.5
168 168 0.7857142857142856
169 169 -1.4285714285714286
170 170 0.8571428571428572
171 171 1.8571428571428572
172 172 -2.142857142857143
173 173 0.8571428571428572
174 174 3.5
175 175 2.2142857142857144
176 176 0.9285714285714286
177 177 1.142857142857143
178 178 1.9999999999999998
179 179 2.7142857142857144
180 180 -0.9285714285714288
181 181 -4.571428571428571
182 182 3.2857142857142865
183 183 -2.0714285714285716
184 184 4.357142857142858
185 185 1.4285714285714284
186 186 -11.357142857142858
187 187 1.2142857142857144
188 188 -0.35714285714285743
189 189 0.642857142857143
190 190 1.142857142857143
191 191 0.35714285714285743
192 192 4.2142857142857135
193 193 2.571428571428571
194 194 -2.1428571428571423
195 195 -0.2142857142857142
196 196 -0.14285714285714257
197 197 -6.357142857142858
198 198 5.642857142857142
200 200 -1.0
201 201 3.0
202 202 2.071428571428571
203 203 5.071428571428571
204 204 -0.3571428571428572
205 205 1.5714285714285714
206 206 -0.07142857142857117
207 207 -2.928571428571429
208 208 4.571428571428572
209 209 -5.2142857142857135
210 210 -4.642857142857143
211 211 0.7857142857142856
212 212 -3.1428571428571432
213 213 -0.7142857142857142
214 214 1.0000000000000002
215 215 -4.142857142857143
216 216 -0.5
217 217 -0.4285714285714284
218 218 -1.642857142857143
219 219 -2.5
220 220 2.285714285714286
221 221 4.857142857142857
222 222 2.1428571428571432
223 223 3.0
224 224 -3.5714285714285716
225 225 0.642857142857143
226 226 3.6428571428571432
227 227 1.0000000000000002
228 228 7.2142857142857135
229 229 -4.357142857142858
230 230 -2.0714285714285716
231 231 -0.7857142857142858
232 232 -0.7857142857142858
233 233 1.0714285714285714
234 234 4.071428571428571
235 235 8.714285714285715
236 236 4.785714285714286
237 237 1.3571428571428577
238 238 6.142857142857142
239 239 1.9285714285714286
240 240 9.92857142857143
241 241 4.142857142857142
242 242 2.071428571428571
243 243 -2.500000000000001
244 244 -3.1428571428571432
245 245 2.571428571428571
246 246 -0.857142857142857
247 247 3.6428571428571423
248 248 0.4285714285714286
249 249 3.7857142857142856
250 250 -1.4285714285714288
251 251 0.2857142857142856
252 252 -2.071428571428571
253 253 -1.7857142857142863
254 254 -7.285714285714286
255 255 5.500000000000001
256 256 1.9285714285714288
257 257 -4.142857142857142
258 258 -0.2857142857142856
259 259 0.5714285714285716
260 260 -3.1428571428571432
261 261 -3.071428571428571
262 262 0.7142857142857144
263 263 -5.0
265 265 -0.2857142857142858
266 266 -3.285714285714286
267 267 1.7142857142857144
268 268 3.571428571428572
269 269 -0.7857142857142856
270 270 -1.7857142857142858
271 271 -2.428571428571429
272 272 -8.142857142857142
273 273 0.785714285714286
274 274 1.6428571428571432
275 275 -6.2857142857142865
276 276 0.2142857142857144
277 277 -1.0
278 278 0.3571428571428572
279 279 1.9285714285714286
280 280 -0.5
281 281 -0.7142857142857144
282 282 -2.0
283 283 -2.7857142857142865
284 284 -1.2142857142857142
285 285 -3.2142857142857144
286 286 2.2857142857142856
287 287 -0.5714285714285714
288 288 6.571428571428571
289 289 -5.071428571428571
290 290 -5.285714285714286
291 291 0.5714285714285716
292 292 4.7857142857142865
293 293 -5.285714285714286
294 294 0.7857142857142856
295 295 -1.6428571428571426
296 296 2.7857142857142856
297 297 -0.4999999999999998
298 298 2.5714285714285716
299 299 -8.857142857142858
300 300 -2.857142857142857
301 301 2.285714285714286
302 302 7.928571428571429
303 303 0.9285714285714279
304 304 -3.857142857142857
305 305 -6.2857142857142865
306 306 -4.714285714285714
307 307 0.9285714285714286
308 308 0.1428571428571428
309 309 0.8571428571428572
310 310 -3.071428571428571
311 311 -1.3571428571428568
312 312 -0.14285714285714302
313 313 -0.0714285714285714
314 314 0.2142857142857142
315 315 5.571428571428571
316 316 4.571428571428571
317 317 3.642857142857143
318 318 6.357142857142858
319 319 -0.5714285714285714
320 320 -2.2857142857142856
321 321 -2.714285714285715
322 322 0.4285714285714284
323 323 3.6428571428571432
324 324 0.7142857142857144
325 325 2.571428571428571
326 326 -0.14285714285714257
327 327 1.2142857142857144
328 328 9.0
329 329 -2.220446049250313e-16
330 330 0.9285714285714284
331 331 6.857142857142858
332 332 7.642857142857142
333 333 3.2142857142857144
334 334 0.6428571428571426
335 335 0.8571428571428572
336 336 4.7857142857142865
337 337 -6.0
338 338 -0.5
339 339 -4.0
340 340 2.0714285714285716
341 341 -0.1428571428571428
342 342 2.5714285714285716
343 343 -6.2142857142857135
344 344 0.14285714285714302
345 345 2.928571428571429
346 346 5.714285714285714
347 347 2.357142857142857
348 348 1.4285714285714286
349 349 -2.8571428571428577
350 350 -2.7142857142857144
351 351 -5.0
352 352 -4.857142857142858
353 353 -3.785714285714286
354 354 5.5
355 355 -1.5
356 356 3.5
357 357 -6.142857142857142
358 358 1.0
359 359 1.642857142857143
360 360 7.5
361 361 0.857142857142857
362 362 -0.2857142857142858
363 363 1.5
364 364 2.0
365 365 2.928571428571429
366 366 0.0714285714285714
367 367 5.714285714285714
368 368 -3.7857142857142856
369 369 1.642857142857143
370 370 -1.7142857142857146
371 371 0.7857142857142858
372 372 -0.7142857142857144
373 373 0.5
374 374 -0.35714285714285676
375 375 -3.928571428571429
376 376 7.571428571428571
377 377 0.6428571428571428
378 378 2.2857142857142856
379 379 2.2857142857142856
380 380 -0.2857142857142856
381 381 -6.857142857142857
382 382 -0.5714285714285712
383 383 -5.571428571428571
384 384 1.9285714285714286
385 385 4.5
386 386 3.7142857142857144
387 387 -0.0714285714285714
388 388 0.21428571428571397
389 389 -2.0
390 390 -3.3571428571428568
391 391 1.0714285714285714
392 392 1.6428571428571432
393 393 -6.0
394 394 -2.357142857142857
395 395 -1.5714285714285716
396 396 -4.642857142857143
397 397 2.071428571428571
398 398 4.500000000000001
399 399 -8.142857142857144
400 400 -1.3571428571428572
401 401 -3.5714285714285716
402 402 2.1428571428571432
403 403 1.0000000000000002
404 404 3.7857142857142856
405 405 4.214285714285715
406 406 -2.785714285714285
407 407 -0.7857142857142856
408 408 0.2857142857142858
409 409 -5.428571428571429
410 410 -2.7857142857142856
411 411 -4.642857142857143
412 412 -3.0714285714285716
413 413 -2.3571428571428577
414 414 -1.5714285714285714
415 415 0.7857142857142858
416 416 -0.7142857142857144
417 417 1.0714285714285716
418 418 -2.214285714285714
419 419 -3.5714285714285716
420 420 -0.14285714285714302
421 421 -5.5
422 422 -0.6428571428571428
423 423 3.142857142857143
424 424 0.14285714285714324
425 425 3.428571428571429
426 426 -3.714285714285715
427 427 0.2857142857142858
428 428 -1.7857142857142858
429 429 -2.428571428571429
430 430 6.3571428571428585
431 431 0.21428571428571397
432 432 -1.3571428571428574
433 433 -0.0714285714285714
434 434 -1.5714285714285718
435 435 4.0
436 436 -0.7857142857142858
437 437 -1.3571428571428572
438 438 0.4285714285714284
439 439 -6.928571428571429
440 440 1.4285714285714286
441 441 1.5
442 442 -1.1428571428571428
443 443 -1.9285714285714286
444 444 4.5
445 445 0.3571428571428572
446 446 2.3571428571428568
447 447 0.5
448 448 -5.214285714285714
449 449 -2.7142857142857144
1 2 -1.7857142857142858
1 7 1.3571428571428572
1 50 -1.7857142857142858
1 77 1.7857142857142858
2 3 0.9285714285714286
2 7 0.5714285714285714
2 8 -0.5714285714285714
2 98 -1.3571428571428572
2 121 1.3571428571428572
3 4 1.7857142857142858
3 8 1.3571428571428572
3 9 1.7857142857142858
3 147 0.9285714285714286
3 176 0.5714285714285714
4 9 -2.0
4 10 -1.7857142857142858
4 203 -2.0
4 231 0.9285714285714286
5 6 1.3571428571428572
5 11 1.3571428571428572
5 307 0.5714285714285714
5 335 0.9285714285714286
6 11 -0.5714285714285714
6 12 2.0
6 364 1.7857142857142858
6 392 -2.0
7 8 0.5714285714285714
7 77 0.5714285714285714
7 98 -2.0
8 9 2.0
8 121 0.9285714285714286
8 147 1.7857142857142858
9 10 2.0
9 176 1.3571428571428572
9 203 0.5714285714285714
10 231 -0.5714285714285714
11 12 -2.0
11 335 1.3571428571428572
11 364 -1.7857142857142858
12 392 -2.0
13 20 1.3571428571428572
13 58 -1.7857142857142858
13 77 2.0
13 82 -2.0
14 15 -1.7857142857142858
14 21 0.5714285714285714
14 147 0.5714285714285714
14 154 0.9285714285714286
14 176 -0.5714285714285714
15 16 -2.0
15 21 -2.0
15 22 1.3571428571428572
15 203 -1.3571428571428572
15 231 -0.9285714285714286
16 17 0.9285714285714286
16 22 0.5714285714285714
16 23 -1.7857142857142858
16 287 -2.0
17 18 -2.0
17 23 0.9285714285714286
17 24 1.3571428571428572
17 307 -1.7857142857142858
17 312 0.9285714285714286
17 335 1.3571428571428572
17 342 0.5714285714285714
18 19 2.0
18 24 -0.5714285714285714
18 25 -1.7857142857142858
18 364 -2.0
18 371 0.5714285714285714
18 392 -0.9285714285714286
18 399 1.7857142857142858
19 25 0.5714285714285714
19 26 -0.9285714285714286
19 413 -1.3571428571428572
20 77 -2.0
20 82 2.0
20 98 -2.0
20 104 -1.3571428571428572
21 176 -0.9285714285714286
21 203 -0.9285714285714286
22 23 -1.7857142857142858
22 231 1.3571428571428572
23 24 -0.9285714285714286
23 287 0.5714285714285714
23 307 -0.5714285714285714
23 312 -0.5714285714285714
24 25 -0.5714285714285714
24 335 -0.9285714285714286
24 342 1.7857142857142858
24 364 -2.0
24 371 -0.9285714285714286
25 26 0.5714285714285714
25 392 0.5714285714285714
25 399 1.3571428571428572
25 413 1.3571428571428572
26 428 -0.9285714285714286
26 436 -0.5714285714285714
27 28 1.7857142857142858
27 35 -1.7857142857142858
27 51 0.9285714285714286
27 58 -1.7857142857142858
27 78 -0.9285714285714286
27 82 2.0
28 29 -0.9285714285714286
28 35 2.0
28 36 -1.3571428571428572
28 104 0.5714285714285714
28 127 -1.3571428571428572
29 30 0.9285714285714286
29 36 -1.7857142857142858
29 37 -1.3571428571428572
29 148 -1.7857142857142858
29 154 -0.9285714285714286
29 177 -0.9285714285714286
30 31 0.5714285714285714
30 37 -1.7857142857142858
30 38 1.3571428571428572
30 204 -0.5714285714285714
30 232 -1.7857142857142858
31 32 -1.3571428571428572
31 38 -1.3571428571428572
31 260 1.7857142857142858
31 287 2.0
32 33 0.5714285714285714
32 39 1.3571428571428572
32 308 -0.5714285714285714
32 312 -2.0
32 336 -0.9285714285714286
32 342 -1.7857142857142858
33 34 -1.7857142857142858
33 39 1.7857142857142858
33 371 0.9285714285714286
33 393 -0.9285714285714286
33 399 0.9285714285714286
34 40 -1.3571428571428572
34 407 0.9285714285714286
34 413 0.9285714285714286
34 421 -0.5714285714285714
34 428 -0.5714285714285714
35 36 -1.7857142857142858
35 78 -1.3571428571428572
35 82 -0.5714285714285714
35 104 -2.0
36 37 -1.3571428571428572
36 127 -1.7857142857142858
36 148 -0.9285714285714286
36 154 1.3571428571428572
37 38 -0.9285714285714286
37 177 -1.7857142857142858
37 204 1.3571428571428572
38 232 1.7857142857142858
38 260 1.3571428571428572
39 336 1.3571428571428572
39 342 -1.3571428571428572
39 371 -2.0
40 421 -0.5714285714285714
40 428 1.3571428571428572
40 443 0.5714285714285714
41 42 -1.7857142857142858
41 51 2.0
41 59 -0.5714285714285714
41 78 -0.5714285714285714
41 83 1.3571428571428572
42 43 0.5714285714285714
42 105 1.3571428571428572
42 128 -1.3571428571428572
43 47 1.3571428571428572
43 148 2.0
43 155 -2.0
43 177 2.0
43 183 0.5714285714285714
44 45 2.0
44 48 1.7857142857142858
44 308 -1.3571428571428572
44 313 0.9285714285714286
44 336 -1.7857142857142858
44 343 1.3571428571428572
45 46 -0.5714285714285714
45 372 1.3571428571428572
45 393 1.3571428571428572
46 49 -0.5714285714285714
46 407 -1.3571428571428572
46 414 1.7857142857142858
46 421 1.7857142857142858
46 429 2.0
47 177 0.9285714285714286
47 183 -0.9285714285714286
47 204 -0.9285714285714286
47 211 -0.5714285714285714
48 336 -1.7857142857142858
48 343 -0.5714285714285714
48 372 -2.0
49 421 2.0
49 429 -1.3571428571428572
50 51 -1.3571428571428572
50 58 0.9285714285714286
51 52 -0.9285714285714286
51 59 -1.7857142857142858
52 53 0.9285714285714286
52 59 1.3571428571428572
52 60 0.5714285714285714
52 65 1.7857142857142858
52 89 2.0
53 54 -0.9285714285714286
53 60 -1.3571428571428572
53 61 -2.0
53 134 -1.7857142857142858
54 55 -0.9285714285714286
54 61 -1.7857142857142858
54 62 -2.0
54 161 1.3571428571428572
54 190 -1.3571428571428572
55 56 -0.5714285714285714
55 62 1.7857142857142858
55 63 1.7857142857142858
55 244 1.7857142857142858
56 57 0.9285714285714286
56 63 0.5714285714285714
56 64 -1.7857142857142858
56 269 2.0
56 293 1.7857142857142858
57 64 0.9285714285714286
57 320 1.7857142857142858
57 348 0.5714285714285714
58 59 0.9285714285714286
59 60 -0.5714285714285714
59 65 -0.5714285714285714
60 61 1.3571428571428572
60 89 2.0
61 62 -0.5714285714285714
61 134 -1.7857142857142858
61 161 1.3571428571428572
62 63 -2.0
62 190 1.3571428571428572
63 64 -0.9285714285714286
63 244 1.3571428571428572
63 269 -1.3571428571428572
64 293 2.0
64 320 -0.5714285714285714
65 66 1.7857142857142858
65 72 0.9285714285714286
65 79 1.3571428571428572
65 83 0.9285714285714286
66 67 -1.7857142857142858
66 72 2.0
66 73 -2.0
66 105 -0.9285714285714286
66 122 2.0
66 128 -0.5714285714285714
67 73 -1.7857142857142858
67 74 -1.3571428571428572
67 149 0.9285714285714286
67 155 -0.9285714285714286
67 183 0.9285714285714286
68 74 0.9285714285714286
68 75 2.0
68 205 -0.9285714285714286
68 211 1.3571428571428572
68 233 -0.5714285714285714
68 239 1.7857142857142858
69 70 2.0
69 313 -1.7857142857142858
69 337 0.5714285714285714
69 343 2.0
70 71 0.9285714285714286
70 365 -2.0
70 372 1.7857142857142858
70 400 -0.9285714285714286
71 76 2.0
71 408 -1.3571428571428572
71 414 -1.7857142857142858
71 422 1.3571428571428572
71 429 -0.5714285714285714
72 73 0.5714285714285714
72 79 1.7857142857142858
72 83 1.3571428571428572
72 105 -0.5714285714285714
73 74 2.0
73 122 -0.9285714285714286
73 128 2.0
73 149 0.5714285714285714
73 155 0.5714285714285714
74 75 -0.9285714285714286
74 178 1.7857142857142858
74 183 0.5714285714285714
74 205 -1.3571428571428572
74 211 -0.5714285714285714
75 233 1.7857142857142858
75 239 -1.7857142857142858
76 400 0.9285714285714286
76 408 -1.3571428571428572
76 414 0.5714285714285714
77 78 -1.7857142857142858
77 82 -1.3571428571428572
78 79 -1.7857142857142858
78 82 0.9285714285714286
78 83 2.0
79 80 -2.0
79 83 -1.3571428571428572
79 84 2.0
79 89 -0.5714285714285714
79 93 2.0
80 84 1.3571428571428572
80 85 1.7857142857142858
80 134 1.7857142857142858
80 141 -2.0
81 88 1.3571428571428572
81 320 2.0
81 327 1.7857142857142858
81 348 -0.9285714285714286
81 356 1.7857142857142858
82 83 -0.5714285714285714
83 84 -1.7857142857142858
84 85 -1.3571428571428572
84 89 -0.9285714285714286
84 93 -0.9285714285714286
85 86 1.7857142857142858
85 134 -1.3571428571428572
85 141 -1.7857142857142858
85 161 2.0
85 168 -2.0
86 87 -1.3571428571428572
86 190 1.7857142857142858
86 196 0.9285714285714286
87 88 1.7857142857142858
87 244 0.9285714285714286
87 252 1.3571428571428572
87 269 1.3571428571428572
87 276 1.7857142857142858
88 293 0.5714285714285714
88 320 -0.9285714285714286
88 327 -1.3571428571428572
89 90 -0.5714285714285714
89 93 2.0
90 93 0.5714285714285714
90 94 -1.3571428571428572
90 106 -2.0
90 122 -0.9285714285714286
90 129 -0.9285714285714286
91 96 -1.7857142857142858
91 314 -0.5714285714285714
91 337 0.9285714285714286
92 97 1.7857142857142858
92 408 0.9285714285714286
92 415 1.3571428571428572
92 422 0.5714285714285714
92 430 0.5714285714285714
93 94 -1.3571428571428572
93 106 0.5714285714285714
94 122 -0.5714285714285714
94 129 0.9285714285714286
94 149 -0.9285714285714286
94 156 1.3571428571428572
95 233 -0.9285714285714286
96 337 2.0
96 344 0.5714285714285714
96 365 -0.9285714285714286
97 422 -1.3571428571428572
97 430 -1.3571428571428572
97 437 1.7857142857142858
97 444 -1.3571428571428572
98 104 1.3571428571428572
99 100 1.3571428571428572
99 106 -1.3571428571428572
99 107 -0.9285714285714286
99 109 -1.3571428571428572
99 135 -2.0
99 141 1.3571428571428572
100 101 -1.3571428571428572
100 107 2.0
100 168 1.3571428571428572
100 196 1.3571428571428572
101 102 -1.3571428571428572
101 108 0.9285714285714286
101 218 1.3571428571428572
101 245 0.9285714285714286
101 252 1.7857142857142858
102 103 1.7857142857142858
102 108 2.0
102 270 0.5714285714285714
102 276 -1.3571428571428572
102 294 -0.9285714285714286
103 327 0.9285714285714286
103 349 0.5714285714285714
103 356 -0.5714285714285714
104 105 1.3571428571428572
105 106 -1.7857142857142858
106 109 0.9285714285714286
107 135 -1.3571428571428572
107 141 1.3571428571428572
107 168 1.7857142857142858
108 245 -0.9285714285714286
108 252 1.3571428571428572
108 270 -1.3571428571428572
108 276 -1.7857142857142858
109 110 -0.5714285714285714
109 115 -0.9285714285714286
109 123 1.7857142857142858
109 129 0.9285714285714286
110 111 -1.3571428571428572
110 115 -0.5714285714285714
110 116 0.5714285714285714
110 150 -0.9285714285714286
110 156 -0.9285714285714286
110 179 2.0
110 184 -0.9285714285714286
111 112 -0.5714285714285714
111 116 0.5714285714285714
111 117 2.0
111 206 1.3571428571428572
111 212 1.3571428571428572
111 234 2.0
112 113 -1.7857142857142858
112 117 1.3571428571428572
112 261 1.7857142857142858
112 282 1.3571428571428572
113 118 2.0
113 309 0.9285714285714286
113 314 0.9285714285714286
114 119 -2.0
114 120 1.3571428571428572
114 409 0.9285714285714286
114 415 -1.7857142857142858
114 423 -0.9285714285714286
114 430 -1.3571428571428572
115 116 -1.3571428571428572
115 123 1.3571428571428572
115 129 -1.3571428571428572
115 150 1.3571428571428572
115 156 -0.5714285714285714
116 117 2.0
116 179 -0.9285714285714286
116 184 -2.0
116 206 -1.7857142857142858
116 212 1.7857142857142858
117 234 -2.0
117 261 1.7857142857142858
118 119 1.3571428571428572
118 338 0.5714285714285714
118 344 -1.3571428571428572
119 120 0.9285714285714286
119 394 0.5714285714285714
119 401 1.7857142857142858
119 409 0.9285714285714286
119 415 -1.7857142857142858
120 423 2.0
120 430 -0.9285714285714286
120 438 2.0
120 444 -2.0
121 127 1.3571428571428572
122 123 0.5714285714285714
122 128 0.5714285714285714
122 129 1.7857142857142858
123 124 0.5714285714285714
123 129 0.9285714285714286
123 130 2.0
123 135 -2.0
123 142 -1.3571428571428572
124 130 -1.3571428571428572
124 131 0.5714285714285714
124 169 -0.5714285714285714
124 191 2.0
124 197 -1.3571428571428572
125 126 0.9285714285714286
125 132 1.7857142857142858
125 133 -1.3571428571428572
125 270 -1.7857142857142858
125 294 -1.3571428571428572
125 300 -0.9285714285714286
126 133 -1.3571428571428572
126 321 2.0
126 328 -1.7857142857142858
126 357 0.5714285714285714
127 128 -1.3571428571428572
128 129 -1.3571428571428572
129 130 -2.0
130 131 1.3571428571428572
130 135 0.5714285714285714
130 142 -0.5714285714285714
130 169 1.3571428571428572
131 132 1.7857142857142858
131 191 0.5714285714285714
131 197 2.0
131 218 -0.5714285714285714
131 224 -2.0
132 133 0.9285714285714286
132 245 -0.5714285714285714
132 253 0.9285714285714286
132 270 1.3571428571428572
132 277 2.0
133 294 -2.0
133 300 -0.5714285714285714
133 321 0.9285714285714286
133 328 -1.3571428571428572
134 135 -0.5714285714285714
134 141 1.7857142857142858
135 136 0.5714285714285714
135 141 -1.7857142857142858
135 142 0.5714285714285714
136 137 0.5714285714285714
136 142 -2.0
136 143 2.0
136 150 -2.0
136 157 -1.3571428571428572
136 179 -1.7857142857142858
136 185 -1.3571428571428572
137 138 2.0
137 143 -0.9285714285714286
137 144 -1.7857142857142858
137 206 -1.7857142857142858
137 213 -0.9285714285714286
137 234 -0.9285714285714286
137 240 -1.7857142857142858
138 139 1.3571428571428572
138 144 -1.3571428571428572
138 145 -0.5714285714285714
138 261 0.9285714285714286
138 282 2.0
138 288 -0.9285714285714286
139 315 -2.0
139 345 0.5714285714285714
140 146 2.0
140 409 -1.3571428571428572
140 416 1.7857142857142858
140 423 -2.0
140 431 -0.5714285714285714
141 142 0.5714285714285714
142 143 -0.5714285714285714
142 150 -1.3571428571428572
142 157 -0.5714285714285714
143 144 2.0
143 179 -1.7857142857142858
143 185 2.0
143 206 0.5714285714285714
143 213 0.9285714285714286
144 145 -1.3571428571428572
144 234 -0.5714285714285714
144 240 -0.5714285714285714
144 261 -2.0
145 282 0.9285714285714286
145 288 -0.5714285714285714
145 309 0.5714285714285714
145 315 -1.3571428571428572
146 423 -0.9285714285714286
146 431 1.3571428571428572
146 438 -0.9285714285714286
146 445 0.5714285714285714
147 148 -0.9285714285714286
147 154 -1.3571428571428572
148 149 -0.5714285714285714
148 154 -1.3571428571428572
148 155 -0.9285714285714286
149 150 0.5714285714285714
149 155 -2.0
149 156 -1.3571428571428572
150 156 -0.5714285714285714
150 157 2.0
151 152 -0.5714285714285714
151 157 0.5714285714285714
151 158 -1.3571428571428572
151 162 0.5714285714285714
151 192 -0.5714285714285714
151 197 1.7857142857142858
152 158 -0.9285714285714286
152 159 -1.7857142857142858
152 219 0.5714285714285714
152 224 0.9285714285714286
152 246 -0.9285714285714286
152 253 2.0
153 160 -2.0
153 322 -1.7857142857142858
153 328 -1.7857142857142858
153 350 0.5714285714285714
153 357 1.3571428571428572
154 155 1.7857142857142858
155 156 -0.5714285714285714
156 157 -0.9285714285714286
157 158 2.0
157 162 -2.0
157 169 2.0
158 159 0.9285714285714286
158 192 -1.7857142857142858
158 197 0.9285714285714286
158 219 0.9285714285714286
158 224 0.5714285714285714
159 160 1.7857142857142858
159 246 -2.0
159 253 0.9285714285714286
159 271 2.0
159 277 -0.5714285714285714
160 295 -0.9285714285714286
160 300 1.7857142857142858
160 322 0.5714285714285714
160 328 0.9285714285714286
161 168 -0.5714285714285714
162 163 0.9285714285714286
162 169 -0.5714285714285714
162 170 -2.0
162 185 -1.3571428571428572
163 164 -1.7857142857142858
163 170 0.5714285714285714
163 171 0.5714285714285714
163 207 -0.9285714285714286
163 213 0.5714285714285714
163 235 -1.7857142857142858
163 240 -2.0
164 165 -1.3571428571428572
164 171 0.5714285714285714
164 172 0.9285714285714286
164 264 0.5714285714285714
164 283 -0.5714285714285714
164 288 -0.5714285714285714
165 166 2.0
165 172 0.9285714285714286
165 173 -2.0
165 315 1.3571428571428572
165 339 0.9285714285714286
165 345 -2.0
166 167 -1.3571428571428572
166 173 0.5714285714285714
166 174 -1.7857142857142858
166 367 -2.0
166 373 -0.9285714285714286
166 395 2.0
166 402 0.5714285714285714
167 174 -0.9285714285714286
167 175 -1.3571428571428572
167 416 -1.7857142857142858
167 424 0.9285714285714286
167 431 -2.0
168 169 -1.3571428571428572
169 170 0.5714285714285714
170 180 -0.5714285714285714
170 185 -2.0
170 207 2.0
170 213 0.5714285714285714
171 172 0.9285714285714286
171 235 -1.3571428571428572
171 240 -2.0
171 264 -0.5714285714285714
172 173 0.5714285714285714
172 283 1.3571428571428572
172 288 -2.0
172 315 -0.5714285714285714
173 174 1.7857142857142858
173 339 -0.5714285714285714
173 367 -1.7857142857142858
173 373 0.5714285714285714
174 175 0.5714285714285714
174 395 -2.0
174 402 -0.5714285714285714
174 416 -0.5714285714285714
175 424 0.5714285714285714
175 431 -1.3571428571428572
175 439 1.3571428571428572
175 445 -2.0
176 177 -1.3571428571428572
177 178 -1.7857142857142858
177 183 1.7857142857142858
178 179 1.7857142857142858
178 183 -1.7857142857142858
178 184 -2.0
179 180 0.9285714285714286
179 184 -0.9285714285714286
179 185 -2.0
180 181 -0.9285714285714286
180 185 1.3571428571428572
180 186 2.0
180 192 -0.9285714285714286
180 198 -0.9285714285714286
181 182 -1.7857142857142858
181 186 1.3571428571428572
181 187 1.3571428571428572
181 219 -0.5714285714285714
181 225 1.3571428571428572
181 246 2.0
181 254 1.7857142857142858
182 187 -2.0
182 188 -0.9285714285714286
182 271 0.9285714285714286
182 278 1.3571428571428572
182 295 -1.7857142857142858
182 301 0.9285714285714286
183 184 0.9285714285714286
184 185 0.5714285714285714
185 186 1.3571428571428572
186 187 2.0
186 192 1.3571428571428572
186 198 1.7857142857142858
186 219 0.9285714285714286
186 225 0.5714285714285714
187 188 1.3571428571428572
187 246 -0.5714285714285714
187 254 -1.3571428571428572
187 271 -2.0
188 189 -2.0
188 295 0.5714285714285714
188 301 -1.7857142857142858
188 322 1.3571428571428572
188 329 1.7857142857142858
189 350 1.3571428571428572
189 358 0.9285714285714286
189 380 -0.9285714285714286
190 191 -2.0
190 196 -0.9285714285714286
191 192 -0.9285714285714286
191 196 -1.7857142857142858
191 197 1.7857142857142858
192 193 -1.3571428571428572
192 197 2.0
192 198 -2.0
193 198 -0.5714285714285714
193 199 0.9285714285714286
193 207 -1.3571428571428572
193 214 1.7857142857142858
193 235 -2.0
194 200 1.3571428571428572
194 316 -1.7857142857142858
194 339 2.0
194 346 0.5714285714285714
195 201 0.5714285714285714
195 202 0.5714285714285714
195 417 -1.3571428571428572
195 424 1.7857142857142858
195 432 -1.3571428571428572
196 197 0.5714285714285714
197 198 -1.3571428571428572
198 207 -0.5714285714285714
198 214 -2.0
199 200 -0.9285714285714286
199 235 -1.7857142857142858
199 265 1.7857142857142858
200 283 0.5714285714285714
200 289 1.7857142857142858
200 316 -1.7857142857142858
201 202 -1.3571428571428572
201 395 1.3571428571428572
201 403 -1.7857142857142858
201 417 -1.7857142857142858
202 424 -2.0
202 432 0.9285714285714286
202 439 1.7857142857142858
202 446 -2.0
203 204 -1.3571428571428572
204 205 0.9285714285714286
204 211 0.9285714285714286
205 206 0.5714285714285714
205 211 -1.3571428571428572
205 212 0.5714285714285714
206 207 2.0
206 212 0.9285714285714286
206 213 -1.7857142857142858
207 208 1.7857142857142858
207 213 0.9285714285714286
207 214 -0.9285714285714286
208 209 -1.3571428571428572
208 214 -1.7857142857142858
208 215 1.3571428571428572
208 220 -2.0
208 225 -1.3571428571428572
208 247 -1.7857142857142858
208 254 0.5714285714285714
209 210 2.0
209 215 1.7857142857142858
209 216 1.3571428571428572
209 272 2.0
209 278 -0.5714285714285714
209 296 1.7857142857142858
209 301 -1.7857142857142858
210 216 -1.7857142857142858
210 217 -0.9285714285714286
210 329 1.3571428571428572
210 351 2.0
210 358 2.0
211 212 -0.5714285714285714
212 213 -0.9285714285714286
213 214 1.3571428571428572
214 215 0.9285714285714286
214 220 -0.9285714285714286
214 225 0.5714285714285714
215 216 -0.5714285714285714
215 247 0.5714285714285714
215 254 0.9285714285714286
215 272 0.9285714285714286
215 278 -1.7857142857142858
216 217 0.5714285714285714
216 296 -0.5714285714285714
216 301 0.9285714285714286
216 329 0.5714285714285714
217 351 2.0
217 358 -1.7857142857142858
217 381 0.5714285714285714
218 219 -0.9285714285714286
218 224 1.7857142857142858
219 220 2.0
219 224 0.9285714285714286
219 225 -1.3571428571428572
220 236 -1.3571428571428572
221 222 -0.9285714285714286
221 227 -1.7857142857142858
221 228 -0.5714285714285714
221 316 -2.0
221 340 1.7857142857142858
221 346 -1.3571428571428572
222 223 -2.0
222 229 -1.7857142857142858
222 368 2.0
222 374 -0.5714285714285714
222 396 0.5714285714285714
222 403 0.5714285714285714
223 230 -0.9285714285714286
223 410 0.5714285714285714
223 425 -2.0
223 432 1.3571428571428572
224 225 1.3571428571428572
225 226 -1.7857142857142858
226 227 1.7857142857142858
226 236 -1.3571428571428572
226 262 -1.3571428571428572
226 265 -0.9285714285714286
227 228 -2.0
227 284 -0.9285714285714286
227 289 0.5714285714285714
227 316 1.3571428571428572
228 229 0.9285714285714286
228 340 -2.0
228 368 -1.7857142857142858
228 374 -1.7857142857142858
229 230 1.7857142857142858
229 396 1.3571428571428572
229 403 0.5714285714285714
229 410 0.5714285714285714
229 417 0.9285714285714286
230 425 1.7857142857142858
230 432 1.7857142857142858
230 440 -1.7857142857142858
230 446 -0.5714285714285714
232 233 1.3571428571428572
232 239 -0.5714285714285714
233 234 -1.3571428571428572
233 239 -1.3571428571428572
234 235 0.5714285714285714
234 240 -1.7857142857142858
235 236 -0.5714285714285714
235 240 -1.7857142857142858
236 237 2.0
236 241 -0.9285714285714286
236 247 -0.5714285714285714
236 255 -2.0
237 238 -1.7857142857142858
237 241 1.3571428571428572
237 242 -0.5714285714285714
237 272 -0.5714285714285714
237 279 -1.7857142857142858
237 296 0.5714285714285714
237 302 -0.5714285714285714
238 242 1.3571428571428572
238 243 -1.7857142857142858
238 330 -1.3571428571428572
238 351 -0.5714285714285714
238 359 -2.0
241 242 -1.7857142857142858
241 247 -2.0
241 255 0.5714285714285714
241 279 -1.3571428571428572
242 243 -2.0
242 330 0.9285714285714286
243 351 2.0
243 359 0.9285714285714286
243 381 2.0
243 387 1.3571428571428572
244 252 -0.9285714285714286
245 246 0.5714285714285714
245 252 -0.5714285714285714
245 253 -2.0
246 247 0.9285714285714286
246 253 -0.9285714285714286
246 254 1.7857142857142858
247 248 -0.5714285714285714
247 254 1.7857142857142858
247 255 -2.0
248 249 -2.0
248 255 -1.3571428571428572
248 256 0.5714285714285714
248 262 2.0
248 266 -1.3571428571428572
248 284 0.9285714285714286
248 290 1.3571428571428572
249 250 -2.0
249 256 -1.7857142857142858
249 257 2.0
249 317 0.9285714285714286
249 340 -0.9285714285714286
250 251 2.0
250 257 0.5714285714285714
250 258 1.3571428571428572
250 368 -1.3571428571428572
250 375 -0.5714285714285714
250 396 2.0
250 404 -0.5714285714285714
251 258 -1.3571428571428572
251 259 -0.9285714285714286
251 410 0.5714285714285714
251 418 -0.5714285714285714
251 425 0.9285714285714286
251 433 -0.9285714285714286
252 253 -0.9285714285714286
253 254 1.7857142857142858
255 256 -0.9285714285714286
255 262 -1.7857142857142858
255 266 2.0
256 257 2.0
256 284 -1.7857142857142858
256 290 0.9285714285714286
256 317 -0.9285714285714286
257 258 1.3571428571428572
257 340 -1.7857142857142858
257 368 1.7857142857142858
257 375 -1.7857142857142858
258 259 2.0
258 396 -1.7857142857142858
258 404 -0.9285714285714286
258 410 -0.9285714285714286
258 418 0.5714285714285714
259 425 -1.7857142857142858
259 433 -1.7857142857142858
259 440 0.5714285714285714
259 447 1.3571428571428572
261 264 0.5714285714285714
262 265 -0.9285714285714286
262 266 1.3571428571428572
263 267 2.0
263 268 0.9285714285714286
263 323 -0.5714285714285714
263 330 1.7857142857142858
263 352 1.7857142857142858
263 359 -0.9285714285714286
264 265 -0.5714285714285714
265 266 0.9285714285714286
266 267 0.9285714285714286
266 279 -0.5714285714285714
267 268 -1.3571428571428572
267 302 -1.7857142857142858
267 323 -0.5714285714285714
267 330 -0.9285714285714286
268 352 -1.3571428571428572
268 359 0.5714285714285714
268 382 -0.5714285714285714
268 387 -1.7857142857142858
269 270 0.5714285714285714
269 276 -1.7857142857142858
270 271 0.5714285714285714
270 276 0.9285714285714286
270 277 0.9285714285714286
271 272 2.0
271 277 -2.0
271 278 0.9285714285714286
272 278 2.0
272 279 1.7857142857142858
273 280 -1.3571428571428572
273 281 -2.0
273 310 0.5714285714285714
273 317 2.0
274 275 0.9285714285714286
274 281 1.3571428571428572
274 369 -1.7857142857142858
274 375 0.5714285714285714
274 397 -1.3571428571428572
274 404 -1.3571428571428572
275 411 2.0
275 418 2.0
275 433 1.3571428571428572
276 277 2.0
277 278 -1.3571428571428572
278 279 -0.9285714285714286
279 280 0.9285714285714286
280 281 0.9285714285714286
280 285 0.5714285714285714
280 290 -0.5714285714285714
280 310 2.0
280 317 -2.0
281 369 -1.3571428571428572
281 375 1.7857142857142858
282 283 -0.9285714285714286
282 288 -1.3571428571428572
283 284 2.0
283 288 -0.5714285714285714
283 289 0.9285714285714286
284 285 1.3571428571428572
284 289 0.5714285714285714
284 290 -0.9285714285714286
285 286 -1.3571428571428572
285 290 1.7857142857142858
285 291 -0.9285714285714286
285 303 1.7857142857142858
286 291 2.0
286 292 -1.7857142857142858
286 323 -0.5714285714285714
286 331 -0.9285714285714286
286 352 -0.5714285714285714
286 360 0.9285714285714286
288 289 -0.5714285714285714
289 290 1.7857142857142858
290 291 0.9285714285714286
291 292 -0.5714285714285714
291 303 1.3571428571428572
291 323 -2.0
291 331 -1.3571428571428572
292 360 -2.0
292 382 0.9285714285714286
292 388 -1.3571428571428572
293 294 0.9285714285714286
294 295 2.0
294 300 0.5714285714285714
295 296 -2.0
295 300 2.0
295 301 1.7857142857142858
296 301 -0.5714285714285714
296 302 -2.0
297 298 -0.9285714285714286
297 303 0.9285714285714286
297 304 1.3571428571428572
297 310 0.9285714285714286
297 318 -1.7857142857142858
298 299 0.9285714285714286
298 304 -0.9285714285714286
298 369 -1.7857142857142858
298 376 -1.3571428571428572
298 397 0.5714285714285714
298 405 0.9285714285714286
299 305 1.3571428571428572
299 306 1.3571428571428572
299 411 2.0
299 419 0.9285714285714286
299 426 1.3571428571428572
299 434 0.9285714285714286
301 302 -1.7857142857142858
302 303 -1.7857142857142858
303 304 0.5714285714285714
303 310 -2.0
303 318 -1.7857142857142858
304 305 1.7857142857142858
304 369 2.0
304 376 -0.9285714285714286
305 306 1.7857142857142858
305 397 1.3571428571428572
305 411 1.7857142857142858
305 419 -1.7857142857142858
306 426 1.3571428571428572
306 434 0.5714285714285714
306 441 -0.9285714285714286
306 448 0.5714285714285714
307 308 -0.9285714285714286
307 312 1.7857142857142858
308 312 1.7857142857142858
308 313 0.9285714285714286
309 314 -0.5714285714285714
309 315 -1.7857142857142858
310 311 2.0
310 317 -1.3571428571428572
310 318 0.9285714285714286
311 318 -1.3571428571428572
311 319 0.9285714285714286
311 324 1.3571428571428572
311 331 1.3571428571428572
311 353 -0.9285714285714286
311 360 -2.0
312 313 -1.7857142857142858
313 314 1.7857142857142858
314 315 -1.7857142857142858
315 316 0.5714285714285714
316 317 -0.9285714285714286
317 318 -1.3571428571428572
318 319 -0.5714285714285714
318 324 1.3571428571428572
318 331 -1.7857142857142858
319 353 1.3571428571428572
319 360 -1.3571428571428572
319 383 2.0
319 388 -1.7857142857142858
320 321 1.3571428571428572
320 327 -1.3571428571428572
321 322 2.0
321 327 -1.7857142857142858
321 328 -1.7857142857142858
322 328 -2.0
322 329 -0.5714285714285714
323 324 -0.5714285714285714
323 330 2.0
323 331 -1.3571428571428572
324 325 -2.0
324 331 0.5714285714285714
324 332 -2.0
324 341 0.5714285714285714
325 326 1.3571428571428572
325 333 -1.7857142857142858
325 370 1.7857142857142858
325 376 -0.5714285714285714
325 398 -1.3571428571428572
326 333 0.9285714285714286
326 334 -0.9285714285714286
326 412 0.5714285714285714
326 419 -0.9285714285714286
326 427 -1.7857142857142858
326 434 0.9285714285714286
327 328 0.5714285714285714
328 329 -1.7857142857142858
329 330 -1.3571428571428572
330 331 -2.0
331 332 -1.3571428571428572
332 333 -0.5714285714285714
332 341 -1.7857142857142858
332 370 -0.5714285714285714
332 376 -1.3571428571428572
333 334 -1.3571428571428572
333 398 0.9285714285714286
333 405 -2.0
333 412 -1.3571428571428572
333 419 2.0
334 427 1.3571428571428572
334 434 1.3571428571428572
334 442 -2.0
334 448 0.9285714285714286
335 336 -1.7857142857142858
335 342 -1.7857142857142858
336 337 0.9285714285714286
336 342 -1.3571428571428572
336 343 0.5714285714285714
337 338 -1.3571428571428572
337 343 0.9285714285714286
337 344 2.0
338 339 0.9285714285714286
338 344 -0.5714285714285714
338 345 0.9285714285714286
339 340 1.7857142857142858
339 345 0.9285714285714286
339 346 -2.0
340 346 -0.9285714285714286
341 347 1.3571428571428572
341 353 1.3571428571428572
341 361 -1.3571428571428572
342 343 1.3571428571428572
343 344 0.5714285714285714
344 345 -1.3571428571428572
345 346 -2.0
347 353 0.5714285714285714
347 361 -0.9285714285714286
347 383 -1.3571428571428572
347 389 -2.0
348 349 0.9285714285714286
348 356 -2.0
349 350 1.3571428571428572
349 356 -1.7857142857142858
349 357 1.7857142857142858
350 351 -1.3571428571428572
350 357 1.3571428571428572
350 358 -0.5714285714285714
351 352 1.7857142857142858
351 358 -1.7857142857142858
351 359 0.9285714285714286
352 353 1.7857142857142858
352 359 2.0
352 360 -0.5714285714285714
353 354 -1.7857142857142858
353 360 -0.5714285714285714
353 361 2.0
354 355 -2.0
354 362 -0.5714285714285714
354 370 -0.5714285714285714
354 377 1.3571428571428572
354 398 -1.3571428571428572
354 406 -0.5714285714285714
355 362 0.9285714285714286
355 363 -0.5714285714285714
355 412 1.7857142857142858
355 420 -2.0
355 427 2.0
355 435 1.3571428571428572
356 357 -0.9285714285714286
357 358 2.0
358 359 -1.7857142857142858
359 360 -1.3571428571428572
360 361 -0.5714285714285714
361 370 2.0
361 377 -2.0
362 363 -0.9285714285714286
362 398 -1.3571428571428572
362 406 1.3571428571428572
362 412 -0.9285714285714286
362 420 1.7857142857142858
363 427 0.9285714285714286
363 435 -1.7857142857142858
363 442 1.7857142857142858
363 449 -0.9285714285714286
364 371 2.0
365 366 -0.9285714285714286
365 372 0.9285714285714286
366 367 1.7857142857142858
366 373 -0.9285714285714286
367 368 -1.3571428571428572
367 373 -0.5714285714285714
367 374 -1.7857142857142858
368 369 1.3571428571428572
368 374 1.7857142857142858
368 375 1.3571428571428572
369 370 -0.9285714285714286
369 375 1.7857142857142858
369 376 -0.9285714285714286
370 376 -0.9285714285714286
370 377 0.9285714285714286
371 372 -1.3571428571428572
373 374 1.3571428571428572
374 375 1.3571428571428572
375 376 -0.5714285714285714
376 377 -0.9285714285714286
378 379 -0.9285714285714286
378 385 -1.3571428571428572
379 380 0.5714285714285714
379 385 -1.3571428571428572
379 386 -0.5714285714285714
380 381 2.0
380 386 -1.3571428571428572
381 382 1.3571428571428572
381 387 0.9285714285714286
382 383 2.0
382 387 -1.7857142857142858
382 388 -1.3571428571428572
383 388 0.9285714285714286
383 389 2.0
384 390 0.9285714285714286
384 391 -2.0
384 420 0.9285714285714286
384 435 -1.7857142857142858
385 386 -1.7857142857142858
387 388 1.3571428571428572
388 389 2.0
390 391 1.7857142857142858
390 406 2.0
390 420 -1.3571428571428572
391 435 -1.7857142857142858
391 449 0.9285714285714286
392 393 1.7857142857142858
392 399 0.9285714285714286
393 399 1.7857142857142858
393 400 2.0
394 395 1.7857142857142858
394 401 1.7857142857142858
394 402 -1.7857142857142858
395 396 2.0
395 402 -1.7857142857142858
395 403 -1.7857142857142858
396 397 -0.5714285714285714
396 403 2.0
396 404 -0.9285714285714286
397 398 -0.9285714285714286
397 404 -0.5714285714285714
397 405 -0.5714285714285714
398 405 -1.7857142857142858
398 406 1.3571428571428572
399 400 1.3571428571428572
400 401 -2.0
401 402 2.0
402 403 -0.5714285714285714
404 405 0.5714285714285714
405 406 -1.3571428571428572
407 408 0.5714285714285714
407 413 2.0
407 414 -1.3571428571428572
408 409 2.0
408 414 0.9285714285714286
408 415 -2.0
409 415 2.0
409 416 0.9285714285714286
410 411 -0.5714285714285714
410 417 2.0
410 418 0.5714285714285714
411 412 1.7857142857142858
411 418 -0.5714285714285714
411 419 -1.7857142857142858
412 419 1.7857142857142858
412 420 -0.5714285714285714
413 414 -0.5714285714285714
414 415 2.0
415 416 -0.5714285714285714
416 417 0.9285714285714286
417 418 -1.7857142857142858
418 419 2.0
419 420 1.3571428571428572
421 422 0.9285714285714286
421 428 0.5714285714285714
421 429 1.3571428571428572
422 423 -2.0
422 429 0.5714285714285714
422 430 0.5714285714285714
423 424 1.7857142857142858
423 430 -2.0
423 431 0.9285714285714286
424 425 -1.7857142857142858
424 431 0.5714285714285714
424 432 -2.0
425 426 -0.5714285714285714
425 432 -0.5714285714285714
425 433 0.5714285714285714
426 427 -1.3571428571428572
426 433 2.0
426 434 0.9285714285714286
427 434 -2.0
427 435 0.5714285714285714
428 429 1.3571428571428572
429 430 -0.9285714285714286
430 431 -0.9285714285714286
431 432 1.7857142857142858
432 433 -0.5714285714285714
433 434 -0.5714285714285714
434 435 -0.5714285714285714
436 443 1.3571428571428572
437 438 1.3571428571428572
437 444 -1.7857142857142858
438 439 -0.5714285714285714
438 444 -1.3571428571428572
438 445 -0.9285714285714286
439 440 0.5714285714285714
439 445 2.0
439 446 1.7857142857142858
440 441 -0.5714285714285714
440 446 1.7857142857142858
440 447 -2.0
441 442 -0.9285714285714286
441 447 0.9285714285714286
442 448 1.3571428571428572
442 449 0.9285714285714286
444 445 2.0
445 446 -2.0
446 447 -1.3571428571428572
447 448 0.5714285714285714
448 449 1.7857142857142858
