252 962
1 1 -1.4285714285714286
2 2 -3.0
3 3 -1.5000000000000002
4 4 2.7857142857142865
5 5 0.8571428571428572
6 6 4.785714285714286
7 7 6.714285714285714
8 8 4.928571428571429
9 9 0.6428571428571428
10 10 -0.9285714285714286
11 11 -1.5
12 12 4.214285714285714
13 13 -6.0
14 14 1.3571428571428572
15 15 7.428571428571429
16 16 -1.1428571428571423
17 17 -1.3571428571428574
18 18 2.2142857142857144
19 19 -0.14285714285714324
20 20 1.8571428571428572
21 21 -1.5
22 22 -0.3571428571428572
23 23 -4.928571428571429
24 24 -4.142857142857143
25 25 -2.7142857142857144
26 26 -2.571428571428571
27 27 1.8571428571428572
28 28 0.785714285714286
29 29 -5.5
30 30 -0.8571428571428572
31 31 4.142857142857143
32 32 -1.8571428571428572
33 33 -0.4285714285714286
34 34 -2.0
35 35 -2.357142857142857
36 36 1.214285714285714
37 37 1.3571428571428572
38 38 3.6428571428571432
39 39 -2.2142857142857144
40 40 -2.7857142857142856
41 41 -0.14285714285714324
42 42 -2.571428571428571
43 43 -1.7857142857142854
44 44 -7.857142857142858
45 45 -0.7857142857142858
46 46 -1.9285714285714286
47 47 -2.8571428571428577
48 48 2.7142857142857144
49 49 -8.5
50 50 -5.7142857142857135
51 51 -5.0
52 52 2.7142857142857144
53 53 -3.928571428571429
54 54 -0.9285714285714286
55 55 3.428571428571429
56 56 -0.2142857142857144
57 57 2.5
59 59 1.4285714285714286
60 60 -4.285714285714286
61 61 -3.7857142857142865
62 62 -4.0
63 63 7.2142857142857135
64 64 3.428571428571429
65 65 -2.8571428571428568
66 66 -3.5
67 67 1.571428571428572
68 68 3.928571428571429
69 69 -0.2857142857142856
70 70 -4.285714285714286
71 71 2.785714285714286
72 72 4.928571428571429
73 73 -2.0714285714285716
74 74 0.9285714285714288
75 75 -1.6428571428571432
76 76 2.9285714285714284
77 77 -6.071428571428573
78 78 -7.500000000000001
79 79 3.1428571428571432
80 80 -3.928571428571429
81 81 2.928571428571429
82 82 -1.9285714285714288
83 83 -2.2857142857142856
84 84 -2.2857142857142856
85 85 -2.2857142857142856
86 86 -1.9285714285714286
87 87 5.0
88 88 -2.428571428571429
90 90 2.071428571428572
91 91 -1.5000000000000002
92 92 2.6428571428571432
93 93 -4.928571428571429
94 94 4.714285714285714
95 95 -0.9285714285714288
96 96 -2.071428571428571
97 97 1.0
98 98 -1.642857142857143
99 99 0.5714285714285714
100 100 -0.2857142857142858
101 101 -2.5
102 102 -3.7857142857142856
103 103 5.142857142857142
104 104 -0.3571428571428572
106 106 -2.9285714285714284
107 107 -4.428571428571428
108 108 2.5
109 109 -0.14285714285714302
110 110 -0.9285714285714286
111 111 -1.5714285714285716
112 112 -3.5714285714285716
113 113 -4.428571428571429
114 114 4.440892098500626e-16
115 115 3.2857142857142865
116 116 0.0714285714285714
117 117 1.7857142857142856
118 118 -1.5
119 119 6.071428571428572
120 120 0.5714285714285714
121 121 -3.928571428571429
122 122 -3.857142857142857
123 123 -2.2857142857142856
124 124 -0.35714285714285676
125 125 -1.0714285714285718
126 126 -0.07142857142857117
127 127 -4.428571428571429
128 128 0.5714285714285705
129 129 -0.2142857142857144
130 130 1.5
131 131 8.357142857142858
132 132 -0.4285714285714286
133 133 -5.285714285714286
134 134 -3.071428571428572
135 135 -6.642857142857144
136 136 4.5
137 137 6.357142857142858
138 138 0.14285714285714302
139 139 -2.0714285714285716
140 140 -5.5
141 141 -1.2857142857142856
142 142 -2.857142857142857
143 143 3.7857142857142856
144 144 2.0
145 145 -0.9285714285714284
146 146 3.142857142857143
147 147 4.571428571428571
148 148 2.2857142857142856
149 149 -5.357142857142858
150 150 0.2857142857142858
151 151 -3.1428571428571423
152 152 -1.1428571428571428
153 153 -3.0714285714285716
154 154 1.3571428571428572
155 155 -1.7857142857142856
156 156 3.6428571428571423
157 157 4.428571428571429
158 158 -1.7857142857142856
159 159 -3.499999999999999
160 160 1.571428571428571
161 161 -9.571428571428573
162 162 -2.5
163 163 2.071428571428571
164 164 -0.1428571428571428
165 165 -4.571428571428571
166 166 -6.2142857142857135
167 167 -3.7142857142857144
168 168 4.357142857142858
169 169 -2.928571428571429
170 170 -5.142857142857143
171 171 -0.5714285714285714
172 172 -2.2142857142857144
173 173 4.5
174 174 -0.5714285714285714
175 175 -0.4285714285714288
176 176 5.142857142857143
177 177 1.9999999999999998
178 178 -2.9285714285714284
179 179 -2.4999999999999996
180 180 2.2142857142857144
181 181 -2.071428571428571
182 182 3.7142857142857144
183 183 -5.714285714285715
184 184 2.0
185 185 -0.5714285714285714
186 186 1.6428571428571426
187 187 -0.714285714285714
188 188 3.571428571428571
189 189 -4.142857142857143
190 190 3.2142857142857144
191 191 -5.0
192 192 -4.142857142857142
193 193 2.0
194 194 5.0
195 195 9.785714285714286
196 196 5.0
197 197 6.2857142857142865
198 198 -3.928571428571429
199 199 -3.2857142857142856
200 200 4.7142857142857135
201 201 2.0
202 202 4.285714285714286
203 203 0.6428571428571428
204 204 -3.0
205 205 -1.5
206 206 0.357142857142857
207 207 1.8571428571428568
208 208 -0.5714285714285714
209 209 -5.714285714285714
210 210 -2.571428571428571
211 211 2.8571428571428568
212 212 2.8571428571428568
213 213 1.4285714285714284
214 214 -2.2857142857142865
215 215 -0.2857142857142856
216 216 -1.2142857142857137
217 217 6.857142857142858
218 218 0.9285714285714286
219 219 -3.0
220 220 2.000000000000001
221 221 6.571428571428572
222 222 3.7142857142857144
223 223 -2.071428571428571
224 224 0.6428571428571428
225 225 -1.5714285714285716
226 226 -0.2857142857142856
227 227 7.642857142857142
228 228 0.7142857142857137
229 229 0.8571428571428572
230 230 -0.8571428571428572
231 231 0.6428571428571428
232 232 3.0
233 233 5.7142857142857135
234 234 3.071428571428571
235 235 2.8571428571428568
236 236 2.5
237 237 -1.357142857142857
238 238 -1.5
239 239 1.2142857142857142
240 240 -4.928571428571429
241 241 1.7857142857142856
242 242 0.7142857142857144
243 243 -4.571428571428572
244 244 -5.214285714285714
245 245 -3.7857142857142856
246 246 5.428571428571429
247 247 2.1428571428571432
248 248 3.571428571428571
249 249 2.428571428571429
250 250 1.7142857142857144
251 251 6.571428571428571
252 252 4.285714285714286
1 2 -0.9285714285714286
1 42 0.9285714285714286
1 47 1.7857142857142858
1 85 -0.9285714285714286
1 93 0.5714285714285714
2 3 0.9285714285714286
2 9 -0.5714285714285714
2 10 1.7857142857142858
2 133 0.9285714285714286
2 143 1.7857142857142858
2 176 -0.9285714285714286
3 4 0.5714285714285714
3 10 0.9285714285714286
3 11 1.3571428571428572
3 20 -1.7857142857142858
3 29 1.3571428571428572
3 226 -0.9285714285714286
3 236 -0.9285714285714286
4 11 -1.7857142857142858
4 12 -1.3571428571428572
4 123 1.7857142857142858
4 128 -2.0
5 6 0.5714285714285714
5 15 -1.7857142857142858
5 60 0.5714285714285714
5 106 1.7857142857142858
5 115 -2.0
6 7 -2.0
6 15 -0.5714285714285714
6 16 -1.3571428571428572
6 156 -1.7857142857142858
6 161 1.7857142857142858
6 192 0.5714285714285714
6 196 -2.0
7 16 -0.9285714285714286
7 17 0.9285714285714286
7 41 -2.0
7 247 -1.7857142857142858
7 251 -0.9285714285714286
8 18 -2.0
8 19 -1.3571428571428572
8 184 -2.0
8 225 1.7857142857142858
8 235 -1.3571428571428572
9 10 -1.7857142857142858
9 85 0.9285714285714286
9 93 2.0
9 133 0.5714285714285714
9 143 -1.7857142857142858
10 11 1.7857142857142858
10 176 -2.0
10 226 2.0
10 236 -1.7857142857142858
11 12 -0.9285714285714286
11 20 -0.9285714285714286
11 29 2.0
12 123 -1.3571428571428572
12 128 -1.7857142857142858
12 163 1.7857142857142858
12 168 -0.5714285714285714
13 14 2.0
13 204 2.0
13 215 2.0
14 56 -1.3571428571428572
14 71 -2.0
14 102 1.7857142857142858
14 117 -1.7857142857142858
15 16 -2.0
15 106 -0.9285714285714286
15 115 -0.9285714285714286
15 156 -1.7857142857142858
15 161 0.5714285714285714
16 17 1.7857142857142858
16 192 2.0
16 196 -0.9285714285714286
16 247 0.5714285714285714
16 251 2.0
17 19 -2.0
17 41 1.7857142857142858
17 90 -0.5714285714285714
17 96 -0.5714285714285714
18 19 0.5714285714285714
18 25 1.7857142857142858
18 31 -2.0
18 225 -0.5714285714285714
19 138 0.5714285714285714
19 146 0.5714285714285714
19 184 1.7857142857142858
20 26 1.7857142857142858
20 29 0.5714285714285714
20 200 -0.5714285714285714
20 211 -0.9285714285714286
21 22 0.9285714285714286
21 28 0.5714285714285714
22 23 1.7857142857142858
22 28 -1.7857142857142858
22 241 -0.5714285714285714
23 24 1.3571428571428572
23 30 1.7857142857142858
24 25 1.7857142857142858
24 30 1.7857142857142858
24 31 0.5714285714285714
24 173 -1.3571428571428572
25 32 0.9285714285714286
25 70 -1.7857142857142858
26 29 -1.3571428571428572
26 33 0.9285714285714286
26 67 0.5714285714285714
26 103 -1.3571428571428572
26 113 2.0
27 28 -0.9285714285714286
27 100 -0.9285714285714286
28 241 1.3571428571428572
29 33 0.9285714285714286
29 67 2.0
30 31 -0.9285714285714286
30 173 -1.7857142857142858
31 32 -1.7857142857142858
32 70 1.7857142857142858
32 122 0.9285714285714286
33 103 -0.9285714285714286
33 113 0.9285714285714286
33 153 -2.0
33 159 0.5714285714285714
34 38 2.0
35 222 1.7857142857142858
35 233 0.5714285714285714
36 37 1.3571428571428572
36 45 -0.5714285714285714
36 53 0.5714285714285714
36 89 -2.0
36 98 -0.5714285714285714
37 38 -1.7857142857142858
37 48 -0.9285714285714286
37 139 1.7857142857142858
37 150 -1.7857142857142858
38 39 -0.9285714285714286
38 48 -0.5714285714285714
38 229 -1.7857142857142858
38 239 -0.5714285714285714
39 40 2.0
39 50 1.3571428571428572
39 78 1.7857142857142858
39 82 -2.0
39 126 0.5714285714285714
39 131 -0.5714285714285714
40 41 -0.5714285714285714
40 50 0.9285714285714286
40 165 0.9285714285714286
40 171 -0.9285714285714286
40 207 1.3571428571428572
40 218 -0.9285714285714286
41 52 0.9285714285714286
41 62 -2.0
41 68 2.0
42 43 0.5714285714285714
42 47 -0.9285714285714286
42 198 2.0
43 44 1.7857142857142858
43 47 -0.9285714285714286
43 49 1.7857142857142858
43 55 -2.0
43 101 0.5714285714285714
44 49 1.7857142857142858
44 51 1.3571428571428572
44 151 2.0
44 187 0.9285714285714286
45 51 -0.5714285714285714
45 53 1.3571428571428572
45 242 0.5714285714285714
46 174 1.3571428571428572
46 220 0.5714285714285714
47 49 2.0
47 55 0.9285714285714286
48 229 0.5714285714285714
48 239 -1.7857142857142858
49 51 1.7857142857142858
49 101 0.5714285714285714
49 151 0.5714285714285714
50 126 2.0
50 131 -0.9285714285714286
50 165 0.5714285714285714
50 171 1.7857142857142858
51 53 2.0
51 187 1.7857142857142858
51 242 -1.3571428571428572
52 62 -0.9285714285714286
52 68 -1.3571428571428572
52 120 -1.3571428571428572
54 220 0.9285714285714286
55 65 -1.7857142857142858
55 93 -0.5714285714285714
56 71 -1.3571428571428572
56 203 2.0
56 214 0.9285714285714286
57 60 1.3571428571428572
57 61 -2.0
57 71 -0.5714285714285714
57 72 -1.3571428571428572
57 73 -1.3571428571428572
57 106 2.0
57 116 -0.5714285714285714
58 59 -0.5714285714285714
58 67 0.5714285714285714
58 69 0.5714285714285714
58 76 -0.5714285714285714
58 124 0.5714285714285714
58 128 -0.5714285714285714
59 60 0.9285714285714286
59 69 0.5714285714285714
59 168 -1.7857142857142858
59 215 -0.5714285714285714
60 71 2.0
60 72 -0.5714285714285714
61 62 0.5714285714285714
61 73 1.7857142857142858
61 74 1.3571428571428572
61 156 -2.0
61 162 1.3571428571428572
61 192 1.3571428571428572
61 197 1.3571428571428572
62 63 1.3571428571428572
62 68 1.3571428571428572
62 74 0.9285714285714286
62 247 1.7857142857142858
62 252 0.9285714285714286
63 64 -1.7857142857142858
63 68 -2.0
63 75 -0.5714285714285714
63 90 -1.7857142857142858
63 97 -1.3571428571428572
63 138 0.9285714285714286
63 147 -2.0
64 70 0.9285714285714286
64 75 -1.3571428571428572
64 185 0.5714285714285714
64 225 -1.7857142857142858
65 66 1.7857142857142858
65 93 2.0
65 134 1.7857142857142858
65 143 -0.9285714285714286
66 67 -0.9285714285714286
66 178 2.0
66 227 -1.3571428571428572
66 236 2.0
67 69 -1.7857142857142858
67 76 -2.0
68 75 -0.5714285714285714
68 90 -2.0
68 97 -1.3571428571428572
69 124 0.5714285714285714
69 128 0.9285714285714286
69 168 -0.5714285714285714
70 75 2.0
70 225 1.3571428571428572
71 72 -1.7857142857142858
71 73 0.9285714285714286
72 107 0.5714285714285714
72 117 -1.7857142857142858
73 74 1.7857142857142858
73 106 0.9285714285714286
73 116 0.5714285714285714
73 156 -2.0
73 162 -0.5714285714285714
74 192 -1.7857142857142858
74 197 -0.9285714285714286
74 247 -0.9285714285714286
74 252 -1.3571428571428572
75 138 1.7857142857142858
75 147 -0.5714285714285714
75 185 0.9285714285714286
76 77 -0.5714285714285714
76 80 0.5714285714285714
76 104 -0.9285714285714286
76 113 0.5714285714285714
77 78 1.3571428571428572
77 80 1.7857142857142858
77 81 0.9285714285714286
77 154 0.9285714285714286
77 159 2.0
77 190 -0.9285714285714286
77 194 0.5714285714285714
78 81 -0.5714285714285714
78 82 1.7857142857142858
78 245 1.7857142857142858
78 249 1.3571428571428572
79 83 -1.7857142857142858
79 84 1.3571428571428572
79 177 -1.7857142857142858
79 182 -0.9285714285714286
80 81 -1.3571428571428572
80 104 1.7857142857142858
80 113 1.3571428571428572
80 154 -2.0
80 159 1.7857142857142858
81 82 -0.5714285714285714
81 190 -2.0
81 194 -1.3571428571428572
81 245 2.0
82 83 1.3571428571428572
82 88 1.3571428571428572
83 84 0.5714285714285714
83 136 1.7857142857142858
83 144 -2.0
83 177 1.7857142857142858
83 182 0.5714285714285714
84 223 0.9285714285714286
84 233 -0.5714285714285714
85 93 0.9285714285714286
85 209 1.3571428571428572
86 140 0.5714285714285714
86 150 1.3571428571428572
87 89 -2.0
87 94 -2.0
87 151 -1.7857142857142858
87 157 -0.5714285714285714
87 187 1.3571428571428572
88 95 2.0
88 131 -0.9285714285714286
89 98 2.0
89 242 2.0
90 96 0.9285714285714286
90 97 1.3571428571428572
91 92 -1.3571428571428572
91 98 2.0
91 99 -0.9285714285714286
91 142 1.7857142857142858
92 99 0.9285714285714286
92 100 1.3571428571428572
92 174 -1.7857142857142858
92 181 -1.7857142857142858
92 220 0.5714285714285714
92 231 -0.5714285714285714
94 187 -1.3571428571428572
94 242 -1.3571428571428572
95 96 -0.5714285714285714
95 131 -1.3571428571428572
95 166 1.7857142857142858
95 171 -0.9285714285714286
96 97 0.9285714285714286
96 218 1.3571428571428572
97 120 -0.5714285714285714
98 99 -1.7857142857142858
99 100 -0.5714285714285714
99 142 -0.9285714285714286
99 174 1.7857142857142858
99 181 0.9285714285714286
100 220 -0.9285714285714286
100 231 1.3571428571428572
101 111 1.3571428571428572
102 107 2.0
102 117 -2.0
102 214 2.0
103 104 0.9285714285714286
103 112 0.9285714285714286
103 113 -1.3571428571428572
103 227 -2.0
103 237 -1.3571428571428572
104 105 -0.5714285714285714
104 113 0.9285714285714286
104 114 -1.3571428571428572
104 124 0.9285714285714286
104 129 -1.3571428571428572
105 114 0.5714285714285714
105 115 1.3571428571428572
105 169 -0.9285714285714286
105 205 -1.3571428571428572
105 216 0.9285714285714286
106 115 -1.7857142857142858
106 116 0.9285714285714286
107 108 -1.3571428571428572
107 116 -0.5714285714285714
107 117 1.7857142857142858
107 118 2.0
108 109 1.7857142857142858
108 118 -0.9285714285714286
108 119 -1.7857142857142858
108 162 1.7857142857142858
108 197 -2.0
109 119 -2.0
109 120 0.9285714285714286
109 252 -0.5714285714285714
110 121 0.5714285714285714
110 122 0.9285714285714286
110 185 -0.5714285714285714
111 112 -0.5714285714285714
111 134 -0.5714285714285714
111 148 1.3571428571428572
112 113 1.7857142857142858
112 178 1.7857142857142858
112 227 -0.9285714285714286
112 237 0.5714285714285714
113 114 -1.7857142857142858
114 115 0.5714285714285714
114 124 -1.3571428571428572
114 129 1.3571428571428572
114 169 2.0
115 116 0.9285714285714286
115 205 -2.0
115 216 0.5714285714285714
116 118 -1.3571428571428572
117 118 2.0
118 119 1.7857142857142858
118 162 -2.0
119 120 -0.9285714285714286
119 197 -1.7857142857142858
119 252 -1.3571428571428572
120 121 1.3571428571428572
121 122 2.0
121 147 -0.5714285714285714
121 185 0.5714285714285714
123 124 0.9285714285714286
123 128 0.9285714285714286
123 201 0.5714285714285714
123 212 -0.5714285714285714
124 125 -0.9285714285714286
124 128 0.5714285714285714
124 129 -0.9285714285714286
125 126 -1.3571428571428572
125 129 1.7857142857142858
125 130 2.0
125 154 0.9285714285714286
125 160 2.0
125 190 -2.0
125 195 -1.3571428571428572
126 130 0.9285714285714286
126 131 -0.5714285714285714
126 245 -0.5714285714285714
126 250 -0.9285714285714286
127 132 1.7857142857142858
127 183 2.0
127 223 2.0
127 234 -1.3571428571428572
128 129 1.3571428571428572
129 130 -2.0
129 154 -0.9285714285714286
129 160 0.9285714285714286
130 131 -2.0
130 190 1.3571428571428572
130 195 -1.3571428571428572
130 245 -1.3571428571428572
130 250 0.9285714285714286
131 132 -2.0
132 136 -1.3571428571428572
132 145 -0.5714285714285714
132 177 0.5714285714285714
132 183 2.0
133 134 0.9285714285714286
133 143 -0.9285714285714286
133 199 1.7857142857142858
133 209 2.0
134 135 1.3571428571428572
134 143 -1.3571428571428572
134 148 0.9285714285714286
135 139 1.7857142857142858
135 148 0.5714285714285714
135 149 1.7857142857142858
135 152 1.7857142857142858
135 157 1.3571428571428572
135 188 -2.0
136 137 -2.0
136 144 -2.0
136 145 -0.9285714285714286
137 138 -2.0
137 145 -0.9285714285714286
137 146 -2.0
137 166 2.0
137 172 -2.0
137 219 0.5714285714285714
138 146 -2.0
138 147 0.5714285714285714
139 140 1.7857142857142858
139 149 -0.5714285714285714
139 150 -1.7857142857142858
139 243 -0.9285714285714286
140 141 0.5714285714285714
140 142 2.0
140 150 0.5714285714285714
141 175 -1.3571428571428572
141 181 0.5714285714285714
141 221 0.9285714285714286
141 231 0.5714285714285714
143 148 -0.5714285714285714
144 145 2.0
145 146 0.9285714285714286
145 166 1.7857142857142858
145 172 -1.3571428571428572
146 147 -2.0
146 219 1.3571428571428572
148 149 -0.5714285714285714
148 152 -2.0
148 157 -2.0
149 150 1.3571428571428572
149 188 2.0
149 243 1.3571428571428572
151 152 1.7857142857142858
151 157 0.5714285714285714
152 153 1.3571428571428572
152 157 -1.7857142857142858
152 158 -1.3571428571428572
152 179 1.3571428571428572
153 154 0.5714285714285714
153 158 -0.5714285714285714
153 159 1.3571428571428572
153 228 0.5714285714285714
153 237 1.7857142857142858
154 159 -1.7857142857142858
154 160 0.9285714285714286
155 156 2.0
155 160 -2.0
155 161 1.7857142857142858
155 164 -1.7857142857142858
155 169 0.5714285714285714
155 206 -0.5714285714285714
155 216 1.7857142857142858
156 161 0.5714285714285714
156 162 1.3571428571428572
157 158 -2.0
158 159 1.3571428571428572
158 179 2.0
158 228 1.7857142857142858
158 237 0.5714285714285714
159 160 -1.7857142857142858
160 161 0.9285714285714286
160 164 -0.5714285714285714
160 169 -2.0
161 162 0.5714285714285714
161 206 2.0
161 216 1.3571428571428572
163 168 -2.0
163 202 -0.9285714285714286
163 212 -0.9285714285714286
164 165 1.7857142857142858
164 169 0.9285714285714286
164 170 1.7857142857142858
164 195 -2.0
165 166 1.7857142857142858
165 170 1.7857142857142858
165 246 -1.3571428571428572
165 250 -0.9285714285714286
166 167 -1.7857142857142858
166 171 -1.3571428571428572
166 172 2.0
167 172 1.7857142857142858
167 173 2.0
167 183 0.9285714285714286
167 224 1.3571428571428572
167 234 -0.5714285714285714
168 169 0.5714285714285714
169 170 1.7857142857142858
170 191 1.7857142857142858
170 195 -0.9285714285714286
170 246 -2.0
170 250 0.9285714285714286
171 172 2.0
172 173 -2.0
172 183 1.7857142857142858
173 224 -1.3571428571428572
174 175 -1.3571428571428572
174 181 0.5714285714285714
175 180 1.3571428571428572
175 181 1.7857142857142858
176 178 -1.7857142857142858
176 199 -1.3571428571428572
176 210 0.9285714285714286
177 182 -2.0
177 183 -0.5714285714285714
178 179 0.9285714285714286
179 186 -1.7857142857142858
179 188 1.3571428571428572
179 193 -1.3571428571428572
180 221 -1.7857142857142858
180 232 -1.7857142857142858
182 183 -1.3571428571428572
183 184 0.9285714285714286
184 185 -0.9285714285714286
184 208 -1.7857142857142858
186 188 -0.5714285714285714
186 193 0.9285714285714286
186 243 1.7857142857142858
186 248 -2.0
187 188 -2.0
188 189 -0.5714285714285714
188 193 -1.7857142857142858
189 190 0.9285714285714286
189 193 1.7857142857142858
189 194 -0.9285714285714286
189 228 2.0
189 238 0.9285714285714286
190 191 2.0
190 194 -0.5714285714285714
190 195 -2.0
191 192 2.0
191 195 0.5714285714285714
191 196 0.5714285714285714
191 206 -0.5714285714285714
191 217 -1.3571428571428572
192 196 2.0
192 197 -2.0
193 194 -1.3571428571428572
193 228 -2.0
193 238 1.7857142857142858
194 195 -1.3571428571428572
195 196 -1.3571428571428572
196 197 -0.9285714285714286
196 206 -1.7857142857142858
196 217 -0.5714285714285714
198 199 1.3571428571428572
198 209 0.5714285714285714
199 200 0.9285714285714286
199 210 0.5714285714285714
200 201 -1.7857142857142858
200 210 -1.3571428571428572
200 211 -1.3571428571428572
200 226 -0.5714285714285714
201 202 -2.0
201 211 -0.5714285714285714
201 212 1.7857142857142858
202 203 -2.0
202 204 -0.5714285714285714
202 212 -0.5714285714285714
202 213 1.7857142857142858
203 213 -2.0
203 214 1.3571428571428572
204 205 2.0
204 213 1.3571428571428572
204 215 -1.7857142857142858
205 206 1.7857142857142858
205 215 2.0
205 216 -0.9285714285714286
206 207 1.3571428571428572
206 216 -0.5714285714285714
206 217 -2.0
207 217 -0.9285714285714286
207 218 -1.3571428571428572
207 246 -0.9285714285714286
207 251 -1.3571428571428572
208 219 2.0
208 224 0.9285714285714286
208 235 -0.5714285714285714
209 210 1.7857142857142858
210 211 2.0
210 226 -1.3571428571428572
211 212 -2.0
212 213 -0.5714285714285714
213 214 -2.0
215 216 -1.3571428571428572
216 217 -0.5714285714285714
217 218 0.9285714285714286
217 246 -1.7857142857142858
217 251 -0.5714285714285714
218 219 -0.9285714285714286
220 221 -1.7857142857142858
220 231 -1.3571428571428572
221 222 -0.5714285714285714
221 231 -2.0
221 232 -1.3571428571428572
222 223 -0.9285714285714286
222 230 -0.9285714285714286
222 232 0.9285714285714286
222 233 -2.0
222 241 -2.0
223 224 0.9285714285714286
223 233 -1.7857142857142858
223 234 0.9285714285714286
224 225 -0.5714285714285714
224 234 -0.5714285714285714
224 235 -1.3571428571428572
225 235 1.3571428571428572
226 227 0.5714285714285714
226 236 0.5714285714285714
227 228 -2.0
227 236 -0.5714285714285714
227 237 -1.3571428571428572
228 237 0.9285714285714286
228 238 -2.0
229 238 -1.7857142857142858
229 239 1.3571428571428572
229 244 1.3571428571428572
229 248 -0.5714285714285714
230 232 0.5714285714285714
230 240 1.7857142857142858
230 241 -0.5714285714285714
231 232 1.3571428571428572
232 233 -1.3571428571428572
232 241 -1.3571428571428572
233 234 -0.5714285714285714
234 235 -0.9285714285714286
236 237 -1.7857142857142858
237 238 2.0
238 239 -2.0
238 244 2.0
238 248 0.5714285714285714
239 240 1.7857142857142858
240 241 1.3571428571428572
242 243 -0.5714285714285714
243 244 0.9285714285714286
243 248 2.0
244 245 1.3571428571428572
244 248 -1.7857142857142858
244 249 1.3571428571428572
245 246 0.5714285714285714
245 249 -1.3571428571428572
245 250 1.3571428571428572
246 247 0.9285714285714286
246 250 0.9285714285714286
246 251 -1.7857142857142858
247 251 -1.3571428571428572
247 252 -1.3571428571428572
248 249 -1.7857142857142858
249 250 -2.0
250 251 -2.0
251 252 -0.5714285714285714
