568 2289
1 1 -2.1428571428571432
2 2 -1.5714285714285716
3 3 -2.3571428571428577
4 4 0.9285714285714286
5 5 -3.2857142857142856
6 6 -3.7857142857142856
7 7 -9.785714285714286
8 8 -5.357142857142857
9 9 -2.642857142857143
10 10 -0.21428571428571463
11 11 -2.428571428571429
12 12 -4.071428571428571
13 13 -3.0714285714285716
14 14 -5.857142857142857
15 15 -0.3571428571428572
16 16 -7.142857142857143
17 17 -0.6428571428571428
18 18 0.642857142857143
19 19 1.1428571428571432
20 20 1.0
21 21 -3.2142857142857144
22 22 -8.285714285714285
23 23 -3.7857142857142856
24 24 3.928571428571429
25 25 1.7142857142857144
26 26 1.0000000000000002
27 27 0.5714285714285714
28 28 -0.5714285714285714
29 29 -0.9285714285714286
30 30 0.6428571428571428
31 31 2.357142857142857
32 32 -2.7857142857142856
33 33 0.8571428571428572
34 34 4.857142857142857
35 35 -0.14285714285714302
36 36 -2.857142857142857
37 37 -3.142857142857143
38 38 1.9285714285714286
39 39 -1.2857142857142856
40 40 2.2142857142857144
41 41 4.928571428571429
42 42 3.0
43 43 -2.0
44 44 5.071428571428571
45 45 2.1428571428571432
46 46 -2.571428571428571
47 47 -4.642857142857143
48 48 -2.2142857142857144
49 49 -1.7857142857142858
50 50 -2.3571428571428568
51 51 1.9285714285714288
52 52 2.5714285714285716
53 53 -2.8571428571428568
54 54 3.7142857142857144
55 55 -3.9285714285714284
56 56 1.7142857142857144
57 57 -2.928571428571429
58 58 2.928571428571429
59 59 -6.571428571428571
60 60 6.571428571428571
61 61 -2.571428571428571
62 62 -6.0
63 63 1.9285714285714286
64 64 -1.4285714285714286
65 65 -3.999999999999999
66 66 1.8571428571428572
67 67 -2.571428571428571
68 68 -2.857142857142857
69 69 -1.1428571428571428
70 70 -1.9285714285714286
71 71 2.857142857142857
72 72 0.0714285714285714
73 73 -0.7857142857142858
74 74 1.9285714285714284
75 75 2.7857142857142856
76 76 -2.6428571428571432
77 77 7.928571428571429
78 78 -0.7142857142857144
80 80 0.642857142857143
81 81 -2.642857142857143
82 82 4.428571428571429
83 83 1.2142857142857135
84 84 4.357142857142857
85 85 1.6428571428571428
86 86 1.3571428571428577
87 87 1.9285714285714286
88 88 -4.071428571428571
89 89 -0.2142857142857142
90 90 -4.7142857142857135
91 91 6.0
92 92 3.2142857142857135
93 93 0.4285714285714286
94 94 1.8571428571428574
95 95 0.9285714285714297
96 96 -3.071428571428571
97 97 0.8571428571428572
98 98 -1.7857142857142858
99 99 -2.220446049250313e-16
100 100 3.928571428571429
101 101 -4.0
102 102 -2.2142857142857144
103 103 -0.2142857142857144
104 104 -0.785714285714286
105 105 5.928571428571429
106 106 -3.3571428571428577
107 107 -1.7142857142857144
108 108 1.5000000000000002
109 109 2.2142857142857144
110 110 -4.2142857142857135
111 111 0.5
112 112 -0.35714285714285765
113 113 -0.3571428571428572
114 114 -1.0
115 115 0.7857142857142856
116 116 -2.5
117 117 0.357142857142857
118 118 -5.428571428571429
119 119 4.857142857142858
121 121 3.0
122 122 2.428571428571429
123 123 -5.071428571428571
124 124 4.642857142857142
125 125 3.6428571428571423
126 126 1.5
127 127 8.428571428571429
128 128 5.357142857142858
129 129 0.5714285714285714
130 130 3.357142857142857
131 131 -1.7142857142857144
132 132 -2.2857142857142856
133 133 -0.6428571428571423
134 134 2.7142857142857135
135 135 -4.0
136 136 2.2857142857142865
137 137 2.0
138 138 -1.4285714285714284
139 139 -1.7857142857142858
140 140 -4.214285714285714
141 141 -0.0714285714285714
142 142 -6.714285714285715
143 143 -1.5714285714285714
144 144 -3.1428571428571432
145 145 -3.8571428571428577
146 146 2.285714285714286
147 147 -2.7857142857142856
148 148 -6.857142857142857
149 149 -5.571428571428571
150 150 1.2857142857142858
151 151 -6.928571428571429
152 152 -0.7142857142857144
153 153 -2.357142857142857
154 154 -0.07142857142857117
155 155 0.2857142857142856
156 156 -4.928571428571429
157 157 2.2857142857142856
158 158 1.1428571428571428
159 159 0.5714285714285712
160 160 -6.571428571428571
161 161 -2.071428571428571
162 162 -1.142857142857143
163 163 0.28571428571428603
164 164 -3.2857142857142856
165 165 -1.0714285714285716
166 166 -0.857142857142857
167 167 -3.357142857142857
168 168 -0.3571428571428572
169 169 -3.2857142857142865
170 170 2.6428571428571432
171 171 2.571428571428571
172 172 1.142857142857143
173 173 0.6428571428571428
174 174 -2.3571428571428568
175 175 9.857142857142858
176 176 4.214285714285714
177 177 -2.4285714285714284
178 178 -3.0
179 179 1.714285714285714
180 180 4.928571428571429
181 181 -3.142857142857143
182 182 -6.714285714285714
183 183 -3.7142857142857144
184 184 -6.642857142857142
185 185 0.8571428571428568
186 186 1.4285714285714286
187 187 -0.5
188 188 -5.0
189 189 -1.0714285714285714
190 190 1.4999999999999998
191 191 -6.714285714285714
192 192 -2.3571428571428577
193 193 -1.9285714285714286
194 194 0.9285714285714286
195 195 -1.1428571428571428
196 196 -1.2857142857142856
197 197 -1.3571428571428572
198 198 -0.35714285714285676
199 199 1.7142857142857142
200 200 -6.7857142857142865
201 201 -1.3571428571428568
202 202 3.928571428571429
203 203 -1.7857142857142858
204 204 -7.285714285714286
205 205 -0.1428571428571428
206 206 -1.0
207 207 -5.214285714285714
208 208 -5.571428571428571
209 209 2.642857142857143
210 210 3.2142857142857144
211 211 6.714285714285714
212 212 -0.357142857142857
213 213 3.5000000000000004
214 214 1.9999999999999998
215 215 1.8571428571428572
216 216 -1.857142857142857
217 217 -4.071428571428571
218 218 1.714285714285714
219 219 6.357142857142858
220 220 -1.1428571428571428
221 221 -2.7857142857142856
222 222 3.285714285714285
223 223 -0.8571428571428572
224 224 -0.5
225 225 2.9285714285714293
226 226 0.5714285714285718
227 227 5.714285714285714
228 228 5.500000000000001
229 229 -1.0714285714285714
230 230 -2.7142857142857144
231 231 -3.857142857142857
232 232 -1.5000000000000002
233 233 4.142857142857143
234 234 -8.571428571428571
235 235 -6.857142857142858
236 236 -2.5
237 237 -6.571428571428571
238 238 2.9285714285714284
239 239 -5.642857142857143
240 240 -8.071428571428573
241 241 -5.571428571428571
242 242 1.2142857142857144
243 243 -6.5
244 244 2.2142857142857144
245 245 -6.428571428571429
246 246 -3.1428571428571432
247 247 2.428571428571429
248 248 -4.5
249 249 0.4285714285714286
250 250 -1.7142857142857144
251 251 -0.5714285714285716
252 252 -6.285714285714287
253 253 -4.785714285714286
254 254 -2.0
255 255 1.0
256 256 -1.3571428571428574
257 257 -2.0
258 258 -2.928571428571429
259 259 4.214285714285714
260 260 -5.357142857142857
261 261 -3.2857142857142856
262 262 3.785714285714286
263 263 1.2142857142857144
264 264 -1.3571428571428572
265 265 -0.6428571428571428
266 266 2.571428571428571
267 267 2.8571428571428568
268 268 -5.857142857142858
269 269 -6.142857142857143
270 270 -2.857142857142857
271 271 -1.214285714285714
272 272 2.1428571428571432
273 273 2.2857142857142856
274 274 -4.642857142857143
275 275 -5.5
276 276 -0.21428571428571397
277 277 -5.928571428571429
278 278 -8.214285714285715
279 279 6.285714285714286
280 280 4.285714285714286
281 281 -4.5
282 282 0.9285714285714288
283 283 0.7142857142857144
284 284 -3.0
285 285 -8.214285714285715
286 286 0.9285714285714277
287 287 1.4999999999999996
288 288 0.6428571428571428
289 289 3.6428571428571432
290 290 -0.5714285714285714
291 291 3.3571428571428568
292 292 -9.142857142857142
293 293 -0.7142857142857142
294 294 -2.3571428571428568
295 295 0.4285714285714288
296 296 -2.6428571428571432
297 297 1.1428571428571423
298 298 0.642857142857143
299 299 2.2857142857142856
300 300 -5.857142857142858
301 301 -3.7142857142857144
302 302 3.928571428571429
303 303 -3.8571428571428577
304 304 1.642857142857143
305 305 -2.0714285714285716
306 306 -4.142857142857143
307 307 6.071428571428571
308 308 0.6428571428571428
309 309 2.071428571428571
310 310 1.2857142857142856
311 311 -3.2857142857142856
312 312 -0.7857142857142856
313 313 -2.3571428571428568
314 314 -2.2142857142857144
315 315 -0.4285714285714286
316 316 4.071428571428571
317 317 -1.3571428571428572
318 318 2.0
319 319 4.071428571428571
320 320 -2.928571428571429
321 321 -1.4285714285714286
322 322 0.2142857142857144
323 323 -6.2857142857142865
324 324 -2.571428571428571
325 325 -1.357142857142857
326 326 2.1428571428571432
327 327 -4.928571428571429
328 328 1.7857142857142856
329 329 2.2142857142857144
330 330 -2.928571428571429
331 331 -5.857142857142858
332 332 5.214285714285714
333 333 1.142857142857143
334 334 8.285714285714286
335 335 3.3571428571428568
336 336 -1.3571428571428572
337 337 2.357142857142857
338 338 2.857142857142857
339 339 -7.142857142857142
340 340 2.3571428571428568
341 341 1.4999999999999996
342 342 -3.3571428571428568
343 343 2.2857142857142856
344 344 3.6428571428571432
345 345 -1.5714285714285716
346 346 -1.6428571428571428
347 347 -1.2142857142857144
348 348 5.642857142857143
349 349 2.5714285714285716
350 350 0.5000000000000002
351 351 3.3571428571428577
352 352 2.2142857142857144
353 353 -2.6428571428571432
354 354 -3.7857142857142856
355 355 1.4285714285714286
356 356 5.571428571428571
357 357 0.785714285714286
358 358 4.571428571428572
359 359 7.071428571428572
360 360 4.642857142857143
361 361 7.000000000000001
362 362 3.857142857142857
363 363 -1.0714285714285712
364 364 2.1428571428571432
365 365 -1.7857142857142856
366 366 0.4999999999999998
367 367 -1.9285714285714286
368 368 -1.5714285714285718
369 369 2.3571428571428577
370 370 2.2142857142857144
371 371 0.8571428571428572
372 372 -0.2857142857142858
373 373 2.6428571428571432
374 374 -3.642857142857143
375 375 -0.1428571428571428
376 376 -5.714285714285714
377 377 -7.857142857142858
378 378 -0.6428571428571432
379 379 1.4285714285714284
380 380 -3.7857142857142856
381 381 0.1428571428571428
382 382 0.4285714285714286
383 383 -3.857142857142857
384 384 1.2142857142857144
385 385 0.5
386 386 -0.6428571428571428
387 387 7.714285714285714
388 388 1.2142857142857142
389 389 -0.4285714285714288
390 390 -2.714285714285714
391 391 -4.642857142857143
392 392 5.928571428571429
393 393 -11.428571428571429
394 394 -0.8571428571428572
395 395 4.928571428571429
396 396 -4.928571428571429
397 397 0.7142857142857144
398 398 -4.428571428571429
399 399 -1.0714285714285714
400 400 2.071428571428571
401 401 1.2142857142857142
402 402 0.7857142857142858
403 403 5.2142857142857135
404 404 -2.428571428571429
405 405 -5.142857142857143
406 406 1.4285714285714286
407 407 -4.642857142857143
408 408 -1.2142857142857146
409 409 4.428571428571429
410 410 7.785714285714286
411 411 -3.5714285714285716
412 412 -6.857142857142857
413 413 -0.5714285714285714
414 414 1.3571428571428572
415 415 -1.0714285714285714
416 416 -0.3571428571428572
417 417 -0.3571428571428572
418 418 -8.714285714285715
419 419 3.785714285714286
420 420 -2.571428571428571
421 421 3.428571428571429
422 422 -0.7142857142857142
423 423 6.428571428571429
424 424 -4.285714285714286
425 425 2.928571428571429
426 426 6.5
427 427 -3.2857142857142856
428 428 -5.142857142857142
429 429 -3.071428571428571
430 430 -5.0
431 431 -3.428571428571429
432 432 2.571428571428571
433 433 1.7857142857142858
434 434 1.5714285714285712
435 435 0.2857142857142856
436 436 1.4285714285714286
437 437 -3.2857142857142856
438 438 -2.1428571428571432
439 439 1.9285714285714286
440 440 -3.5
441 441 1.642857142857143
442 442 -0.14285714285714235
443 443 -6.2857142857142865
444 444 2.2142857142857144
445 445 0.6428571428571428
446 446 1.9285714285714286
447 447 3.0
448 448 -0.642857142857143
449 449 6.428571428571429
450 450 1.5
451 451 7.428571428571429
452 452 -1.5714285714285714
453 453 4.142857142857142
454 454 0.3571428571428572
455 455 2.571428571428571
456 456 -5.000000000000001
457 457 -6.357142857142858
458 458 1.7142857142857142
459 459 -3.0
460 460 2.2857142857142856
461 461 3.3571428571428577
462 462 2.2142857142857144
463 463 1.8571428571428574
464 464 -5.571428571428572
465 465 1.1428571428571428
466 466 -3.7857142857142856
467 467 -3.7142857142857144
468 468 3.1428571428571432
469 469 6.357142857142858
470 470 5.2857142857142865
471 471 -3.7857142857142856
472 472 -3.9285714285714284
473 473 1.9285714285714286
474 474 -1.7142857142857146
475 475 -2.2857142857142865
476 476 3.1428571428571432
477 477 0.2142857142857142
478 478 -1.3571428571428572
479 479 -1.9285714285714284
480 480 -3.071428571428572
481 481 0.2142857142857142
482 482 3.714285714285714
483 483 -0.4285714285714284
484 484 -2.142857142857143
485 485 -1.4285714285714286
486 486 4.714285714285715
487 487 -0.1428571428571428
488 488 -7.7857142857142865
489 489 -3.8571428571428568
490 490 0.8571428571428568
491 491 -3.6428571428571423
492 492 1.642857142857143
493 493 2.285714285714286
494 494 -3.571428571428571
495 495 -5.5
496 496 -4.357142857142857
497 497 -3.8571428571428568
498 498 3.642857142857143
499 499 -0.7142857142857142
500 500 4.000000000000001
501 501 1.642857142857143
502 502 -6.571428571428572
503 503 -2.071428571428572
504 504 -4.5
505 505 1.7142857142857144
506 506 7.0
507 507 2.7142857142857144
508 508 1.785714285714286
509 509 -3.0000000000000004
510 510 3.714285714285715
511 511 -5.928571428571429
512 512 -5.0
513 513 0.5714285714285716
514 514 3.6428571428571437
515 515 3.7857142857142856
516 516 4.642857142857142
517 517 -2.571428571428572
518 518 2.8571428571428568
519 519 -6.642857142857142
520 520 -1.4285714285714286
521 521 -2.2142857142857144
522 522 -4.142857142857143
523 523 -5.214285714285714
524 524 2.571428571428572
525 525 2.2857142857142865
526 526 -1.2142857142857142
527 527 -1.0714285714285714
528 528 1.8571428571428574
529 529 -1.6428571428571428
530 530 -1.642857142857143
531 531 2.0
532 532 -2.7857142857142847
533 533 3.3571428571428577
534 534 -3.8571428571428577
535 535 2.6428571428571432
536 536 -0.2142857142857144
537 537 2.2857142857142856
538 538 -2.7857142857142856
539 539 1.0
540 540 0.714285714285714
541 541 -2.0714285714285716
542 542 -7.142857142857142
543 543 -7.0
544 544 -2.7142857142857144
545 545 -4.714285714285714
546 546 6.0
547 547 -1.2857142857142858
548 548 3.928571428571427
549 549 -4.857142857142858
550 550 1.1428571428571428
551 551 1.2142857142857146
552 552 5.7857142857142865
553 553 -1.8571428571428572
554 554 6.285714285714286
555 555 -2.7142857142857144
556 556 4.857142857142858
557 557 -0.7857142857142858
558 558 -2.071428571428572
559 559 0.9285714285714288
560 560 2.928571428571428
561 561 1.0
562 562 -1.142857142857143
563 563 1.5714285714285718
564 564 -1.0714285714285714
565 565 2.857142857142857
566 566 4.8571428571428585
567 567 2.7142857142857144
568 568 0.4999999999999998
1 2 0.5714285714285714
1 9 1.7857142857142858
1 21 2.0
1 28 -1.7857142857142858
1 49 1.3571428571428572
1 57 -1.7857142857142858
2 3 1.3571428571428572
2 9 2.0
2 10 -0.9285714285714286
2 66 -2.0
2 73 2.0
2 80 0.5714285714285714
2 84 -2.0
3 10 1.3571428571428572
3 11 -0.5714285714285714
3 109 1.7857142857142858
3 115 -0.9285714285714286
3 134 -2.0
3 140 1.3571428571428572
4 5 1.7857142857142858
4 218 -1.3571428571428572
4 226 -1.3571428571428572
5 6 0.5714285714285714
5 280 1.7857142857142858
5 288 0.9285714285714286
5 312 -1.7857142857142858
6 7 1.3571428571428572
6 12 -0.5714285714285714
6 339 2.0
6 346 -0.9285714285714286
6 367 1.3571428571428572
7 8 1.7857142857142858
7 12 1.3571428571428572
7 13 0.5714285714285714
7 396 2.0
7 428 1.7857142857142858
7 437 0.9285714285714286
8 13 0.9285714285714286
8 14 0.9285714285714286
8 462 2.0
8 470 -1.3571428571428572
8 496 2.0
8 504 -0.9285714285714286
9 10 0.5714285714285714
9 49 -0.9285714285714286
9 57 -1.3571428571428572
9 66 0.5714285714285714
10 11 1.7857142857142858
10 80 0.5714285714285714
10 84 -0.5714285714285714
10 109 -2.0
10 115 -0.5714285714285714
11 134 -0.5714285714285714
11 140 0.5714285714285714
11 160 1.7857142857142858
11 167 -0.5714285714285714
12 13 1.3571428571428572
12 367 0.5714285714285714
12 396 1.3571428571428572
13 14 -2.0
13 428 2.0
13 437 -0.5714285714285714
13 462 1.3571428571428572
13 470 -0.5714285714285714
14 496 1.7857142857142858
14 504 1.7857142857142858
14 528 2.0
14 536 1.3571428571428572
15 16 1.7857142857142858
15 22 0.9285714285714286
15 85 -0.5714285714285714
15 116 -1.7857142857142858
16 17 -0.5714285714285714
16 22 1.7857142857142858
16 23 1.7857142857142858
16 141 0.5714285714285714
16 168 1.7857142857142858
17 18 0.5714285714285714
17 23 2.0
17 24 -2.0
17 195 2.0
17 227 -1.3571428571428572
18 24 -1.3571428571428572
18 25 0.5714285714285714
18 257 1.3571428571428572
18 289 -1.7857142857142858
19 20 -1.7857142857142858
19 26 -1.3571428571428572
19 374 2.0
20 26 -1.3571428571428572
20 27 0.9285714285714286
20 438 -0.5714285714285714
20 471 1.7857142857142858
21 28 1.7857142857142858
21 553 -0.5714285714285714
22 23 1.7857142857142858
22 116 2.0
22 141 1.7857142857142858
23 24 2.0
23 168 -2.0
23 195 -1.7857142857142858
24 25 -1.3571428571428572
24 227 -1.7857142857142858
24 257 0.5714285714285714
25 289 -0.9285714285714286
26 27 -0.5714285714285714
26 405 1.3571428571428572
26 438 0.9285714285714286
27 471 -0.9285714285714286
28 29 0.5714285714285714
29 35 -0.5714285714285714
29 57 0.9285714285714286
30 36 0.9285714285714286
30 37 1.7857142857142858
30 115 -2.0
30 140 -1.3571428571428572
31 38 -0.5714285714285714
31 226 -1.7857142857142858
32 38 1.3571428571428572
32 39 2.0
32 288 -0.5714285714285714
33 34 -1.7857142857142858
33 40 1.3571428571428572
33 41 -1.7857142857142858
33 437 1.3571428571428572
34 41 -2.0
34 470 -2.0
34 504 0.9285714285714286
35 36 0.9285714285714286
35 57 1.7857142857142858
35 73 -2.0
36 37 -0.9285714285714286
36 84 0.5714285714285714
36 115 1.3571428571428572
37 140 0.9285714285714286
37 167 1.3571428571428572
38 39 -0.9285714285714286
38 288 -1.7857142857142858
39 40 -1.7857142857142858
39 346 2.0
40 41 -1.7857142857142858
41 437 2.0
41 470 -1.3571428571428572
42 50 -0.5714285714285714
42 94 -1.3571428571428572
42 116 0.9285714285714286
42 122 -2.0
43 44 -1.7857142857142858
43 51 1.7857142857142858
43 195 1.3571428571428572
43 203 2.0
43 227 -1.3571428571428572
44 45 -1.7857142857142858
44 51 -0.5714285714285714
44 52 -2.0
44 257 2.0
44 289 -0.9285714285714286
45 46 0.9285714285714286
45 52 -0.9285714285714286
45 53 0.5714285714285714
45 353 -0.9285714285714286
46 47 0.5714285714285714
46 53 -1.7857142857142858
46 54 -0.9285714285714286
46 374 -0.5714285714285714
46 380 1.7857142857142858
46 405 2.0
46 413 0.5714285714285714
47 48 1.3571428571428572
47 54 -1.7857142857142858
47 55 1.3571428571428572
47 438 1.7857142857142858
47 446 0.5714285714285714
47 471 -0.5714285714285714
47 479 1.3571428571428572
48 49 1.7857142857142858
48 55 -1.7857142857142858
48 56 -0.5714285714285714
48 512 2.0
48 545 -0.5714285714285714
49 56 -1.7857142857142858
49 57 1.3571428571428572
49 553 1.7857142857142858
49 561 -1.7857142857142858
50 116 0.9285714285714286
50 122 1.3571428571428572
50 141 -1.3571428571428572
50 148 2.0
51 227 -1.7857142857142858
51 257 -1.3571428571428572
52 53 0.9285714285714286
52 289 -0.5714285714285714
53 54 -2.0
53 353 1.7857142857142858
53 374 1.3571428571428572
53 380 2.0
54 55 1.7857142857142858
54 405 -0.9285714285714286
54 413 -1.7857142857142858
54 438 0.5714285714285714
54 446 1.3571428571428572
55 56 0.5714285714285714
55 471 2.0
55 479 -0.5714285714285714
55 512 0.5714285714285714
56 57 2.0
56 545 -0.5714285714285714
56 553 -1.3571428571428572
58 59 1.7857142857142858
58 67 -1.3571428571428572
58 86 1.7857142857142858
58 94 -2.0
58 117 -1.7857142857142858
58 122 -1.3571428571428572
59 60 -1.3571428571428572
59 67 0.5714285714285714
59 68 2.0
59 148 1.7857142857142858
59 174 1.7857142857142858
60 61 0.5714285714285714
60 68 -1.3571428571428572
60 69 -0.9285714285714286
60 196 -0.9285714285714286
60 203 -2.0
60 228 -0.5714285714285714
61 62 2.0
61 69 1.3571428571428572
61 70 -1.3571428571428572
61 258 0.9285714285714286
61 290 -0.9285714285714286
62 63 -1.7857142857142858
62 70 2.0
62 321 2.0
62 353 1.7857142857142858
63 64 0.9285714285714286
63 71 0.9285714285714286
63 375 -1.7857142857142858
63 380 -0.5714285714285714
63 406 0.9285714285714286
63 413 -0.5714285714285714
64 65 2.0
64 71 -0.5714285714285714
64 446 -0.9285714285714286
64 472 -1.3571428571428572
64 479 1.3571428571428572
65 66 -1.7857142857142858
65 72 -1.3571428571428572
65 505 0.5714285714285714
65 512 2.0
65 537 0.5714285714285714
65 545 2.0
66 72 1.3571428571428572
66 73 -0.5714285714285714
66 561 0.5714285714285714
67 68 1.3571428571428572
67 117 0.5714285714285714
67 122 -0.5714285714285714
67 148 2.0
68 69 0.5714285714285714
68 174 0.9285714285714286
68 196 -2.0
68 203 1.3571428571428572
69 70 0.9285714285714286
69 228 -1.3571428571428572
69 258 0.5714285714285714
70 290 0.9285714285714286
70 321 -0.5714285714285714
71 406 -2.0
71 413 0.5714285714285714
71 446 -1.7857142857142858
72 73 1.3571428571428572
72 537 -0.5714285714285714
72 545 0.9285714285714286
72 561 -1.7857142857142858
74 75 -2.0
74 86 2.0
74 95 -1.3571428571428572
74 123 -0.5714285714285714
75 76 -0.5714285714285714
75 149 1.7857142857142858
75 175 -2.0
76 81 0.9285714285714286
76 196 2.0
76 204 0.9285714285714286
76 228 -2.0
76 234 1.3571428571428572
77 78 -2.0
77 82 -0.9285714285714286
77 375 -1.7857142857142858
77 381 -1.7857142857142858
77 406 0.5714285714285714
77 414 -2.0
78 79 0.9285714285714286
78 447 0.5714285714285714
78 472 1.7857142857142858
78 480 -0.5714285714285714
79 80 -1.3571428571428572
79 83 1.7857142857142858
79 505 -1.3571428571428572
79 513 1.7857142857142858
79 546 -1.7857142857142858
80 83 1.3571428571428572
80 84 -1.7857142857142858
81 228 -0.9285714285714286
81 234 2.0
81 258 -1.3571428571428572
81 266 2.0
82 406 -2.0
82 414 -0.9285714285714286
82 447 -0.5714285714285714
83 84 -0.5714285714285714
83 537 -2.0
83 546 -1.7857142857142858
85 86 -2.0
85 94 0.9285714285714286
86 87 -1.3571428571428572
86 95 -1.7857142857142858
87 88 -0.5714285714285714
87 95 -0.9285714285714286
87 96 0.9285714285714286
87 102 1.3571428571428572
87 130 -1.3571428571428572
88 89 0.5714285714285714
88 96 1.7857142857142858
88 97 0.9285714285714286
88 181 1.3571428571428572
89 90 1.3571428571428572
89 97 -1.7857142857142858
89 98 2.0
89 211 -1.3571428571428572
89 242 -0.5714285714285714
90 91 -0.5714285714285714
90 98 1.3571428571428572
90 99 2.0
90 304 0.5714285714285714
91 92 0.9285714285714286
91 99 -2.0
91 100 -2.0
91 332 -0.5714285714285714
91 360 -1.7857142857142858
92 93 -1.7857142857142858
92 100 -2.0
92 389 -0.9285714285714286
92 420 0.5714285714285714
93 101 2.0
93 455 -2.0
93 488 1.3571428571428572
94 95 0.5714285714285714
95 96 0.5714285714285714
95 102 2.0
96 97 1.7857142857142858
96 130 -2.0
97 98 -1.3571428571428572
97 181 0.9285714285714286
97 211 -1.3571428571428572
98 99 1.7857142857142858
98 242 -2.0
99 100 2.0
99 304 -2.0
99 332 -1.7857142857142858
100 360 -0.5714285714285714
100 389 -1.3571428571428572
101 488 2.0
102 103 -0.9285714285714286
102 118 -2.0
102 123 1.7857142857142858
103 104 0.9285714285714286
103 111 -1.3571428571428572
103 149 1.7857142857142858
103 169 1.7857142857142858
103 175 -2.0
104 111 0.5714285714285714
104 112 -1.3571428571428572
104 197 0.9285714285714286
104 204 2.0
104 229 -1.3571428571428572
104 234 -0.9285714285714286
105 112 -0.9285714285714286
105 113 -0.5714285714285714
105 259 1.3571428571428572
105 266 -2.0
105 291 -2.0
105 298 -1.7857142857142858
106 107 0.9285714285714286
106 381 1.3571428571428572
106 407 -0.9285714285714286
106 414 2.0
107 108 -0.9285714285714286
107 114 0.5714285714285714
107 439 -2.0
107 447 1.3571428571428572
107 480 1.7857142857142858
108 109 -1.3571428571428572
108 114 0.5714285714285714
108 506 -1.3571428571428572
108 513 2.0
108 538 0.9285714285714286
108 546 -1.3571428571428572
109 115 1.3571428571428572
109 554 -2.0
110 111 2.0
110 118 1.7857142857142858
110 123 1.7857142857142858
110 149 -1.3571428571428572
111 112 -0.5714285714285714
111 169 0.5714285714285714
111 175 -1.3571428571428572
111 197 -0.9285714285714286
111 204 0.5714285714285714
112 113 0.9285714285714286
112 229 2.0
112 234 1.7857142857142858
112 259 -0.9285714285714286
112 266 -0.5714285714285714
113 291 -0.5714285714285714
113 298 0.5714285714285714
114 480 -0.5714285714285714
114 506 -0.9285714285714286
114 513 1.3571428571428572
116 117 1.3571428571428572
116 122 -0.9285714285714286
117 118 1.7857142857142858
117 122 -0.9285714285714286
117 123 -1.3571428571428572
118 119 -0.9285714285714286
118 123 2.0
118 124 -0.5714285714285714
118 130 1.3571428571428572
118 135 2.0
119 124 0.5714285714285714
119 125 -1.3571428571428572
119 181 -1.3571428571428572
119 188 -1.7857142857142858
120 121 -2.0
120 128 1.3571428571428572
120 389 1.3571428571428572
120 397 -1.3571428571428572
120 420 2.0
120 429 -1.3571428571428572
121 129 -0.5714285714285714
121 455 -2.0
121 463 -1.7857142857142858
121 488 2.0
121 497 1.3571428571428572
122 123 2.0
123 124 -0.5714285714285714
124 125 -0.9285714285714286
124 130 -1.3571428571428572
124 135 -1.7857142857142858
125 126 -0.9285714285714286
125 181 1.3571428571428572
125 188 2.0
125 211 -2.0
125 219 -1.7857142857142858
126 127 0.9285714285714286
126 242 -0.9285714285714286
126 250 -0.5714285714285714
127 128 -2.0
127 304 -2.0
127 313 -2.0
127 332 -1.3571428571428572
127 340 -2.0
128 360 -1.3571428571428572
128 389 -1.3571428571428572
128 397 -2.0
129 488 0.9285714285714286
129 497 -0.9285714285714286
130 131 1.3571428571428572
130 135 -1.3571428571428572
131 135 1.7857142857142858
131 136 -2.0
131 150 -1.7857142857142858
131 169 1.7857142857142858
131 176 0.5714285714285714
132 138 -1.3571428571428572
132 382 1.3571428571428572
132 407 0.9285714285714286
132 415 1.3571428571428572
133 134 -1.7857142857142858
133 139 -1.3571428571428572
133 506 -0.9285714285714286
133 514 0.9285714285714286
133 538 2.0
133 547 1.7857142857142858
134 139 1.7857142857142858
134 140 1.7857142857142858
134 554 -0.5714285714285714
134 562 -1.3571428571428572
135 136 1.3571428571428572
135 150 2.0
136 169 0.9285714285714286
136 176 0.5714285714285714
136 197 -1.3571428571428572
136 205 -1.7857142857142858
137 291 -2.0
138 407 0.9285714285714286
138 439 0.9285714285714286
138 448 0.9285714285714286
139 140 0.9285714285714286
139 538 -0.9285714285714286
139 547 0.5714285714285714
139 554 -0.5714285714285714
139 562 1.3571428571428572
141 148 -0.9285714285714286
142 143 0.9285714285714286
142 150 -1.3571428571428572
142 151 1.7857142857142858
142 154 1.7857142857142858
142 182 1.7857142857142858
142 188 1.7857142857142858
143 144 -0.9285714285714286
143 151 2.0
143 219 -1.7857142857142858
143 250 1.3571428571428572
144 145 1.3571428571428572
144 152 1.7857142857142858
144 274 0.9285714285714286
144 305 -0.9285714285714286
144 313 0.9285714285714286
145 146 1.3571428571428572
145 333 1.7857142857142858
145 340 1.3571428571428572
145 361 -2.0
146 147 -0.9285714285714286
146 390 -1.3571428571428572
146 397 0.9285714285714286
146 421 -0.9285714285714286
146 429 -1.3571428571428572
147 153 0.5714285714285714
147 456 0.9285714285714286
147 463 -1.7857142857142858
147 489 2.0
147 497 2.0
148 149 2.0
149 150 1.3571428571428572
150 151 -0.5714285714285714
150 154 -0.9285714285714286
151 182 1.7857142857142858
151 188 1.3571428571428572
151 219 0.5714285714285714
152 305 -0.5714285714285714
152 313 0.5714285714285714
152 333 0.9285714285714286
152 340 -2.0
153 489 1.7857142857142858
153 497 1.7857142857142858
153 521 -1.7857142857142858
154 155 -1.3571428571428572
154 161 2.0
154 170 0.5714285714285714
154 176 -2.0
155 156 0.9285714285714286
155 161 -2.0
155 162 -2.0
155 198 0.9285714285714286
155 205 0.9285714285714286
155 230 1.3571428571428572
155 235 0.9285714285714286
156 157 0.9285714285714286
156 162 0.5714285714285714
156 163 -1.7857142857142858
156 260 1.3571428571428572
156 267 0.9285714285714286
156 292 2.0
157 163 -1.3571428571428572
157 322 -0.9285714285714286
157 347 -0.9285714285714286
158 164 -2.0
158 376 1.7857142857142858
158 382 -0.9285714285714286
159 160 0.9285714285714286
159 165 1.3571428571428572
159 166 -0.9285714285714286
159 507 -1.3571428571428572
159 514 1.3571428571428572
159 539 -0.5714285714285714
159 547 -1.3571428571428572
160 166 0.5714285714285714
160 167 0.5714285714285714
160 555 1.7857142857142858
160 562 0.9285714285714286
161 162 1.3571428571428572
161 170 -1.7857142857142858
161 176 0.5714285714285714
161 198 1.3571428571428572
161 205 0.5714285714285714
162 163 1.7857142857142858
162 230 -1.3571428571428572
162 235 1.3571428571428572
162 267 -0.5714285714285714
163 292 2.0
163 322 -0.9285714285714286
164 165 0.5714285714285714
164 408 1.7857142857142858
164 415 2.0
164 448 0.9285714285714286
165 166 0.5714285714285714
165 473 -1.7857142857142858
165 481 -2.0
165 507 1.7857142857142858
165 514 0.5714285714285714
166 167 2.0
166 547 -1.3571428571428572
166 555 -2.0
166 562 2.0
168 174 0.5714285714285714
169 170 0.9285714285714286
169 175 -1.7857142857142858
169 176 -0.9285714285714286
170 171 -2.0
170 176 0.5714285714285714
170 177 -0.9285714285714286
170 182 -0.5714285714285714
170 189 0.5714285714285714
171 177 1.3571428571428572
171 178 -0.5714285714285714
171 220 -1.3571428571428572
171 243 1.3571428571428572
171 251 -1.3571428571428572
172 179 0.5714285714285714
172 180 -1.3571428571428572
172 333 0.5714285714285714
172 361 -0.9285714285714286
173 456 -2.0
173 464 1.3571428571428572
173 489 0.5714285714285714
173 498 -0.5714285714285714
174 175 -0.9285714285714286
175 176 -1.7857142857142858
176 177 -1.7857142857142858
177 178 1.3571428571428572
177 182 1.3571428571428572
177 189 -0.9285714285714286
177 220 2.0
178 179 1.7857142857142858
178 243 1.7857142857142858
178 251 -0.5714285714285714
178 274 0.5714285714285714
178 281 -1.3571428571428572
179 180 -1.7857142857142858
179 305 1.3571428571428572
179 314 -0.9285714285714286
179 333 -1.3571428571428572
179 341 -1.3571428571428572
180 361 -1.3571428571428572
180 390 -1.3571428571428572
180 398 0.9285714285714286
181 182 1.7857142857142858
181 188 -0.9285714285714286
182 183 -0.5714285714285714
182 188 0.5714285714285714
182 189 0.5714285714285714
183 184 2.0
183 189 -0.5714285714285714
183 190 -1.3571428571428572
183 198 1.3571428571428572
183 206 0.5714285714285714
183 230 1.3571428571428572
183 236 0.9285714285714286
184 185 2.0
184 190 0.5714285714285714
184 191 2.0
184 260 0.5714285714285714
184 268 0.9285714285714286
184 292 -2.0
184 299 0.5714285714285714
185 186 -0.5714285714285714
185 191 1.7857142857142858
185 192 -1.7857142857142858
185 322 -0.5714285714285714
185 327 -1.3571428571428572
185 347 0.5714285714285714
185 354 -0.9285714285714286
186 192 -0.5714285714285714
186 383 0.5714285714285714
186 408 0.9285714285714286
186 416 -1.7857142857142858
187 193 1.7857142857142858
187 507 -1.3571428571428572
187 515 -0.5714285714285714
187 539 2.0
187 548 -1.3571428571428572
188 189 2.0
189 190 -0.5714285714285714
189 198 0.9285714285714286
189 206 -0.9285714285714286
190 191 -0.5714285714285714
190 230 -2.0
190 236 -0.9285714285714286
190 260 1.3571428571428572
190 268 2.0
191 192 0.5714285714285714
191 292 2.0
191 299 0.9285714285714286
191 322 -0.9285714285714286
191 327 0.9285714285714286
192 347 1.7857142857142858
192 354 0.9285714285714286
192 376 2.0
192 383 -0.5714285714285714
193 194 -0.9285714285714286
193 539 -0.9285714285714286
193 548 -0.5714285714285714
193 555 2.0
193 563 0.5714285714285714
195 196 -1.7857142857142858
195 203 1.3571428571428572
196 197 2.0
196 204 2.0
197 198 -2.0
197 204 1.7857142857142858
197 205 0.9285714285714286
198 199 -2.0
198 205 -2.0
198 206 1.7857142857142858
199 200 0.9285714285714286
199 206 -2.0
199 207 1.7857142857142858
199 212 -0.5714285714285714
199 220 -1.7857142857142858
199 244 0.5714285714285714
199 251 1.3571428571428572
200 207 1.3571428571428572
200 208 1.3571428571428572
200 275 0.5714285714285714
200 281 1.7857142857142858
200 306 -0.5714285714285714
200 314 1.3571428571428572
201 202 -1.7857142857142858
201 209 -1.3571428571428572
201 391 0.5714285714285714
201 398 2.0
201 422 0.5714285714285714
201 430 1.3571428571428572
202 210 -1.3571428571428572
202 457 1.3571428571428572
202 464 0.5714285714285714
202 490 -0.9285714285714286
202 498 -1.7857142857142858
203 204 -0.9285714285714286
204 205 0.9285714285714286
205 206 0.5714285714285714
206 207 0.5714285714285714
206 212 -1.3571428571428572
206 220 1.7857142857142858
207 208 2.0
207 244 -0.9285714285714286
207 251 1.3571428571428572
207 275 -0.9285714285714286
208 209 1.3571428571428572
208 306 -0.9285714285714286
208 314 0.9285714285714286
208 334 1.7857142857142858
208 341 -0.9285714285714286
209 362 -2.0
209 391 1.3571428571428572
209 398 -2.0
210 490 0.5714285714285714
210 498 -0.9285714285714286
210 522 -0.5714285714285714
210 529 -0.9285714285714286
211 219 -2.0
212 213 -1.3571428571428572
212 220 0.9285714285714286
212 221 1.7857142857142858
212 236 0.9285714285714286
213 214 -0.9285714285714286
213 221 2.0
213 222 1.7857142857142858
213 261 0.5714285714285714
213 268 -2.0
213 293 -1.7857142857142858
213 299 -1.7857142857142858
214 215 -2.0
214 222 0.5714285714285714
214 323 0.9285714285714286
214 327 1.7857142857142858
214 348 -0.5714285714285714
214 354 -1.7857142857142858
215 216 -0.5714285714285714
215 223 0.5714285714285714
215 383 0.5714285714285714
215 409 -1.3571428571428572
215 416 0.9285714285714286
216 217 -0.5714285714285714
216 223 1.3571428571428572
216 224 -0.9285714285714286
216 441 -0.5714285714285714
216 449 0.5714285714285714
216 474 2.0
216 482 0.5714285714285714
217 218 2.0
217 224 2.0
217 225 2.0
217 515 0.5714285714285714
217 540 -1.3571428571428572
217 548 -0.5714285714285714
218 225 -1.7857142857142858
218 226 2.0
218 556 -2.0
218 563 -0.5714285714285714
219 220 -1.3571428571428572
220 221 0.9285714285714286
221 231 -1.3571428571428572
221 236 -0.5714285714285714
221 261 -2.0
221 268 2.0
222 293 -1.3571428571428572
222 299 -1.3571428571428572
222 323 -0.9285714285714286
222 327 -2.0
223 224 0.9285714285714286
223 409 -0.5714285714285714
223 441 0.5714285714285714
223 449 -2.0
224 225 -0.5714285714285714
224 474 1.7857142857142858
224 482 -1.3571428571428572
224 515 -1.3571428571428572
225 226 0.5714285714285714
225 540 -0.5714285714285714
225 548 -1.7857142857142858
225 556 -1.3571428571428572
225 563 0.5714285714285714
227 228 0.5714285714285714
228 229 -1.7857142857142858
228 234 0.5714285714285714
229 230 -1.3571428571428572
229 234 1.7857142857142858
229 235 1.7857142857142858
230 231 2.0
230 235 1.3571428571428572
230 236 1.3571428571428572
231 232 1.7857142857142858
231 237 0.5714285714285714
231 244 -0.9285714285714286
231 252 1.7857142857142858
232 233 -2.0
232 237 1.7857142857142858
232 238 -2.0
232 275 1.3571428571428572
232 282 0.5714285714285714
232 306 -0.5714285714285714
232 315 0.5714285714285714
233 238 -1.7857142857142858
233 239 2.0
233 334 -1.7857142857142858
233 342 -0.5714285714285714
233 362 -1.3571428571428572
233 368 1.3571428571428572
234 235 2.0
235 236 -0.5714285714285714
236 237 1.3571428571428572
237 238 2.0
237 244 -1.3571428571428572
237 252 1.7857142857142858
237 275 1.3571428571428572
237 282 -0.9285714285714286
238 239 -2.0
238 306 2.0
238 315 -0.9285714285714286
238 334 -2.0
238 342 1.7857142857142858
239 240 1.7857142857142858
239 362 0.9285714285714286
239 368 1.7857142857142858
239 391 0.5714285714285714
239 399 0.5714285714285714
240 241 1.3571428571428572
240 422 1.3571428571428572
240 431 1.7857142857142858
240 457 1.7857142857142858
241 490 -0.9285714285714286
241 499 1.3571428571428572
241 522 1.7857142857142858
241 530 2.0
242 243 1.3571428571428572
242 250 0.9285714285714286
243 244 -1.7857142857142858
243 250 2.0
243 251 1.7857142857142858
244 245 1.7857142857142858
244 251 -1.3571428571428572
244 252 1.7857142857142858
245 246 1.3571428571428572
245 252 1.3571428571428572
245 253 0.5714285714285714
245 261 1.7857142857142858
245 269 -1.3571428571428572
245 293 0.9285714285714286
246 247 -2.0
246 253 1.3571428571428572
246 254 1.7857142857142858
246 323 2.0
246 328 -0.9285714285714286
246 348 -1.7857142857142858
246 355 1.3571428571428572
247 254 -0.9285714285714286
247 384 0.9285714285714286
247 409 1.3571428571428572
247 417 -1.7857142857142858
248 249 1.7857142857142858
248 255 2.0
248 256 0.9285714285714286
248 516 0.5714285714285714
248 540 -1.3571428571428572
248 549 0.5714285714285714
249 256 -1.3571428571428572
249 556 0.9285714285714286
249 564 -1.7857142857142858
250 251 -2.0
251 252 1.3571428571428572
252 253 -1.3571428571428572
252 261 -1.3571428571428572
252 269 0.9285714285714286
253 254 0.5714285714285714
253 293 0.9285714285714286
253 323 0.9285714285714286
253 328 1.7857142857142858
254 348 0.9285714285714286
254 355 0.5714285714285714
254 384 -0.9285714285714286
255 256 -1.3571428571428572
255 474 -0.5714285714285714
255 483 0.9285714285714286
255 516 -2.0
256 540 1.3571428571428572
256 549 2.0
256 556 -2.0
256 564 1.7857142857142858
257 258 -0.5714285714285714
258 259 1.3571428571428572
258 266 2.0
259 260 -2.0
259 266 -2.0
259 267 -2.0
260 261 1.7857142857142858
260 267 1.3571428571428572
260 268 0.9285714285714286
261 262 1.3571428571428572
261 268 0.5714285714285714
261 269 0.5714285714285714
262 263 -0.9285714285714286
262 269 -0.9285714285714286
262 270 -1.7857142857142858
262 276 0.9285714285714286
262 282 -2.0
262 307 0.9285714285714286
262 315 -1.3571428571428572
263 264 1.3571428571428572
263 270 1.3571428571428572
263 271 -1.7857142857142858
263 335 0.5714285714285714
263 342 2.0
263 363 -2.0
263 368 -1.7857142857142858
264 265 -0.5714285714285714
264 271 -2.0
264 272 2.0
264 399 -1.3571428571428572
264 423 0.5714285714285714
264 431 1.3571428571428572
265 272 2.0
265 273 -1.3571428571428572
265 458 -0.9285714285714286
265 491 0.5714285714285714
265 499 0.9285714285714286
266 267 -2.0
267 268 -0.5714285714285714
268 269 2.0
269 270 1.3571428571428572
269 276 1.7857142857142858
269 282 1.7857142857142858
270 271 1.3571428571428572
270 315 0.5714285714285714
270 335 -0.5714285714285714
270 342 0.5714285714285714
271 272 -0.9285714285714286
271 363 2.0
271 368 2.0
271 399 0.5714285714285714
272 273 -2.0
272 423 -1.7857142857142858
272 431 -2.0
272 458 0.5714285714285714
273 491 2.0
273 499 -2.0
273 523 2.0
273 530 -0.9285714285714286
274 275 1.3571428571428572
274 281 1.7857142857142858
275 276 1.3571428571428572
275 281 1.3571428571428572
275 282 -0.9285714285714286
276 282 -0.9285714285714286
276 283 -0.9285714285714286
276 294 -2.0
277 278 1.7857142857142858
277 284 1.7857142857142858
277 285 1.7857142857142858
277 384 0.5714285714285714
277 410 -1.3571428571428572
277 417 1.3571428571428572
278 279 0.9285714285714286
278 285 2.0
278 442 -0.5714285714285714
278 450 1.3571428571428572
278 475 1.3571428571428572
278 483 1.3571428571428572
279 280 -1.7857142857142858
279 287 -2.0
279 508 -2.0
279 541 -2.0
279 549 0.5714285714285714
280 287 -1.7857142857142858
280 288 -0.5714285714285714
280 557 -0.5714285714285714
280 564 -1.3571428571428572
281 282 0.9285714285714286
282 283 0.5714285714285714
283 284 0.5714285714285714
283 294 1.3571428571428572
283 324 -0.9285714285714286
283 328 -1.3571428571428572
284 285 2.0
284 349 1.3571428571428572
284 355 -1.3571428571428572
284 384 -1.3571428571428572
285 286 1.7857142857142858
285 410 -1.3571428571428572
285 417 0.5714285714285714
285 442 2.0
285 450 -0.5714285714285714
286 287 -0.5714285714285714
286 475 1.7857142857142858
286 483 -1.3571428571428572
286 508 -2.0
286 516 -0.5714285714285714
287 288 1.3571428571428572
287 541 0.9285714285714286
287 549 0.5714285714285714
287 557 -1.7857142857142858
287 564 1.7857142857142858
289 290 0.5714285714285714
290 291 -0.5714285714285714
290 298 0.5714285714285714
291 292 1.7857142857142858
292 293 2.0
292 299 1.3571428571428572
293 294 2.0
293 299 -2.0
294 295 -1.7857142857142858
294 300 1.3571428571428572
294 307 -0.5714285714285714
294 316 2.0
295 296 -2.0
295 300 0.9285714285714286
295 301 -1.3571428571428572
295 335 1.7857142857142858
295 343 2.0
295 363 1.3571428571428572
295 369 -1.3571428571428572
296 297 2.0
296 301 1.7857142857142858
296 302 -0.9285714285714286
296 400 1.7857142857142858
296 423 0.5714285714285714
296 432 -0.5714285714285714
297 302 0.9285714285714286
297 303 0.5714285714285714
297 458 -2.0
297 465 1.3571428571428572
297 491 -2.0
297 500 -2.0
300 301 1.7857142857142858
300 307 0.9285714285714286
300 316 1.7857142857142858
300 343 -0.9285714285714286
301 302 0.5714285714285714
301 400 0.9285714285714286
302 303 0.9285714285714286
302 423 -1.7857142857142858
302 432 -1.7857142857142858
302 458 -0.9285714285714286
302 465 -0.9285714285714286
303 491 0.5714285714285714
303 500 -1.3571428571428572
303 523 1.3571428571428572
303 531 1.7857142857142858
304 313 1.7857142857142858
305 306 2.0
305 313 2.0
305 314 -1.7857142857142858
306 307 -1.3571428571428572
306 314 1.7857142857142858
306 315 1.7857142857142858
307 308 -2.0
307 315 -2.0
307 316 -2.0
308 309 0.5714285714285714
308 316 -1.3571428571428572
308 317 -1.7857142857142858
308 324 1.3571428571428572
308 329 1.7857142857142858
308 349 -0.5714285714285714
308 356 1.3571428571428572
309 310 -2.0
309 317 1.3571428571428572
309 318 -2.0
309 385 1.3571428571428572
309 410 -1.3571428571428572
310 311 -2.0
310 318 2.0
310 319 1.7857142857142858
310 442 1.7857142857142858
310 451 -1.3571428571428572
310 475 -0.5714285714285714
310 484 -0.9285714285714286
311 312 2.0
311 319 -0.5714285714285714
311 320 1.3571428571428572
311 508 1.7857142857142858
311 517 1.3571428571428572
311 541 1.3571428571428572
311 550 -2.0
312 320 0.9285714285714286
312 557 0.5714285714285714
312 565 -0.9285714285714286
313 314 -0.9285714285714286
314 315 1.7857142857142858
316 317 -1.7857142857142858
316 324 -1.3571428571428572
316 329 -1.3571428571428572
317 318 1.7857142857142858
317 349 1.7857142857142858
317 356 0.5714285714285714
317 385 -0.5714285714285714
318 319 -1.7857142857142858
318 410 -1.3571428571428572
318 442 1.3571428571428572
318 451 -2.0
319 320 -0.5714285714285714
319 475 -2.0
319 484 1.7857142857142858
319 508 -0.9285714285714286
319 517 -1.7857142857142858
320 541 -0.9285714285714286
320 550 0.9285714285714286
320 557 1.7857142857142858
320 565 -0.5714285714285714
322 323 1.3571428571428572
322 327 1.7857142857142858
323 324 2.0
323 327 2.0
323 328 -2.0
324 328 0.9285714285714286
324 329 0.5714285714285714
325 326 -0.5714285714285714
325 330 2.0
325 331 0.5714285714285714
325 392 -2.0
325 400 -2.0
325 424 2.0
325 432 1.3571428571428572
326 331 1.3571428571428572
326 459 1.7857142857142858
326 465 -1.7857142857142858
326 492 -0.9285714285714286
326 500 -2.0
327 328 1.7857142857142858
328 329 -2.0
329 330 0.5714285714285714
329 343 -1.7857142857142858
330 331 0.9285714285714286
330 369 2.0
330 392 -2.0
330 400 -0.5714285714285714
331 424 0.5714285714285714
331 432 2.0
331 459 1.7857142857142858
331 465 -1.3571428571428572
332 333 -0.5714285714285714
332 340 -0.9285714285714286
333 334 -1.3571428571428572
333 340 -0.5714285714285714
333 341 -0.5714285714285714
334 335 -1.3571428571428572
334 341 -1.7857142857142858
334 342 -1.7857142857142858
335 342 -1.7857142857142858
335 343 -2.0
336 344 -2.0
336 345 2.0
336 377 1.3571428571428572
337 338 -1.3571428571428572
337 345 0.9285714285714286
337 443 1.3571428571428572
337 451 -0.5714285714285714
337 476 -1.3571428571428572
337 484 -1.3571428571428572
338 339 2.0
338 509 -0.5714285714285714
338 517 -0.9285714285714286
338 550 -2.0
339 346 0.5714285714285714
339 558 0.5714285714285714
339 565 2.0
340 341 1.7857142857142858
341 342 1.3571428571428572
342 343 1.7857142857142858
343 344 -1.3571428571428572
344 345 -1.3571428571428572
344 350 2.0
344 356 -0.5714285714285714
344 377 0.5714285714285714
344 385 -0.9285714285714286
345 443 1.7857142857142858
345 451 -1.7857142857142858
347 348 -2.0
347 354 1.7857142857142858
348 349 -2.0
348 354 1.7857142857142858
348 355 -2.0
349 350 -1.3571428571428572
349 356 -1.7857142857142858
350 351 -1.7857142857142858
350 356 -1.3571428571428572
350 357 2.0
351 352 0.9285714285714286
351 357 0.5714285714285714
351 358 -1.3571428571428572
351 392 -0.9285714285714286
351 424 0.5714285714285714
351 433 -1.3571428571428572
352 358 -1.3571428571428572
352 359 -1.7857142857142858
352 459 -1.7857142857142858
352 466 1.3571428571428572
352 492 -0.9285714285714286
352 501 1.3571428571428572
354 355 2.0
355 356 -2.0
356 357 -1.7857142857142858
357 358 1.7857142857142858
357 370 -1.3571428571428572
357 401 -2.0
358 359 -1.3571428571428572
358 424 -2.0
358 433 2.0
358 459 -0.9285714285714286
358 466 -1.3571428571428572
359 492 0.5714285714285714
359 501 -1.7857142857142858
359 524 -1.3571428571428572
359 532 -1.3571428571428572
360 361 -0.9285714285714286
361 362 -1.7857142857142858
362 363 0.9285714285714286
362 368 -0.5714285714285714
363 368 0.5714285714285714
363 369 -1.7857142857142858
364 365 -2.0
364 370 0.5714285714285714
364 371 -0.9285714285714286
364 377 2.0
364 386 -1.7857142857142858
365 366 -2.0
365 371 2.0
365 443 2.0
365 452 1.3571428571428572
365 476 -1.3571428571428572
365 485 1.7857142857142858
366 367 0.9285714285714286
366 372 -0.5714285714285714
366 373 -1.7857142857142858
366 509 1.7857142857142858
366 518 -2.0
366 542 1.3571428571428572
366 551 1.7857142857142858
367 373 -0.9285714285714286
367 558 1.7857142857142858
367 566 -1.7857142857142858
368 369 -1.7857142857142858
369 370 0.5714285714285714
370 371 -2.0
370 377 1.7857142857142858
370 386 -1.7857142857142858
371 372 0.9285714285714286
371 443 0.9285714285714286
371 452 -1.7857142857142858
372 373 0.9285714285714286
372 476 1.3571428571428572
372 509 -0.5714285714285714
372 518 -1.7857142857142858
373 542 0.9285714285714286
373 551 -1.7857142857142858
373 558 1.3571428571428572
373 566 -1.3571428571428572
374 375 1.7857142857142858
374 380 -0.9285714285714286
375 380 0.5714285714285714
375 381 1.3571428571428572
376 382 0.5714285714285714
376 383 1.3571428571428572
377 378 0.9285714285714286
377 385 -0.5714285714285714
377 386 1.7857142857142858
378 379 1.3571428571428572
378 386 -1.3571428571428572
378 387 -2.0
378 393 1.7857142857142858
378 401 1.3571428571428572
378 425 -2.0
378 433 0.5714285714285714
379 387 -1.7857142857142858
379 388 -0.9285714285714286
379 460 0.9285714285714286
379 466 -0.5714285714285714
379 493 1.3571428571428572
379 501 -1.7857142857142858
380 381 0.9285714285714286
381 382 -2.0
382 383 0.5714285714285714
383 384 1.3571428571428572
384 385 -1.7857142857142858
385 386 2.0
386 387 -1.3571428571428572
386 393 1.7857142857142858
386 401 1.3571428571428572
387 388 0.5714285714285714
387 425 -2.0
387 433 -0.9285714285714286
387 460 -2.0
387 466 1.7857142857142858
388 493 0.9285714285714286
388 501 -1.7857142857142858
388 525 -2.0
388 532 2.0
389 390 1.3571428571428572
389 397 1.3571428571428572
390 391 1.3571428571428572
390 397 0.9285714285714286
390 398 1.7857142857142858
391 398 1.3571428571428572
391 399 -0.5714285714285714
392 393 1.3571428571428572
392 400 -1.7857142857142858
392 401 -0.5714285714285714
393 394 2.0
393 401 1.3571428571428572
393 402 1.3571428571428572
393 411 1.7857142857142858
394 395 -0.5714285714285714
394 402 -1.3571428571428572
394 403 -2.0
394 444 1.7857142857142858
394 452 1.7857142857142858
394 477 0.5714285714285714
394 485 -1.3571428571428572
395 396 0.5714285714285714
395 403 -0.5714285714285714
395 404 0.5714285714285714
395 510 -0.9285714285714286
395 543 -2.0
395 551 -2.0
396 404 1.7857142857142858
396 559 -1.3571428571428572
396 566 0.5714285714285714
397 398 -0.5714285714285714
398 399 0.9285714285714286
399 400 0.9285714285714286
400 401 -1.3571428571428572
401 402 -1.3571428571428572
402 411 0.9285714285714286
402 444 0.5714285714285714
402 452 -0.9285714285714286
403 404 1.3571428571428572
403 477 -2.0
403 485 1.3571428571428572
403 510 -2.0
403 518 -1.3571428571428572
404 543 2.0
404 551 -1.3571428571428572
404 559 -0.5714285714285714
404 566 -1.3571428571428572
405 406 1.7857142857142858
405 413 0.9285714285714286
406 407 2.0
406 413 -0.9285714285714286
406 414 -1.7857142857142858
407 408 -0.5714285714285714
407 414 0.9285714285714286
407 415 1.3571428571428572
408 409 -0.9285714285714286
408 415 -1.3571428571428572
408 416 1.3571428571428572
409 410 -1.7857142857142858
409 416 -0.5714285714285714
409 417 -0.5714285714285714
410 417 -0.5714285714285714
411 412 1.7857142857142858
411 418 1.7857142857142858
411 425 -1.3571428571428572
411 434 -1.3571428571428572
412 418 2.0
412 419 -1.7857142857142858
412 460 1.7857142857142858
412 467 2.0
412 493 -0.9285714285714286
412 502 2.0
413 414 1.7857142857142858
414 415 -1.3571428571428572
415 416 -0.9285714285714286
416 417 1.3571428571428572
418 419 1.7857142857142858
418 425 1.7857142857142858
418 467 1.3571428571428572
419 493 -1.3571428571428572
419 502 -0.5714285714285714
419 525 -0.9285714285714286
419 533 -0.9285714285714286
420 421 -2.0
420 429 2.0
421 422 -1.3571428571428572
421 429 1.7857142857142858
421 430 -0.9285714285714286
422 423 -1.7857142857142858
422 430 0.5714285714285714
422 431 1.3571428571428572
423 424 -1.7857142857142858
423 431 0.9285714285714286
423 432 -1.3571428571428572
424 425 1.7857142857142858
424 432 1.7857142857142858
424 433 1.3571428571428572
425 426 -0.9285714285714286
425 433 -2.0
425 434 1.7857142857142858
426 435 -2.0
426 444 -2.0
426 453 1.3571428571428572
426 477 -0.9285714285714286
426 486 -2.0
427 428 2.0
427 435 -1.3571428571428572
427 436 2.0
427 510 -1.7857142857142858
427 519 2.0
427 543 1.7857142857142858
427 552 -1.3571428571428572
428 436 -2.0
428 437 1.3571428571428572
428 559 1.7857142857142858
428 567 -1.7857142857142858
429 430 2.0
430 431 2.0
431 432 -2.0
432 433 -2.0
433 434 0.5714285714285714
434 444 -0.5714285714285714
434 453 -2.0
435 436 1.7857142857142858
435 477 1.3571428571428572
435 486 -0.9285714285714286
435 510 -0.9285714285714286
435 519 1.7857142857142858
436 437 -1.7857142857142858
436 543 0.5714285714285714
436 552 -2.0
436 559 2.0
436 567 -2.0
438 446 -0.5714285714285714
439 440 0.5714285714285714
439 447 -2.0
439 448 0.5714285714285714
440 441 0.5714285714285714
440 448 1.7857142857142858
440 449 0.5714285714285714
441 442 -2.0
441 449 -2.0
441 450 1.7857142857142858
442 443 -0.9285714285714286
442 450 -0.9285714285714286
442 451 -0.5714285714285714
443 444 2.0
443 451 -1.7857142857142858
443 452 0.9285714285714286
444 445 -2.0
444 453 -2.0
445 453 0.9285714285714286
445 454 1.3571428571428572
445 467 -1.3571428571428572
445 494 -1.3571428571428572
445 502 1.7857142857142858
446 447 -0.5714285714285714
447 448 -1.7857142857142858
448 449 -1.7857142857142858
449 450 -1.7857142857142858
450 451 -1.3571428571428572
451 452 2.0
452 453 -1.7857142857142858
453 454 -2.0
453 467 1.3571428571428572
454 494 0.5714285714285714
454 502 0.9285714285714286
454 526 0.5714285714285714
454 533 -1.7857142857142858
455 456 2.0
455 463 -0.5714285714285714
456 457 0.9285714285714286
456 463 1.3571428571428572
456 464 1.7857142857142858
457 458 1.3571428571428572
457 464 0.9285714285714286
458 459 2.0
458 465 -1.7857142857142858
459 460 -1.7857142857142858
459 465 1.3571428571428572
459 466 0.5714285714285714
460 466 -1.7857142857142858
460 467 0.5714285714285714
461 462 -1.7857142857142858
461 469 -1.7857142857142858
461 511 -1.7857142857142858
461 519 2.0
461 544 -2.0
461 552 2.0
462 469 -0.5714285714285714
462 470 -1.7857142857142858
462 560 -2.0
462 567 0.5714285714285714
463 464 0.9285714285714286
465 466 2.0
466 467 1.7857142857142858
467 468 -2.0
468 469 -1.3571428571428572
468 478 1.7857142857142858
468 486 -1.7857142857142858
468 511 2.0
468 519 -1.7857142857142858
469 470 1.7857142857142858
469 544 1.3571428571428572
469 552 -2.0
469 560 -2.0
469 567 -1.7857142857142858
471 472 0.9285714285714286
471 479 0.5714285714285714
472 479 0.5714285714285714
472 480 2.0
473 474 -0.5714285714285714
473 481 1.3571428571428572
473 482 -0.9285714285714286
474 475 2.0
474 482 -2.0
474 483 -0.9285714285714286
475 476 -1.3571428571428572
475 483 -0.9285714285714286
475 484 2.0
476 477 0.9285714285714286
476 484 -1.3571428571428572
477 478 -1.3571428571428572
477 485 -0.5714285714285714
477 486 1.7857142857142858
478 486 1.3571428571428572
478 487 0.9285714285714286
478 494 -1.3571428571428572
479 480 -1.3571428571428572
480 481 1.7857142857142858
481 482 -1.3571428571428572
482 483 1.3571428571428572
484 485 2.0
485 486 -1.7857142857142858
486 487 -1.3571428571428572
487 494 1.3571428571428572
487 526 0.5714285714285714
487 534 -1.3571428571428572
488 489 0.9285714285714286
488 497 0.5714285714285714
489 490 -2.0
489 498 0.5714285714285714
490 491 2.0
490 498 -1.3571428571428572
490 499 1.7857142857142858
491 492 -0.5714285714285714
491 499 -0.9285714285714286
491 500 2.0
492 493 -0.9285714285714286
492 500 0.5714285714285714
492 501 0.5714285714285714
493 494 0.5714285714285714
493 501 -0.5714285714285714
493 502 -1.3571428571428572
494 495 1.7857142857142858
494 502 2.0
495 496 0.5714285714285714
495 503 1.3571428571428572
495 511 1.3571428571428572
495 520 -1.3571428571428572
495 544 1.7857142857142858
496 503 -1.3571428571428572
496 504 1.3571428571428572
496 560 1.3571428571428572
496 568 -1.3571428571428572
497 498 -0.9285714285714286
498 499 1.3571428571428572
499 500 -1.7857142857142858
500 501 0.5714285714285714
501 502 1.7857142857142858
503 504 1.3571428571428572
503 544 1.7857142857142858
503 560 -2.0
503 568 0.9285714285714286
505 506 -0.9285714285714286
505 512 1.7857142857142858
505 513 -1.7857142857142858
506 507 -0.9285714285714286
506 513 -0.5714285714285714
506 514 -1.3571428571428572
507 514 -1.7857142857142858
507 515 0.9285714285714286
508 509 2.0
508 516 -2.0
508 517 1.3571428571428572
509 510 -2.0
509 517 1.7857142857142858
509 518 0.5714285714285714
510 511 2.0
510 518 1.3571428571428572
510 519 0.5714285714285714
511 519 0.5714285714285714
511 520 1.7857142857142858
512 513 -1.3571428571428572
513 514 -2.0
514 515 -1.3571428571428572
515 516 -2.0
516 517 1.3571428571428572
517 518 -0.5714285714285714
518 519 0.9285714285714286
519 520 0.5714285714285714
520 527 -0.9285714285714286
520 534 1.3571428571428572
521 522 2.0
521 529 2.0
522 523 0.9285714285714286
523 524 -1.7857142857142858
523 530 1.7857142857142858
523 531 0.9285714285714286
524 525 0.5714285714285714
524 531 -2.0
524 532 2.0
525 526 -1.3571428571428572
525 532 2.0
525 533 -0.5714285714285714
526 527 1.7857142857142858
526 533 -0.9285714285714286
526 534 0.5714285714285714
527 528 -0.9285714285714286
527 534 0.5714285714285714
527 535 0.5714285714285714
528 535 -1.7857142857142858
528 536 -0.5714285714285714
528 568 -0.5714285714285714
529 530 0.5714285714285714
530 531 -1.7857142857142858
531 532 -0.9285714285714286
532 533 -0.9285714285714286
533 534 1.7857142857142858
534 535 0.9285714285714286
535 536 -0.5714285714285714
535 568 -1.7857142857142858
537 538 -0.9285714285714286
537 545 2.0
537 546 -1.3571428571428572
538 539 -0.5714285714285714
538 546 1.3571428571428572
538 547 0.9285714285714286
539 540 -1.3571428571428572
539 547 1.7857142857142858
539 548 -1.3571428571428572
540 541 1.7857142857142858
540 548 1.3571428571428572
540 549 -0.5714285714285714
541 542 2.0
541 549 0.9285714285714286
541 550 -2.0
542 543 1.3571428571428572
542 550 0.5714285714285714
542 551 0.9285714285714286
543 544 1.7857142857142858
543 551 0.5714285714285714
543 552 0.9285714285714286
544 552 -2.0
545 546 0.9285714285714286
546 547 -2.0
547 548 0.9285714285714286
548 549 -0.5714285714285714
549 550 1.3571428571428572
550 551 2.0
551 552 -1.3571428571428572
553 561 2.0
554 555 -1.3571428571428572
554 562 -1.7857142857142858
555 556 1.3571428571428572
555 562 0.9285714285714286
556 557 1.7857142857142858
556 563 -1.7857142857142858
556 564 -1.7857142857142858
557 558 -0.5714285714285714
557 564 0.9285714285714286
557 565 -1.3571428571428572
558 559 0.9285714285714286
558 565 -2.0
559 560 -0.5714285714285714
559 566 -1.7857142857142858
559 567 -1.3571428571428572
560 567 0.9285714285714286
560 568 1.3571428571428572
562 563 -0.9285714285714286
563 564 0.5714285714285714
564 565 0.9285714285714286
565 566 -0.9285714285714286
566 567 1.7857142857142858
567 568 0.9285714285714286
