694 2803
1 1 1.4285714285714284
2 2 -4.214285714285714
3 3 8.785714285714285
4 4 4.857142857142857
5 5 4.857142857142857
6 6 1.2142857142857144
7 7 1.7142857142857149
8 8 -2.5
9 9 2.7857142857142856
10 10 -0.4285714285714284
11 11 0.4285714285714286
12 12 4.500000000000001
13 13 3.428571428571429
14 14 -1.2857142857142851
15 15 1.7857142857142858
16 16 5.285714285714286
17 17 1.2142857142857144
18 18 -3.142857142857143
19 19 -5.285714285714286
20 20 -6.071428571428571
21 21 -4.428571428571429
22 22 -3.7857142857142856
23 23 2.5
24 24 -0.5
25 25 0.7142857142857144
26 26 -2.928571428571429
27 27 -0.8571428571428572
28 28 -1.1428571428571432
29 29 5.857142857142858
30 30 3.2142857142857144
31 31 -0.1428571428571428
32 32 -5.2142857142857135
33 33 -3.2142857142857144
34 34 -0.14285714285714324
35 35 0.5714285714285714
36 36 -3.4285714285714284
37 37 -4.357142857142858
38 38 2.3571428571428568
39 39 -2.9285714285714284
40 40 -2.5714285714285716
41 41 4.785714285714286
42 42 -5.214285714285715
43 43 3.0
44 44 1.2857142857142856
45 45 1.8571428571428574
47 47 -0.9285714285714284
48 48 4.5
49 49 3.7142857142857144
50 50 0.4285714285714288
51 51 -3.7857142857142856
52 52 5.0
53 53 2.357142857142857
54 54 5.0
55 55 -5.0
56 56 -0.4285714285714284
57 57 4.428571428571429
58 58 -0.642857142857143
59 59 4.642857142857143
60 60 -1.5714285714285712
61 61 -2.357142857142857
62 62 4.428571428571429
63 63 0.7142857142857142
64 64 9.714285714285715
65 65 1.7142857142857142
66 66 -6.0
67 67 6.42857142857143
68 68 5.714285714285714
69 69 -2.428571428571429
70 70 -0.0714285714285714
71 71 -3.7142857142857144
72 72 -0.2857142857142858
73 73 7.214285714285714
74 74 2.857142857142857
75 75 6.571428571428571
76 76 6.642857142857143
77 77 3.071428571428571
78 78 2.3571428571428577
79 79 -2.142857142857143
80 80 -4.357142857142858
81 81 -3.357142857142857
82 82 -0.6428571428571428
83 83 -1.7857142857142858
84 84 2.357142857142857
85 85 -0.1428571428571428
86 86 0.5000000000000007
87 87 -1.2857142857142856
88 88 -3.214285714285714
89 89 1.785714285714286
90 90 -1.142857142857143
91 91 -1.5714285714285714
92 92 1.0714285714285714
93 93 -6.642857142857143
94 94 0.642857142857143
95 95 5.571428571428572
96 96 1.9285714285714288
97 97 4.7142857142857135
98 98 -0.4285714285714286
99 99 2.928571428571429
100 100 -4.571428571428571
101 101 -2.3571428571428577
102 102 0.4285714285714286
103 103 0.3571428571428572
104 104 -1.0
105 105 -2.2142857142857144
106 106 1.2857142857142856
107 107 -1.1428571428571432
108 108 -2.9285714285714284
109 109 -6.071428571428571
110 110 2.571428571428571
111 111 1.4285714285714286
112 112 -0.9999999999999996
113 113 0.4285714285714286
114 114 2.5
115 115 3.071428571428571
116 116 1.5000000000000002
117 117 10.642857142857144
118 118 -0.5
119 119 1.5000000000000004
120 120 4.714285714285714
121 121 -1.2857142857142858
122 122 0.5
123 123 -5.928571428571429
124 124 1.428571428571429
125 125 -4.5
126 126 -2.357142857142857
127 127 -2.071428571428572
128 128 -4.857142857142858
129 129 -1.2142857142857144
130 130 2.071428571428571
131 131 6.142857142857144
132 132 0.2857142857142856
133 133 -0.1428571428571428
134 134 1.0714285714285714
135 135 -2.3571428571428568
136 136 0.2142857142857142
137 137 -3.285714285714286
138 138 5.357142857142857
139 139 3.2857142857142856
140 140 4.642857142857143
141 141 0.5714285714285712
142 142 0.3571428571428572
143 143 0.4285714285714284
144 144 2.7142857142857144
145 145 4.785714285714286
146 146 1.7142857142857142
147 147 0.4285714285714286
148 148 -1.0
149 149 -4.714285714285714
150 150 -2.428571428571429
151 151 2.642857142857143
152 152 2.7142857142857144
153 153 -0.2142857142857144
154 154 0.7142857142857144
155 155 3.5714285714285716
156 156 -1.3571428571428572
157 157 -1.9285714285714286
158 158 0.2142857142857144
159 159 -0.6428571428571428
160 160 -1.5714285714285714
161 161 -3.3571428571428568
162 162 -5.571428571428571
163 163 6.142857142857142
164 164 -5.142857142857143
165 165 -5.357142857142858
166 166 -1.9285714285714288
167 167 0.5000000000000002
168 168 2.928571428571429
169 169 -1.3571428571428572
170 170 1.2857142857142858
171 171 1.0714285714285716
172 172 3.2857142857142856
173 173 4.5
174 174 -1.4285714285714282
175 175 1.0
176 176 5.285714285714285
177 177 -1.2142857142857144
179 179 4.071428571428571
180 180 1.4285714285714286
181 181 3.1428571428571432
182 182 5.071428571428571
183 183 1.3571428571428572
184 184 4.071428571428571
185 185 -2.2142857142857144
186 186 -1.5
187 187 -1.142857142857143
188 188 -3.7857142857142856
189 189 -1.7857142857142858
190 190 1.785714285714286
191 191 4.2142857142857135
192 192 4.0
193 193 -0.5
194 194 3.9285714285714284
195 195 -2.4999999999999996
196 196 1.9999999999999998
197 197 1.7142857142857142
198 198 4.428571428571429
199 199 0.07142857142857117
200 200 -3.3571428571428577
201 201 -5.214285714285714
202 202 0.3571428571428572
203 203 5.214285714285714
204 204 4.214285714285714
205 205 -0.2857142857142858
206 206 0.4285714285714286
207 207 -2.214285714285714
208 208 -2.2142857142857144
209 209 -1.9285714285714286
210 210 6.214285714285714
211 211 2.0
212 212 3.6428571428571423
213 213 2.2857142857142856
214 214 2.357142857142857
215 215 -0.9285714285714288
216 216 0.0714285714285714
217 217 1.1428571428571435
218 218 1.2142857142857146
219 219 -0.07142857142857162
220 220 -1.5714285714285714
221 221 0.0714285714285714
222 222 -1.5
223 223 -7.714285714285715
224 224 -2.3571428571428568
225 225 -0.1428571428571428
226 226 0.8571428571428577
227 227 -3.7142857142857144
228 228 -5.714285714285714
229 229 3.6428571428571432
230 230 -3.071428571428571
231 231 -2.7142857142857144
232 232 6.5
233 233 -1.2857142857142858
234 234 1.6428571428571428
235 235 1.2142857142857144
236 236 -0.642857142857143
237 237 -3.6428571428571432
238 238 5.142857142857142
239 239 1.3571428571428574
240 240 -0.8571428571428572
241 241 1.5
242 242 -5.0
243 243 0.6428571428571423
244 244 2.9285714285714284
245 245 4.071428571428571
246 246 1.4285714285714286
247 247 -3.7142857142857144
248 248 -4.785714285714286
249 249 -0.49999999999999956
250 250 -1.4285714285714282
251 251 -5.285714285714285
252 252 6.142857142857143
253 253 2.2142857142857144
254 254 -8.571428571428571
255 255 -1.2857142857142858
256 256 -1.8571428571428572
257 257 -1.8571428571428572
258 258 -7.071428571428571
259 259 -9.642857142857142
260 260 -9.357142857142858
261 261 -0.5000000000000002
262 262 2.6428571428571432
263 263 -2.2857142857142856
264 264 -2.220446049250313e-16
265 265 -2.928571428571429
266 266 -2.428571428571429
267 267 -2.928571428571429
268 268 0.7142857142857144
269 269 2.428571428571429
270 270 4.571428571428571
271 271 3.2142857142857144
272 272 -5.428571428571429
273 273 4.857142857142858
274 274 2.857142857142857
275 275 4.214285714285714
277 277 -3.857142857142857
278 278 -0.2142857142857144
279 279 -3.071428571428571
280 280 5.071428571428571
281 281 3.6428571428571432
282 282 -5.0
283 283 -1.3571428571428574
284 284 0.4999999999999998
285 285 1.0
286 286 2.4285714285714284
287 287 -0.5714285714285712
288 288 1.9285714285714288
289 289 -1.3571428571428572
290 290 5.642857142857143
291 291 -8.5
292 292 -3.3571428571428577
293 293 -4.0
294 294 -7.357142857142858
295 295 -1.0714285714285716
296 296 -3.2857142857142856
297 297 -1.6428571428571428
298 298 0.642857142857143
299 299 -2.928571428571429
300 300 3.8571428571428577
301 301 4.428571428571429
302 302 -0.3571428571428572
303 303 1.3571428571428568
304 304 -2.1428571428571432
306 306 -3.857142857142857
307 307 2.0
308 308 -1.5714285714285714
309 309 -0.4285714285714284
310 310 -0.6428571428571428
311 311 -2.7857142857142856
312 312 2.357142857142857
313 313 -1.8571428571428572
314 314 2.2142857142857144
315 315 -0.7857142857142854
316 316 -7.857142857142857
317 317 -1.2142857142857144
318 318 -8.0
319 319 -3.5
320 320 -3.7142857142857144
321 321 -3.642857142857143
322 322 1.3571428571428572
323 323 -1.3571428571428574
324 324 2.428571428571429
325 325 -1.142857142857143
326 326 1.0000000000000002
327 327 3.428571428571429
328 328 -0.357142857142857
329 329 -0.9285714285714288
330 330 6.928571428571429
331 331 -1.642857142857143
332 332 2.6428571428571432
333 333 -3.7142857142857144
334 334 -0.2857142857142856
335 335 -0.7857142857142858
336 336 1.571428571428572
337 337 2.220446049250313e-16
338 338 -4.0
339 339 -4.5
340 340 2.571428571428571
341 341 -6.571428571428572
342 342 1.9285714285714286
343 343 -0.1428571428571428
344 344 -7.142857142857143
345 345 -5.999999999999999
346 346 0.785714285714286
347 347 3.0
348 348 -0.0714285714285714
349 349 3.5
350 350 2.0
351 351 0.4285714285714284
352 352 -2.0
353 353 5.357142857142858
354 354 1.9999999999999998
355 355 1.6428571428571428
356 356 8.0
357 357 2.5714285714285716
358 358 4.214285714285714
359 359 -4.5
360 360 3.0
361 361 4.0
362 362 5.2142857142857135
363 363 5.214285714285714
364 364 -0.4285714285714286
365 365 -3.285714285714286
366 366 -4.571428571428571
367 367 -1.428571428571429
368 368 6.857142857142858
369 369 -5.714285714285714
370 370 4.0
371 371 -2.9285714285714284
372 372 0.7142857142857142
373 373 -0.5714285714285716
374 374 2.428571428571429
375 375 -4.428571428571429
376 376 -0.7857142857142858
377 377 -2.7857142857142856
378 378 -3.214285714285714
379 379 -2.7857142857142856
380 380 -6.928571428571429
381 381 -9.785714285714286
382 382 1.714285714285714
383 383 -0.0714285714285714
384 384 0.6428571428571432
385 385 1.1428571428571428
386 386 -1.3571428571428572
387 387 -1.0714285714285714
388 388 -2.571428571428571
389 389 1.214285714285714
390 390 -4.857142857142858
391 391 -4.428571428571429
392 392 -2.214285714285714
393 393 9.071428571428571
394 394 1.2142857142857144
395 395 -8.642857142857142
396 396 -3.428571428571429
397 397 4.0
398 398 1.5714285714285716
399 399 0.3571428571428572
400 400 1.1428571428571428
401 401 -0.28571428571428603
402 402 2.8571428571428568
403 403 1.5000000000000002
404 404 1.4285714285714286
405 405 5.928571428571429
406 406 -1.4285714285714288
407 407 -1.7857142857142856
408 408 0.14285714285714368
409 409 3.2142857142857144
410 410 1.5714285714285718
411 411 2.3571428571428568
412 412 -5.214285714285715
413 413 -1.3571428571428568
414 414 -5.0
415 415 -3.428571428571429
416 416 0.8571428571428572
417 417 3.2857142857142856
418 418 1.3571428571428572
419 419 -1.7857142857142858
420 420 -1.5714285714285716
421 421 -7.357142857142858
422 422 -3.1428571428571432
423 423 -2.928571428571429
424 424 1.0
425 425 5.142857142857143
426 426 0.2857142857142858
427 427 2.071428571428571
428 428 4.642857142857142
429 429 0.857142857142857
430 430 0.0714285714285714
431 431 -3.1428571428571423
432 432 -1.9285714285714286
433 433 -2.2857142857142856
434 434 1.7857142857142858
435 435 3.428571428571429
436 436 4.357142857142857
437 437 6.857142857142858
438 438 3.928571428571428
439 439 -1.142857142857143
440 440 -2.5
441 441 7.071428571428571
442 442 3.1428571428571432
443 443 -1.1428571428571428
444 444 -0.8571428571428572
445 445 -2.2857142857142856
446 446 3.7857142857142856
447 447 0.4285714285714286
448 448 -5.857142857142857
449 449 -2.3571428571428577
450 450 6.714285714285715
451 451 1.5714285714285714
452 452 -3.2142857142857144
453 453 -1.1428571428571428
454 454 3.071428571428572
456 456 -1.2857142857142858
457 457 1.5714285714285714
458 458 -4.571428571428571
459 459 -7.214285714285714
460 460 -3.2142857142857144
461 461 3.2142857142857144
462 462 0.1428571428571428
463 463 -5.857142857142858
464 464 -4.0
465 465 3.642857142857143
466 466 2.571428571428571
467 467 -0.6428571428571435
468 468 4.214285714285714
469 469 -8.428571428571429
470 470 -3.928571428571429
471 471 0.2142857142857142
472 472 -5.928571428571429
473 473 -5.928571428571429
474 474 1.9285714285714288
475 475 5.214285714285715
476 476 0.8571428571428572
477 477 4.071428571428571
478 478 2.7142857142857144
479 479 1.4285714285714286
480 480 -0.8571428571428572
481 481 0.6428571428571428
482 482 4.5
483 483 -3.2857142857142856
484 484 0.7857142857142858
486 486 7.571428571428571
487 487 -0.5
488 488 3.214285714285714
489 489 5.357142857142857
490 490 0.14285714285714302
491 491 2.428571428571429
492 492 -1.7857142857142854
493 493 1.5714285714285714
494 494 1.3571428571428577
495 495 -5.7142857142857135
496 496 3.3571428571428577
497 497 4.857142857142857
498 498 1.4285714285714286
499 499 7.999999999999999
500 500 1.0714285714285714
501 501 -0.4285714285714286
502 502 -3.000000000000001
503 503 -1.4285714285714288
504 504 -1.142857142857143
505 505 -5.714285714285714
506 506 -2.7857142857142856
507 507 3.928571428571429
508 508 3.7857142857142865
509 509 -8.857142857142858
510 510 -1.785714285714286
511 511 -0.3571428571428572
512 512 -2.071428571428571
513 513 5.428571428571429
514 514 -0.5
515 515 3.0
516 516 0.9285714285714286
517 517 1.0
518 518 2.5
519 519 -0.07142857142857117
520 520 5.714285714285714
521 521 0.9285714285714284
522 522 -0.2857142857142858
523 523 -0.7857142857142858
524 524 -0.7857142857142858
525 525 2.7142857142857144
526 526 -1.5000000000000004
527 527 4.0
528 528 -6.142857142857143
529 529 -0.7857142857142858
530 530 -1.4285714285714286
531 531 1.7142857142857142
532 532 -1.2142857142857142
533 533 -4.7857142857142865
534 534 3.6428571428571432
535 535 -5.071428571428571
536 536 1.5714285714285714
537 537 -5.428571428571429
538 538 2.8571428571428577
539 539 0.07142857142857117
540 540 2.1428571428571432
541 541 -0.28571428571428603
542 542 -0.5
543 543 -0.5
544 544 -1.5
545 545 -3.7142857142857144
546 546 3.4285714285714297
547 547 -1.3571428571428572
548 548 6.857142857142858
549 549 2.642857142857143
550 550 -4.928571428571428
551 551 2.220446049250313e-16
552 552 -1.3571428571428579
553 553 -4.499999999999999
554 554 -0.2142857142857144
555 555 -1.642857142857143
556 556 -6.857142857142858
557 557 8.857142857142858
558 558 -2.7142857142857144
559 559 -0.642857142857143
560 560 -0.0714285714285714
561 561 7.142857142857142
562 562 7.142857142857143
563 563 -0.9285714285714286
564 564 -2.0000000000000004
565 565 -4.428571428571429
566 566 -1.0714285714285716
567 567 -5.357142857142858
568 568 -5.571428571428571
569 569 -1.9285714285714286
570 570 -0.6428571428571428
571 571 0.6428571428571428
572 572 4.571428571428571
573 573 2.7857142857142856
574 574 4.5
575 575 0.9285714285714286
576 576 3.0
577 577 4.785714285714286
578 578 -3.428571428571429
579 579 -3.0
580 580 0.4285714285714286
581 581 -3.142857142857143
582 582 10.428571428571429
583 583 1.642857142857143
584 584 4.071428571428572
585 585 5.142857142857143
586 586 1.0
587 587 -1.7857142857142858
588 588 -3.0
589 589 -1.1428571428571423
590 590 2.2142857142857144
591 591 1.4999999999999998
592 592 6.0
593 593 -0.6428571428571428
594 594 -2.6428571428571423
595 595 -6.571428571428571
596 596 -2.571428571428572
597 597 -3.928571428571429
598 598 2.3571428571428568
599 599 0.4285714285714284
600 600 4.142857142857142
601 601 5.428571428571429
602 602 0.2142857142857153
603 603 -4.642857142857142
604 604 2.928571428571429
605 605 -0.4285714285714288
606 606 1.5714285714285714
607 607 1.6428571428571428
608 608 -1.7142857142857142
609 609 -3.2142857142857144
610 610 1.2142857142857144
611 611 -4.714285714285714
612 612 0.6428571428571428
613 613 2.0
614 614 -5.357142857142858
615 615 -6.785714285714286
616 616 -2.2857142857142856
617 617 6.5
618 618 1.8571428571428572
619 619 0.5714285714285712
620 620 -2.5
621 621 2.6428571428571432
622 622 5.857142857142858
623 623 -4.357142857142858
624 624 -3.5000000000000004
625 625 5.571428571428571
626 626 -1.7142857142857146
627 627 -2.571428571428572
628 628 1.2142857142857146
629 629 -1.2857142857142856
630 630 2.5
631 631 -2.071428571428571
632 632 -3.2857142857142856
633 633 2.5
634 634 1.9285714285714286
635 635 5.142857142857143
636 636 1.9285714285714284
637 637 2.428571428571429
638 638 -5.500000000000001
639 639 6.357142857142857
640 640 -1.5714285714285718
641 641 -4.642857142857143
642 642 0.9285714285714286
643 643 -1.1428571428571428
644 644 -2.5
645 645 -1.9285714285714286
646 646 -5.857142857142858
647 647 2.5714285714285716
648 648 -1.9285714285714286
649 649 0.7142857142857149
650 650 3.571428571428571
651 651 8.285714285714286
652 652 -2.9285714285714284
653 653 -2.8571428571428568
654 654 -3.5
655 655 -1.5714285714285716
656 656 -2.428571428571429
657 657 4.642857142857142
658 658 -1.2857142857142856
659 659 1.2857142857142856
660 660 -1.6428571428571428
661 661 -2.7142857142857144
662 662 -3.2857142857142856
663 663 6.0
664 664 8.785714285714286
665 665 2.857142857142857
666 666 -2.1428571428571432
667 667 -1.2857142857142856
668 668 -2.857142857142857
669 669 2.1428571428571423
670 670 5.5
671 671 2.8571428571428568
672 672 0.8571428571428572
673 673 1.5714285714285714
674 674 -2.428571428571429
675 675 3.6428571428571432
676 676 -0.5714285714285712
677 677 0.1428571428571428
678 678 1.4285714285714286
679 679 -3.6428571428571432
680 680 -2.928571428571429
681 681 -2.7857142857142856
682 682 1.357142857142857
683 683 1.5
684 684 8.0
685 685 -3.0714285714285716
686 686 -4.0
687 687 0.9285714285714284
688 688 2.2857142857142856
689 689 -4.571428571428572
690 690 -2.7142857142857144
691 691 1.642857142857143
692 692 -5.857142857142857
693 693 -2.7857142857142856
694 694 -0.21428571428571397
1 2 -0.9285714285714286
1 10 1.7857142857142858
1 23 -1.3571428571428572
1 31 -0.9285714285714286
1 53 1.3571428571428572
1 62 -1.3571428571428572
2 3 1.3571428571428572
2 10 1.7857142857142858
2 11 2.0
2 89 0.9285714285714286
2 97 -0.9285714285714286
2 118 0.5714285714285714
2 123 -0.5714285714285714
3 11 -1.7857142857142858
3 12 -2.0
3 151 -2.0
3 157 -2.0
3 179 -0.5714285714285714
3 186 -1.7857142857142858
4 5 -1.7857142857142858
4 273 -2.0
4 281 -2.0
4 307 0.9285714285714286
5 6 0.5714285714285714
5 342 -1.3571428571428572
5 351 -0.9285714285714286
5 378 -1.3571428571428572
6 7 1.3571428571428572
6 13 -1.3571428571428572
6 407 -1.7857142857142858
6 415 1.3571428571428572
6 437 -1.3571428571428572
7 8 0.5714285714285714
7 13 -0.9285714285714286
7 14 -1.7857142857142858
7 469 0.5714285714285714
7 504 -0.5714285714285714
7 514 -0.9285714285714286
8 9 -1.3571428571428572
8 14 2.0
8 15 0.9285714285714286
8 542 2.0
8 551 -2.0
8 578 0.9285714285714286
8 586 -0.5714285714285714
9 15 -0.5714285714285714
9 16 -2.0
9 613 -0.5714285714285714
9 623 -0.5714285714285714
9 651 1.3571428571428572
9 659 0.9285714285714286
10 11 -1.7857142857142858
10 53 -1.3571428571428572
10 62 1.3571428571428572
10 89 -1.3571428571428572
11 12 1.7857142857142858
11 118 1.3571428571428572
11 123 -0.5714285714285714
11 151 -2.0
11 157 0.5714285714285714
12 179 -2.0
12 186 -0.9285714285714286
12 215 -1.3571428571428572
13 14 -1.7857142857142858
13 437 -1.3571428571428572
13 469 2.0
14 15 -2.0
14 504 0.9285714285714286
14 514 1.3571428571428572
14 542 2.0
14 551 0.5714285714285714
15 16 -0.9285714285714286
15 578 0.5714285714285714
15 586 0.5714285714285714
15 613 0.5714285714285714
15 623 -0.9285714285714286
16 651 -2.0
16 659 -1.7857142857142858
16 685 -0.5714285714285714
16 693 2.0
17 18 -1.3571428571428572
17 25 -1.3571428571428572
17 125 0.9285714285714286
17 159 0.5714285714285714
18 19 0.5714285714285714
18 25 1.3571428571428572
18 26 -0.5714285714285714
18 188 1.7857142857142858
18 216 1.3571428571428572
19 20 1.3571428571428572
19 26 2.0
19 27 -0.9285714285714286
19 248 0.9285714285714286
19 283 1.3571428571428572
20 27 0.5714285714285714
20 28 1.7857142857142858
20 316 1.7857142857142858
20 353 0.5714285714285714
21 22 2.0
21 29 -1.3571428571428572
21 445 1.7857142857142858
21 479 2.0
22 30 -2.0
22 516 1.7857142857142858
22 553 2.0
23 24 -0.5714285714285714
23 661 -0.5714285714285714
24 31 -0.9285714285714286
24 32 2.0
25 26 2.0
25 159 -0.9285714285714286
25 188 -1.7857142857142858
26 27 0.9285714285714286
26 216 -2.0
26 248 0.5714285714285714
27 28 1.3571428571428572
27 283 -2.0
27 316 0.9285714285714286
28 353 -2.0
29 30 -1.7857142857142858
29 479 -0.9285714285714286
29 516 -1.7857142857142858
30 553 0.5714285714285714
31 32 2.0
32 38 2.0
32 54 0.5714285714285714
32 62 -1.3571428571428572
33 39 0.9285714285714286
33 40 -0.9285714285714286
33 157 2.0
33 180 -0.5714285714285714
33 186 1.7857142857142858
34 35 -0.5714285714285714
34 41 -2.0
34 281 1.3571428571428572
34 308 1.3571428571428572
35 41 -1.7857142857142858
35 42 1.3571428571428572
35 351 1.3571428571428572
35 379 -0.9285714285714286
36 37 1.3571428571428572
36 43 -0.9285714285714286
36 44 0.9285714285714286
36 470 0.9285714285714286
36 505 0.5714285714285714
36 514 0.5714285714285714
37 44 -0.5714285714285714
37 543 1.3571428571428572
37 551 2.0
37 579 2.0
37 586 -1.7857142857142858
38 39 -0.5714285714285714
38 54 -2.0
38 62 -1.7857142857142858
38 90 1.3571428571428572
38 97 -1.3571428571428572
39 40 0.5714285714285714
39 119 -1.3571428571428572
39 123 2.0
39 157 1.3571428571428572
40 180 0.5714285714285714
40 186 0.9285714285714286
40 209 -0.5714285714285714
40 215 2.0
41 42 -0.9285714285714286
41 308 1.3571428571428572
41 343 0.5714285714285714
41 351 -2.0
42 43 -0.5714285714285714
42 379 1.3571428571428572
42 408 2.0
42 415 2.0
43 44 -0.9285714285714286
43 470 -0.5714285714285714
44 505 1.7857142857142858
44 514 -0.5714285714285714
44 543 -0.5714285714285714
44 551 -1.3571428571428572
45 652 -1.3571428571428572
45 659 -2.0
45 686 0.9285714285714286
45 693 0.5714285714285714
46 55 1.3571428571428572
46 135 0.5714285714285714
46 159 -1.3571428571428572
46 166 -0.5714285714285714
47 48 -0.5714285714285714
47 56 -1.7857142857142858
47 248 0.5714285714285714
47 257 0.9285714285714286
47 283 1.7857142857142858
48 49 -0.5714285714285714
48 56 -1.7857142857142858
48 57 -0.9285714285714286
48 316 1.3571428571428572
48 353 -2.0
49 50 -1.7857142857142858
49 57 -0.9285714285714286
49 58 0.9285714285714286
49 424 -1.3571428571428572
50 51 1.7857142857142858
50 58 0.9285714285714286
50 59 -1.7857142857142858
50 445 2.0
50 452 1.3571428571428572
50 479 -0.9285714285714286
50 488 -2.0
51 52 -1.7857142857142858
51 59 -0.5714285714285714
51 60 0.9285714285714286
51 516 1.7857142857142858
51 525 2.0
51 553 0.5714285714285714
51 561 -0.9285714285714286
52 53 -0.9285714285714286
52 60 -1.7857142857142858
52 61 -0.9285714285714286
52 595 1.7857142857142858
52 634 -1.3571428571428572
53 54 -1.7857142857142858
53 61 1.7857142857142858
53 62 -1.7857142857142858
53 661 0.9285714285714286
53 669 -0.5714285714285714
54 62 0.9285714285714286
54 63 -1.7857142857142858
54 72 -0.9285714285714286
55 159 2.0
55 166 -0.9285714285714286
55 188 2.0
55 195 0.5714285714285714
56 283 2.0
56 316 2.0
57 58 -2.0
57 353 -0.5714285714285714
58 59 1.3571428571428572
58 424 0.9285714285714286
58 445 -0.5714285714285714
58 452 -0.9285714285714286
59 60 -1.7857142857142858
59 479 -0.9285714285714286
59 488 0.5714285714285714
59 516 -0.9285714285714286
59 525 -0.5714285714285714
60 61 1.3571428571428572
60 553 1.7857142857142858
60 561 -0.9285714285714286
60 595 2.0
61 62 -1.7857142857142858
61 634 1.3571428571428572
61 661 0.5714285714285714
62 63 1.3571428571428572
63 72 2.0
63 98 -1.3571428571428572
63 105 -0.9285714285714286
64 65 -2.0
64 72 -2.0
64 73 -0.5714285714285714
64 90 -2.0
64 119 -1.7857142857142858
64 124 -1.3571428571428572
65 66 0.9285714285714286
65 73 -1.3571428571428572
65 158 1.7857142857142858
65 180 -2.0
65 187 0.9285714285714286
66 67 1.7857142857142858
66 74 0.9285714285714286
66 209 0.5714285714285714
66 247 1.7857142857142858
67 68 -2.0
67 74 -2.0
67 75 -2.0
67 282 1.3571428571428572
67 308 -1.7857142857142858
67 315 -1.7857142857142858
68 69 -0.5714285714285714
68 75 -1.7857142857142858
68 76 -0.9285714285714286
68 343 -1.7857142857142858
68 352 -0.9285714285714286
68 379 1.3571428571428572
68 387 0.9285714285714286
69 76 -2.0
69 77 -0.5714285714285714
69 408 1.7857142857142858
69 416 2.0
69 444 1.7857142857142858
70 71 0.5714285714285714
70 78 1.7857142857142858
70 79 -2.0
70 543 0.5714285714285714
70 552 -2.0
70 579 0.5714285714285714
70 587 0.5714285714285714
71 79 0.5714285714285714
71 80 -1.3571428571428572
71 614 1.7857142857142858
71 624 -0.5714285714285714
71 652 1.3571428571428572
71 660 1.3571428571428572
72 73 -0.5714285714285714
72 90 1.7857142857142858
73 119 -0.9285714285714286
73 124 -1.7857142857142858
73 158 -2.0
74 75 -1.7857142857142858
74 247 -2.0
74 282 2.0
75 76 0.9285714285714286
75 315 -1.3571428571428572
75 352 -0.5714285714285714
76 77 -1.3571428571428572
76 379 -0.9285714285714286
76 387 0.5714285714285714
76 408 -0.9285714285714286
76 416 -2.0
77 78 -2.0
77 444 -0.9285714285714286
77 470 1.7857142857142858
78 79 0.5714285714285714
78 505 -0.9285714285714286
78 515 -1.7857142857142858
78 543 0.5714285714285714
78 552 -0.5714285714285714
79 80 -0.5714285714285714
79 579 0.9285714285714286
79 587 1.7857142857142858
79 614 -0.9285714285714286
79 624 1.7857142857142858
80 652 2.0
80 660 0.9285714285714286
80 686 1.3571428571428572
80 694 2.0
81 82 0.5714285714285714
81 91 0.9285714285714286
81 126 -1.7857142857142858
81 135 0.9285714285714286
81 160 1.7857142857142858
81 166 0.9285714285714286
82 83 0.9285714285714286
82 91 -1.3571428571428572
82 92 -1.3571428571428572
82 195 0.9285714285714286
82 222 0.9285714285714286
83 84 -1.3571428571428572
83 92 1.3571428571428572
83 93 1.7857142857142858
83 249 -0.9285714285714286
83 257 -1.3571428571428572
83 284 1.3571428571428572
84 85 1.3571428571428572
84 93 0.5714285714285714
84 94 -1.7857142857142858
84 317 -0.5714285714285714
84 354 -0.5714285714285714
85 86 -1.7857142857142858
85 94 0.5714285714285714
85 388 0.5714285714285714
85 424 -0.5714285714285714
86 87 2.0
86 95 1.3571428571428572
86 446 -1.7857142857142858
86 452 0.5714285714285714
86 480 0.9285714285714286
86 488 -1.7857142857142858
87 88 2.0
87 95 -1.7857142857142858
87 525 0.5714285714285714
87 554 -0.5714285714285714
87 561 -0.9285714285714286
88 89 1.7857142857142858
88 96 2.0
88 588 0.9285714285714286
88 595 -0.5714285714285714
88 625 -2.0
88 634 -0.9285714285714286
89 90 -1.3571428571428572
89 96 2.0
89 97 -1.7857142857142858
89 669 -2.0
90 97 1.3571428571428572
91 92 0.5714285714285714
91 160 1.7857142857142858
91 166 -0.9285714285714286
91 195 0.5714285714285714
92 93 1.3571428571428572
92 222 -1.7857142857142858
92 249 -1.7857142857142858
92 257 0.5714285714285714
93 94 0.5714285714285714
93 284 1.7857142857142858
93 317 0.5714285714285714
94 354 -2.0
94 388 2.0
95 480 -1.7857142857142858
95 488 -1.3571428571428572
95 525 -2.0
96 97 -2.0
96 625 -2.0
96 634 -0.5714285714285714
96 669 -1.3571428571428572
98 105 1.7857142857142858
99 100 2.0
99 106 -2.0
99 158 -2.0
99 187 -0.9285714285714286
100 101 1.7857142857142858
100 108 -0.5714285714285714
100 247 1.3571428571428572
101 102 -2.0
101 108 -1.3571428571428572
101 109 0.5714285714285714
101 282 2.0
101 315 1.3571428571428572
102 109 2.0
102 352 1.3571428571428572
102 387 -1.7857142857142858
103 104 2.0
103 110 -0.5714285714285714
103 515 -1.7857142857142858
104 110 -1.7857142857142858
104 552 -0.5714285714285714
104 587 1.3571428571428572
105 106 1.3571428571428572
106 107 -2.0
106 124 1.3571428571428572
107 108 1.7857142857142858
107 187 1.3571428571428572
108 109 2.0
108 247 2.0
108 282 -0.9285714285714286
109 315 0.5714285714285714
109 352 0.9285714285714286
110 515 -2.0
110 552 1.7857142857142858
111 660 -2.0
111 694 0.5714285714285714
112 113 1.3571428571428572
112 126 2.0
112 136 -0.9285714285714286
112 160 -2.0
112 167 0.5714285714285714
113 114 -1.7857142857142858
113 196 -2.0
113 223 2.0
114 120 -0.9285714285714286
114 249 -0.9285714285714286
114 258 0.9285714285714286
114 284 -1.7857142857142858
114 291 2.0
115 116 -1.3571428571428572
115 121 -0.9285714285714286
115 446 -2.0
115 453 -1.3571428571428572
115 480 0.5714285714285714
115 489 2.0
116 117 -1.7857142857142858
116 526 0.5714285714285714
116 554 2.0
116 562 -0.9285714285714286
117 118 -2.0
117 122 -2.0
117 588 0.9285714285714286
117 596 -2.0
117 625 -1.7857142857142858
117 635 -2.0
118 119 1.3571428571428572
118 122 -1.3571428571428572
118 123 0.5714285714285714
119 123 1.7857142857142858
119 124 -0.5714285714285714
120 284 -2.0
120 291 -1.7857142857142858
120 317 -0.5714285714285714
120 326 0.5714285714285714
121 480 1.7857142857142858
121 489 -1.3571428571428572
121 526 1.7857142857142858
122 123 1.7857142857142858
122 625 2.0
122 635 -0.9285714285714286
123 124 0.9285714285714286
125 126 1.7857142857142858
125 135 1.7857142857142858
126 127 0.9285714285714286
126 136 -0.5714285714285714
127 128 0.9285714285714286
127 136 1.7857142857142858
127 137 1.7857142857142858
127 144 -1.3571428571428572
127 175 -2.0
128 129 1.7857142857142858
128 137 1.3571428571428572
128 138 -0.5714285714285714
128 231 1.3571428571428572
129 130 0.9285714285714286
129 138 -1.7857142857142858
129 139 -0.5714285714285714
129 266 1.7857142857142858
129 300 -0.9285714285714286
130 131 1.3571428571428572
130 139 -1.7857142857142858
130 140 -0.5714285714285714
130 370 -2.0
131 132 -0.5714285714285714
131 140 -1.7857142857142858
131 141 -2.0
131 400 -1.7857142857142858
131 430 -1.3571428571428572
132 133 1.7857142857142858
132 141 -0.5714285714285714
132 496 -0.9285714285714286
133 134 -1.7857142857142858
133 142 -1.7857142857142858
133 535 0.5714285714285714
133 571 1.3571428571428572
134 142 -0.5714285714285714
134 143 0.9285714285714286
134 605 -0.5714285714285714
134 643 0.9285714285714286
135 136 -0.9285714285714286
136 137 -1.3571428571428572
136 144 1.7857142857142858
137 138 0.9285714285714286
137 175 0.5714285714285714
138 139 -1.3571428571428572
138 231 -2.0
138 266 -0.5714285714285714
139 140 -1.3571428571428572
139 300 1.7857142857142858
140 141 -0.9285714285714286
140 370 -2.0
140 400 2.0
141 430 0.9285714285714286
141 462 2.0
142 143 2.0
142 571 1.3571428571428572
142 605 -1.3571428571428572
143 643 -1.3571428571428572
143 678 -2.0
144 145 -1.7857142857142858
144 152 -2.0
144 161 -1.3571428571428572
144 167 2.0
145 146 -0.5714285714285714
145 152 1.3571428571428572
145 153 -2.0
145 196 -1.7857142857142858
145 217 -1.7857142857142858
145 223 1.7857142857142858
146 153 -0.5714285714285714
146 154 -0.9285714285714286
146 250 -0.5714285714285714
146 258 1.7857142857142858
146 285 -1.7857142857142858
146 291 0.9285714285714286
147 154 -0.9285714285714286
147 155 -1.7857142857142858
147 318 1.3571428571428572
147 326 2.0
147 355 0.9285714285714286
147 363 -2.0
148 149 2.0
148 453 0.9285714285714286
148 481 -0.5714285714285714
148 489 -1.3571428571428572
149 150 1.7857142857142858
149 156 -2.0
149 526 2.0
149 562 0.9285714285714286
150 151 2.0
150 156 2.0
150 589 -1.3571428571428572
150 596 -2.0
150 626 0.9285714285714286
150 635 -0.9285714285714286
151 157 -2.0
151 662 1.3571428571428572
152 153 -2.0
152 161 0.5714285714285714
152 167 -2.0
152 196 1.3571428571428572
153 154 0.5714285714285714
153 217 1.7857142857142858
153 223 0.9285714285714286
153 250 0.5714285714285714
153 258 0.9285714285714286
154 155 0.5714285714285714
154 285 -1.7857142857142858
154 291 2.0
154 318 1.7857142857142858
154 326 -2.0
155 355 -0.5714285714285714
155 363 -1.7857142857142858
156 562 -1.3571428571428572
156 589 1.7857142857142858
156 596 0.9285714285714286
157 158 2.0
159 160 0.9285714285714286
159 166 -0.5714285714285714
160 161 -0.9285714285714286
160 166 2.0
160 167 -2.0
161 162 1.7857142857142858
161 167 0.9285714285714286
161 168 2.0
161 175 0.9285714285714286
161 181 -0.5714285714285714
162 168 -0.9285714285714286
162 169 1.7857142857142858
162 231 2.0
162 239 0.9285714285714286
163 164 1.7857142857142858
163 172 -1.3571428571428572
163 462 -2.0
163 471 -2.0
163 496 -2.0
163 506 -0.5714285714285714
164 165 1.7857142857142858
164 173 0.5714285714285714
164 535 1.7857142857142858
164 544 0.5714285714285714
164 571 -1.3571428571428572
165 173 -1.3571428571428572
165 174 2.0
165 605 0.5714285714285714
165 615 1.7857142857142858
165 653 0.5714285714285714
166 167 2.0
167 168 -2.0
168 169 -1.3571428571428572
168 175 -2.0
168 181 1.3571428571428572
169 170 -0.5714285714285714
169 231 2.0
169 239 -0.9285714285714286
169 266 1.7857142857142858
169 274 -1.3571428571428572
170 171 -0.9285714285714286
170 300 -1.7857142857142858
170 309 2.0
171 172 -0.9285714285714286
171 370 -1.7857142857142858
171 380 0.5714285714285714
171 400 2.0
172 430 -0.5714285714285714
172 462 0.9285714285714286
172 471 -1.3571428571428572
173 174 -1.3571428571428572
173 571 -2.0
173 605 -0.9285714285714286
173 615 0.5714285714285714
174 643 -1.7857142857142858
174 653 2.0
174 678 0.5714285714285714
175 176 0.9285714285714286
175 181 0.5714285714285714
176 181 -1.7857142857142858
176 182 -2.0
176 197 -2.0
176 217 -1.3571428571428572
176 224 0.9285714285714286
177 184 0.5714285714285714
177 454 -0.5714285714285714
177 481 -0.5714285714285714
177 490 1.7857142857142858
178 179 -1.3571428571428572
178 185 1.3571428571428572
178 589 -1.7857142857142858
178 597 1.7857142857142858
178 626 -1.3571428571428572
178 636 1.3571428571428572
179 180 0.5714285714285714
179 185 0.5714285714285714
179 186 -0.9285714285714286
179 662 0.5714285714285714
179 670 -0.9285714285714286
180 186 2.0
180 187 -2.0
181 182 -1.7857142857142858
181 197 -0.9285714285714286
182 217 -1.7857142857142858
182 224 1.3571428571428572
182 250 -1.7857142857142858
182 259 0.9285714285714286
183 355 -1.3571428571428572
184 481 0.9285714285714286
184 490 -1.7857142857142858
184 517 -1.7857142857142858
184 527 -2.0
185 186 -1.3571428571428572
185 626 1.7857142857142858
185 636 -1.3571428571428572
185 662 1.7857142857142858
185 670 -0.5714285714285714
186 187 1.7857142857142858
188 195 1.7857142857142858
189 190 1.3571428571428572
189 197 2.0
189 198 0.5714285714285714
189 202 0.5714285714285714
189 232 -0.9285714285714286
189 239 -1.7857142857142858
190 191 -1.3571428571428572
190 198 -0.5714285714285714
190 274 0.5714285714285714
190 309 -1.7857142857142858
191 192 -1.7857142857142858
191 199 -0.9285714285714286
191 335 -0.5714285714285714
191 371 -1.3571428571428572
191 380 1.7857142857142858
192 193 -2.0
192 199 -1.3571428571428572
192 401 0.9285714285714286
192 409 -1.7857142857142858
192 431 2.0
193 463 2.0
193 471 1.3571428571428572
193 497 -1.7857142857142858
193 506 0.9285714285714286
194 200 -1.7857142857142858
194 201 0.9285714285714286
194 606 -2.0
194 644 0.9285714285714286
194 653 -2.0
195 196 -1.3571428571428572
196 197 1.7857142857142858
197 198 -2.0
197 202 -0.5714285714285714
198 232 -0.9285714285714286
198 239 -0.9285714285714286
198 274 -0.5714285714285714
199 371 -0.5714285714285714
199 380 0.9285714285714286
199 401 0.9285714285714286
199 409 0.9285714285714286
200 201 2.0
200 606 1.3571428571428572
200 615 1.7857142857142858
201 644 1.3571428571428572
201 653 0.9285714285714286
202 203 -1.3571428571428572
202 210 -0.9285714285714286
202 218 0.5714285714285714
202 224 1.3571428571428572
203 204 -0.9285714285714286
203 210 -1.3571428571428572
203 211 -2.0
203 251 1.7857142857142858
203 259 2.0
203 286 -1.3571428571428572
203 292 -2.0
204 205 -0.9285714285714286
204 211 1.7857142857142858
204 212 -2.0
204 319 0.5714285714285714
204 327 -1.3571428571428572
204 356 -1.3571428571428572
205 206 1.7857142857142858
205 212 0.9285714285714286
205 389 -0.5714285714285714
205 417 -0.9285714285714286
206 213 -1.7857142857142858
206 447 1.3571428571428572
206 454 -1.7857142857142858
207 208 2.0
207 214 1.7857142857142858
207 590 -1.7857142857142858
207 597 -0.9285714285714286
207 627 0.5714285714285714
207 636 0.5714285714285714
208 209 0.5714285714285714
208 214 -0.9285714285714286
208 215 0.9285714285714286
208 663 -0.9285714285714286
208 670 0.5714285714285714
209 215 1.3571428571428572
210 211 -1.7857142857142858
210 218 -0.9285714285714286
210 251 -1.7857142857142858
210 259 0.5714285714285714
211 286 0.9285714285714286
211 292 0.5714285714285714
211 319 -0.9285714285714286
211 327 -0.5714285714285714
212 356 -0.5714285714285714
212 389 -2.0
213 482 0.5714285714285714
213 490 0.9285714285714286
213 527 -2.0
214 215 -2.0
214 627 0.9285714285714286
214 636 -1.3571428571428572
214 663 -1.3571428571428572
214 670 0.5714285714285714
216 222 0.5714285714285714
217 218 -1.7857142857142858
217 223 1.7857142857142858
217 224 2.0
218 219 1.7857142857142858
218 224 -1.7857142857142858
218 225 -0.9285714285714286
218 232 0.9285714285714286
218 240 0.9285714285714286
219 225 0.9285714285714286
219 226 -2.0
219 301 -2.0
219 310 1.3571428571428572
220 228 1.3571428571428572
220 401 0.5714285714285714
220 410 -0.9285714285714286
220 431 0.5714285714285714
221 230 -0.9285714285714286
221 606 -0.9285714285714286
221 616 1.7857142857142858
221 644 -1.3571428571428572
221 654 1.3571428571428572
222 223 1.7857142857142858
223 224 -0.5714285714285714
224 225 -0.9285714285714286
225 226 2.0
225 232 0.5714285714285714
225 240 -0.9285714285714286
225 275 -0.5714285714285714
226 301 -1.3571428571428572
226 310 -1.7857142857142858
226 335 1.3571428571428572
226 344 0.9285714285714286
227 228 1.3571428571428572
227 371 0.5714285714285714
227 381 1.7857142857142858
227 401 2.0
227 410 -2.0
228 229 0.5714285714285714
228 431 0.5714285714285714
228 463 0.9285714285714286
228 472 0.9285714285714286
229 497 -2.0
229 507 -1.3571428571428572
229 536 -1.7857142857142858
229 545 0.9285714285714286
230 644 2.0
230 654 2.0
231 232 -2.0
231 239 1.3571428571428572
232 233 -0.5714285714285714
232 239 -1.7857142857142858
232 240 -1.7857142857142858
233 234 -0.9285714285714286
233 240 0.5714285714285714
233 241 -0.9285714285714286
233 251 1.3571428571428572
233 260 1.7857142857142858
233 286 -0.9285714285714286
233 293 0.9285714285714286
234 235 0.5714285714285714
234 241 -0.5714285714285714
234 242 1.3571428571428572
234 319 -1.7857142857142858
234 328 2.0
234 356 -1.3571428571428572
234 364 -0.9285714285714286
235 236 -0.9285714285714286
235 242 0.9285714285714286
235 243 -0.5714285714285714
235 389 -1.3571428571428572
235 394 -1.3571428571428572
235 417 0.9285714285714286
235 425 0.5714285714285714
236 237 1.7857142857142858
236 243 2.0
236 244 -2.0
236 455 0.9285714285714286
236 482 -0.5714285714285714
236 491 -0.5714285714285714
237 238 -2.0
237 518 1.7857142857142858
237 528 0.5714285714285714
237 555 0.9285714285714286
237 564 0.5714285714285714
238 245 0.9285714285714286
238 590 -1.7857142857142858
238 598 -0.9285714285714286
238 637 -1.3571428571428572
239 240 1.7857142857142858
240 241 -2.0
240 251 0.9285714285714286
240 260 1.3571428571428572
241 242 2.0
241 286 -1.3571428571428572
241 293 -0.9285714285714286
241 319 0.9285714285714286
241 328 1.3571428571428572
242 243 2.0
242 356 -2.0
242 364 1.3571428571428572
242 389 1.3571428571428572
242 394 -2.0
243 244 1.3571428571428572
243 417 -1.3571428571428572
243 425 -1.3571428571428572
243 447 -1.7857142857142858
243 455 -0.9285714285714286
244 482 -0.9285714285714286
244 491 -1.3571428571428572
245 246 -2.0
245 627 1.3571428571428572
245 637 -0.5714285714285714
245 663 -2.0
245 671 -1.7857142857142858
246 247 0.5714285714285714
248 249 1.3571428571428572
248 257 1.3571428571428572
249 250 2.0
249 257 -0.5714285714285714
249 258 1.3571428571428572
250 251 -1.3571428571428572
250 258 0.5714285714285714
250 259 2.0
251 252 0.5714285714285714
251 259 1.7857142857142858
251 260 2.0
252 253 -1.7857142857142858
252 260 0.5714285714285714
252 261 0.5714285714285714
252 267 -0.9285714285714286
252 275 -1.7857142857142858
252 302 -2.0
252 310 -1.3571428571428572
253 261 -0.9285714285714286
253 262 -2.0
253 336 -1.7857142857142858
253 344 2.0
253 372 0.9285714285714286
253 381 1.3571428571428572
254 255 1.3571428571428572
254 263 1.3571428571428572
254 264 0.5714285714285714
254 464 0.5714285714285714
254 472 2.0
254 498 0.9285714285714286
254 507 1.7857142857142858
255 256 0.9285714285714286
255 264 -1.3571428571428572
255 265 2.0
255 545 -0.5714285714285714
255 572 -2.0
255 580 0.9285714285714286
256 265 0.9285714285714286
256 607 0.9285714285714286
256 616 -0.9285714285714286
256 645 2.0
256 654 -2.0
257 258 0.9285714285714286
258 259 0.5714285714285714
259 260 1.7857142857142858
260 261 0.9285714285714286
260 267 0.9285714285714286
261 262 -0.9285714285714286
261 302 1.3571428571428572
261 310 1.7857142857142858
261 336 -1.3571428571428572
261 344 -0.9285714285714286
262 263 -1.7857142857142858
262 372 -2.0
262 381 1.7857142857142858
262 402 1.3571428571428572
262 410 0.9285714285714286
263 264 0.9285714285714286
263 432 1.7857142857142858
263 464 -1.3571428571428572
263 472 1.3571428571428572
264 265 1.3571428571428572
264 498 -0.5714285714285714
264 507 -2.0
264 537 -0.9285714285714286
264 545 2.0
265 572 -1.7857142857142858
265 580 -1.3571428571428572
265 607 1.7857142857142858
266 274 -0.5714285714285714
267 268 0.9285714285714286
267 275 -0.9285714285714286
267 276 2.0
267 293 0.9285714285714286
268 269 0.9285714285714286
268 276 -2.0
268 277 1.3571428571428572
268 320 -2.0
268 328 0.9285714285714286
268 357 -1.7857142857142858
268 364 0.9285714285714286
269 270 -1.7857142857142858
269 277 0.5714285714285714
269 390 -0.5714285714285714
269 394 -1.7857142857142858
269 418 2.0
269 425 -1.7857142857142858
270 271 -2.0
270 278 -1.3571428571428572
270 455 -1.7857142857142858
270 483 0.5714285714285714
270 491 1.7857142857142858
271 272 2.0
271 278 -1.3571428571428572
271 279 -1.3571428571428572
271 519 0.5714285714285714
271 556 0.9285714285714286
271 564 -2.0
272 273 1.3571428571428572
272 279 2.0
272 280 -2.0
272 598 0.9285714285714286
272 628 0.5714285714285714
272 637 0.5714285714285714
273 280 -1.3571428571428572
273 281 -1.7857142857142858
273 664 -2.0
273 671 0.9285714285714286
274 275 -0.9285714285714286
276 287 -0.9285714285714286
276 293 2.0
276 320 0.9285714285714286
276 328 -2.0
277 357 0.5714285714285714
277 364 -0.9285714285714286
277 390 0.9285714285714286
277 394 1.3571428571428572
278 279 1.3571428571428572
278 483 2.0
278 519 -1.3571428571428572
278 528 0.9285714285714286
279 280 2.0
279 556 -0.9285714285714286
279 564 1.3571428571428572
279 598 -1.3571428571428572
280 281 -1.7857142857142858
280 628 0.9285714285714286
280 637 -0.5714285714285714
280 664 -0.9285714285714286
280 671 -1.3571428571428572
281 282 0.5714285714285714
283 284 -1.7857142857142858
284 285 0.5714285714285714
284 291 1.3571428571428572
285 286 -1.3571428571428572
285 291 2.0
285 292 1.3571428571428572
286 287 -0.9285714285714286
286 292 2.0
286 293 0.5714285714285714
287 288 -0.9285714285714286
287 293 2.0
287 294 1.3571428571428572
287 302 -0.5714285714285714
287 311 0.5714285714285714
288 289 1.3571428571428572
288 294 -1.3571428571428572
288 295 -1.7857142857142858
288 336 0.5714285714285714
288 345 0.5714285714285714
288 372 0.5714285714285714
288 382 -0.9285714285714286
289 295 2.0
289 296 -1.3571428571428572
289 402 -1.3571428571428572
289 411 -2.0
289 432 1.7857142857142858
289 438 0.9285714285714286
290 298 -0.9285714285714286
290 299 -2.0
290 607 -1.7857142857142858
290 617 -0.9285714285714286
290 645 -1.3571428571428572
290 655 1.3571428571428572
291 292 2.0
292 293 -0.5714285714285714
293 294 -0.9285714285714286
294 295 2.0
294 302 0.9285714285714286
294 311 1.3571428571428572
294 336 2.0
294 345 2.0
295 296 1.3571428571428572
295 372 -1.7857142857142858
295 382 -0.9285714285714286
295 402 -1.7857142857142858
295 411 2.0
296 297 2.0
296 432 -1.3571428571428572
296 438 2.0
296 464 2.0
296 473 -1.3571428571428572
297 298 -0.9285714285714286
297 498 2.0
297 508 -2.0
297 537 0.5714285714285714
298 299 2.0
298 572 0.5714285714285714
298 581 0.5714285714285714
298 607 -0.5714285714285714
298 617 -1.3571428571428572
299 645 0.9285714285714286
299 655 -0.9285714285714286
299 679 0.9285714285714286
299 687 2.0
300 301 -2.0
300 309 -0.9285714285714286
301 302 0.9285714285714286
301 309 0.5714285714285714
301 310 -0.5714285714285714
302 303 2.0
302 310 -1.3571428571428572
302 311 -0.9285714285714286
303 304 1.7857142857142858
303 311 -1.7857142857142858
303 312 -2.0
303 320 -0.5714285714285714
303 329 0.5714285714285714
303 357 -1.3571428571428572
304 305 2.0
304 312 -1.3571428571428572
304 390 2.0
304 395 -0.9285714285714286
304 418 -1.3571428571428572
305 456 -1.3571428571428572
305 483 1.3571428571428572
305 492 -2.0
306 307 0.5714285714285714
306 313 1.3571428571428572
306 314 0.5714285714285714
306 599 0.9285714285714286
306 628 -0.9285714285714286
306 638 1.3571428571428572
307 308 -1.3571428571428572
307 314 -1.3571428571428572
307 664 -1.3571428571428572
307 672 0.5714285714285714
308 315 2.0
309 310 0.5714285714285714
310 311 2.0
311 312 -1.3571428571428572
311 320 2.0
311 329 0.9285714285714286
312 357 2.0
312 390 -0.5714285714285714
312 395 0.9285714285714286
313 314 -2.0
313 556 1.3571428571428572
313 565 0.5714285714285714
313 599 0.5714285714285714
314 628 0.5714285714285714
314 638 2.0
314 664 -2.0
316 317 1.7857142857142858
317 318 2.0
317 326 -2.0
318 319 2.0
318 326 1.7857142857142858
318 327 -0.9285714285714286
319 320 1.3571428571428572
319 327 1.3571428571428572
320 321 1.3571428571428572
320 328 -1.3571428571428572
320 329 2.0
321 322 -0.5714285714285714
321 329 2.0
321 330 -1.3571428571428572
321 337 0.5714285714285714
321 345 0.5714285714285714
321 373 2.0
321 382 -0.9285714285714286
322 323 2.0
322 330 1.3571428571428572
322 331 -1.7857142857142858
322 403 -1.3571428571428572
322 411 -1.3571428571428572
322 433 0.9285714285714286
322 438 -0.5714285714285714
323 324 -2.0
323 331 1.3571428571428572
323 332 1.7857142857142858
323 473 2.0
323 499 -1.7857142857142858
323 508 -2.0
324 325 1.7857142857142858
324 332 -0.5714285714285714
324 333 -1.3571428571428572
324 538 -1.3571428571428572
324 573 2.0
324 581 -0.9285714285714286
325 333 1.7857142857142858
325 334 -1.7857142857142858
325 608 1.3571428571428572
325 617 -0.5714285714285714
325 646 0.5714285714285714
325 655 -2.0
326 327 -1.3571428571428572
327 328 -0.5714285714285714
329 330 -2.0
329 337 -2.0
329 345 -0.5714285714285714
330 331 -1.3571428571428572
330 373 0.9285714285714286
330 382 -1.7857142857142858
330 403 -1.3571428571428572
330 411 -1.3571428571428572
331 332 2.0
331 433 1.7857142857142858
331 438 -0.9285714285714286
331 473 0.5714285714285714
332 333 -0.9285714285714286
332 499 -2.0
332 508 -0.9285714285714286
332 538 -2.0
333 334 0.5714285714285714
333 573 -0.9285714285714286
333 581 0.5714285714285714
333 608 2.0
333 617 2.0
334 646 1.3571428571428572
334 655 0.9285714285714286
334 680 0.5714285714285714
334 687 -1.3571428571428572
335 336 -2.0
335 344 2.0
336 337 0.5714285714285714
336 344 1.3571428571428572
336 345 -0.9285714285714286
337 338 -0.9285714285714286
337 345 2.0
337 346 1.7857142857142858
337 358 -2.0
338 339 1.7857142857142858
338 347 -2.0
338 391 2.0
338 395 1.7857142857142858
338 419 1.3571428571428572
339 340 -2.0
339 347 1.3571428571428572
339 348 1.3571428571428572
339 456 0.9285714285714286
339 484 2.0
339 492 -0.9285714285714286
340 341 -1.7857142857142858
340 348 -1.3571428571428572
340 349 0.9285714285714286
340 520 0.9285714285714286
340 529 0.9285714285714286
340 557 -2.0
340 565 1.7857142857142858
341 342 0.5714285714285714
341 350 2.0
341 591 2.0
341 629 1.7857142857142858
341 638 2.0
342 343 -1.3571428571428572
342 350 -0.5714285714285714
342 351 -0.5714285714285714
342 672 1.3571428571428572
343 351 0.9285714285714286
343 352 1.7857142857142858
344 345 1.7857142857142858
345 346 0.5714285714285714
346 347 -1.7857142857142858
346 358 -2.0
346 391 -1.3571428571428572
346 395 2.0
347 348 0.9285714285714286
347 419 -0.9285714285714286
347 456 -0.5714285714285714
348 349 -0.9285714285714286
348 484 -0.9285714285714286
348 492 0.5714285714285714
348 520 -1.3571428571428572
348 529 1.7857142857142858
349 350 -1.7857142857142858
349 557 -2.0
349 565 1.3571428571428572
349 591 -2.0
349 599 0.9285714285714286
350 351 1.3571428571428572
350 629 0.9285714285714286
350 638 -2.0
350 665 -0.5714285714285714
350 672 -1.3571428571428572
351 352 -0.5714285714285714
353 354 -1.3571428571428572
354 355 1.3571428571428572
354 363 0.5714285714285714
355 363 -2.0
356 357 -1.3571428571428572
356 364 -1.3571428571428572
357 358 -2.0
357 364 1.3571428571428572
358 359 2.0
358 365 1.7857142857142858
358 373 -2.0
359 360 -1.3571428571428572
359 365 -0.9285714285714286
359 366 0.5714285714285714
359 403 -0.9285714285714286
359 412 2.0
359 433 1.3571428571428572
359 439 1.7857142857142858
360 361 2.0
360 366 -0.9285714285714286
360 367 -0.9285714285714286
360 474 -1.3571428571428572
360 499 -1.3571428571428572
360 509 0.9285714285714286
361 362 -0.5714285714285714
361 367 1.7857142857142858
361 368 -1.3571428571428572
361 538 -2.0
361 546 -0.9285714285714286
361 573 -0.9285714285714286
361 582 -2.0
362 368 -1.3571428571428572
362 369 2.0
362 608 -2.0
362 618 -1.7857142857142858
362 646 -0.9285714285714286
362 656 -0.5714285714285714
365 366 2.0
365 373 -0.9285714285714286
365 412 1.3571428571428572
366 367 0.9285714285714286
366 474 2.0
367 368 -0.5714285714285714
367 499 0.9285714285714286
367 509 2.0
367 538 -1.7857142857142858
367 546 -0.9285714285714286
368 369 -1.7857142857142858
368 582 -1.7857142857142858
368 608 -1.7857142857142858
368 618 1.7857142857142858
369 646 1.7857142857142858
369 656 1.7857142857142858
369 680 1.3571428571428572
369 688 0.5714285714285714
370 380 1.7857142857142858
371 372 1.3571428571428572
371 380 0.9285714285714286
371 381 2.0
372 373 -0.9285714285714286
372 381 0.5714285714285714
372 382 0.5714285714285714
373 374 0.5714285714285714
373 382 0.9285714285714286
374 375 -0.5714285714285714
374 383 -0.5714285714285714
374 391 0.9285714285714286
374 396 -2.0
374 419 -1.3571428571428572
374 426 0.5714285714285714
375 376 0.9285714285714286
375 383 0.5714285714285714
375 384 0.5714285714285714
375 457 2.0
375 484 0.9285714285714286
376 377 0.9285714285714286
376 384 0.9285714285714286
376 385 -2.0
376 520 -1.7857142857142858
376 530 1.7857142857142858
376 557 -0.5714285714285714
376 566 0.5714285714285714
377 378 2.0
377 385 -1.3571428571428572
377 386 -1.3571428571428572
377 591 1.7857142857142858
377 600 -0.5714285714285714
377 629 1.3571428571428572
378 379 0.5714285714285714
378 386 2.0
378 665 -0.9285714285714286
378 673 0.9285714285714286
379 387 1.3571428571428572
380 381 0.9285714285714286
381 382 1.3571428571428572
383 384 0.5714285714285714
383 419 1.3571428571428572
383 426 -0.9285714285714286
383 457 -0.9285714285714286
384 385 1.7857142857142858
384 484 -1.3571428571428572
384 520 -1.7857142857142858
384 530 -1.3571428571428572
385 386 0.9285714285714286
385 557 -0.9285714285714286
385 566 -0.9285714285714286
385 600 1.3571428571428572
386 629 1.7857142857142858
386 639 -2.0
386 665 0.9285714285714286
386 673 -0.9285714285714286
389 390 1.3571428571428572
390 391 0.5714285714285714
390 394 0.5714285714285714
390 395 0.5714285714285714
391 395 0.9285714285714286
391 396 1.3571428571428572
392 393 -0.5714285714285714
392 397 -1.7857142857142858
392 398 2.0
392 465 1.7857142857142858
392 474 0.5714285714285714
392 500 -1.7857142857142858
392 509 2.0
393 398 -1.3571428571428572
393 539 -2.0
393 546 -1.7857142857142858
393 574 -1.3571428571428572
393 582 -2.0
394 395 2.0
395 396 1.3571428571428572
396 397 1.3571428571428572
396 412 1.3571428571428572
397 398 -2.0
397 439 1.7857142857142858
397 465 -2.0
397 474 -1.3571428571428572
398 500 2.0
398 509 1.7857142857142858
398 539 -2.0
398 546 -2.0
399 647 -0.5714285714285714
399 681 2.0
399 688 -1.7857142857142858
400 401 -1.3571428571428572
400 409 -2.0
401 402 -2.0
401 409 0.5714285714285714
401 410 -1.3571428571428572
402 403 1.7857142857142858
402 410 0.9285714285714286
402 411 -1.7857142857142858
403 411 -0.5714285714285714
403 412 0.9285714285714286
404 413 -1.3571428571428572
404 414 0.5714285714285714
404 448 1.3571428571428572
404 457 -2.0
405 406 -2.0
405 414 -1.3571428571428572
405 521 -1.7857142857142858
405 530 1.7857142857142858
405 558 -2.0
405 566 -0.5714285714285714
406 407 0.5714285714285714
406 592 0.5714285714285714
406 600 1.3571428571428572
406 639 0.9285714285714286
407 408 0.5714285714285714
407 415 0.9285714285714286
407 666 0.9285714285714286
407 673 0.5714285714285714
408 415 -1.7857142857142858
408 416 -1.7857142857142858
409 410 -0.9285714285714286
410 411 1.7857142857142858
411 412 0.9285714285714286
412 413 -1.3571428571428572
413 414 2.0
413 420 1.3571428571428572
413 426 1.7857142857142858
413 448 0.9285714285714286
413 457 -2.0
414 521 2.0
414 530 1.7857142857142858
415 416 0.9285714285714286
417 418 -1.3571428571428572
417 425 -0.5714285714285714
418 419 1.3571428571428572
418 425 -2.0
419 420 -0.5714285714285714
419 426 0.5714285714285714
420 421 0.9285714285714286
420 426 -1.3571428571428572
420 427 -0.5714285714285714
420 440 1.7857142857142858
421 422 0.9285714285714286
421 427 -2.0
421 428 1.7857142857142858
421 465 2.0
421 475 0.5714285714285714
421 500 1.7857142857142858
421 510 1.3571428571428572
422 423 2.0
422 428 -1.3571428571428572
422 429 2.0
422 539 -0.5714285714285714
422 547 1.3571428571428572
422 574 -1.7857142857142858
422 583 0.5714285714285714
423 429 0.9285714285714286
423 609 0.9285714285714286
423 619 -0.9285714285714286
423 647 -0.9285714285714286
423 657 0.9285714285714286
426 427 -0.9285714285714286
427 428 -0.5714285714285714
427 440 0.9285714285714286
427 465 -0.9285714285714286
427 475 2.0
428 429 -2.0
428 500 -0.9285714285714286
428 510 -2.0
428 539 -0.9285714285714286
428 547 1.3571428571428572
429 574 -1.7857142857142858
429 583 -0.5714285714285714
429 609 0.5714285714285714
430 431 0.9285714285714286
431 432 -0.9285714285714286
432 433 2.0
432 438 -1.3571428571428572
433 438 -2.0
433 439 -1.7857142857142858
434 435 -0.9285714285714286
434 440 -1.3571428571428572
434 441 -1.7857142857142858
434 448 1.3571428571428572
434 458 0.9285714285714286
435 436 -1.7857142857142858
435 441 -1.3571428571428572
435 521 2.0
435 531 -1.3571428571428572
435 558 1.7857142857142858
435 567 -1.7857142857142858
436 437 -2.0
436 442 0.5714285714285714
436 443 2.0
436 592 0.9285714285714286
436 601 -1.7857142857142858
436 630 -1.3571428571428572
436 640 -0.9285714285714286
437 443 -1.3571428571428572
437 666 -1.3571428571428572
437 674 0.5714285714285714
438 439 -2.0
439 440 1.3571428571428572
440 441 -0.5714285714285714
440 448 0.9285714285714286
440 458 -0.5714285714285714
441 442 -1.3571428571428572
441 521 -2.0
442 443 2.0
442 558 -0.5714285714285714
442 592 -1.7857142857142858
442 601 -2.0
443 630 -1.7857142857142858
443 640 -0.5714285714285714
443 666 -0.9285714285714286
443 674 1.7857142857142858
445 452 -0.9285714285714286
446 452 1.7857142857142858
446 453 -1.7857142857142858
447 454 -1.7857142857142858
447 455 1.7857142857142858
448 449 0.9285714285714286
448 457 -0.5714285714285714
448 458 0.9285714285714286
449 450 -1.3571428571428572
449 458 0.9285714285714286
449 459 1.7857142857142858
449 466 1.7857142857142858
449 475 -0.5714285714285714
449 501 -0.5714285714285714
449 510 -0.5714285714285714
450 451 -2.0
450 459 -1.3571428571428572
450 460 0.9285714285714286
450 540 -2.0
450 547 1.3571428571428572
450 575 -1.3571428571428572
450 583 -0.9285714285714286
451 460 2.0
451 461 -0.5714285714285714
451 610 1.3571428571428572
451 619 -0.5714285714285714
451 657 -1.7857142857142858
452 453 1.3571428571428572
453 454 2.0
454 455 -0.9285714285714286
455 456 0.9285714285714286
456 457 1.3571428571428572
457 458 0.5714285714285714
458 459 1.7857142857142858
458 466 1.3571428571428572
458 475 -1.3571428571428572
459 460 1.7857142857142858
459 501 -0.5714285714285714
459 510 1.7857142857142858
459 540 2.0
460 461 -1.7857142857142858
460 575 -0.9285714285714286
460 583 0.5714285714285714
460 610 -1.3571428571428572
460 619 2.0
461 648 0.9285714285714286
461 657 -1.7857142857142858
461 682 -1.3571428571428572
461 689 1.3571428571428572
462 463 0.9285714285714286
462 471 -2.0
463 464 1.3571428571428572
463 471 2.0
463 472 -1.3571428571428572
464 472 -0.5714285714285714
464 473 2.0
465 466 -1.7857142857142858
465 474 -0.9285714285714286
465 475 -1.7857142857142858
466 467 0.5714285714285714
466 475 -1.3571428571428572
466 476 -1.7857142857142858
466 485 -1.3571428571428572
467 468 2.0
467 476 2.0
467 477 -0.5714285714285714
467 522 0.5714285714285714
467 531 -1.3571428571428572
467 559 -0.5714285714285714
467 567 -2.0
468 469 0.5714285714285714
468 477 0.9285714285714286
468 478 -1.7857142857142858
468 593 -1.3571428571428572
468 601 -2.0
468 631 -2.0
468 640 -0.5714285714285714
469 470 1.7857142857142858
469 478 0.5714285714285714
469 667 2.0
469 674 0.9285714285714286
471 472 1.7857142857142858
472 473 1.7857142857142858
473 474 0.9285714285714286
474 475 -1.7857142857142858
475 476 -0.9285714285714286
476 477 -0.5714285714285714
476 485 1.7857142857142858
476 531 -1.3571428571428572
477 478 -1.7857142857142858
477 559 -2.0
477 567 1.3571428571428572
477 593 -2.0
477 601 0.5714285714285714
478 631 0.9285714285714286
478 640 0.5714285714285714
478 667 -1.7857142857142858
478 674 0.5714285714285714
479 480 -2.0
479 488 1.3571428571428572
480 481 0.9285714285714286
480 488 1.7857142857142858
480 489 -1.3571428571428572
481 482 -1.7857142857142858
481 489 -0.9285714285714286
481 490 1.3571428571428572
482 483 0.9285714285714286
482 490 -0.9285714285714286
482 491 -1.7857142857142858
483 484 -2.0
483 491 -1.3571428571428572
483 492 1.7857142857142858
484 492 0.5714285714285714
485 486 -0.9285714285714286
485 493 -0.5714285714285714
485 501 2.0
485 511 -0.9285714285714286
486 487 -1.3571428571428572
486 493 -0.5714285714285714
486 494 1.7857142857142858
486 540 -1.3571428571428572
486 548 -2.0
486 575 -1.3571428571428572
486 584 -1.7857142857142858
487 494 0.9285714285714286
487 495 0.5714285714285714
487 610 -2.0
487 620 1.7857142857142858
487 648 0.5714285714285714
488 489 -1.7857142857142858
489 490 -0.5714285714285714
490 491 -0.9285714285714286
491 492 1.7857142857142858
493 494 -2.0
493 501 1.3571428571428572
493 511 -0.9285714285714286
493 540 0.5714285714285714
493 548 0.5714285714285714
494 495 0.5714285714285714
494 575 0.5714285714285714
494 584 -1.7857142857142858
494 610 -2.0
494 620 0.5714285714285714
495 648 2.0
495 682 0.5714285714285714
495 690 2.0
496 497 0.9285714285714286
496 506 -1.3571428571428572
497 498 -2.0
497 506 1.7857142857142858
497 507 -1.7857142857142858
498 499 -1.7857142857142858
498 507 -0.5714285714285714
498 508 0.5714285714285714
499 500 -2.0
499 508 2.0
499 509 -2.0
500 501 -1.3571428571428572
500 509 1.7857142857142858
500 510 -0.5714285714285714
501 502 0.9285714285714286
501 510 -1.3571428571428572
502 503 -1.3571428571428572
502 512 -0.9285714285714286
502 522 -0.5714285714285714
502 532 2.0
502 559 0.9285714285714286
502 568 2.0
503 504 0.9285714285714286
503 512 2.0
503 513 -2.0
503 593 2.0
503 602 0.9285714285714286
503 631 -2.0
503 641 0.9285714285714286
504 505 0.9285714285714286
504 513 1.3571428571428572
504 514 -0.9285714285714286
504 667 -0.9285714285714286
504 675 -0.5714285714285714
505 514 1.3571428571428572
505 515 2.0
506 507 2.0
507 508 -2.0
508 509 0.5714285714285714
509 510 1.7857142857142858
510 511 1.3571428571428572
511 522 1.7857142857142858
511 532 -0.9285714285714286
512 513 -0.9285714285714286
512 559 0.5714285714285714
512 568 -1.7857142857142858
512 593 1.7857142857142858
512 602 1.3571428571428572
513 514 -0.9285714285714286
513 631 -0.9285714285714286
513 641 -0.5714285714285714
513 667 0.5714285714285714
513 675 -2.0
514 515 0.5714285714285714
516 525 -1.7857142857142858
517 526 -0.5714285714285714
517 527 1.3571428571428572
518 519 -1.3571428571428572
518 527 -2.0
518 528 -0.9285714285714286
519 520 1.7857142857142858
519 528 1.7857142857142858
519 529 -1.3571428571428572
520 521 -0.9285714285714286
520 529 -0.5714285714285714
520 530 -2.0
521 522 -0.5714285714285714
521 530 -0.5714285714285714
521 531 0.9285714285714286
522 523 1.3571428571428572
522 531 -0.9285714285714286
522 532 -1.3571428571428572
523 524 -0.5714285714285714
523 532 0.9285714285714286
523 533 -0.5714285714285714
523 548 -0.5714285714285714
523 576 -1.7857142857142858
523 584 2.0
524 533 0.9285714285714286
524 534 -0.9285714285714286
524 611 1.3571428571428572
524 620 1.3571428571428572
524 649 -1.3571428571428572
525 526 -0.9285714285714286
526 527 -1.3571428571428572
527 528 2.0
528 529 1.7857142857142858
529 530 -1.7857142857142858
530 531 1.7857142857142858
531 532 0.5714285714285714
532 533 2.0
532 548 -2.0
533 534 -0.9285714285714286
533 576 -2.0
533 584 2.0
533 611 2.0
533 620 1.3571428571428572
534 649 -1.7857142857142858
534 683 2.0
534 690 -2.0
535 536 1.7857142857142858
535 544 0.9285714285714286
536 537 1.7857142857142858
536 544 -1.3571428571428572
536 545 -2.0
537 538 2.0
537 545 2.0
538 539 0.9285714285714286
538 546 1.3571428571428572
539 540 1.3571428571428572
539 546 1.7857142857142858
539 547 1.3571428571428572
540 547 -1.7857142857142858
540 548 -0.9285714285714286
541 542 0.9285714285714286
541 549 -0.5714285714285714
541 550 0.5714285714285714
541 594 2.0
541 602 -2.0
541 632 1.3571428571428572
541 641 -2.0
542 543 -1.7857142857142858
542 550 0.5714285714285714
542 551 -1.7857142857142858
542 668 -2.0
542 675 0.5714285714285714
543 551 -0.5714285714285714
543 552 0.9285714285714286
544 545 1.3571428571428572
546 547 -0.9285714285714286
547 548 -1.3571428571428572
548 549 -0.5714285714285714
549 550 -1.3571428571428572
549 560 1.7857142857142858
549 568 -0.5714285714285714
549 602 -1.3571428571428572
550 551 1.3571428571428572
550 632 1.7857142857142858
550 641 0.9285714285714286
550 668 2.0
550 675 -0.9285714285714286
551 552 1.7857142857142858
553 554 1.3571428571428572
553 561 -1.7857142857142858
554 561 -0.5714285714285714
554 562 -2.0
555 556 1.3571428571428572
555 563 1.3571428571428572
555 564 -2.0
556 557 0.5714285714285714
556 564 1.7857142857142858
556 565 1.7857142857142858
557 558 -0.5714285714285714
557 565 -2.0
557 566 -1.3571428571428572
558 559 0.9285714285714286
558 566 1.3571428571428572
558 567 1.7857142857142858
559 560 -1.7857142857142858
559 567 2.0
559 568 0.5714285714285714
560 568 2.0
560 569 -0.5714285714285714
560 576 -1.3571428571428572
561 562 -2.0
562 563 -1.7857142857142858
563 564 1.3571428571428572
564 565 0.9285714285714286
566 567 2.0
567 568 2.0
568 569 1.3571428571428572
569 570 0.9285714285714286
569 576 0.5714285714285714
569 611 -0.9285714285714286
569 621 0.5714285714285714
570 649 2.0
570 683 -0.9285714285714286
570 691 -1.3571428571428572
572 573 -2.0
572 580 -1.3571428571428572
572 581 2.0
573 574 -0.9285714285714286
573 581 0.9285714285714286
573 582 -0.9285714285714286
574 575 0.5714285714285714
574 582 -0.5714285714285714
574 583 1.3571428571428572
575 576 2.0
575 583 0.9285714285714286
575 584 -1.3571428571428572
576 577 0.9285714285714286
576 584 -1.3571428571428572
577 578 -1.7857142857142858
577 585 -1.7857142857142858
577 594 -0.9285714285714286
577 603 -1.7857142857142858
577 632 0.5714285714285714
578 579 -0.9285714285714286
578 585 0.5714285714285714
578 586 0.9285714285714286
578 668 1.7857142857142858
578 676 1.3571428571428572
579 586 1.7857142857142858
579 587 -1.3571428571428572
580 581 1.3571428571428572
581 582 -1.3571428571428572
582 583 -1.7857142857142858
583 584 -1.7857142857142858
585 586 -1.3571428571428572
585 632 -1.7857142857142858
585 668 -1.3571428571428572
585 676 0.5714285714285714
586 587 -0.5714285714285714
588 589 -1.7857142857142858
588 595 2.0
588 596 0.9285714285714286
589 590 1.3571428571428572
589 596 2.0
589 597 0.9285714285714286
590 597 1.3571428571428572
590 598 -1.3571428571428572
591 592 -0.5714285714285714
591 599 -1.7857142857142858
591 600 -0.9285714285714286
592 593 -1.7857142857142858
592 600 -1.3571428571428572
592 601 -2.0
593 594 2.0
593 601 1.7857142857142858
593 602 -1.7857142857142858
594 602 -1.3571428571428572
594 603 0.9285714285714286
595 596 1.3571428571428572
596 597 1.3571428571428572
597 598 -0.5714285714285714
598 599 0.9285714285714286
599 600 -2.0
600 601 -2.0
601 602 2.0
602 603 2.0
603 604 2.0
603 612 0.9285714285714286
603 621 0.5714285714285714
604 650 -2.0
604 684 -2.0
604 691 -0.9285714285714286
605 606 0.9285714285714286
605 615 1.7857142857142858
606 607 -0.5714285714285714
606 615 -0.9285714285714286
606 616 0.5714285714285714
607 608 0.5714285714285714
607 617 -2.0
608 609 2.0
608 617 -1.3571428571428572
608 618 0.9285714285714286
609 610 -1.7857142857142858
609 618 0.5714285714285714
609 619 0.9285714285714286
610 611 0.5714285714285714
610 619 2.0
610 620 2.0
611 612 1.3571428571428572
611 620 -0.5714285714285714
611 621 0.9285714285714286
612 613 -0.9285714285714286
612 621 -1.3571428571428572
612 622 -2.0
612 633 1.3571428571428572
613 614 1.7857142857142858
613 622 -2.0
613 623 0.9285714285714286
613 676 -1.7857142857142858
614 623 1.7857142857142858
614 624 0.9285714285714286
615 616 1.7857142857142858
616 617 -0.9285714285714286
617 618 -1.3571428571428572
618 619 -2.0
619 620 -2.0
620 621 -2.0
621 622 -1.3571428571428572
622 623 1.7857142857142858
622 633 -0.9285714285714286
622 676 -1.3571428571428572
623 624 1.3571428571428572
625 626 -1.7857142857142858
625 634 1.3571428571428572
625 635 -1.3571428571428572
626 627 1.7857142857142858
626 635 0.9285714285714286
626 636 -0.5714285714285714
627 628 -0.5714285714285714
627 636 -0.9285714285714286
627 637 -0.5714285714285714
628 629 -1.7857142857142858
628 637 -1.3571428571428572
628 638 1.3571428571428572
629 630 -1.3571428571428572
629 638 0.5714285714285714
629 639 -2.0
630 631 2.0
630 639 -0.9285714285714286
630 640 0.9285714285714286
631 632 1.3571428571428572
631 640 0.9285714285714286
631 641 1.7857142857142858
632 633 -1.7857142857142858
632 641 1.7857142857142858
633 642 -1.3571428571428572
633 650 2.0
633 658 -1.7857142857142858
634 635 -1.7857142857142858
635 636 0.9285714285714286
636 637 -0.5714285714285714
637 638 2.0
638 639 -1.7857142857142858
639 640 -0.5714285714285714
640 641 1.7857142857142858
642 650 -0.9285714285714286
642 658 2.0
642 684 -2.0
642 692 1.3571428571428572
643 644 2.0
643 653 1.3571428571428572
644 645 0.9285714285714286
644 653 -2.0
644 654 -1.3571428571428572
645 646 -0.5714285714285714
645 654 0.5714285714285714
645 655 -0.5714285714285714
646 647 1.3571428571428572
646 655 0.9285714285714286
646 656 1.3571428571428572
647 648 -2.0
647 656 0.9285714285714286
647 657 -1.3571428571428572
648 649 -0.9285714285714286
648 657 1.3571428571428572
649 650 1.3571428571428572
650 651 -2.0
650 658 -2.0
651 652 -1.3571428571428572
651 658 -0.9285714285714286
651 659 -1.3571428571428572
651 677 -2.0
652 659 0.9285714285714286
652 660 1.3571428571428572
653 654 2.0
654 655 0.9285714285714286
655 656 0.9285714285714286
656 657 -2.0
658 659 2.0
658 677 2.0
661 669 1.7857142857142858
662 663 1.3571428571428572
662 670 -1.7857142857142858
663 664 -2.0
663 670 -2.0
663 671 0.9285714285714286
664 665 0.9285714285714286
664 671 -2.0
664 672 0.5714285714285714
665 666 0.5714285714285714
665 672 -1.7857142857142858
665 673 -2.0
666 667 2.0
666 673 0.9285714285714286
667 668 1.7857142857142858
667 674 -1.7857142857142858
667 675 -0.5714285714285714
668 675 -1.3571428571428572
668 676 2.0
670 671 -1.3571428571428572
671 672 1.7857142857142858
672 673 -2.0
673 674 0.9285714285714286
674 675 -0.5714285714285714
675 676 1.7857142857142858
676 677 -2.0
677 685 0.9285714285714286
677 692 0.9285714285714286
679 680 0.9285714285714286
679 687 1.7857142857142858
680 681 -0.5714285714285714
680 687 -1.3571428571428572
680 688 2.0
681 682 2.0
681 688 -2.0
681 689 1.3571428571428572
682 683 -0.5714285714285714
682 690 -2.0
683 684 -2.0
683 690 1.7857142857142858
683 691 -1.7857142857142858
684 685 -2.0
684 691 -1.3571428571428572
684 692 1.3571428571428572
685 686 1.3571428571428572
685 692 1.3571428571428572
685 693 2.0
686 693 0.9285714285714286
686 694 -0.5714285714285714
687 688 -2.0
688 689 0.9285714285714286
689 690 0.9285714285714286
690 691 2.0
691 692 1.7857142857142858
692 693 -0.9285714285714286
693 694 -1.7857142857142858
