568 2289
1 1 2.6428571428571432
2 2 -2.5
3 3 -0.8571428571428572
4 4 3.428571428571429
5 5 -3.5
6 6 1.8571428571428572
7 7 1.5714285714285716
8 8 1.5714285714285714
9 9 -2.2142857142857144
10 10 -4.642857142857142
11 11 5.071428571428572
12 12 4.428571428571429
13 13 5.142857142857143
14 14 4.428571428571429
15 15 -5.428571428571429
16 16 1.714285714285714
17 17 -1.1428571428571426
18 18 1.5000000000000004
19 19 5.0
20 20 -3.0714285714285716
21 21 0.9285714285714286
22 22 2.428571428571429
23 23 -2.857142857142857
24 24 -0.5
25 25 2.8571428571428568
26 26 6.428571428571429
27 27 -3.428571428571429
28 28 2.0
29 29 -2.3571428571428577
30 30 2.928571428571429
31 31 -1.2857142857142858
32 32 4.714285714285714
33 33 -6.142857142857142
34 34 -2.7142857142857144
35 35 -6.357142857142858
36 36 4.5
37 37 3.7857142857142856
38 38 1.2857142857142858
39 39 -4.357142857142858
40 40 -3.2857142857142856
41 41 -3.642857142857143
42 42 6.928571428571429
43 43 2.6428571428571432
44 44 -0.4999999999999998
45 45 2.928571428571429
46 46 5.857142857142857
47 47 2.7142857142857144
48 48 -4.357142857142858
49 49 -1.8571428571428568
50 50 -0.7142857142857144
51 51 1.5
52 52 -0.6428571428571428
53 53 -0.14285714285714324
54 54 -0.49999999999999956
55 55 4.571428571428571
56 56 -0.7857142857142854
57 57 -4.142857142857143
58 58 1.2142857142857144
59 59 1.5
60 60 7.642857142857144
61 61 0.2857142857142856
62 62 -1.0
63 63 -0.9999999999999998
64 64 -2.2857142857142856
65 65 1.6428571428571426
66 66 -1.7857142857142858
67 67 -5.428571428571429
68 68 7.071428571428571
69 69 1.0000000000000002
70 70 -0.5714285714285714
71 71 -0.07142857142857117
72 72 -5.785714285714286
73 73 -2.857142857142857
74 74 -0.5
75 75 1.1428571428571428
76 76 8.0
77 77 1.0714285714285714
78 78 3.6428571428571432
79 79 -2.571428571428571
80 80 -1.3571428571428572
81 81 2.571428571428572
83 83 3.642857142857143
84 84 -1.9999999999999998
85 85 -0.642857142857143
86 86 3.0714285714285716
87 87 0.642857142857143
88 88 1.857142857142857
89 89 -2.3571428571428577
90 90 -3.2142857142857144
91 91 1.357142857142857
92 92 5.571428571428571
93 93 2.7142857142857144
94 94 5.5
95 95 1.7142857142857149
96 96 4.428571428571429
97 97 1.5
98 98 -2.571428571428572
99 99 -2.071428571428571
100 100 4.071428571428571
101 101 4.0
102 102 -1.2142857142857144
103 103 0.7857142857142854
104 104 -6.142857142857142
105 105 0.35714285714285765
106 106 -3.1428571428571432
107 107 0.785714285714286
108 108 -1.357142857142857
109 109 -3.1428571428571432
110 110 -4.142857142857143
111 111 -2.5
112 112 -4.0
113 113 2.7857142857142856
114 114 1.7857142857142858
115 115 -1.7857142857142858
116 116 1.4285714285714284
117 117 -1.7142857142857144
118 118 0.7142857142857135
119 119 -4.142857142857143
120 120 3.7857142857142856
121 121 0.5714285714285718
122 122 1.5714285714285714
123 123 -5.5
124 124 -2.7142857142857135
125 125 -0.5714285714285712
126 126 4.7857142857142865
127 127 1.2857142857142858
128 128 0.7142857142857144
129 129 2.857142857142857
130 130 -0.5714285714285721
131 131 -2.2857142857142856
132 132 1.357142857142857
133 133 1.642857142857143
134 134 1.1428571428571428
135 135 0.6428571428571428
136 136 -0.4285714285714286
137 137 1.3571428571428572
138 138 -4.714285714285714
139 139 -2.5714285714285716
140 140 -4.928571428571429
141 141 0.8571428571428572
142 142 -4.428571428571429
143 143 -1.0
144 144 5.2857142857142865
145 145 -0.2142857142857144
146 146 -6.642857142857143
147 147 -3.5
148 148 1.7142857142857144
149 149 -0.2857142857142858
150 150 -2.928571428571429
151 151 -1.4285714285714286
152 152 -2.5714285714285716
153 153 -2.1428571428571423
154 154 -3.4285714285714284
155 155 -5.428571428571429
156 156 7.571428571428571
157 157 2.071428571428571
158 158 -1.8571428571428572
159 159 -1.571428571428572
160 160 3.0
161 161 -0.7142857142857142
162 162 -1.2142857142857144
163 163 -1.3571428571428574
164 164 -2.5714285714285716
165 165 5.928571428571429
166 166 4.928571428571429
167 167 3.071428571428572
168 168 2.571428571428571
169 169 8.571428571428571
170 170 4.928571428571429
171 171 2.7857142857142856
172 172 -0.642857142857143
173 173 0.5
174 174 1.1428571428571428
175 175 6.2857142857142865
176 176 -3.071428571428571
177 177 -1.7142857142857149
178 178 -3.2857142857142856
179 179 -1.7857142857142858
180 180 -2.4285714285714284
181 181 -0.07142857142857206
182 182 3.7857142857142856
183 183 -4.2857142857142865
184 184 4.142857142857144
185 185 3.5714285714285716
186 186 7.2857142857142865
187 187 -0.5714285714285714
188 188 -5.642857142857142
189 189 -8.357142857142858
190 190 1.7857142857142858
191 191 -1.0714285714285714
192 192 2.1428571428571432
193 193 -2.0714285714285716
194 194 0.5714285714285714
195 195 -2.2142857142857144
196 196 4.714285714285714
197 197 -4.214285714285714
198 198 -4.428571428571429
199 199 4.571428571428571
200 200 3.7142857142857144
201 201 -2.7857142857142856
202 202 -2.220446049250313e-16
203 203 4.214285714285714
204 204 -1.8571428571428574
205 205 -0.571428571428571
206 206 3.0
207 207 -2.1428571428571432
208 208 -0.7857142857142858
209 209 0.8571428571428572
210 210 3.5
211 211 2.7142857142857144
212 212 -4.571428571428571
213 213 -2.0714285714285716
214 214 -3.2142857142857144
215 215 -4.142857142857143
216 216 0.8571428571428572
217 217 -3.6428571428571432
218 218 -1.5
219 219 -1.642857142857143
220 220 1.4285714285714286
221 221 -7.2857142857142865
222 222 -1.142857142857143
223 223 0.4285714285714286
224 224 2.1428571428571432
225 225 -4.214285714285714
226 226 -3.071428571428572
227 227 -1.7857142857142858
228 228 1.5000000000000002
229 229 -1.3571428571428572
230 230 -4.571428571428572
231 231 0.4999999999999998
232 232 0.0714285714285714
233 233 2.2142857142857144
234 234 2.7857142857142856
235 235 -2.500000000000001
236 236 2.928571428571429
237 237 -0.0714285714285714
238 238 -3.1428571428571432
239 239 2.714285714285714
240 240 3.928571428571429
241 241 1.7857142857142858
242 242 2.214285714285714
243 243 5.0
244 244 3.357142857142857
245 245 -1.9285714285714288
246 246 -0.35714285714285676
247 247 -0.0714285714285714
248 248 -1.8571428571428572
249 249 3.3571428571428577
250 250 2.3571428571428577
251 251 -0.28571428571428537
252 252 -2.5
253 253 2.714285714285714
254 254 3.5
255 255 -4.428571428571429
256 256 -0.9285714285714284
257 257 2.7142857142857144
258 258 3.8571428571428577
259 259 3.0714285714285716
261 261 -1.1428571428571435
262 262 2.8571428571428577
263 263 -1.8571428571428572
264 264 6.5
265 265 7.357142857142857
266 266 4.7857142857142865
267 267 2.7142857142857144
268 268 4.0
269 269 -2.5714285714285716
270 270 3.2857142857142865
271 271 5.0
272 272 9.285714285714285
273 273 -0.8571428571428577
274 274 -1.0
275 275 3.357142857142857
276 276 -3.642857142857143
277 277 -3.357142857142857
278 278 2.428571428571429
279 279 1.1428571428571432
280 280 -0.7857142857142856
281 281 -2.071428571428571
282 282 -5.428571428571428
283 283 -8.285714285714285
284 284 0.2142857142857144
285 285 6.714285714285714
286 286 4.928571428571429
287 287 10.714285714285715
288 288 2.1428571428571432
289 289 4.5
290 290 4.857142857142858
291 291 -2.5
292 292 -7.5
293 293 -0.2857142857142856
294 294 -0.2857142857142858
295 295 -6.2857142857142865
296 296 -10.142857142857144
297 297 -8.928571428571429
298 298 0.7857142857142858
299 299 -1.3571428571428568
300 300 4.642857142857143
301 301 -2.428571428571429
302 302 -0.5000000000000004
303 303 1.642857142857143
304 304 1.642857142857143
305 305 -3.071428571428571
306 306 -1.7142857142857144
307 307 3.3571428571428577
308 308 4.071428571428571
309 309 2.571428571428571
310 310 4.857142857142857
311 311 -5.071428571428571
312 312 0.2857142857142856
313 313 5.428571428571429
314 314 -3.0
315 315 1.0000000000000002
316 316 -3.6428571428571432
317 317 -7.5
318 318 -2.0
319 319 3.3571428571428568
320 320 4.142857142857143
321 321 0.3571428571428572
322 322 6.071428571428571
323 323 1.9285714285714288
324 324 1.1428571428571428
325 325 -2.6428571428571432
326 326 -2.1428571428571423
327 327 -2.142857142857143
328 328 -0.9285714285714288
329 329 -2.2142857142857144
330 330 0.0714285714285714
331 331 -5.785714285714286
332 332 2.2142857142857144
333 333 5.428571428571429
334 334 -1.0714285714285716
335 335 -4.071428571428571
336 336 5.285714285714286
337 337 0.2142857142857144
338 338 2.7142857142857144
339 339 -0.2857142857142858
340 340 -2.2857142857142856
341 341 2.571428571428571
342 342 -3.2142857142857144
343 343 -2.1428571428571423
344 344 5.142857142857143
345 345 2.000000000000001
346 346 1.5714285714285714
347 347 -3.2857142857142856
348 348 0.14285714285714302
349 349 5.0
350 350 5.214285714285714
351 351 2.285714285714286
352 352 0.07142857142857184
353 353 1.0
354 354 -5.428571428571429
355 355 5.357142857142858
356 356 3.5
357 357 2.928571428571429
358 358 6.285714285714286
359 359 -2.9285714285714284
360 360 0.8571428571428572
361 361 0.5
362 362 -1.2142857142857142
363 363 3.571428571428572
364 364 -1.9285714285714286
365 365 -3.2142857142857144
366 366 -7.142857142857144
367 367 0.6428571428571428
368 368 4.714285714285714
369 369 -1.5714285714285714
370 370 -1.6428571428571426
371 371 -3.0
372 372 -7.142857142857143
373 373 -3.428571428571429
374 374 6.214285714285714
375 375 4.285714285714286
376 376 -2.5
377 377 -0.6428571428571428
378 378 0.5714285714285716
379 379 3.8571428571428577
380 380 2.928571428571428
381 381 -0.7142857142857144
382 382 -2.2857142857142856
383 383 -4.142857142857143
384 384 0.1428571428571428
385 385 -1.0714285714285716
386 386 0.4285714285714286
387 387 1.7857142857142858
388 388 -1.4285714285714288
389 389 4.7857142857142865
390 390 1.9285714285714286
391 391 6.071428571428573
392 392 1.3571428571428577
393 393 -2.6428571428571432
394 394 -7.5
395 395 -3.5
396 396 3.428571428571429
397 397 4.2142857142857135
398 398 2.571428571428571
399 399 -1.0
400 400 -5.928571428571429
401 401 -7.285714285714286
402 402 0.5714285714285716
403 403 -6.214285714285714
404 404 1.142857142857143
405 405 2.2857142857142856
406 406 -1.0
407 407 4.285714285714286
408 408 0.2857142857142856
409 409 -4.0
410 410 2.6428571428571432
411 411 -5.857142857142858
412 412 4.000000000000001
413 413 -1.142857142857143
414 414 -2.1428571428571432
415 415 1.2142857142857142
416 416 1.2857142857142858
417 417 -2.0714285714285716
418 418 -5.0
419 419 -2.7142857142857144
420 420 2.571428571428571
421 421 1.5714285714285714
422 422 8.571428571428571
423 423 -1.4999999999999998
424 424 -3.1428571428571432
425 425 0.6428571428571426
426 426 4.928571428571429
427 427 -2.7142857142857144
428 428 2.5
429 429 -1.285714285714286
430 430 3.642857142857143
431 431 3.2857142857142847
432 432 -4.714285714285714
433 433 1.7857142857142858
434 434 8.0
435 435 0.9285714285714286
436 436 -3.7142857142857144
437 437 -0.4285714285714286
438 438 -4.142857142857143
439 439 -6.642857142857143
440 440 -1.9285714285714284
441 441 -4.928571428571428
442 442 -5.857142857142858
443 443 -2.2142857142857144
444 444 1.7857142857142858
445 445 -4.928571428571429
446 446 -4.785714285714286
447 447 -2.220446049250313e-16
448 448 -2.2857142857142856
449 449 -3.8571428571428568
450 450 4.285714285714286
451 451 -1.8571428571428574
452 452 -3.2142857142857144
453 453 1.7857142857142856
454 454 2.7857142857142856
455 455 5.714285714285714
456 456 1.928571428571428
457 457 -3.1428571428571432
458 458 -2.071428571428571
459 459 -3.571428571428571
460 460 2.0
461 461 -2.928571428571429
462 462 -2.0
463 463 4.142857142857143
464 464 3.1428571428571423
465 465 -3.2857142857142856
466 466 7.571428571428571
467 467 -1.5714285714285714
468 468 2.0
469 469 1.642857142857143
470 470 3.0
471 471 -2.4285714285714284
472 472 4.5
473 473 2.2142857142857144
474 474 -0.2857142857142858
475 475 3.3571428571428577
476 476 -1.6428571428571426
477 477 -6.142857142857143
478 478 -1.2142857142857144
479 479 1.8571428571428572
480 480 3.071428571428572
481 481 -0.9285714285714286
482 482 -4.000000000000001
483 483 2.2142857142857144
484 484 -2.785714285714285
485 485 0.7857142857142858
486 486 4.428571428571428
487 487 5.428571428571429
488 488 -0.14285714285714302
489 489 -1.6428571428571428
490 490 2.2142857142857144
491 491 -2.220446049250313e-16
492 492 2.857142857142857
493 493 1.0714285714285712
494 494 1.4285714285714286
495 495 -3.5
496 496 -1.785714285714286
497 497 -2.928571428571429
498 498 5.214285714285714
499 499 -1.0
500 500 -4.071428571428571
501 501 -0.6428571428571428
502 502 0.2142857142857144
503 503 -6.071428571428572
504 504 -0.2857142857142858
505 505 -1.0000000000000004
506 506 -0.9285714285714286
507 507 3.928571428571429
508 508 -0.3571428571428572
509 509 -0.6428571428571432
510 510 5.0
511 511 -2.1428571428571432
512 512 0.785714285714286
513 513 2.1428571428571432
514 514 3.7142857142857144
515 515 0.7142857142857142
516 516 -2.071428571428571
517 517 5.714285714285714
518 518 -4.357142857142858
519 519 2.0
520 520 1.0714285714285714
521 521 -4.714285714285714
522 522 -0.2857142857142858
523 523 -7.500000000000001
524 524 -3.2142857142857144
525 525 -0.7857142857142858
526 526 5.357142857142858
527 527 5.714285714285714
528 528 -1.7142857142857144
529 529 -1.3571428571428572
530 530 -1.8571428571428574
531 531 -1.4285714285714286
532 532 -0.7142857142857149
533 533 0.14285714285714324
534 534 0.5714285714285716
535 535 -0.1428571428571428
536 536 0.5714285714285714
537 537 3.428571428571429
538 538 -2.1428571428571432
539 539 -2.6428571428571432
540 540 -6.142857142857142
541 541 1.928571428571429
542 542 -1.1428571428571428
543 543 -0.3571428571428572
544 544 -6.000000000000002
545 545 -0.5
546 546 1.357142857142857
547 547 3.8571428571428577
548 548 3.0714285714285716
549 549 6.5
550 550 3.0
551 551 -3.9999999999999996
552 552 1.785714285714286
553 553 -4.357142857142858
554 554 -3.0714285714285716
555 555 -1.6428571428571435
556 556 -3.3571428571428568
557 557 -2.1428571428571432
558 558 -0.2142857142857142
559 559 2.357142857142857
560 560 -3.428571428571429
561 561 -5.857142857142858
562 562 2.428571428571429
563 563 -5.642857142857142
564 564 3.7142857142857135
565 565 -1.642857142857143
566 566 2.0714285714285716
567 567 -5.214285714285714
568 568 1.9285714285714286
1 2 -0.9285714285714286
1 9 0.5714285714285714
1 21 -0.9285714285714286
1 28 -2.0
1 49 -1.3571428571428572
1 57 2.0
2 3 0.9285714285714286
2 9 -0.5714285714285714
2 10 0.5714285714285714
2 66 0.9285714285714286
2 73 -1.7857142857142858
2 80 1.3571428571428572
2 84 2.0
3 10 0.9285714285714286
3 11 -1.7857142857142858
3 109 2.0
3 115 1.3571428571428572
3 134 -2.0
3 140 -0.5714285714285714
4 5 0.9285714285714286
4 218 -1.7857142857142858
4 226 -0.5714285714285714
4 249 -2.0
5 6 -0.9285714285714286
5 280 2.0
5 288 0.5714285714285714
5 312 0.9285714285714286
6 7 -0.9285714285714286
6 12 1.3571428571428572
6 339 -0.5714285714285714
6 346 -1.3571428571428572
6 367 0.5714285714285714
7 8 0.5714285714285714
7 13 0.5714285714285714
7 396 -0.9285714285714286
7 428 0.9285714285714286
7 437 -1.7857142857142858
8 13 0.5714285714285714
8 14 -2.0
8 462 1.7857142857142858
8 470 -0.5714285714285714
8 496 -1.3571428571428572
8 504 -0.5714285714285714
9 10 0.5714285714285714
9 49 -1.7857142857142858
9 57 -0.5714285714285714
9 66 2.0
9 73 2.0
10 11 -1.3571428571428572
10 80 -0.5714285714285714
10 84 1.7857142857142858
10 109 1.3571428571428572
10 115 1.3571428571428572
11 134 1.7857142857142858
11 140 -0.5714285714285714
11 160 -1.3571428571428572
11 167 -1.7857142857142858
12 13 -1.7857142857142858
12 367 -2.0
12 396 -2.0
13 14 -0.9285714285714286
13 428 -1.7857142857142858
13 437 2.0
13 462 -1.7857142857142858
13 470 -2.0
14 496 -0.9285714285714286
14 504 -0.9285714285714286
14 528 0.9285714285714286
14 536 -0.5714285714285714
15 16 1.3571428571428572
15 22 0.9285714285714286
15 85 1.7857142857142858
15 116 1.3571428571428572
16 17 -0.9285714285714286
16 22 -2.0
16 23 0.9285714285714286
16 141 0.9285714285714286
16 168 -2.0
17 18 2.0
17 23 0.5714285714285714
17 24 -0.9285714285714286
17 195 -1.3571428571428572
17 227 1.7857142857142858
18 24 0.5714285714285714
18 25 -1.7857142857142858
18 257 -0.9285714285714286
18 289 -1.3571428571428572
19 20 -1.3571428571428572
19 26 -1.3571428571428572
19 374 -1.3571428571428572
19 405 -0.9285714285714286
20 26 -1.3571428571428572
20 27 2.0
20 438 1.7857142857142858
20 471 2.0
21 28 0.5714285714285714
21 553 -0.5714285714285714
22 23 -1.3571428571428572
22 116 -0.5714285714285714
22 141 0.5714285714285714
23 24 0.9285714285714286
23 195 1.7857142857142858
24 25 -2.0
24 227 0.5714285714285714
24 257 1.3571428571428572
25 289 0.9285714285714286
26 27 -0.5714285714285714
26 405 -1.3571428571428572
26 438 -1.7857142857142858
27 471 2.0
28 29 -0.5714285714285714
29 35 2.0
29 57 0.9285714285714286
30 36 -1.7857142857142858
30 37 -2.0
30 115 -0.9285714285714286
30 140 1.7857142857142858
31 32 -0.5714285714285714
31 38 0.9285714285714286
31 226 0.9285714285714286
32 38 -1.7857142857142858
32 39 -0.5714285714285714
32 288 -1.7857142857142858
33 34 1.7857142857142858
33 40 0.5714285714285714
33 41 2.0
33 437 1.7857142857142858
34 41 1.3571428571428572
34 470 0.9285714285714286
34 504 -1.3571428571428572
35 36 0.5714285714285714
35 57 1.7857142857142858
35 73 2.0
36 37 -1.7857142857142858
36 84 -0.9285714285714286
36 115 -0.5714285714285714
37 140 0.9285714285714286
37 167 -0.9285714285714286
38 39 1.3571428571428572
38 288 -1.7857142857142858
39 40 1.7857142857142858
39 346 1.7857142857142858
40 41 0.9285714285714286
41 437 -2.0
41 470 1.3571428571428572
42 50 -2.0
42 94 -2.0
42 116 -2.0
42 122 -0.9285714285714286
43 44 -1.7857142857142858
43 51 -0.9285714285714286
43 195 0.9285714285714286
43 203 -1.7857142857142858
43 227 0.9285714285714286
44 45 -0.5714285714285714
44 51 1.7857142857142858
44 52 2.0
44 289 -0.9285714285714286
45 46 -1.7857142857142858
45 52 -0.9285714285714286
45 53 0.9285714285714286
45 353 -0.5714285714285714
46 47 -2.0
46 53 2.0
46 54 0.5714285714285714
46 374 -0.5714285714285714
46 380 -1.3571428571428572
46 405 -1.3571428571428572
46 413 -1.3571428571428572
47 48 1.7857142857142858
47 54 -2.0
47 55 -0.9285714285714286
47 438 0.5714285714285714
47 446 -1.3571428571428572
47 471 1.7857142857142858
47 479 -0.5714285714285714
48 49 0.5714285714285714
48 55 1.7857142857142858
48 56 0.5714285714285714
48 512 -0.9285714285714286
48 545 0.5714285714285714
49 56 0.5714285714285714
49 57 0.9285714285714286
49 553 2.0
49 561 0.9285714285714286
50 116 0.9285714285714286
50 122 1.7857142857142858
50 141 -0.5714285714285714
50 148 0.5714285714285714
51 227 -0.5714285714285714
51 257 -1.7857142857142858
52 53 1.3571428571428572
52 289 -1.7857142857142858
53 54 0.5714285714285714
53 353 -1.7857142857142858
53 374 -0.9285714285714286
53 380 -2.0
54 55 -2.0
54 405 -1.7857142857142858
54 413 1.3571428571428572
54 438 1.7857142857142858
54 446 2.0
55 56 -2.0
55 479 0.5714285714285714
55 512 -2.0
56 57 -0.9285714285714286
56 545 0.5714285714285714
56 553 2.0
58 59 -0.9285714285714286
58 67 2.0
58 86 2.0
58 94 -2.0
58 117 -1.3571428571428572
58 122 -0.9285714285714286
59 60 -1.3571428571428572
59 67 1.7857142857142858
59 68 -1.7857142857142858
59 148 1.3571428571428572
59 174 -0.5714285714285714
60 61 2.0
60 68 -2.0
60 69 -1.3571428571428572
60 196 -1.7857142857142858
60 203 -1.3571428571428572
60 228 -1.7857142857142858
61 62 -0.9285714285714286
61 69 0.5714285714285714
61 70 -0.5714285714285714
61 290 -1.3571428571428572
62 63 -0.5714285714285714
62 70 0.5714285714285714
62 321 0.5714285714285714
62 353 1.3571428571428572
63 64 0.5714285714285714
63 71 2.0
63 375 -1.3571428571428572
63 380 0.5714285714285714
63 406 1.7857142857142858
63 413 -2.0
64 65 -0.5714285714285714
64 71 2.0
64 446 0.9285714285714286
64 472 -2.0
64 479 1.3571428571428572
65 66 -1.7857142857142858
65 72 -2.0
65 505 1.7857142857142858
65 512 1.3571428571428572
65 537 -1.7857142857142858
65 545 1.3571428571428572
66 73 -1.3571428571428572
66 561 2.0
67 68 -0.5714285714285714
67 117 1.7857142857142858
67 122 1.3571428571428572
67 148 -0.9285714285714286
68 69 -1.7857142857142858
68 174 1.3571428571428572
68 196 -0.9285714285714286
68 203 -1.3571428571428572
69 70 0.9285714285714286
69 228 2.0
69 258 -1.3571428571428572
70 290 0.5714285714285714
70 321 -0.9285714285714286
71 406 -2.0
71 413 -1.3571428571428572
71 446 -0.5714285714285714
72 73 2.0
72 537 1.7857142857142858
72 545 2.0
72 561 2.0
74 75 -0.5714285714285714
74 86 -0.9285714285714286
74 95 -1.3571428571428572
74 117 1.3571428571428572
74 123 2.0
75 76 0.9285714285714286
75 149 -0.9285714285714286
75 175 -0.5714285714285714
76 81 -2.0
76 196 -2.0
76 204 -2.0
76 228 -0.9285714285714286
76 234 -2.0
77 78 -0.5714285714285714
77 82 0.5714285714285714
77 375 0.5714285714285714
77 381 -0.5714285714285714
77 406 -2.0
77 414 0.9285714285714286
78 79 -0.9285714285714286
78 447 -1.7857142857142858
78 472 -0.9285714285714286
78 480 0.5714285714285714
79 80 0.5714285714285714
79 83 0.5714285714285714
79 505 1.7857142857142858
79 513 -1.3571428571428572
79 537 0.5714285714285714
79 546 1.3571428571428572
80 83 -0.9285714285714286
80 84 0.9285714285714286
81 228 -1.7857142857142858
81 234 0.5714285714285714
81 258 2.0
81 266 -1.3571428571428572
82 406 2.0
82 414 -0.5714285714285714
82 447 -2.0
83 84 -1.7857142857142858
83 537 -0.5714285714285714
83 546 -0.9285714285714286
85 86 -0.5714285714285714
85 94 -0.5714285714285714
86 87 -1.7857142857142858
86 95 -1.7857142857142858
87 88 0.9285714285714286
87 95 2.0
87 96 -1.7857142857142858
87 102 -1.7857142857142858
87 130 1.7857142857142858
88 89 -2.0
88 96 -0.5714285714285714
88 97 -2.0
88 181 1.7857142857142858
89 90 0.9285714285714286
89 97 2.0
89 98 0.5714285714285714
89 211 -0.9285714285714286
89 242 1.7857142857142858
90 91 0.9285714285714286
90 98 -0.5714285714285714
90 99 1.3571428571428572
90 304 0.5714285714285714
91 92 -0.5714285714285714
91 99 1.7857142857142858
91 100 -2.0
91 332 -0.9285714285714286
91 360 -0.5714285714285714
92 93 -1.3571428571428572
92 100 -1.3571428571428572
92 389 -0.9285714285714286
92 420 -1.3571428571428572
93 101 -2.0
93 455 -1.3571428571428572
93 488 2.0
94 95 -0.9285714285714286
95 96 -0.5714285714285714
95 102 0.9285714285714286
96 97 -0.9285714285714286
96 130 -0.5714285714285714
97 98 -0.5714285714285714
97 181 0.5714285714285714
97 211 -0.5714285714285714
98 99 1.3571428571428572
98 242 1.7857142857142858
99 100 -1.3571428571428572
99 304 0.9285714285714286
99 332 -2.0
100 360 -1.3571428571428572
100 389 2.0
101 488 -2.0
102 103 -1.7857142857142858
102 110 2.0
102 118 0.9285714285714286
102 123 0.9285714285714286
103 104 2.0
103 110 0.9285714285714286
103 111 0.9285714285714286
103 149 0.9285714285714286
103 169 -1.7857142857142858
103 175 -2.0
104 111 2.0
104 112 0.5714285714285714
104 197 -0.9285714285714286
104 204 0.5714285714285714
104 229 0.5714285714285714
104 234 1.3571428571428572
105 112 2.0
105 113 -1.3571428571428572
105 259 -1.7857142857142858
105 266 -1.7857142857142858
105 291 2.0
105 298 0.5714285714285714
106 107 0.9285714285714286
106 381 1.7857142857142858
106 407 -1.3571428571428572
106 414 1.7857142857142858
107 108 -0.9285714285714286
107 114 1.3571428571428572
107 439 0.5714285714285714
107 447 -1.7857142857142858
107 480 -0.9285714285714286
108 109 0.5714285714285714
108 114 -2.0
108 506 0.9285714285714286
108 513 2.0
108 538 -0.5714285714285714
108 546 1.3571428571428572
109 115 0.5714285714285714
109 554 -1.3571428571428572
110 111 -2.0
110 118 2.0
110 123 1.7857142857142858
110 149 -0.5714285714285714
111 112 1.3571428571428572
111 169 -1.7857142857142858
111 175 -0.9285714285714286
111 197 2.0
111 204 0.9285714285714286
112 113 0.9285714285714286
112 229 -0.5714285714285714
112 234 -1.7857142857142858
112 259 0.5714285714285714
112 266 0.9285714285714286
113 291 -0.5714285714285714
113 298 -1.7857142857142858
114 480 -1.7857142857142858
114 506 2.0
114 513 -1.3571428571428572
116 117 -0.5714285714285714
116 122 -0.5714285714285714
117 118 0.9285714285714286
117 122 -1.3571428571428572
117 123 0.9285714285714286
118 119 -1.7857142857142858
118 123 -0.5714285714285714
118 124 1.7857142857142858
118 130 -2.0
118 135 -2.0
119 124 2.0
119 125 1.3571428571428572
119 181 2.0
119 188 0.5714285714285714
120 121 -1.3571428571428572
120 128 -2.0
120 389 -1.7857142857142858
120 397 0.5714285714285714
120 420 1.3571428571428572
120 429 -0.5714285714285714
121 129 -1.7857142857142858
121 455 -1.7857142857142858
121 463 0.5714285714285714
121 488 1.7857142857142858
121 497 2.0
122 123 -0.9285714285714286
123 124 1.3571428571428572
124 125 1.3571428571428572
124 130 -1.7857142857142858
124 135 -2.0
125 126 0.5714285714285714
125 181 -2.0
125 188 2.0
125 211 -1.7857142857142858
125 219 -0.9285714285714286
126 127 -1.3571428571428572
126 242 -2.0
126 250 -2.0
127 128 2.0
127 304 -1.3571428571428572
127 313 -0.5714285714285714
127 332 1.7857142857142858
127 340 -1.7857142857142858
128 360 2.0
128 389 -1.3571428571428572
128 397 -1.3571428571428572
129 488 -2.0
129 497 0.9285714285714286
130 131 1.7857142857142858
130 135 1.3571428571428572
131 135 2.0
131 136 -0.5714285714285714
131 150 0.9285714285714286
131 169 -0.9285714285714286
131 176 -0.9285714285714286
132 138 0.9285714285714286
132 407 -1.3571428571428572
132 415 -0.9285714285714286
133 134 -1.7857142857142858
133 139 0.5714285714285714
133 506 -1.7857142857142858
133 514 1.3571428571428572
133 538 2.0
133 547 -2.0
134 139 -0.9285714285714286
134 140 1.3571428571428572
134 554 1.7857142857142858
134 562 -1.3571428571428572
135 136 1.7857142857142858
135 150 -1.7857142857142858
136 169 -0.5714285714285714
136 176 0.5714285714285714
136 197 -1.3571428571428572
136 205 0.5714285714285714
137 291 -1.3571428571428572
138 407 -0.9285714285714286
138 415 1.7857142857142858
138 439 0.9285714285714286
138 448 2.0
139 140 2.0
139 538 0.9285714285714286
139 554 1.7857142857142858
139 562 -1.7857142857142858
141 148 -1.7857142857142858
142 143 0.9285714285714286
142 150 2.0
142 151 2.0
142 154 -1.3571428571428572
142 182 -0.9285714285714286
142 188 1.7857142857142858
143 144 -0.9285714285714286
143 151 1.3571428571428572
143 219 0.5714285714285714
143 250 -0.9285714285714286
144 145 -2.0
144 152 0.9285714285714286
144 274 -1.7857142857142858
144 305 -0.5714285714285714
144 313 -0.9285714285714286
145 146 2.0
145 152 2.0
145 333 -1.7857142857142858
145 340 1.3571428571428572
145 361 -1.3571428571428572
146 147 -0.5714285714285714
146 390 2.0
146 397 -0.5714285714285714
146 421 1.7857142857142858
146 429 2.0
147 153 0.9285714285714286
147 456 0.9285714285714286
147 463 -1.7857142857142858
147 489 2.0
147 497 2.0
148 149 -0.9285714285714286
149 150 1.7857142857142858
150 151 -2.0
150 154 2.0
151 182 -0.5714285714285714
151 188 -1.3571428571428572
151 219 2.0
152 305 1.7857142857142858
152 313 0.5714285714285714
152 333 -1.3571428571428572
152 340 -1.3571428571428572
153 489 -1.3571428571428572
153 497 0.5714285714285714
153 521 2.0
154 155 1.3571428571428572
154 161 0.5714285714285714
154 170 -0.9285714285714286
154 176 1.7857142857142858
155 156 -2.0
155 161 -1.3571428571428572
155 162 1.3571428571428572
155 198 1.3571428571428572
155 205 2.0
155 230 0.9285714285714286
155 235 1.7857142857142858
156 157 -0.5714285714285714
156 162 -1.3571428571428572
156 163 -0.5714285714285714
156 260 0.9285714285714286
156 267 -2.0
156 292 -2.0
157 158 0.9285714285714286
157 163 -2.0
157 322 -1.3571428571428572
157 347 0.9285714285714286
158 164 1.7857142857142858
158 376 -1.7857142857142858
158 382 0.9285714285714286
159 160 -0.5714285714285714
159 165 -1.3571428571428572
159 166 -1.3571428571428572
159 507 0.5714285714285714
159 514 0.9285714285714286
159 539 1.3571428571428572
159 547 2.0
160 166 -0.9285714285714286
160 167 -0.9285714285714286
160 555 -0.5714285714285714
160 562 1.3571428571428572
161 162 -0.5714285714285714
161 170 -0.5714285714285714
161 176 2.0
161 198 2.0
161 205 -1.3571428571428572
162 163 2.0
162 230 -1.7857142857142858
162 235 0.9285714285714286
162 260 -1.3571428571428572
162 267 2.0
163 292 1.3571428571428572
163 322 0.5714285714285714
164 165 0.5714285714285714
164 408 1.3571428571428572
164 415 -0.5714285714285714
164 448 -0.5714285714285714
165 166 -1.3571428571428572
165 473 -2.0
165 481 1.3571428571428572
165 507 -1.7857142857142858
165 514 -1.3571428571428572
166 167 0.5714285714285714
166 539 1.3571428571428572
166 547 -0.9285714285714286
166 555 -1.3571428571428572
166 562 -0.9285714285714286
168 174 -0.5714285714285714
169 170 -0.5714285714285714
169 175 -2.0
169 176 -0.9285714285714286
170 171 0.9285714285714286
170 176 -1.3571428571428572
170 177 -2.0
170 182 -1.7857142857142858
170 189 1.3571428571428572
171 177 -0.5714285714285714
171 178 -1.3571428571428572
171 220 -1.7857142857142858
171 243 -2.0
171 251 2.0
172 179 -0.5714285714285714
172 180 0.9285714285714286
172 333 -0.9285714285714286
172 341 -0.5714285714285714
172 361 1.7857142857142858
173 456 2.0
173 464 -0.5714285714285714
173 489 -0.5714285714285714
173 498 -1.3571428571428572
174 175 -1.3571428571428572
175 176 0.5714285714285714
176 177 1.3571428571428572
177 178 0.9285714285714286
177 182 -0.9285714285714286
177 189 2.0
177 220 0.9285714285714286
178 179 1.7857142857142858
178 243 -1.3571428571428572
178 251 0.5714285714285714
178 274 0.9285714285714286
178 281 1.7857142857142858
179 180 0.5714285714285714
179 305 1.3571428571428572
179 314 1.7857142857142858
179 333 -1.3571428571428572
179 341 -1.7857142857142858
180 361 -1.3571428571428572
180 390 1.3571428571428572
180 398 0.9285714285714286
181 182 -1.3571428571428572
181 188 -0.9285714285714286
182 183 1.3571428571428572
182 188 1.7857142857142858
182 189 -1.3571428571428572
183 184 -1.7857142857142858
183 189 2.0
183 190 1.3571428571428572
183 198 0.5714285714285714
183 206 0.5714285714285714
183 230 2.0
183 236 -1.7857142857142858
184 185 -1.3571428571428572
184 190 -2.0
184 191 -0.9285714285714286
184 260 -1.3571428571428572
184 268 0.9285714285714286
184 292 1.7857142857142858
184 299 0.5714285714285714
185 186 -2.0
185 191 0.9285714285714286
185 192 0.5714285714285714
185 322 -2.0
185 327 -0.9285714285714286
185 347 -0.5714285714285714
185 354 1.7857142857142858
186 192 -1.3571428571428572
186 383 -0.5714285714285714
186 408 -2.0
186 416 -1.3571428571428572
187 193 0.5714285714285714
187 507 -0.5714285714285714
187 515 0.5714285714285714
187 539 -2.0
187 548 2.0
188 189 1.7857142857142858
189 190 1.7857142857142858
189 198 -0.5714285714285714
189 206 1.3571428571428572
190 191 -0.9285714285714286
190 230 -1.7857142857142858
190 236 0.5714285714285714
190 260 0.5714285714285714
190 268 -1.3571428571428572
191 192 -0.9285714285714286
191 292 0.5714285714285714
191 299 0.9285714285714286
191 322 -0.5714285714285714
191 327 2.0
192 347 0.5714285714285714
192 354 -0.5714285714285714
192 376 0.9285714285714286
192 383 -1.3571428571428572
193 194 -0.5714285714285714
193 539 2.0
193 548 -1.3571428571428572
193 555 -0.5714285714285714
193 563 2.0
195 196 1.7857142857142858
195 203 -0.9285714285714286
196 197 0.5714285714285714
196 203 -0.5714285714285714
196 204 -1.7857142857142858
197 198 2.0
197 204 0.5714285714285714
197 205 1.3571428571428572
198 199 2.0
198 205 -2.0
198 206 -0.9285714285714286
199 200 -0.5714285714285714
199 206 -1.7857142857142858
199 207 -0.5714285714285714
199 212 0.9285714285714286
199 220 -0.5714285714285714
199 244 -2.0
199 251 -2.0
200 207 1.3571428571428572
200 208 -2.0
200 275 -1.3571428571428572
200 281 -0.5714285714285714
200 306 -0.5714285714285714
201 202 2.0
201 209 1.7857142857142858
201 391 -0.9285714285714286
201 398 -0.9285714285714286
201 422 -0.9285714285714286
201 430 1.7857142857142858
202 210 0.5714285714285714
202 457 0.9285714285714286
202 464 -0.9285714285714286
202 490 -0.5714285714285714
202 498 -2.0
203 204 1.7857142857142858
204 205 1.7857142857142858
205 206 -1.7857142857142858
206 212 1.3571428571428572
206 220 -1.7857142857142858
207 208 1.7857142857142858
207 244 2.0
207 251 -1.7857142857142858
207 275 -2.0
207 281 1.3571428571428572
208 209 0.5714285714285714
208 334 -0.9285714285714286
208 341 1.3571428571428572
209 362 -1.7857142857142858
209 391 -2.0
209 398 0.5714285714285714
210 490 -1.7857142857142858
210 522 -0.9285714285714286
210 529 -1.3571428571428572
211 219 0.5714285714285714
212 213 0.9285714285714286
212 220 1.7857142857142858
212 221 1.3571428571428572
212 236 -1.7857142857142858
213 214 1.7857142857142858
213 221 1.7857142857142858
213 222 -0.5714285714285714
213 261 -2.0
213 268 -1.7857142857142858
213 293 1.3571428571428572
213 299 0.5714285714285714
214 215 0.5714285714285714
214 222 0.9285714285714286
214 323 0.9285714285714286
214 327 -0.5714285714285714
214 348 -1.3571428571428572
214 354 0.9285714285714286
215 216 -0.5714285714285714
215 223 -0.5714285714285714
215 383 1.7857142857142858
215 409 0.9285714285714286
215 416 2.0
216 217 2.0
216 223 -1.3571428571428572
216 224 -2.0
216 441 0.5714285714285714
216 449 1.3571428571428572
216 474 -1.7857142857142858
216 482 0.9285714285714286
217 218 1.7857142857142858
217 224 -0.9285714285714286
217 225 1.7857142857142858
217 515 -0.5714285714285714
217 540 1.3571428571428572
217 548 -1.7857142857142858
218 225 -0.9285714285714286
218 226 1.7857142857142858
218 556 -1.3571428571428572
218 563 2.0
219 220 -0.5714285714285714
220 221 0.5714285714285714
221 231 -0.9285714285714286
221 236 1.3571428571428572
221 261 1.3571428571428572
221 268 1.7857142857142858
222 293 1.3571428571428572
222 299 -1.3571428571428572
222 323 1.3571428571428572
222 327 -0.5714285714285714
223 224 -2.0
223 409 0.9285714285714286
223 441 2.0
223 449 0.5714285714285714
224 225 2.0
224 474 1.3571428571428572
224 515 -0.5714285714285714
225 226 0.9285714285714286
225 540 1.7857142857142858
225 548 1.3571428571428572
225 556 -1.3571428571428572
225 563 -1.3571428571428572
227 228 -0.9285714285714286
228 229 1.3571428571428572
228 234 0.5714285714285714
229 230 0.9285714285714286
229 234 -0.9285714285714286
230 231 1.3571428571428572
230 235 0.9285714285714286
230 236 2.0
231 232 0.9285714285714286
231 236 -1.3571428571428572
231 237 -1.3571428571428572
231 244 -0.9285714285714286
231 252 1.7857142857142858
232 233 -0.5714285714285714
232 237 1.3571428571428572
232 238 -1.3571428571428572
232 275 1.3571428571428572
232 282 2.0
232 306 -1.7857142857142858
232 315 -2.0
233 238 1.3571428571428572
233 334 -0.5714285714285714
233 342 -1.3571428571428572
233 362 0.9285714285714286
233 368 -2.0
234 235 -0.5714285714285714
235 236 -0.5714285714285714
236 237 -1.3571428571428572
237 238 1.7857142857142858
237 244 0.5714285714285714
237 252 -0.5714285714285714
237 275 -0.9285714285714286
237 282 0.5714285714285714
238 239 -2.0
238 306 1.7857142857142858
238 315 1.7857142857142858
238 334 -2.0
238 342 1.7857142857142858
239 240 -2.0
239 362 1.7857142857142858
239 368 1.7857142857142858
239 391 -1.3571428571428572
239 399 -0.9285714285714286
240 241 -1.7857142857142858
240 422 -1.3571428571428572
240 431 1.7857142857142858
240 457 -0.5714285714285714
241 490 -1.3571428571428572
241 499 2.0
241 522 1.3571428571428572
241 530 -2.0
242 243 -2.0
242 250 -1.7857142857142858
243 244 -2.0
243 250 1.7857142857142858
243 251 0.5714285714285714
244 245 0.9285714285714286
244 251 -0.5714285714285714
244 252 -1.3571428571428572
245 246 1.7857142857142858
245 252 -2.0
245 253 1.7857142857142858
245 261 -0.5714285714285714
245 269 0.9285714285714286
245 293 -0.9285714285714286
246 247 1.7857142857142858
246 253 -1.7857142857142858
246 254 0.9285714285714286
246 323 -1.7857142857142858
246 328 -0.5714285714285714
246 348 -1.7857142857142858
246 355 1.7857142857142858
247 254 -1.7857142857142858
247 384 -1.3571428571428572
247 409 2.0
247 417 -0.5714285714285714
248 249 -0.9285714285714286
248 255 0.9285714285714286
248 256 0.9285714285714286
248 516 -0.5714285714285714
248 540 0.5714285714285714
248 549 0.9285714285714286
249 256 -1.3571428571428572
249 556 0.9285714285714286
250 251 0.5714285714285714
251 252 0.9285714285714286
252 253 1.3571428571428572
252 261 1.7857142857142858
252 269 0.5714285714285714
253 254 -2.0
253 293 -0.5714285714285714
253 323 -0.9285714285714286
253 328 -0.5714285714285714
254 348 1.3571428571428572
254 355 -2.0
255 256 1.3571428571428572
255 474 0.9285714285714286
255 483 -0.5714285714285714
255 516 1.7857142857142858
256 540 1.3571428571428572
256 549 -1.3571428571428572
256 556 0.9285714285714286
256 564 -0.9285714285714286
257 258 -1.3571428571428572
258 259 -1.3571428571428572
258 266 -1.7857142857142858
259 260 1.7857142857142858
259 266 -1.3571428571428572
259 267 -0.9285714285714286
260 261 1.7857142857142858
260 267 -0.5714285714285714
260 268 -1.7857142857142858
261 262 -2.0
261 268 -0.5714285714285714
261 269 1.3571428571428572
262 263 0.5714285714285714
262 269 2.0
262 270 -1.7857142857142858
262 276 0.5714285714285714
262 282 0.9285714285714286
262 307 -1.7857142857142858
262 315 -1.3571428571428572
263 264 -0.5714285714285714
263 270 -1.3571428571428572
263 271 1.7857142857142858
263 335 -0.5714285714285714
263 342 -1.3571428571428572
263 363 1.3571428571428572
263 368 2.0
264 265 -1.7857142857142858
264 271 -1.7857142857142858
264 272 -1.7857142857142858
264 399 -0.5714285714285714
264 423 1.3571428571428572
264 431 -1.3571428571428572
265 272 -0.9285714285714286
265 273 -0.5714285714285714
265 458 -1.3571428571428572
265 491 -1.3571428571428572
265 499 -1.3571428571428572
266 267 0.5714285714285714
267 268 -1.7857142857142858
268 269 0.5714285714285714
269 270 -2.0
269 276 0.9285714285714286
269 282 -1.7857142857142858
270 307 -1.3571428571428572
270 315 0.9285714285714286
270 335 0.9285714285714286
270 342 1.3571428571428572
271 272 -1.7857142857142858
271 363 -0.9285714285714286
271 368 -0.9285714285714286
271 399 -1.3571428571428572
272 273 -2.0
272 423 0.5714285714285714
272 431 -1.3571428571428572
272 458 -2.0
273 491 -0.9285714285714286
273 499 0.5714285714285714
273 523 1.7857142857142858
273 530 2.0
274 275 0.9285714285714286
274 281 0.9285714285714286
275 276 -1.3571428571428572
275 281 -2.0
275 282 2.0
276 282 0.5714285714285714
276 283 2.0
276 294 0.9285714285714286
277 278 2.0
277 284 0.9285714285714286
277 285 -0.9285714285714286
277 384 -0.5714285714285714
277 410 0.5714285714285714
277 417 1.3571428571428572
278 279 0.5714285714285714
278 285 2.0
278 286 -0.9285714285714286
278 442 -1.3571428571428572
278 450 -1.3571428571428572
278 475 -2.0
278 483 -1.3571428571428572
279 280 0.9285714285714286
279 287 -2.0
279 508 -1.7857142857142858
279 541 0.5714285714285714
279 549 0.5714285714285714
280 287 -2.0
280 288 -0.9285714285714286
280 557 1.3571428571428572
280 564 -0.5714285714285714
281 282 0.5714285714285714
282 283 0.5714285714285714
283 284 1.3571428571428572
283 294 0.5714285714285714
283 324 2.0
283 328 1.7857142857142858
284 285 -1.7857142857142858
284 349 2.0
284 355 -1.7857142857142858
284 384 -0.9285714285714286
285 286 -1.7857142857142858
285 410 -0.9285714285714286
285 417 -1.3571428571428572
285 442 -1.3571428571428572
285 450 -0.5714285714285714
286 287 -1.7857142857142858
286 475 -2.0
286 483 -1.7857142857142858
286 508 1.3571428571428572
286 516 2.0
287 288 1.7857142857142858
287 541 -2.0
287 549 -0.9285714285714286
287 557 -2.0
287 564 -1.7857142857142858
289 290 -1.3571428571428572
290 291 -1.3571428571428572
290 298 -1.3571428571428572
291 292 2.0
291 298 1.7857142857142858
292 293 1.7857142857142858
292 299 2.0
293 294 -1.3571428571428572
293 299 -1.3571428571428572
294 295 1.3571428571428572
294 300 -0.5714285714285714
294 307 -2.0
294 316 1.3571428571428572
295 296 1.7857142857142858
295 300 -1.3571428571428572
295 301 0.9285714285714286
295 335 1.3571428571428572
295 343 2.0
295 363 -1.7857142857142858
295 369 2.0
296 297 2.0
296 301 0.9285714285714286
296 302 1.3571428571428572
296 400 0.9285714285714286
296 423 1.3571428571428572
296 432 1.7857142857142858
297 302 -0.5714285714285714
297 303 0.5714285714285714
297 458 2.0
297 465 1.7857142857142858
297 491 1.7857142857142858
297 500 1.3571428571428572
300 301 -1.7857142857142858
300 307 -0.9285714285714286
300 316 0.9285714285714286
300 343 -0.9285714285714286
301 302 0.5714285714285714
301 400 1.7857142857142858
302 303 -1.7857142857142858
302 423 -2.0
302 432 1.7857142857142858
302 458 0.5714285714285714
302 465 0.5714285714285714
303 491 -1.3571428571428572
303 500 0.5714285714285714
303 523 0.9285714285714286
303 531 -0.5714285714285714
304 313 -1.7857142857142858
305 306 0.9285714285714286
305 313 -1.7857142857142858
305 314 1.3571428571428572
306 307 1.7857142857142858
306 314 1.3571428571428572
306 315 -1.7857142857142858
307 308 -2.0
307 315 2.0
307 316 0.9285714285714286
308 309 -0.5714285714285714
308 316 -1.3571428571428572
308 317 1.7857142857142858
308 324 -0.9285714285714286
308 329 0.9285714285714286
308 349 -1.3571428571428572
308 356 -0.5714285714285714
309 310 -1.7857142857142858
309 317 1.3571428571428572
309 318 1.7857142857142858
309 385 -2.0
309 410 -1.3571428571428572
310 311 1.7857142857142858
310 318 -2.0
310 319 -1.3571428571428572
310 442 1.3571428571428572
310 451 -1.3571428571428572
310 475 -0.9285714285714286
310 484 -0.5714285714285714
311 312 1.7857142857142858
311 319 1.7857142857142858
311 320 -0.5714285714285714
311 508 0.5714285714285714
311 517 -1.3571428571428572
311 541 2.0
311 550 -0.9285714285714286
312 320 -1.7857142857142858
312 557 0.5714285714285714
312 565 -1.7857142857142858
313 314 -0.9285714285714286
314 315 -0.5714285714285714
316 317 1.7857142857142858
316 324 -0.5714285714285714
316 329 0.5714285714285714
317 318 2.0
317 349 -1.3571428571428572
317 356 0.5714285714285714
317 385 1.3571428571428572
318 319 -1.7857142857142858
318 410 2.0
318 442 0.9285714285714286
318 451 -0.9285714285714286
319 320 -1.7857142857142858
319 475 0.5714285714285714
319 484 1.7857142857142858
319 508 -2.0
319 517 -0.5714285714285714
320 541 -0.9285714285714286
320 550 0.9285714285714286
320 557 -1.3571428571428572
320 565 1.3571428571428572
322 323 -0.9285714285714286
322 327 -1.7857142857142858
323 324 -2.0
323 327 2.0
323 328 -0.5714285714285714
324 328 -0.5714285714285714
324 329 0.9285714285714286
325 326 0.5714285714285714
325 330 -2.0
325 331 0.9285714285714286
325 392 -1.3571428571428572
325 400 1.3571428571428572
325 424 1.7857142857142858
325 432 1.3571428571428572
326 331 0.5714285714285714
326 459 2.0
326 465 -0.5714285714285714
326 492 1.3571428571428572
326 500 -1.7857142857142858
327 328 2.0
328 329 -0.5714285714285714
329 330 0.9285714285714286
329 343 -0.5714285714285714
330 331 2.0
330 369 1.3571428571428572
330 392 -0.5714285714285714
330 400 -1.7857142857142858
331 424 1.3571428571428572
331 432 -1.7857142857142858
331 459 1.7857142857142858
331 465 0.9285714285714286
332 333 -2.0
332 340 0.9285714285714286
333 334 2.0
333 340 1.7857142857142858
333 341 -1.7857142857142858
334 335 1.7857142857142858
334 341 -0.5714285714285714
334 342 1.3571428571428572
335 343 0.5714285714285714
336 344 -1.7857142857142858
336 345 -0.9285714285714286
336 377 -2.0
336 385 -0.5714285714285714
337 338 -2.0
337 345 -2.0
337 443 2.0
337 451 2.0
337 476 -2.0
337 484 1.7857142857142858
338 339 1.7857142857142858
338 509 -0.5714285714285714
338 517 -0.5714285714285714
338 550 -1.3571428571428572
339 346 -2.0
339 558 -0.9285714285714286
339 565 2.0
340 341 1.3571428571428572
341 342 -0.5714285714285714
342 343 2.0
343 344 -0.9285714285714286
344 345 -1.3571428571428572
344 350 -2.0
344 356 1.3571428571428572
344 377 1.3571428571428572
344 385 -1.7857142857142858
345 443 1.3571428571428572
345 451 0.9285714285714286
347 348 1.7857142857142858
347 354 0.5714285714285714
348 349 -0.5714285714285714
348 354 1.3571428571428572
348 355 -0.9285714285714286
349 350 -1.3571428571428572
349 355 -1.7857142857142858
349 356 -0.5714285714285714
350 351 -1.7857142857142858
350 356 -0.9285714285714286
350 357 -0.9285714285714286
350 370 1.7857142857142858
351 352 1.7857142857142858
351 357 -1.3571428571428572
351 358 -1.7857142857142858
351 392 -1.7857142857142858
351 401 2.0
351 424 2.0
351 433 -1.3571428571428572
352 358 0.5714285714285714
352 359 0.9285714285714286
352 459 -1.3571428571428572
352 466 -1.7857142857142858
352 492 -2.0
352 501 1.7857142857142858
354 355 1.3571428571428572
355 356 -2.0
356 357 -1.3571428571428572
357 358 2.0
357 370 -0.9285714285714286
357 392 -0.9285714285714286
357 401 0.5714285714285714
358 359 -1.7857142857142858
358 424 -2.0
358 433 -0.5714285714285714
358 459 -0.9285714285714286
358 466 -1.7857142857142858
359 492 0.5714285714285714
359 501 0.9285714285714286
359 524 1.3571428571428572
359 532 0.9285714285714286
360 361 -0.9285714285714286
361 362 1.3571428571428572
362 363 0.9285714285714286
362 368 -2.0
363 368 -1.7857142857142858
363 369 -1.3571428571428572
364 365 0.5714285714285714
364 370 0.5714285714285714
364 371 1.3571428571428572
364 386 -0.5714285714285714
365 366 -0.9285714285714286
365 371 0.5714285714285714
365 443 0.9285714285714286
365 452 0.5714285714285714
365 476 0.9285714285714286
365 485 0.5714285714285714
366 367 1.3571428571428572
366 372 1.3571428571428572
366 373 1.7857142857142858
366 509 1.7857142857142858
366 518 1.7857142857142858
366 542 -0.9285714285714286
366 551 0.9285714285714286
367 373 0.9285714285714286
367 558 -0.5714285714285714
367 566 -0.9285714285714286
368 369 -1.7857142857142858
369 370 1.3571428571428572
370 371 1.7857142857142858
370 377 -2.0
370 386 -0.9285714285714286
371 372 -0.9285714285714286
371 443 -1.7857142857142858
371 452 2.0
372 373 2.0
372 476 2.0
372 509 1.3571428571428572
372 518 1.3571428571428572
373 542 2.0
373 551 -1.7857142857142858
373 558 -0.9285714285714286
373 566 -0.5714285714285714
374 375 -2.0
374 380 -1.3571428571428572
375 380 -0.5714285714285714
375 381 -0.9285714285714286
376 382 1.3571428571428572
376 383 2.0
377 378 1.3571428571428572
377 385 1.3571428571428572
377 386 0.5714285714285714
378 379 -0.9285714285714286
378 386 1.3571428571428572
378 387 -2.0
378 393 -0.9285714285714286
378 401 1.3571428571428572
378 425 -1.3571428571428572
378 433 0.5714285714285714
379 387 1.7857142857142858
379 388 -2.0
379 460 -1.3571428571428572
379 466 -2.0
379 493 2.0
379 501 -1.3571428571428572
380 381 1.7857142857142858
381 382 -1.3571428571428572
382 383 1.3571428571428572
383 384 0.9285714285714286
384 385 1.7857142857142858
385 386 0.9285714285714286
386 387 -1.7857142857142858
386 393 -0.5714285714285714
386 401 0.5714285714285714
387 388 -0.9285714285714286
387 425 1.7857142857142858
387 433 0.5714285714285714
387 460 0.5714285714285714
387 466 -1.7857142857142858
388 493 2.0
388 501 2.0
388 525 -0.5714285714285714
388 532 0.9285714285714286
389 390 -1.7857142857142858
389 397 -0.9285714285714286
390 391 -0.9285714285714286
390 397 -0.5714285714285714
390 398 -2.0
391 398 -1.7857142857142858
391 399 0.9285714285714286
392 393 0.5714285714285714
392 400 0.9285714285714286
392 401 1.7857142857142858
393 394 1.7857142857142858
393 401 -1.3571428571428572
393 402 1.3571428571428572
393 411 1.7857142857142858
394 395 1.3571428571428572
394 402 -0.9285714285714286
394 403 1.7857142857142858
394 444 0.5714285714285714
394 452 0.9285714285714286
394 477 2.0
395 396 -0.5714285714285714
395 403 1.7857142857142858
395 404 -1.3571428571428572
395 510 -2.0
395 518 2.0
395 543 0.9285714285714286
395 551 1.3571428571428572
396 404 2.0
396 559 -0.5714285714285714
396 566 -1.3571428571428572
397 398 -1.3571428571428572
398 399 2.0
399 400 0.9285714285714286
400 401 1.7857142857142858
401 402 0.5714285714285714
402 403 -1.3571428571428572
402 411 0.5714285714285714
402 444 0.5714285714285714
402 452 -1.3571428571428572
403 404 -2.0
403 477 2.0
403 510 2.0
403 518 2.0
404 543 -1.7857142857142858
404 551 2.0
404 559 -1.3571428571428572
404 566 1.3571428571428572
405 406 1.3571428571428572
405 413 1.7857142857142858
406 407 -2.0
406 413 0.9285714285714286
406 414 0.9285714285714286
407 408 1.3571428571428572
407 414 -1.7857142857142858
407 415 1.7857142857142858
408 409 0.9285714285714286
408 415 -0.5714285714285714
408 416 -1.3571428571428572
409 410 -2.0
409 416 -0.5714285714285714
409 417 1.7857142857142858
410 417 -0.9285714285714286
411 412 0.5714285714285714
411 418 2.0
411 434 0.9285714285714286
412 418 1.7857142857142858
412 419 -1.7857142857142858
412 460 -1.3571428571428572
412 467 -2.0
412 493 -1.7857142857142858
412 502 0.5714285714285714
413 414 1.7857142857142858
414 415 -0.9285714285714286
415 416 -1.7857142857142858
416 417 1.7857142857142858
418 419 1.7857142857142858
418 434 -2.0
418 460 -0.5714285714285714
418 467 2.0
419 493 1.7857142857142858
419 502 0.9285714285714286
419 525 1.3571428571428572
419 533 -1.3571428571428572
420 421 -2.0
420 429 -0.5714285714285714
421 422 -1.7857142857142858
421 429 1.7857142857142858
421 430 -1.3571428571428572
422 423 -1.7857142857142858
422 430 -1.3571428571428572
422 431 -1.3571428571428572
423 424 0.5714285714285714
423 431 -0.5714285714285714
423 432 2.0
424 425 1.3571428571428572
424 432 -1.3571428571428572
424 433 -0.5714285714285714
425 426 -1.7857142857142858
425 433 1.3571428571428572
425 434 -2.0
426 427 1.7857142857142858
426 435 1.7857142857142858
426 444 -2.0
426 453 -2.0
426 477 -0.9285714285714286
426 486 -1.7857142857142858
427 428 -2.0
427 435 -1.7857142857142858
427 436 1.7857142857142858
427 510 0.9285714285714286
427 519 0.5714285714285714
427 543 -0.5714285714285714
427 552 2.0
428 436 -0.5714285714285714
428 437 -1.3571428571428572
428 559 0.9285714285714286
428 567 1.3571428571428572
429 430 -1.3571428571428572
430 431 -1.3571428571428572
431 432 0.9285714285714286
433 434 -1.7857142857142858
434 444 -1.7857142857142858
434 453 -1.3571428571428572
435 436 1.7857142857142858
435 477 0.9285714285714286
435 486 -1.7857142857142858
435 510 -0.9285714285714286
435 519 -0.9285714285714286
436 437 1.7857142857142858
436 543 0.9285714285714286
436 552 -2.0
436 559 0.5714285714285714
436 567 -0.5714285714285714
438 446 1.7857142857142858
439 440 1.3571428571428572
439 447 1.7857142857142858
439 448 2.0
440 441 0.5714285714285714
440 448 -2.0
440 449 2.0
441 442 1.7857142857142858
441 449 1.7857142857142858
441 450 -1.7857142857142858
442 443 1.7857142857142858
442 450 0.9285714285714286
442 451 1.7857142857142858
443 444 -0.5714285714285714
443 451 -0.5714285714285714
443 452 -0.9285714285714286
444 445 -0.5714285714285714
444 452 2.0
445 453 0.9285714285714286
445 454 1.3571428571428572
445 467 0.9285714285714286
445 494 0.9285714285714286
445 502 1.3571428571428572
446 447 2.0
447 448 1.7857142857142858
448 449 -0.9285714285714286
449 450 -0.9285714285714286
450 451 -0.5714285714285714
451 452 0.5714285714285714
452 453 -0.5714285714285714
453 454 -0.5714285714285714
453 467 1.7857142857142858
454 494 -1.7857142857142858
454 502 -0.5714285714285714
454 526 0.5714285714285714
454 533 -1.7857142857142858
455 456 -2.0
455 463 -0.5714285714285714
456 457 0.9285714285714286
456 463 -1.7857142857142858
456 464 -2.0
457 458 0.9285714285714286
457 464 0.9285714285714286
458 459 1.3571428571428572
458 465 0.5714285714285714
459 460 -2.0
459 465 0.9285714285714286
459 466 1.7857142857142858
460 466 0.9285714285714286
460 467 1.7857142857142858
461 462 0.9285714285714286
461 469 -1.3571428571428572
461 511 1.7857142857142858
461 519 0.9285714285714286
461 544 2.0
461 552 -1.3571428571428572
462 469 0.9285714285714286
462 470 -1.7857142857142858
462 560 1.3571428571428572
462 567 0.5714285714285714
463 464 -0.5714285714285714
465 466 -0.9285714285714286
466 467 -2.0
467 468 -0.9285714285714286
468 469 -1.3571428571428572
468 486 1.7857142857142858
468 511 -0.9285714285714286
468 519 -0.5714285714285714
469 470 -0.9285714285714286
469 544 0.9285714285714286
469 552 -1.7857142857142858
469 560 0.5714285714285714
469 567 1.3571428571428572
471 472 -2.0
471 479 -1.3571428571428572
472 479 -0.9285714285714286
472 480 1.3571428571428572
473 474 -2.0
473 482 1.7857142857142858
474 475 1.7857142857142858
474 482 -0.5714285714285714
474 483 0.5714285714285714
475 476 -1.3571428571428572
475 484 0.5714285714285714
476 477 0.9285714285714286
476 484 0.5714285714285714
476 485 0.5714285714285714
477 478 1.7857142857142858
477 486 -0.5714285714285714
478 486 -0.9285714285714286
478 487 -0.5714285714285714
478 494 0.9285714285714286
479 480 -0.9285714285714286
480 481 -1.3571428571428572
481 482 0.9285714285714286
482 483 0.9285714285714286
484 485 -1.3571428571428572
485 486 -0.5714285714285714
486 487 -0.5714285714285714
487 494 -0.9285714285714286
487 526 -2.0
487 534 -1.3571428571428572
488 489 0.9285714285714286
488 497 -0.5714285714285714
489 490 2.0
489 498 -1.3571428571428572
490 491 0.9285714285714286
490 498 0.5714285714285714
490 499 -2.0
491 492 0.9285714285714286
491 499 -0.9285714285714286
491 500 0.9285714285714286
492 493 -1.7857142857142858
492 500 -0.5714285714285714
492 501 -1.3571428571428572
493 494 -0.9285714285714286
493 501 -1.7857142857142858
493 502 -0.5714285714285714
494 495 0.9285714285714286
494 502 -0.5714285714285714
495 496 2.0
495 503 0.5714285714285714
495 511 0.5714285714285714
495 544 -0.5714285714285714
496 503 1.3571428571428572
496 504 1.7857142857142858
496 560 0.9285714285714286
496 568 -2.0
497 498 -2.0
498 499 0.9285714285714286
499 500 1.7857142857142858
500 501 1.7857142857142858
501 502 -1.3571428571428572
503 504 1.3571428571428572
503 544 0.9285714285714286
503 560 0.9285714285714286
503 568 0.9285714285714286
505 512 -0.5714285714285714
505 513 -2.0
506 507 0.5714285714285714
506 513 0.5714285714285714
506 514 -1.3571428571428572
507 514 -1.3571428571428572
507 515 -1.3571428571428572
508 509 1.7857142857142858
508 516 -0.9285714285714286
508 517 1.3571428571428572
509 510 -1.7857142857142858
509 517 -0.5714285714285714
509 518 -1.3571428571428572
510 511 -2.0
510 518 0.5714285714285714
510 519 -1.7857142857142858
511 519 1.7857142857142858
511 520 0.9285714285714286
512 513 1.3571428571428572
513 514 -1.3571428571428572
514 515 -0.5714285714285714
515 516 1.7857142857142858
516 517 -2.0
517 518 -2.0
519 520 -2.0
520 527 -0.9285714285714286
520 534 0.9285714285714286
521 522 1.7857142857142858
521 529 0.9285714285714286
522 523 -0.5714285714285714
522 530 -1.3571428571428572
523 524 2.0
523 530 2.0
523 531 1.3571428571428572
524 525 -1.3571428571428572
524 531 1.7857142857142858
524 532 -0.5714285714285714
525 526 -1.7857142857142858
525 532 1.3571428571428572
525 533 1.7857142857142858
526 527 -1.7857142857142858
526 533 0.5714285714285714
526 534 -0.9285714285714286
527 528 -1.7857142857142858
527 534 0.5714285714285714
527 535 -1.7857142857142858
528 535 1.7857142857142858
528 536 -0.5714285714285714
528 568 1.3571428571428572
529 530 1.7857142857142858
530 531 -0.5714285714285714
531 532 -0.5714285714285714
532 533 -1.3571428571428572
533 534 2.0
534 535 -1.7857142857142858
535 536 0.5714285714285714
535 568 1.3571428571428572
537 538 0.5714285714285714
537 545 -2.0
537 546 -2.0
538 539 -0.5714285714285714
538 546 1.7857142857142858
538 547 -2.0
539 540 2.0
539 547 -0.5714285714285714
539 548 -0.9285714285714286
540 541 0.5714285714285714
540 548 -0.9285714285714286
540 549 -0.5714285714285714
541 542 0.5714285714285714
541 549 -1.7857142857142858
541 550 -0.9285714285714286
542 543 -0.9285714285714286
542 550 -1.3571428571428572
542 551 1.7857142857142858
543 544 1.3571428571428572
543 551 -0.9285714285714286
543 552 1.3571428571428572
544 552 1.3571428571428572
545 546 -2.0
546 547 -0.9285714285714286
547 548 0.5714285714285714
548 549 -2.0
549 550 -1.3571428571428572
550 551 2.0
551 552 -1.3571428571428572
553 561 0.9285714285714286
554 555 1.7857142857142858
554 562 -0.9285714285714286
555 556 0.9285714285714286
555 562 -0.5714285714285714
555 563 2.0
556 557 1.7857142857142858
556 563 0.5714285714285714
556 564 0.9285714285714286
557 558 1.7857142857142858
557 564 0.5714285714285714
557 565 -0.5714285714285714
558 559 -0.9285714285714286
558 565 1.7857142857142858
559 560 -0.5714285714285714
559 566 -1.3571428571428572
559 567 0.9285714285714286
560 567 2.0
560 568 -1.7857142857142858
562 563 1.7857142857142858
563 564 -1.3571428571428572
564 565 -0.5714285714285714
565 566 -0.5714285714285714
566 567 1.3571428571428572
567 568 -1.7857142857142858
