252 962
1 1 -4.142857142857143
2 2 4.714285714285714
3 3 -3.0000000000000004
4 4 -2.428571428571429
5 5 3.8571428571428577
6 6 2.1428571428571432
7 7 -3.3571428571428577
8 8 1.7857142857142854
9 9 2.2142857142857144
10 10 6.214285714285714
11 11 -3.5
12 12 -2.5714285714285716
13 13 1.8571428571428572
14 14 1.1428571428571428
15 15 0.14285714285714302
16 16 7.2857142857142865
17 17 0.6428571428571428
18 18 2.220446049250313e-16
19 19 -1.7857142857142856
20 20 -4.357142857142858
22 22 6.428571428571429
23 23 2.857142857142857
24 24 -4.2857142857142865
25 25 -1.0000000000000002
26 26 -1.5000000000000002
27 27 0.3571428571428572
28 28 -0.07142857142857162
29 29 -5.928571428571429
30 30 -0.857142857142857
31 31 0.5
32 32 1.2142857142857144
33 33 -3.1428571428571432
34 34 -1.7857142857142858
35 35 -0.7142857142857144
36 36 1.7857142857142863
37 37 -2.2142857142857144
38 38 -5.5
39 39 -2.571428571428572
40 40 0.07142857142857162
41 41 -4.857142857142857
42 42 0.4285714285714288
43 43 1.714285714285714
44 44 2.7857142857142856
45 45 4.285714285714286
46 46 -1.9999999999999998
47 47 -1.5000000000000002
48 48 0.8571428571428572
49 49 3.714285714285714
50 50 1.2142857142857144
51 51 -3.0
52 52 0.5714285714285718
53 53 0.2142857142857144
54 54 1.5
55 55 -0.9285714285714286
56 56 1.9285714285714286
57 57 4.142857142857143
58 58 -1.4285714285714286
59 59 -1.1428571428571426
60 60 -1.7142857142857144
61 61 -7.2142857142857135
62 62 5.857142857142858
63 63 5.5
64 64 4.071428571428571
65 65 -0.1428571428571428
66 66 -3.6428571428571432
67 67 0.7142857142857144
68 68 -2.0
69 69 0.5000000000000004
70 70 -1.7857142857142858
71 71 5.071428571428571
72 72 -4.142857142857143
73 73 -0.785714285714286
74 74 -0.9285714285714284
75 75 1.142857142857143
76 76 -0.14285714285714302
77 77 5.7857142857142865
78 78 8.857142857142858
79 79 -0.6428571428571428
80 80 4.071428571428571
81 81 7.785714285714285
82 82 7.2857142857142865
83 83 -2.571428571428571
84 84 -1.0714285714285712
85 85 1.5
87 87 1.5
88 88 -2.4285714285714284
89 89 -0.8571428571428572
90 90 2.928571428571428
91 91 -1.9999999999999998
92 92 -2.928571428571428
93 93 -1.0000000000000004
94 94 -2.0
95 95 -4.285714285714286
96 96 1.0
97 97 0.9285714285714286
98 98 2.0
99 99 0.9285714285714288
100 100 -1.2857142857142858
101 101 1.2857142857142858
102 102 -2.928571428571429
103 103 -2.428571428571429
105 105 1.5
106 106 -1.8571428571428572
107 107 -6.142857142857142
108 108 5.071428571428572
109 109 -1.9285714285714284
110 110 4.071428571428571
111 111 -0.4285714285714286
112 112 -2.0714285714285716
113 113 -1.9285714285714288
114 114 -4.142857142857143
115 115 4.714285714285715
116 116 2.220446049250313e-16
117 117 -5.785714285714286
118 118 0.7857142857142858
119 119 2.0
120 120 3.7142857142857144
121 121 1.5714285714285712
122 122 -1.4285714285714286
123 123 1.357142857142857
124 124 -1.0000000000000002
125 125 -3.071428571428571
126 126 -0.14285714285714257
127 127 1.2857142857142856
128 128 2.928571428571429
129 129 -0.714285714285714
130 130 5.071428571428571
131 131 -5.571428571428571
132 132 1.0714285714285714
133 133 -5.214285714285714
134 134 0.2857142857142856
135 135 1.142857142857143
136 136 0.6428571428571428
137 137 0.9285714285714284
138 138 -1.4285714285714286
139 139 -1.9285714285714284
140 140 -0.0714285714285714
141 141 -2.3571428571428577
142 142 2.642857142857143
143 143 3.928571428571429
144 144 1.4285714285714286
145 145 4.142857142857142
146 146 -0.6428571428571428
147 147 0.9285714285714286
148 148 6.142857142857143
149 149 -0.2142857142857142
150 150 0.0714285714285714
151 151 7.7142857142857135
152 152 1.2142857142857144
153 153 -4.5
154 154 1.1428571428571426
155 155 1.0714285714285712
156 156 -3.2857142857142856
157 157 2.2857142857142856
158 158 0.7857142857142856
159 159 1.8571428571428568
160 160 -0.9285714285714288
161 161 4.642857142857143
162 162 1.4285714285714286
163 163 -7.571428571428571
164 164 -2.7142857142857144
165 165 4.357142857142857
166 166 0.6428571428571428
167 167 -1.642857142857143
168 168 0.5714285714285714
169 169 5.428571428571428
170 170 -0.2142857142857144
171 171 -3.571428571428571
172 172 2.928571428571429
173 173 -2.4285714285714284
174 174 -0.5
175 175 -2.2142857142857144
176 176 0.5
177 177 1.2142857142857142
178 178 -0.35714285714285743
179 179 6.714285714285714
180 180 -2.1428571428571432
181 181 2.928571428571429
182 182 -1.2142857142857144
183 183 2.1428571428571432
184 184 1.5
185 185 4.071428571428571
186 186 1.3571428571428572
187 187 0.3571428571428572
188 188 -0.14285714285714302
189 189 -3.071428571428572
190 190 -0.4285714285714284
191 191 3.6428571428571432
192 192 0.357142857142857
193 193 -1.0
194 194 0.1428571428571428
195 195 -7.642857142857142
196 196 -0.4285714285714286
197 197 0.21428571428571463
198 198 0.9285714285714286
199 199 -1.6428571428571426
200 200 5.428571428571429
201 201 3.714285714285714
202 202 1.5
203 203 3.928571428571429
204 204 -3.357142857142857
205 205 -0.357142857142857
206 206 -3.2142857142857144
207 207 1.5000000000000002
208 208 1.1428571428571426
209 209 1.9285714285714286
210 210 0.4285714285714288
211 211 1.7857142857142858
212 212 1.8571428571428574
213 213 -0.5714285714285712
214 214 1.7142857142857142
215 215 -0.5714285714285714
216 216 2.571428571428571
217 217 5.714285714285715
218 218 1.142857142857143
219 219 1.2142857142857142
220 220 -4.142857142857142
221 221 -1.7857142857142856
222 222 1.785714285714286
223 223 -1.928571428571428
224 224 1.7142857142857142
225 225 4.142857142857144
226 226 0.6428571428571432
227 227 3.9285714285714284
228 228 2.857142857142857
229 229 -4.285714285714286
230 230 4.357142857142858
231 231 2.0714285714285716
232 232 6.714285714285714
233 233 -5.7142857142857135
234 234 3.7857142857142856
235 235 3.8571428571428585
236 236 0.21428571428571397
237 237 -1.0
238 238 0.28571428571428537
239 239 -2.0
240 240 2.0
241 241 3.7142857142857144
242 242 1.2142857142857142
243 243 -1.0000000000000004
244 244 -6.571428571428571
245 245 4.500000000000001
246 246 -2.6428571428571432
247 247 -2.571428571428571
248 248 -1.642857142857143
249 249 -0.642857142857143
250 250 2.571428571428571
251 251 -2.7142857142857144
252 252 2.220446049250313e-16
1 2 -1.3571428571428572
1 9 -0.5714285714285714
1 42 2.0
1 47 0.9285714285714286
1 85 1.3571428571428572
1 93 1.7857142857142858
2 3 -1.3571428571428572
2 9 -0.9285714285714286
2 10 0.9285714285714286
2 133 2.0
2 143 -2.0
2 176 -2.0
3 4 0.5714285714285714
3 10 1.7857142857142858
3 11 1.7857142857142858
3 29 -0.5714285714285714
3 226 -0.5714285714285714
3 236 1.3571428571428572
4 11 -0.5714285714285714
4 12 2.0
4 123 -0.9285714285714286
4 128 1.3571428571428572
5 6 0.5714285714285714
5 15 -0.5714285714285714
5 60 -2.0
5 106 -0.9285714285714286
5 115 -0.9285714285714286
6 7 -0.5714285714285714
6 15 -1.3571428571428572
6 16 -2.0
6 156 1.7857142857142858
6 161 -1.7857142857142858
6 192 1.7857142857142858
6 196 -0.5714285714285714
7 16 -1.3571428571428572
7 17 0.9285714285714286
7 41 2.0
7 247 0.5714285714285714
7 251 1.7857142857142858
8 18 -0.5714285714285714
8 184 1.3571428571428572
8 225 -2.0
8 235 -0.5714285714285714
9 10 -2.0
9 85 -0.9285714285714286
9 93 1.7857142857142858
9 133 1.7857142857142858
9 143 -1.3571428571428572
10 11 -2.0
10 176 -2.0
10 226 -0.9285714285714286
10 236 -2.0
11 12 0.9285714285714286
11 20 1.3571428571428572
11 29 2.0
12 13 -1.3571428571428572
12 123 -1.3571428571428572
12 128 -0.5714285714285714
12 163 2.0
12 168 0.9285714285714286
13 14 -1.3571428571428572
13 204 1.7857142857142858
13 215 -0.9285714285714286
14 56 1.7857142857142858
14 71 -1.3571428571428572
14 102 -2.0
14 117 1.7857142857142858
15 16 -0.5714285714285714
15 106 2.0
15 115 0.5714285714285714
15 156 -2.0
15 161 1.7857142857142858
16 17 -1.3571428571428572
16 192 -2.0
16 196 0.9285714285714286
16 251 -0.9285714285714286
17 19 0.9285714285714286
17 41 -0.9285714285714286
17 90 -2.0
17 96 1.7857142857142858
18 19 1.3571428571428572
18 25 0.5714285714285714
18 31 1.7857142857142858
18 225 -1.3571428571428572
18 235 -1.7857142857142858
19 138 0.9285714285714286
19 146 0.5714285714285714
19 184 -2.0
20 26 -0.9285714285714286
20 29 0.5714285714285714
20 200 1.3571428571428572
20 211 2.0
21 22 0.9285714285714286
21 28 -0.9285714285714286
22 23 -2.0
22 28 -1.3571428571428572
22 35 -2.0
22 241 -2.0
23 24 0.9285714285714286
23 30 -1.7857142857142858
24 25 1.3571428571428572
24 30 2.0
24 31 -0.9285714285714286
24 173 0.9285714285714286
25 31 -0.9285714285714286
25 32 -1.3571428571428572
25 70 1.3571428571428572
26 29 2.0
26 33 2.0
26 67 -0.9285714285714286
26 103 1.3571428571428572
26 113 -2.0
27 28 0.5714285714285714
27 100 -0.9285714285714286
28 241 1.7857142857142858
29 33 1.3571428571428572
29 67 0.5714285714285714
30 31 -1.3571428571428572
30 173 2.0
31 32 0.9285714285714286
32 70 -1.3571428571428572
32 122 0.5714285714285714
33 103 -0.9285714285714286
33 113 1.3571428571428572
33 153 1.3571428571428572
33 159 -2.0
34 38 1.7857142857142858
35 222 1.7857142857142858
35 233 0.9285714285714286
36 37 -0.9285714285714286
36 45 -2.0
36 53 0.5714285714285714
36 89 0.5714285714285714
37 38 2.0
37 139 0.5714285714285714
37 150 0.5714285714285714
38 39 0.9285714285714286
38 48 0.5714285714285714
38 229 -1.7857142857142858
38 239 2.0
39 40 -0.9285714285714286
39 50 2.0
39 78 -0.5714285714285714
39 82 -2.0
39 126 1.3571428571428572
39 131 1.7857142857142858
40 41 2.0
40 50 -1.3571428571428572
40 165 -1.7857142857142858
40 171 2.0
40 207 -1.7857142857142858
40 218 1.7857142857142858
41 52 1.7857142857142858
41 62 0.5714285714285714
41 68 -0.5714285714285714
42 43 1.3571428571428572
42 47 -2.0
42 198 -1.7857142857142858
43 44 -0.5714285714285714
43 47 1.3571428571428572
43 49 -0.9285714285714286
43 55 -2.0
43 101 -0.9285714285714286
44 45 -1.3571428571428572
44 49 -1.3571428571428572
44 51 1.3571428571428572
44 151 -1.7857142857142858
44 187 0.9285714285714286
45 51 -0.9285714285714286
45 53 -1.3571428571428572
45 242 1.3571428571428572
46 54 -0.5714285714285714
46 174 2.0
46 220 0.5714285714285714
47 49 -0.5714285714285714
47 55 1.7857142857142858
48 229 0.5714285714285714
48 239 -2.0
49 51 0.5714285714285714
49 101 0.5714285714285714
49 151 -2.0
50 126 -0.9285714285714286
50 131 0.5714285714285714
50 165 -0.9285714285714286
50 171 -0.5714285714285714
51 53 0.5714285714285714
51 187 2.0
51 242 -0.5714285714285714
52 62 -0.9285714285714286
52 68 0.5714285714285714
52 120 -2.0
54 220 -0.9285714285714286
55 65 0.5714285714285714
55 93 0.5714285714285714
56 71 -1.3571428571428572
56 203 -1.7857142857142858
56 214 -0.5714285714285714
57 61 0.5714285714285714
57 71 -1.7857142857142858
57 72 1.7857142857142858
57 73 -1.7857142857142858
57 106 -2.0
57 116 -0.9285714285714286
58 59 0.9285714285714286
58 67 0.9285714285714286
58 69 0.5714285714285714
58 76 -0.5714285714285714
58 124 1.3571428571428572
58 128 -1.7857142857142858
59 60 1.7857142857142858
59 69 2.0
59 168 -1.7857142857142858
59 215 -1.7857142857142858
60 71 1.3571428571428572
60 72 0.5714285714285714
61 62 -1.7857142857142858
61 73 0.5714285714285714
61 74 1.7857142857142858
61 156 2.0
61 162 1.3571428571428572
61 192 0.9285714285714286
61 197 1.7857142857142858
62 63 -1.7857142857142858
62 68 -0.5714285714285714
62 74 1.3571428571428572
62 247 -1.3571428571428572
62 252 -1.3571428571428572
63 64 -1.3571428571428572
63 68 0.5714285714285714
63 75 1.3571428571428572
63 90 -1.7857142857142858
63 97 -0.5714285714285714
63 138 -0.5714285714285714
63 147 -1.3571428571428572
64 70 1.7857142857142858
64 75 -1.7857142857142858
64 185 -0.9285714285714286
64 225 -1.7857142857142858
65 66 -0.5714285714285714
65 93 -1.7857142857142858
65 134 1.3571428571428572
65 143 0.5714285714285714
66 67 -0.9285714285714286
66 178 1.7857142857142858
66 227 1.3571428571428572
66 236 2.0
67 69 0.5714285714285714
67 76 -0.9285714285714286
68 75 2.0
68 90 -0.5714285714285714
68 97 0.5714285714285714
69 124 -1.3571428571428572
69 128 -1.3571428571428572
69 168 -0.9285714285714286
70 75 -1.7857142857142858
70 225 1.7857142857142858
71 72 -0.5714285714285714
71 73 -1.3571428571428572
72 107 0.5714285714285714
72 117 1.7857142857142858
73 74 1.3571428571428572
73 106 1.7857142857142858
73 116 -0.5714285714285714
73 156 -0.5714285714285714
73 162 1.3571428571428572
74 192 0.9285714285714286
74 197 -1.7857142857142858
74 247 -0.9285714285714286
74 252 -1.7857142857142858
75 138 -0.9285714285714286
75 147 1.3571428571428572
75 185 -1.3571428571428572
76 77 1.7857142857142858
76 80 -0.9285714285714286
76 104 -0.5714285714285714
76 113 1.3571428571428572
77 78 -2.0
77 80 -1.3571428571428572
77 81 -0.5714285714285714
77 154 -0.9285714285714286
77 159 -1.7857142857142858
77 190 -0.9285714285714286
78 81 -2.0
78 82 -1.3571428571428572
78 245 -0.9285714285714286
78 249 -2.0
79 83 2.0
79 84 -0.9285714285714286
79 177 -1.3571428571428572
79 182 0.9285714285714286
80 81 1.3571428571428572
80 104 1.7857142857142858
80 113 -2.0
80 154 -2.0
80 159 -0.9285714285714286
81 82 -2.0
81 190 -2.0
81 194 -1.3571428571428572
81 245 -1.7857142857142858
81 249 0.5714285714285714
82 83 -0.5714285714285714
82 88 -1.3571428571428572
83 84 -0.5714285714285714
83 136 1.3571428571428572
83 177 -0.5714285714285714
83 182 0.9285714285714286
84 223 2.0
84 233 0.5714285714285714
85 93 -1.3571428571428572
85 209 -0.5714285714285714
86 140 2.0
86 150 -2.0
87 89 1.3571428571428572
87 151 -0.5714285714285714
87 157 -1.3571428571428572
87 187 -0.9285714285714286
88 95 2.0
88 131 1.7857142857142858
89 91 0.9285714285714286
89 94 2.0
89 98 -2.0
89 242 -2.0
90 96 -0.5714285714285714
90 97 2.0
91 92 2.0
91 98 -0.9285714285714286
91 99 2.0
91 142 -2.0
92 99 -0.9285714285714286
92 100 2.0
92 174 -0.9285714285714286
92 181 -1.7857142857142858
92 220 0.5714285714285714
92 231 2.0
94 187 -0.5714285714285714
94 242 0.5714285714285714
95 96 1.7857142857142858
95 131 2.0
95 166 -0.5714285714285714
95 171 -0.9285714285714286
96 97 -2.0
96 218 -2.0
97 120 -0.9285714285714286
98 99 0.9285714285714286
99 100 -0.5714285714285714
99 142 -2.0
99 174 0.5714285714285714
99 181 -0.9285714285714286
100 220 1.3571428571428572
100 231 -0.5714285714285714
101 111 -0.9285714285714286
102 107 1.7857142857142858
102 117 1.3571428571428572
102 214 1.7857142857142858
103 104 2.0
103 112 -0.9285714285714286
103 113 1.7857142857142858
103 227 -1.7857142857142858
103 237 0.9285714285714286
104 105 -0.9285714285714286
104 113 -0.9285714285714286
104 114 2.0
104 124 -2.0
104 129 -1.3571428571428572
105 106 0.5714285714285714
105 114 1.3571428571428572
105 115 -1.3571428571428572
105 169 -2.0
105 205 -0.9285714285714286
105 216 1.7857142857142858
106 115 -1.3571428571428572
106 116 1.7857142857142858
107 108 1.7857142857142858
107 116 2.0
107 117 -0.9285714285714286
107 118 0.9285714285714286
108 109 -1.3571428571428572
108 118 -1.7857142857142858
108 119 -0.5714285714285714
108 162 -1.7857142857142858
108 197 -1.3571428571428572
109 119 0.9285714285714286
109 120 1.7857142857142858
109 252 0.5714285714285714
110 121 -1.7857142857142858
110 122 -0.9285714285714286
110 185 -1.3571428571428572
111 112 1.3571428571428572
111 134 2.0
111 148 -2.0
112 113 1.7857142857142858
112 178 -0.5714285714285714
112 227 -1.3571428571428572
112 237 1.7857142857142858
113 114 0.5714285714285714
114 115 2.0
114 124 0.5714285714285714
114 129 -1.7857142857142858
114 169 -0.5714285714285714
115 116 -0.9285714285714286
115 205 -0.9285714285714286
115 216 -1.7857142857142858
116 118 -1.3571428571428572
117 118 1.7857142857142858
118 119 0.5714285714285714
118 162 -0.9285714285714286
119 120 -0.5714285714285714
119 197 -1.7857142857142858
119 252 -0.5714285714285714
120 121 -2.0
121 122 1.7857142857142858
121 147 1.7857142857142858
121 185 -1.3571428571428572
123 128 -0.5714285714285714
123 201 0.9285714285714286
123 212 0.5714285714285714
124 125 2.0
124 128 -0.9285714285714286
124 129 1.3571428571428572
125 126 -1.7857142857142858
125 129 2.0
125 130 -1.3571428571428572
125 154 -1.7857142857142858
125 190 2.0
125 195 2.0
126 130 0.9285714285714286
126 131 1.3571428571428572
126 245 0.5714285714285714
126 250 -1.3571428571428572
127 132 0.9285714285714286
127 183 -2.0
127 223 1.7857142857142858
127 234 -2.0
128 129 0.9285714285714286
129 154 0.9285714285714286
129 160 -1.3571428571428572
130 131 -0.5714285714285714
130 190 -0.5714285714285714
130 195 -0.5714285714285714
130 245 -0.9285714285714286
130 250 -2.0
131 132 -1.3571428571428572
132 136 1.3571428571428572
132 145 -2.0
132 177 0.9285714285714286
132 183 -0.9285714285714286
133 134 -0.5714285714285714
133 143 1.7857142857142858
133 199 2.0
133 209 -1.7857142857142858
134 135 0.9285714285714286
134 143 -2.0
134 148 -2.0
135 139 -0.9285714285714286
135 148 -1.7857142857142858
135 149 2.0
135 152 -1.7857142857142858
135 157 -0.9285714285714286
135 188 1.3571428571428572
136 137 -1.3571428571428572
136 144 -2.0
137 138 0.9285714285714286
137 145 0.5714285714285714
137 146 -0.5714285714285714
137 166 0.5714285714285714
137 172 0.9285714285714286
137 219 -2.0
138 146 2.0
138 147 -0.9285714285714286
139 140 -1.3571428571428572
139 149 1.3571428571428572
139 150 0.9285714285714286
139 243 1.3571428571428572
140 141 -0.5714285714285714
140 142 1.3571428571428572
140 150 -1.3571428571428572
141 175 2.0
141 181 0.9285714285714286
141 221 0.9285714285714286
141 231 -0.9285714285714286
143 148 -0.9285714285714286
144 145 0.5714285714285714
145 146 -0.9285714285714286
145 166 -0.5714285714285714
145 172 -1.7857142857142858
146 147 -1.7857142857142858
146 219 1.3571428571428572
148 149 -2.0
148 152 2.0
148 157 0.5714285714285714
149 150 1.7857142857142858
149 188 -0.9285714285714286
149 243 -2.0
151 152 -1.3571428571428572
151 157 -2.0
152 153 0.9285714285714286
152 157 -0.5714285714285714
152 158 0.9285714285714286
152 179 -1.3571428571428572
153 154 1.3571428571428572
153 158 -1.7857142857142858
153 159 2.0
153 228 -1.3571428571428572
153 237 2.0
154 155 0.9285714285714286
154 159 -0.5714285714285714
154 160 0.9285714285714286
155 156 0.5714285714285714
155 160 1.7857142857142858
155 161 -1.7857142857142858
155 164 1.3571428571428572
155 169 -2.0
155 206 -1.3571428571428572
155 216 -0.5714285714285714
156 161 0.9285714285714286
156 162 0.5714285714285714
157 158 2.0
158 159 -0.5714285714285714
158 179 -2.0
158 228 2.0
158 237 -1.3571428571428572
159 160 2.0
160 161 -2.0
160 164 1.3571428571428572
160 169 -1.7857142857142858
161 162 -2.0
161 206 2.0
161 216 -1.7857142857142858
163 168 1.7857142857142858
163 202 1.7857142857142858
163 212 2.0
164 165 -0.5714285714285714
164 169 0.9285714285714286
164 170 -0.9285714285714286
164 195 0.5714285714285714
165 166 -0.9285714285714286
165 171 -0.9285714285714286
165 246 1.3571428571428572
165 250 -0.5714285714285714
166 167 -0.5714285714285714
166 171 2.0
166 172 -0.5714285714285714
167 172 -0.5714285714285714
167 173 1.7857142857142858
167 183 0.5714285714285714
167 224 1.3571428571428572
167 234 -0.9285714285714286
168 169 -0.5714285714285714
169 170 0.5714285714285714
170 191 1.3571428571428572
170 195 1.7857142857142858
170 246 -0.5714285714285714
170 250 -2.0
171 172 2.0
172 173 -0.9285714285714286
172 183 -2.0
173 224 -1.3571428571428572
174 175 -0.5714285714285714
174 181 -0.5714285714285714
175 180 1.3571428571428572
175 181 -0.5714285714285714
176 178 0.9285714285714286
176 199 0.5714285714285714
176 210 2.0
177 182 -2.0
177 183 1.7857142857142858
178 179 -1.7857142857142858
179 186 -1.3571428571428572
179 188 1.7857142857142858
179 193 -2.0
180 221 1.3571428571428572
180 232 -0.5714285714285714
182 183 1.3571428571428572
183 184 -0.9285714285714286
184 185 0.9285714285714286
184 208 0.9285714285714286
184 219 -1.7857142857142858
186 188 0.9285714285714286
186 193 2.0
186 243 -0.9285714285714286
186 248 -2.0
187 188 -1.7857142857142858
188 189 -1.7857142857142858
188 193 0.5714285714285714
189 190 1.3571428571428572
189 193 1.3571428571428572
189 194 -0.5714285714285714
189 228 1.3571428571428572
189 238 1.3571428571428572
190 191 -1.7857142857142858
190 194 1.7857142857142858
190 195 0.5714285714285714
191 192 -2.0
191 195 0.9285714285714286
191 196 0.5714285714285714
191 206 -1.3571428571428572
191 217 -1.3571428571428572
192 196 -2.0
192 197 2.0
193 194 -1.7857142857142858
193 228 -0.9285714285714286
193 238 1.7857142857142858
194 195 1.7857142857142858
195 196 0.5714285714285714
196 197 0.9285714285714286
196 206 0.5714285714285714
196 217 -0.5714285714285714
198 199 -0.9285714285714286
198 209 1.7857142857142858
199 200 -1.7857142857142858
199 210 1.7857142857142858
200 201 -1.7857142857142858
200 210 -1.3571428571428572
200 211 -0.9285714285714286
200 226 -0.9285714285714286
201 202 -0.5714285714285714
201 211 -1.3571428571428572
201 212 -0.9285714285714286
202 203 -1.7857142857142858
202 204 -0.9285714285714286
202 212 -2.0
202 213 2.0
203 213 0.5714285714285714
203 214 -0.9285714285714286
204 205 0.5714285714285714
204 213 0.5714285714285714
204 215 1.3571428571428572
205 206 2.0
205 215 0.5714285714285714
205 216 -0.9285714285714286
206 207 1.7857142857142858
206 216 1.3571428571428572
206 217 -1.7857142857142858
207 217 1.3571428571428572
207 218 -1.7857142857142858
207 246 -2.0
207 251 0.9285714285714286
208 219 -0.5714285714285714
208 224 -0.9285714285714286
208 235 -0.5714285714285714
209 210 -1.3571428571428572
210 211 -0.5714285714285714
210 226 -0.9285714285714286
211 212 -0.9285714285714286
212 213 -0.5714285714285714
213 214 -2.0
215 216 1.3571428571428572
216 217 -2.0
217 218 -0.9285714285714286
217 246 0.9285714285714286
217 251 -1.3571428571428572
218 219 1.7857142857142858
220 221 2.0
220 231 0.5714285714285714
221 222 -0.5714285714285714
221 231 -1.3571428571428572
221 232 -0.5714285714285714
222 223 -0.9285714285714286
222 230 -0.9285714285714286
222 232 -1.7857142857142858
222 233 2.0
222 241 -1.3571428571428572
223 224 2.0
223 233 -0.9285714285714286
223 234 -2.0
224 225 0.5714285714285714
224 234 -2.0
224 235 -1.3571428571428572
225 235 -1.3571428571428572
226 227 0.9285714285714286
226 236 1.7857142857142858
227 228 -2.0
227 236 -2.0
227 237 0.9285714285714286
228 237 -0.5714285714285714
228 238 -1.3571428571428572
229 238 0.5714285714285714
229 239 2.0
229 244 2.0
229 248 0.9285714285714286
230 232 -2.0
230 240 -2.0
230 241 0.5714285714285714
231 232 -1.7857142857142858
232 233 1.7857142857142858
232 241 -1.7857142857142858
233 234 1.3571428571428572
234 235 1.7857142857142858
236 237 -1.3571428571428572
237 238 -1.3571428571428572
238 239 -0.9285714285714286
238 244 -0.9285714285714286
238 248 0.5714285714285714
239 240 0.9285714285714286
240 241 -0.9285714285714286
242 243 -0.5714285714285714
243 244 1.7857142857142858
243 248 1.3571428571428572
244 245 0.5714285714285714
244 248 1.3571428571428572
244 249 1.7857142857142858
245 246 -2.0
245 249 -0.9285714285714286
245 250 0.9285714285714286
246 247 2.0
246 250 2.0
246 251 0.9285714285714286
247 251 0.9285714285714286
247 252 1.3571428571428572
248 249 -0.5714285714285714
249 250 1.7857142857142858
250 251 -1.3571428571428572
251 252 1.7857142857142858
