567 2284
1 1 4.0
2 2 -2.357142857142857
3 3 7.000000000000001
4 4 1.2142857142857146
5 5 -3.7142857142857144
6 6 0.8571428571428572
7 7 -3.428571428571429
8 8 8.928571428571429
9 9 -0.9285714285714293
10 10 1.9285714285714286
11 11 -0.9285714285714286
12 12 -1.2857142857142858
13 13 -4.571428571428571
14 14 3.571428571428571
15 15 1.4999999999999998
16 16 4.785714285714286
17 17 -1.7142857142857142
18 18 -4.285714285714286
19 19 -0.4285714285714286
20 20 -0.5714285714285714
21 21 -0.2857142857142856
22 22 -1.5
23 23 -0.35714285714285743
24 24 -3.3571428571428568
25 25 1.5714285714285714
26 26 -3.2857142857142856
27 27 -0.2857142857142858
28 28 -1.1428571428571428
29 29 -2.0
30 30 0.5714285714285714
31 31 -3.7857142857142856
32 32 1.5714285714285714
33 33 0.2142857142857144
35 35 -4.428571428571429
36 36 2.2857142857142856
37 37 0.7857142857142858
38 38 -3.1428571428571432
39 39 2.1428571428571432
40 40 4.571428571428571
41 41 6.428571428571429
43 43 -1.3571428571428572
44 44 3.642857142857143
45 45 -4.071428571428572
46 46 4.7857142857142865
47 47 2.5
48 48 -1.6428571428571426
49 49 -2.642857142857143
50 50 3.357142857142857
51 51 3.7857142857142856
52 52 -1.8571428571428572
53 53 -0.7142857142857144
54 54 -0.4285714285714288
55 55 -2.7142857142857144
56 56 -2.5
57 57 -0.6428571428571428
58 58 -0.6428571428571428
59 59 1.428571428571429
60 60 -2.857142857142857
61 61 -1.6428571428571432
62 62 -1.7857142857142858
63 63 -7.5
64 64 5.7142857142857135
65 65 0.9285714285714286
66 66 1.2142857142857142
67 67 1.0000000000000004
68 68 -4.785714285714286
69 69 6.285714285714286
70 70 -2.428571428571429
71 71 -2.571428571428572
72 72 6.642857142857143
73 73 -3.428571428571429
74 74 -0.2142857142857142
75 75 -2.928571428571429
76 76 3.9999999999999996
77 77 -3.1428571428571432
78 78 2.3571428571428568
79 79 -3.857142857142857
80 80 1.5714285714285718
81 81 1.0714285714285716
82 82 -2.571428571428571
83 83 4.2857142857142865
84 84 3.6428571428571432
85 85 -1.6428571428571426
86 86 3.142857142857143
87 87 -1.8571428571428572
88 88 -1.5714285714285718
89 89 -0.4285714285714288
90 90 1.5714285714285714
91 91 1.4999999999999998
92 92 3.5
93 93 0.4285714285714286
94 94 -5.214285714285714
95 95 -4.357142857142858
96 96 -2.2142857142857144
97 97 -3.1428571428571432
98 98 0.7857142857142856
99 99 -1.4285714285714286
100 100 2.0
101 101 2.357142857142857
102 102 1.8571428571428574
103 103 2.5
104 104 -1.8571428571428568
105 105 -3.7857142857142856
106 106 4.357142857142858
107 107 1.0000000000000004
108 108 1.7142857142857144
109 109 0.9285714285714286
110 110 1.9999999999999998
111 111 8.071428571428571
112 112 0.4999999999999998
113 113 3.0
114 114 -0.0714285714285714
115 115 2.928571428571429
116 116 -1.7857142857142854
117 117 -0.8571428571428568
118 118 0.8571428571428572
119 119 -1.7142857142857142
120 120 1.7857142857142856
121 121 1.9999999999999998
122 122 -3.6428571428571432
123 123 4.928571428571428
124 124 -1.4285714285714286
125 125 2.0714285714285716
126 126 -4.214285714285714
127 127 -8.357142857142858
128 128 -0.2857142857142856
129 129 1.7142857142857144
130 130 -1.7142857142857144
131 131 -4.0
132 132 4.0
133 133 -0.642857142857143
134 134 -1.2857142857142856
135 135 -8.142857142857142
136 136 -0.7857142857142858
137 137 2.0
138 138 -0.5
139 139 -6.357142857142858
140 140 3.3571428571428568
141 141 -0.4285714285714286
142 142 3.357142857142857
143 143 0.9285714285714282
144 144 -2.714285714285715
145 145 -6.071428571428571
146 146 5.928571428571429
147 147 7.500000000000002
148 148 1.142857142857143
149 149 1.7142857142857144
150 150 0.0714285714285714
151 151 5.0
153 153 3.928571428571429
154 154 2.428571428571429
155 155 -8.285714285714286
156 156 -3.2857142857142856
157 157 0.5
158 158 5.214285714285714
159 159 0.785714285714286
160 160 -2.571428571428571
161 161 3.714285714285714
162 162 0.7857142857142858
163 163 3.6428571428571432
164 164 0.1428571428571428
165 165 3.0714285714285716
166 166 4.428571428571429
167 167 0.2857142857142858
168 168 4.285714285714286
169 169 -3.642857142857143
170 170 3.928571428571429
171 171 -2.642857142857143
172 172 4.285714285714286
173 173 1.0714285714285712
174 174 3.357142857142857
175 175 1.4285714285714288
176 176 -5.642857142857143
177 177 -6.7857142857142865
178 178 -4.642857142857143
179 179 3.0
180 180 -0.1428571428571428
181 181 -5.7857142857142865
182 182 0.9285714285714288
183 183 -3.571428571428571
184 184 1.0714285714285716
185 185 6.285714285714286
186 186 4.357142857142857
187 187 0.5714285714285712
188 188 -3.9285714285714284
189 189 -5.285714285714286
190 190 0.4999999999999998
191 191 0.8571428571428568
192 192 6.428571428571429
193 193 -3.0
194 194 -1.3571428571428572
195 195 -5.785714285714286
196 196 -0.5714285714285712
197 197 0.3571428571428572
198 198 2.428571428571429
199 199 1.7857142857142858
200 200 -7.714285714285714
201 201 -2.928571428571429
202 202 -1.285714285714286
203 203 0.9285714285714284
204 204 1.4285714285714286
205 205 4.571428571428571
206 206 3.3571428571428577
207 207 4.2857142857142865
208 208 0.2857142857142858
209 209 -1.3571428571428572
210 210 4.142857142857143
211 211 -3.8571428571428568
212 212 1.5000000000000002
213 213 -1.3571428571428572
214 214 2.500000000000001
215 215 3.1428571428571432
216 216 1.9999999999999998
217 217 0.3571428571428572
218 218 0.5
219 219 -6.2142857142857135
220 220 1.0714285714285716
221 221 -4.857142857142858
222 222 -0.4285714285714288
223 223 -1.0714285714285714
224 224 -3.2857142857142856
225 225 -4.2857142857142865
226 226 -0.3571428571428572
227 227 3.9285714285714284
228 228 -6.2857142857142865
229 229 -12.0
230 230 -10.571428571428573
231 231 -0.5714285714285712
232 232 -0.357142857142857
233 233 5.785714285714286
234 234 -3.071428571428572
235 235 -4.5
236 236 -2.928571428571429
237 237 1.0000000000000004
238 238 -5.714285714285714
239 239 4.071428571428571
240 240 0.28571428571428537
241 241 2.7142857142857144
242 242 0.4285714285714286
243 243 -2.7857142857142856
244 244 -6.5
245 245 -0.6428571428571428
246 246 1.0
247 247 -7.785714285714286
248 248 1.142857142857143
249 249 -1.4285714285714284
250 250 -7.285714285714286
251 251 -2.5000000000000004
252 252 -1.1428571428571428
253 253 -0.28571428571428537
254 254 -2.6428571428571432
255 255 -2.5714285714285716
256 256 1.5714285714285716
257 257 2.1428571428571432
258 258 -0.8571428571428568
259 259 0.2857142857142856
260 260 -1.0714285714285714
261 261 2.5
262 262 -0.8571428571428572
263 263 -1.3571428571428574
264 264 -3.4285714285714284
265 265 -3.428571428571428
266 266 -0.7142857142857144
267 267 4.071428571428571
268 268 -1.5000000000000009
269 269 3.1428571428571423
270 270 3.9285714285714284
271 271 -5.571428571428571
272 272 -4.857142857142858
273 273 -3.357142857142857
274 274 -10.785714285714286
275 275 -0.2857142857142856
276 276 -1.1428571428571426
277 277 -5.0
278 278 -2.2142857142857144
279 279 -2.9285714285714284
280 280 2.0
281 281 -3.0
282 282 -0.9285714285714288
283 283 -0.7142857142857142
284 284 -4.571428571428571
285 285 3.2142857142857144
286 286 3.2857142857142856
287 287 -4.285714285714286
288 288 2.8571428571428577
289 289 -1.2857142857142865
290 290 1.4285714285714284
291 291 4.642857142857142
292 292 -0.4999999999999998
293 293 1.142857142857143
294 294 2.785714285714286
295 295 6.214285714285714
296 296 0.5
297 297 -1.2142857142857142
298 298 1.5714285714285718
299 299 -2.214285714285714
300 300 -1.3571428571428574
301 301 3.5
302 302 -3.3571428571428568
303 303 0.857142857142857
304 304 7.285714285714286
305 305 1.2142857142857153
306 306 -4.7142857142857135
307 307 -2.571428571428571
308 308 -3.7857142857142847
309 309 -6.285714285714285
310 310 0.14285714285714324
311 311 0.9285714285714286
312 312 1.5714285714285714
313 313 0.5714285714285716
314 314 -3.7142857142857144
315 315 -3.0
316 316 1.0714285714285714
317 317 -2.071428571428572
318 318 2.071428571428571
319 319 -6.285714285714285
320 320 -1.4285714285714286
321 321 1.4285714285714286
322 322 -5.0
323 323 -1.3571428571428572
324 324 1.3571428571428572
325 325 0.5000000000000004
326 326 -1.0714285714285712
327 327 -3.7857142857142856
328 328 -0.5
329 329 1.8571428571428572
330 330 3.5714285714285716
331 331 -1.5000000000000002
332 332 3.142857142857143
333 333 0.4285714285714284
334 334 -5.428571428571429
335 335 5.5
336 336 4.428571428571429
337 337 8.285714285714286
338 338 -1.0000000000000002
339 339 -6.2857142857142865
340 340 2.357142857142857
341 341 2.928571428571429
342 342 -3.428571428571428
343 343 7.7857142857142865
344 344 -1.5714285714285714
345 345 0.9285714285714286
346 346 3.9285714285714284
347 347 1.4285714285714288
348 348 0.9285714285714282
349 349 2.928571428571429
350 350 2.3571428571428568
351 351 7.857142857142858
352 352 -2.1428571428571432
353 353 2.571428571428571
354 354 1.5
355 355 -5.357142857142858
356 356 -5.142857142857142
357 357 -6.142857142857142
358 358 5.571428571428572
359 359 1.7142857142857142
360 360 5.357142857142858
361 361 1.7857142857142858
362 362 4.285714285714286
363 363 4.071428571428572
364 364 0.35714285714285676
365 365 -1.357142857142857
366 366 5.5
367 367 -3.928571428571428
368 368 2.0
369 369 2.5
371 371 -4.428571428571429
372 372 -2.8571428571428568
373 373 -5.928571428571429
374 374 -0.9285714285714286
375 375 3.7857142857142856
376 376 5.357142857142857
377 377 3.428571428571429
378 378 -3.928571428571429
379 379 2.071428571428571
380 380 2.071428571428571
381 381 7.071428571428571
382 382 -0.7142857142857142
383 383 -2.2142857142857135
384 384 7.0
385 385 0.07142857142857117
386 386 -2.3571428571428568
387 387 2.9285714285714284
388 388 1.2857142857142858
389 389 -0.2142857142857144
390 390 -6.5
391 391 -2.571428571428572
392 392 -5.0
393 393 11.785714285714286
394 394 1.1428571428571428
395 395 -5.142857142857142
396 396 0.5714285714285714
397 397 -7.785714285714286
398 398 0.1428571428571428
399 399 1.2857142857142851
400 400 3.7857142857142856
401 401 0.7857142857142858
402 402 -3.1428571428571423
403 403 -1.5000000000000004
404 404 2.2142857142857144
405 405 -5.357142857142857
406 406 1.0
407 407 2.2142857142857135
408 408 2.5714285714285716
409 409 -1.5714285714285716
410 410 -5.714285714285714
411 411 -0.07142857142857117
412 412 0.5
413 413 -3.1428571428571423
414 414 -1.3571428571428572
415 415 4.714285714285714
416 416 -3.0714285714285716
417 417 -5.214285714285714
418 418 -2.7142857142857144
419 419 -2.428571428571429
420 420 2.2857142857142856
421 421 2.7142857142857144
422 422 -1.0714285714285718
423 423 -7.500000000000001
424 424 3.9285714285714297
425 425 7.642857142857143
426 426 0.4285714285714286
427 427 2.8571428571428568
428 428 1.1428571428571432
429 429 1.0714285714285714
430 430 7.571428571428571
431 431 2.785714285714286
432 432 -0.6428571428571426
433 433 -6.357142857142858
434 434 -0.2142857142857144
435 435 4.428571428571429
436 436 -1.857142857142857
437 437 -1.5714285714285714
438 438 0.07142857142857162
439 439 1.0
440 440 -2.5
441 441 -0.4285714285714284
442 442 6.5
443 443 -5.5
445 445 5.857142857142858
446 446 1.7142857142857144
447 447 3.2857142857142856
448 448 3.2142857142857144
449 449 1.7142857142857144
450 450 1.5000000000000002
452 452 -2.0
453 453 -6.2857142857142865
454 454 -2.2142857142857144
455 455 -0.2142857142857142
456 456 4.785714285714286
457 457 -2.1428571428571432
458 458 4.142857142857143
459 459 -2.4285714285714284
460 460 -3.928571428571429
461 461 -0.1428571428571428
462 462 4.214285714285714
463 463 1.642857142857143
464 464 -0.3571428571428572
465 465 2.5000000000000004
466 466 6.214285714285715
467 467 3.428571428571429
468 468 -0.8571428571428581
469 469 -4.857142857142858
470 470 -8.214285714285715
471 471 0.8571428571428572
472 472 1.0714285714285714
473 473 0.9999999999999996
474 474 -1.4285714285714286
475 475 -0.2857142857142856
476 476 1.4999999999999998
477 477 1.5714285714285714
478 478 -0.4285714285714286
479 479 -3.8571428571428568
480 480 -3.071428571428572
481 481 -0.07142857142857162
482 482 1.0714285714285714
483 483 6.071428571428571
484 484 -3.2857142857142856
485 485 -1.2142857142857144
486 486 -2.571428571428571
487 487 4.071428571428571
488 488 2.928571428571429
489 489 -3.7142857142857144
490 490 -0.2857142857142856
491 491 -3.3571428571428568
492 492 -3.2142857142857144
493 493 4.714285714285714
494 494 -3.5000000000000004
495 495 2.7142857142857144
496 496 1.4285714285714286
497 497 -7.0
498 498 -0.2857142857142858
499 499 -3.571428571428571
500 500 2.1428571428571432
501 501 3.071428571428571
502 502 0.6428571428571419
503 503 6.642857142857143
504 504 -2.428571428571429
505 505 -1.5
506 506 -1.2142857142857146
507 507 5.0
508 508 0.5
509 509 -1.7142857142857144
510 510 -0.7857142857142858
511 511 -3.6428571428571432
512 512 -0.5
513 513 2.428571428571429
514 514 -5.071428571428571
515 515 -0.2142857142857142
516 516 2.1428571428571432
517 517 0.8571428571428574
518 518 -2.357142857142857
519 519 -5.357142857142858
520 520 3.6428571428571432
521 521 -2.071428571428571
522 522 0.6428571428571423
523 523 6.857142857142858
524 524 3.0
525 525 -3.0
526 526 -1.357142857142857
527 527 2.071428571428571
528 528 -0.2857142857142858
529 529 -0.42857142857142816
530 530 0.3571428571428572
531 531 3.7857142857142865
532 532 -5.928571428571428
533 533 -1.2857142857142858
534 534 -0.9285714285714286
535 535 -2.357142857142857
536 536 1.714285714285714
537 537 0.07142857142857162
538 538 -4.7142857142857135
539 539 -6.071428571428571
540 540 -4.428571428571429
541 541 0.35714285714285743
542 542 -1.2142857142857144
543 543 3.571428571428571
544 544 -3.1428571428571432
545 545 -3.071428571428571
546 546 5.357142857142857
547 547 10.071428571428573
548 548 -3.4285714285714275
549 549 -0.1428571428571428
550 550 -2.3571428571428568
551 551 0.928571428571429
552 552 0.2142857142857144
553 553 -0.7857142857142856
554 554 1.7857142857142858
555 555 -5.7142857142857135
556 556 3.0
557 557 -5.642857142857143
558 558 -4.857142857142858
559 559 -0.07142857142857162
560 560 -0.2857142857142856
561 561 0.5
562 562 2.857142857142857
563 563 8.642857142857142
564 564 -1.5000000000000007
565 565 4.428571428571429
566 566 5.7142857142857135
567 567 6.214285714285715
1 2 -1.3571428571428572
1 9 -2.0
1 21 -2.0
1 28 -1.7857142857142858
1 49 1.7857142857142858
1 57 1.3571428571428572
2 3 0.5714285714285714
2 9 -1.3571428571428572
2 10 2.0
2 66 -2.0
2 73 1.3571428571428572
2 80 1.3571428571428572
2 84 1.7857142857142858
3 10 -2.0
3 11 0.5714285714285714
3 109 -0.5714285714285714
3 115 -2.0
3 134 -1.7857142857142858
3 140 -1.7857142857142858
4 5 0.9285714285714286
4 217 -1.3571428571428572
4 225 0.5714285714285714
4 248 -1.3571428571428572
5 6 1.3571428571428572
5 279 0.5714285714285714
5 287 1.7857142857142858
5 311 -0.9285714285714286
6 7 -0.5714285714285714
6 12 -1.7857142857142858
6 338 0.5714285714285714
6 345 -1.3571428571428572
6 366 0.9285714285714286
7 8 0.5714285714285714
7 12 1.3571428571428572
7 13 2.0
7 395 0.9285714285714286
7 427 -1.7857142857142858
7 436 0.9285714285714286
8 13 -2.0
8 14 -1.7857142857142858
8 461 -0.5714285714285714
8 469 -1.7857142857142858
8 495 -2.0
8 503 -1.3571428571428572
9 10 -0.5714285714285714
9 49 0.9285714285714286
9 57 2.0
9 66 0.5714285714285714
9 73 1.3571428571428572
10 11 -0.5714285714285714
10 80 -1.7857142857142858
10 84 -1.3571428571428572
10 109 1.7857142857142858
10 115 0.5714285714285714
11 134 0.5714285714285714
11 140 0.5714285714285714
11 160 1.7857142857142858
11 167 -2.0
12 13 1.3571428571428572
12 366 -0.5714285714285714
12 395 0.9285714285714286
13 14 2.0
13 427 -2.0
13 436 -0.5714285714285714
13 461 2.0
13 469 1.7857142857142858
14 495 -1.3571428571428572
14 503 -2.0
14 527 -1.3571428571428572
14 535 0.9285714285714286
15 16 -2.0
15 22 -0.5714285714285714
15 85 -0.9285714285714286
15 116 2.0
16 17 -1.7857142857142858
16 22 -0.9285714285714286
16 23 1.7857142857142858
16 141 -0.9285714285714286
16 168 -0.9285714285714286
17 18 2.0
17 23 0.9285714285714286
17 24 0.9285714285714286
17 194 -0.9285714285714286
17 226 0.5714285714285714
18 24 0.9285714285714286
18 25 1.3571428571428572
18 256 -1.3571428571428572
18 288 1.3571428571428572
19 20 -0.9285714285714286
19 26 1.3571428571428572
19 373 -0.5714285714285714
19 404 0.5714285714285714
20 26 1.3571428571428572
20 27 1.3571428571428572
20 437 -1.7857142857142858
20 470 0.5714285714285714
21 28 0.9285714285714286
21 552 1.3571428571428572
22 23 -0.5714285714285714
22 116 1.7857142857142858
22 141 1.7857142857142858
23 24 -1.3571428571428572
23 168 -1.3571428571428572
23 194 0.9285714285714286
24 25 -0.9285714285714286
24 226 1.7857142857142858
24 256 2.0
25 288 -2.0
26 27 -2.0
26 404 2.0
26 437 0.5714285714285714
27 470 0.9285714285714286
28 29 2.0
29 35 2.0
29 57 -2.0
30 36 -0.5714285714285714
30 37 2.0
30 140 -2.0
31 38 2.0
31 225 1.7857142857142858
32 38 1.3571428571428572
32 39 -0.9285714285714286
32 287 -2.0
33 34 1.7857142857142858
33 40 -2.0
33 41 -2.0
33 436 2.0
34 41 -2.0
34 469 2.0
34 503 -1.7857142857142858
35 36 2.0
35 57 -0.9285714285714286
35 73 1.3571428571428572
36 37 -1.3571428571428572
36 84 -1.7857142857142858
36 115 -0.5714285714285714
37 140 -2.0
37 167 0.5714285714285714
38 39 -2.0
38 287 1.7857142857142858
39 40 -0.5714285714285714
39 345 1.3571428571428572
40 41 -2.0
41 436 -1.3571428571428572
41 469 0.9285714285714286
42 50 -1.3571428571428572
42 94 0.9285714285714286
42 116 -1.3571428571428572
42 122 1.7857142857142858
43 44 1.3571428571428572
43 51 2.0
43 194 -2.0
43 202 -1.3571428571428572
43 226 1.3571428571428572
44 45 -2.0
44 51 -2.0
44 52 -0.5714285714285714
44 256 1.3571428571428572
44 288 -1.7857142857142858
45 46 1.3571428571428572
45 52 2.0
45 53 1.7857142857142858
45 352 0.9285714285714286
46 47 -0.9285714285714286
46 53 -1.3571428571428572
46 54 -0.9285714285714286
46 373 1.7857142857142858
46 379 -0.9285714285714286
46 404 -2.0
46 412 -1.7857142857142858
47 48 -0.9285714285714286
47 54 0.9285714285714286
47 55 -2.0
47 437 2.0
47 445 -2.0
47 470 1.7857142857142858
47 478 -1.3571428571428572
48 49 2.0
48 56 0.5714285714285714
48 511 1.7857142857142858
48 544 -1.7857142857142858
49 56 0.9285714285714286
49 57 -1.7857142857142858
49 552 -1.7857142857142858
49 560 0.5714285714285714
50 116 -1.7857142857142858
50 122 -0.5714285714285714
50 141 0.9285714285714286
50 148 -0.5714285714285714
51 226 -2.0
51 256 -1.7857142857142858
52 53 1.7857142857142858
52 288 -1.3571428571428572
53 54 -2.0
53 352 -0.5714285714285714
53 373 2.0
53 379 -0.9285714285714286
54 55 2.0
54 404 -2.0
54 412 2.0
54 437 1.3571428571428572
54 445 -0.9285714285714286
55 56 -0.5714285714285714
55 470 1.7857142857142858
55 478 0.9285714285714286
55 511 0.5714285714285714
56 57 2.0
56 544 1.3571428571428572
56 552 -1.7857142857142858
58 59 0.9285714285714286
58 67 -1.7857142857142858
58 86 0.5714285714285714
58 94 0.9285714285714286
58 117 -1.3571428571428572
58 122 1.3571428571428572
59 60 2.0
59 67 -1.7857142857142858
59 68 0.5714285714285714
59 148 -1.7857142857142858
59 174 -1.3571428571428572
60 61 -2.0
60 68 2.0
60 69 -0.5714285714285714
60 195 0.5714285714285714
60 202 -0.9285714285714286
60 227 1.7857142857142858
61 62 0.9285714285714286
61 69 -2.0
61 70 1.7857142857142858
61 257 0.9285714285714286
61 289 2.0
62 63 0.5714285714285714
62 70 -0.9285714285714286
62 320 -0.5714285714285714
62 352 1.7857142857142858
63 64 -1.3571428571428572
63 71 1.7857142857142858
63 374 0.9285714285714286
63 379 1.7857142857142858
63 405 2.0
63 412 1.7857142857142858
64 65 -1.7857142857142858
64 71 1.3571428571428572
64 445 -2.0
64 471 -1.3571428571428572
64 478 -0.5714285714285714
65 66 1.7857142857142858
65 72 -0.9285714285714286
65 504 -1.3571428571428572
65 511 0.9285714285714286
65 536 -1.3571428571428572
65 544 1.7857142857142858
66 72 -2.0
66 73 1.3571428571428572
66 560 -0.9285714285714286
67 68 1.7857142857142858
67 117 0.5714285714285714
67 122 -1.7857142857142858
67 148 2.0
68 69 -1.7857142857142858
68 174 2.0
68 195 -1.7857142857142858
68 202 2.0
69 70 -1.3571428571428572
69 227 -0.5714285714285714
70 289 0.9285714285714286
70 320 2.0
71 405 -0.5714285714285714
71 412 -0.5714285714285714
71 445 0.5714285714285714
72 73 -2.0
72 536 0.5714285714285714
72 544 -0.9285714285714286
72 560 -1.3571428571428572
74 75 2.0
74 86 -2.0
74 95 0.5714285714285714
74 117 0.5714285714285714
74 123 -0.9285714285714286
75 76 -2.0
75 149 0.9285714285714286
75 175 2.0
76 81 -1.3571428571428572
76 195 1.3571428571428572
76 203 1.7857142857142858
76 227 -1.7857142857142858
76 233 -2.0
77 78 -0.9285714285714286
77 82 1.7857142857142858
77 374 -1.7857142857142858
77 380 0.9285714285714286
77 405 1.3571428571428572
77 413 1.7857142857142858
78 79 1.3571428571428572
78 446 -1.3571428571428572
78 471 -2.0
78 479 0.5714285714285714
79 80 2.0
79 83 1.3571428571428572
79 504 1.7857142857142858
79 512 0.9285714285714286
79 536 -1.7857142857142858
79 545 -1.7857142857142858
80 83 -1.7857142857142858
80 84 -1.3571428571428572
81 227 -1.3571428571428572
81 233 0.5714285714285714
81 257 -0.9285714285714286
81 265 2.0
82 405 2.0
82 413 -1.7857142857142858
82 446 0.5714285714285714
83 84 -0.9285714285714286
83 536 -2.0
83 545 -0.9285714285714286
85 86 0.5714285714285714
85 94 2.0
86 87 -1.3571428571428572
86 95 -0.9285714285714286
87 88 1.7857142857142858
87 96 0.5714285714285714
87 102 -0.9285714285714286
87 130 1.7857142857142858
88 89 -2.0
88 96 1.7857142857142858
88 97 -1.7857142857142858
88 181 1.7857142857142858
89 90 1.7857142857142858
89 97 1.7857142857142858
89 98 1.7857142857142858
89 210 -2.0
89 241 -0.9285714285714286
90 91 -1.7857142857142858
90 98 -2.0
90 99 1.7857142857142858
90 303 -1.3571428571428572
91 92 2.0
91 99 1.7857142857142858
91 100 -0.9285714285714286
91 331 -2.0
91 359 -0.5714285714285714
92 93 -1.3571428571428572
92 100 -1.7857142857142858
92 388 -1.7857142857142858
92 419 -0.5714285714285714
93 101 -1.7857142857142858
93 454 1.3571428571428572
93 487 1.3571428571428572
94 95 1.3571428571428572
95 96 1.3571428571428572
95 102 2.0
96 97 -0.5714285714285714
96 130 -0.9285714285714286
97 98 1.3571428571428572
97 181 1.7857142857142858
97 210 0.5714285714285714
98 99 -0.5714285714285714
98 241 -1.3571428571428572
99 100 -2.0
99 303 -0.9285714285714286
99 331 1.3571428571428572
100 359 1.7857142857142858
100 388 0.9285714285714286
101 487 -0.5714285714285714
102 103 -1.3571428571428572
102 110 1.7857142857142858
102 118 -2.0
102 123 -1.3571428571428572
103 104 -2.0
103 111 0.9285714285714286
103 149 0.5714285714285714
103 169 1.3571428571428572
103 175 -2.0
104 111 0.9285714285714286
104 112 1.3571428571428572
104 196 1.7857142857142858
104 203 -1.3571428571428572
104 228 0.5714285714285714
104 233 0.5714285714285714
105 112 -1.3571428571428572
105 113 -1.3571428571428572
105 258 2.0
105 265 1.7857142857142858
105 290 1.3571428571428572
105 297 1.3571428571428572
106 107 -1.7857142857142858
106 380 -1.3571428571428572
106 406 -1.7857142857142858
106 413 0.5714285714285714
107 108 2.0
107 114 0.5714285714285714
107 438 -1.7857142857142858
107 446 -0.9285714285714286
107 479 0.9285714285714286
108 109 0.5714285714285714
108 114 -1.7857142857142858
108 505 1.7857142857142858
108 512 -2.0
108 537 -1.3571428571428572
108 545 -0.9285714285714286
109 115 -0.9285714285714286
109 553 -1.7857142857142858
110 111 -1.7857142857142858
110 118 1.7857142857142858
110 123 -1.7857142857142858
110 149 -2.0
111 112 -0.5714285714285714
111 169 -1.7857142857142858
111 175 -2.0
111 196 -2.0
111 203 -1.7857142857142858
112 113 -2.0
112 228 1.7857142857142858
112 233 -0.5714285714285714
112 258 1.7857142857142858
112 265 -0.9285714285714286
113 290 -0.5714285714285714
113 297 0.9285714285714286
114 479 0.9285714285714286
114 505 -0.5714285714285714
114 512 0.9285714285714286
116 117 0.5714285714285714
116 122 0.5714285714285714
117 118 -1.7857142857142858
117 122 1.3571428571428572
117 123 0.9285714285714286
118 119 -0.5714285714285714
118 123 -1.7857142857142858
118 124 0.9285714285714286
118 130 0.5714285714285714
118 135 2.0
119 124 2.0
119 125 -0.5714285714285714
119 181 1.7857142857142858
119 188 -0.9285714285714286
120 121 1.7857142857142858
120 128 0.9285714285714286
120 388 -0.5714285714285714
120 396 -1.3571428571428572
120 419 -0.5714285714285714
120 428 -2.0
121 129 -0.9285714285714286
121 462 -1.7857142857142858
121 487 -2.0
121 496 0.9285714285714286
122 123 0.9285714285714286
123 124 -0.9285714285714286
124 125 -1.7857142857142858
124 130 -0.5714285714285714
124 135 1.7857142857142858
125 126 0.5714285714285714
125 188 0.9285714285714286
125 210 -1.7857142857142858
125 218 0.5714285714285714
126 127 1.7857142857142858
126 241 0.9285714285714286
126 249 0.9285714285714286
127 128 1.3571428571428572
127 303 2.0
127 312 -0.5714285714285714
127 331 1.7857142857142858
127 339 2.0
128 359 -2.0
128 388 -1.7857142857142858
128 396 1.7857142857142858
129 487 -1.3571428571428572
129 496 0.5714285714285714
130 131 -0.9285714285714286
130 135 1.7857142857142858
131 135 1.3571428571428572
131 136 -1.3571428571428572
131 150 1.3571428571428572
131 169 1.7857142857142858
131 176 1.7857142857142858
132 138 1.7857142857142858
132 381 -2.0
132 406 -1.7857142857142858
132 414 -2.0
133 134 -1.3571428571428572
133 139 1.7857142857142858
133 505 1.7857142857142858
133 513 -1.3571428571428572
133 537 1.7857142857142858
133 546 -2.0
134 139 0.5714285714285714
134 140 0.9285714285714286
134 553 0.5714285714285714
134 561 1.7857142857142858
135 136 1.7857142857142858
135 150 -0.5714285714285714
136 169 0.5714285714285714
136 176 -0.5714285714285714
136 196 0.9285714285714286
136 204 -0.5714285714285714
137 290 -2.0
138 406 -1.7857142857142858
138 414 -0.9285714285714286
138 438 2.0
138 447 -0.5714285714285714
139 140 0.9285714285714286
139 537 1.7857142857142858
139 546 -0.5714285714285714
139 553 0.9285714285714286
139 561 0.9285714285714286
141 148 -1.3571428571428572
142 143 -1.7857142857142858
142 150 0.9285714285714286
142 151 -1.3571428571428572
142 154 -1.3571428571428572
142 182 -1.7857142857142858
142 188 2.0
143 144 -1.3571428571428572
143 151 -0.9285714285714286
143 218 1.7857142857142858
143 249 1.3571428571428572
144 145 1.3571428571428572
144 152 -0.5714285714285714
144 273 1.3571428571428572
144 304 0.5714285714285714
144 312 1.3571428571428572
145 146 1.3571428571428572
145 152 0.5714285714285714
145 332 2.0
145 339 1.3571428571428572
145 360 -0.5714285714285714
146 147 -1.3571428571428572
146 389 -0.5714285714285714
146 396 -1.3571428571428572
146 420 -2.0
146 428 -2.0
147 153 -1.3571428571428572
147 455 -0.9285714285714286
147 462 -0.9285714285714286
147 488 -2.0
147 496 -0.9285714285714286
148 149 0.5714285714285714
149 150 -1.7857142857142858
150 151 0.9285714285714286
150 154 -0.9285714285714286
151 182 -0.9285714285714286
151 188 -1.3571428571428572
151 218 -1.3571428571428572
152 304 -2.0
152 312 0.9285714285714286
152 332 -0.9285714285714286
152 339 2.0
153 488 -1.3571428571428572
153 496 0.5714285714285714
153 520 -1.7857142857142858
154 155 0.5714285714285714
154 161 -1.3571428571428572
154 170 2.0
154 176 -1.3571428571428572
155 156 0.5714285714285714
155 161 2.0
155 162 1.7857142857142858
155 197 0.9285714285714286
155 204 0.5714285714285714
155 229 0.9285714285714286
155 234 0.9285714285714286
156 157 1.3571428571428572
156 162 0.9285714285714286
156 163 0.5714285714285714
156 259 -0.9285714285714286
156 266 -0.5714285714285714
156 291 1.3571428571428572
157 158 0.5714285714285714
157 163 -0.9285714285714286
157 321 -0.9285714285714286
157 346 -0.5714285714285714
158 164 -2.0
158 375 -2.0
158 381 -1.7857142857142858
159 160 -1.7857142857142858
159 165 0.9285714285714286
159 166 -1.7857142857142858
159 506 -1.3571428571428572
159 513 0.9285714285714286
159 538 0.9285714285714286
159 546 1.3571428571428572
160 166 1.3571428571428572
160 167 0.5714285714285714
160 554 2.0
160 561 -1.3571428571428572
161 162 -1.7857142857142858
161 170 -2.0
161 176 1.7857142857142858
161 197 -1.7857142857142858
161 204 -0.5714285714285714
162 163 -0.9285714285714286
162 229 0.5714285714285714
162 234 -0.5714285714285714
162 259 -1.3571428571428572
162 266 0.5714285714285714
163 291 -0.5714285714285714
163 321 -1.7857142857142858
164 165 0.9285714285714286
164 407 -2.0
164 414 0.9285714285714286
164 447 2.0
165 166 -2.0
165 472 -0.9285714285714286
165 480 -0.5714285714285714
165 506 0.5714285714285714
165 513 -2.0
166 167 0.5714285714285714
166 538 1.7857142857142858
166 546 -0.5714285714285714
166 554 -1.7857142857142858
166 561 -2.0
168 174 -2.0
169 170 0.5714285714285714
169 175 0.5714285714285714
169 176 0.5714285714285714
170 171 -1.3571428571428572
170 176 -0.5714285714285714
170 177 -1.3571428571428572
170 182 -1.7857142857142858
170 189 0.5714285714285714
171 177 1.7857142857142858
171 219 2.0
171 242 -1.7857142857142858
171 250 2.0
172 179 -0.9285714285714286
172 180 -1.7857142857142858
172 332 1.3571428571428572
172 340 -2.0
172 360 -0.9285714285714286
173 455 -2.0
173 463 -1.7857142857142858
173 488 1.3571428571428572
173 497 1.3571428571428572
174 175 -2.0
175 176 2.0
176 177 2.0
177 178 1.7857142857142858
177 182 1.3571428571428572
177 189 -0.5714285714285714
177 219 1.7857142857142858
178 179 0.9285714285714286
178 242 0.9285714285714286
178 250 0.5714285714285714
178 273 1.3571428571428572
178 280 -0.9285714285714286
179 180 0.9285714285714286
179 304 -1.7857142857142858
179 313 0.5714285714285714
179 332 -1.7857142857142858
179 340 -0.9285714285714286
180 360 -0.9285714285714286
180 389 0.5714285714285714
180 397 1.3571428571428572
181 182 -0.9285714285714286
181 188 1.3571428571428572
182 183 0.5714285714285714
182 188 0.5714285714285714
182 189 2.0
183 184 -0.5714285714285714
183 189 -0.5714285714285714
183 190 2.0
183 197 1.7857142857142858
183 205 -2.0
183 229 1.7857142857142858
183 235 0.5714285714285714
184 185 -1.7857142857142858
184 190 -1.7857142857142858
184 191 2.0
184 259 1.7857142857142858
184 267 -1.3571428571428572
184 291 -1.3571428571428572
184 298 2.0
185 186 -1.7857142857142858
185 191 0.9285714285714286
185 192 0.9285714285714286
185 321 -1.7857142857142858
185 326 -0.9285714285714286
185 346 -0.9285714285714286
185 353 -0.9285714285714286
186 192 -2.0
186 382 0.9285714285714286
186 407 -0.5714285714285714
186 415 -0.9285714285714286
187 193 2.0
187 506 -0.5714285714285714
187 514 -2.0
187 538 0.5714285714285714
187 547 -0.5714285714285714
188 189 1.3571428571428572
189 190 1.3571428571428572
189 197 0.5714285714285714
189 205 0.5714285714285714
190 191 -0.5714285714285714
190 229 1.7857142857142858
190 235 -1.7857142857142858
190 259 -0.5714285714285714
190 267 -0.9285714285714286
191 192 -1.7857142857142858
191 291 -2.0
191 298 -2.0
191 321 2.0
191 326 0.5714285714285714
192 346 -1.7857142857142858
192 353 1.3571428571428572
192 375 -1.7857142857142858
192 382 -1.3571428571428572
193 538 2.0
193 547 -1.3571428571428572
193 554 -0.5714285714285714
193 562 0.9285714285714286
194 195 1.3571428571428572
194 202 2.0
195 196 2.0
195 202 0.9285714285714286
195 203 1.3571428571428572
196 197 0.5714285714285714
196 203 -0.9285714285714286
196 204 -1.7857142857142858
197 198 -2.0
197 204 1.3571428571428572
197 205 -1.7857142857142858
198 199 -1.7857142857142858
198 205 1.7857142857142858
198 206 -1.7857142857142858
198 211 0.9285714285714286
198 219 -0.9285714285714286
198 243 1.3571428571428572
199 206 -1.3571428571428572
199 207 -1.3571428571428572
199 274 2.0
199 280 -2.0
199 305 0.9285714285714286
199 313 1.7857142857142858
200 201 1.7857142857142858
200 208 2.0
200 390 0.9285714285714286
200 397 1.7857142857142858
200 421 1.7857142857142858
200 429 -0.5714285714285714
201 209 -1.3571428571428572
201 456 -2.0
201 463 1.3571428571428572
201 489 1.3571428571428572
201 497 1.7857142857142858
202 203 -1.3571428571428572
203 204 1.3571428571428572
204 205 -1.7857142857142858
205 206 -2.0
205 211 -1.3571428571428572
205 219 2.0
206 207 -1.7857142857142858
206 243 -1.3571428571428572
206 250 2.0
206 274 2.0
206 280 0.9285714285714286
207 208 -1.3571428571428572
207 305 -2.0
207 313 -0.9285714285714286
207 333 1.7857142857142858
207 340 1.3571428571428572
208 361 -1.7857142857142858
208 390 -0.9285714285714286
208 397 1.7857142857142858
209 489 1.7857142857142858
209 497 0.9285714285714286
209 521 0.5714285714285714
209 528 -0.5714285714285714
210 218 -0.9285714285714286
211 212 1.7857142857142858
211 219 1.3571428571428572
211 220 0.5714285714285714
211 235 0.5714285714285714
212 213 1.3571428571428572
212 220 -1.7857142857142858
212 221 -0.5714285714285714
212 260 0.5714285714285714
212 267 -2.0
212 292 0.9285714285714286
212 298 -1.7857142857142858
213 214 0.5714285714285714
213 221 0.5714285714285714
213 322 -0.9285714285714286
213 326 0.9285714285714286
213 347 -0.5714285714285714
213 353 -0.5714285714285714
214 222 -0.9285714285714286
214 382 0.5714285714285714
214 408 -1.7857142857142858
214 415 -0.9285714285714286
215 216 0.5714285714285714
215 222 -2.0
215 223 0.5714285714285714
215 440 -0.9285714285714286
215 448 1.7857142857142858
215 473 -1.3571428571428572
215 481 -1.7857142857142858
216 217 -1.3571428571428572
216 223 -0.5714285714285714
216 224 -1.3571428571428572
216 514 1.3571428571428572
216 539 1.3571428571428572
216 547 -2.0
217 224 0.9285714285714286
217 225 0.5714285714285714
217 555 1.7857142857142858
217 562 -0.9285714285714286
218 219 -0.5714285714285714
219 220 0.5714285714285714
220 230 0.9285714285714286
220 235 -1.3571428571428572
220 260 0.5714285714285714
220 267 -0.5714285714285714
221 292 1.3571428571428572
221 298 0.5714285714285714
221 322 0.9285714285714286
221 326 2.0
222 223 -0.9285714285714286
222 408 1.3571428571428572
222 440 2.0
222 448 0.9285714285714286
223 224 2.0
223 473 -1.3571428571428572
223 514 1.3571428571428572
224 225 1.3571428571428572
224 539 0.9285714285714286
224 547 -2.0
224 555 2.0
224 562 -0.5714285714285714
226 227 -1.3571428571428572
227 228 1.3571428571428572
227 233 -2.0
228 229 1.3571428571428572
228 233 -0.5714285714285714
228 234 1.7857142857142858
229 230 2.0
229 234 1.7857142857142858
229 235 1.7857142857142858
230 231 1.3571428571428572
230 235 1.7857142857142858
230 236 1.3571428571428572
230 243 1.3571428571428572
230 251 1.7857142857142858
231 232 -0.5714285714285714
231 236 -1.7857142857142858
231 237 2.0
231 274 1.3571428571428572
231 281 -1.3571428571428572
231 305 -1.7857142857142858
231 314 1.3571428571428572
232 237 2.0
232 238 -1.3571428571428572
232 333 -1.7857142857142858
232 341 0.9285714285714286
232 361 0.5714285714285714
232 367 0.5714285714285714
233 234 -1.7857142857142858
234 235 0.9285714285714286
235 236 2.0
236 237 -1.3571428571428572
236 243 0.5714285714285714
236 251 1.3571428571428572
236 274 -0.5714285714285714
236 281 1.3571428571428572
237 238 0.5714285714285714
237 305 -2.0
237 314 1.7857142857142858
237 333 -2.0
237 341 -2.0
238 239 0.9285714285714286
238 367 2.0
238 390 1.7857142857142858
238 398 1.7857142857142858
239 240 0.5714285714285714
239 421 -2.0
239 430 -1.7857142857142858
239 456 -1.7857142857142858
240 489 1.3571428571428572
240 498 -2.0
240 521 1.7857142857142858
240 529 -2.0
241 242 -1.3571428571428572
242 243 1.7857142857142858
242 249 -1.7857142857142858
242 250 1.7857142857142858
243 244 1.3571428571428572
243 250 -0.9285714285714286
243 251 -1.3571428571428572
244 245 1.3571428571428572
244 251 -0.5714285714285714
244 252 0.5714285714285714
244 268 2.0
244 292 1.7857142857142858
245 246 -0.5714285714285714
245 252 -1.7857142857142858
245 253 2.0
245 322 1.7857142857142858
245 327 0.5714285714285714
245 347 -1.3571428571428572
245 354 -1.3571428571428572
246 253 -1.3571428571428572
246 383 0.9285714285714286
246 408 -0.9285714285714286
246 416 0.9285714285714286
247 248 0.5714285714285714
247 254 1.7857142857142858
247 255 1.3571428571428572
247 515 0.9285714285714286
247 539 1.3571428571428572
247 548 1.7857142857142858
248 255 -0.5714285714285714
248 555 2.0
248 563 -1.7857142857142858
249 250 0.9285714285714286
250 251 0.9285714285714286
251 260 -0.5714285714285714
251 268 0.9285714285714286
252 253 0.5714285714285714
252 292 -1.7857142857142858
252 322 1.7857142857142858
252 327 1.7857142857142858
253 347 -2.0
253 354 -0.9285714285714286
253 383 2.0
254 255 1.7857142857142858
254 473 -0.5714285714285714
254 482 0.5714285714285714
254 515 -0.9285714285714286
255 539 -2.0
255 548 2.0
255 555 1.7857142857142858
255 563 -1.7857142857142858
256 257 -1.7857142857142858
257 258 -0.9285714285714286
257 265 0.5714285714285714
258 259 -2.0
258 265 -0.9285714285714286
258 266 0.9285714285714286
259 260 1.3571428571428572
259 266 -0.5714285714285714
259 267 2.0
260 261 0.5714285714285714
260 267 -2.0
260 268 0.5714285714285714
261 262 -0.9285714285714286
261 268 -0.5714285714285714
261 269 0.5714285714285714
261 275 1.7857142857142858
261 281 -0.5714285714285714
261 306 -1.3571428571428572
261 314 -2.0
262 263 0.9285714285714286
262 269 1.7857142857142858
262 270 -2.0
262 334 0.5714285714285714
262 341 0.9285714285714286
262 362 -1.7857142857142858
262 367 1.3571428571428572
263 264 1.3571428571428572
263 270 0.9285714285714286
263 271 0.9285714285714286
263 398 -1.3571428571428572
263 422 0.5714285714285714
263 430 -2.0
264 271 1.3571428571428572
264 272 0.9285714285714286
264 457 -0.5714285714285714
264 490 0.9285714285714286
264 498 -0.5714285714285714
265 266 0.9285714285714286
266 267 -0.5714285714285714
267 268 1.3571428571428572
268 269 -0.9285714285714286
268 275 -0.9285714285714286
268 281 -0.9285714285714286
269 270 -2.0
269 306 -1.7857142857142858
269 314 -0.5714285714285714
269 334 1.7857142857142858
269 341 -2.0
270 271 0.9285714285714286
270 362 0.9285714285714286
270 367 -1.7857142857142858
270 398 -0.9285714285714286
271 272 0.5714285714285714
271 422 1.7857142857142858
271 430 -0.9285714285714286
271 457 0.9285714285714286
272 490 -1.3571428571428572
272 498 1.7857142857142858
272 522 2.0
272 529 0.9285714285714286
273 274 2.0
273 280 -1.3571428571428572
274 275 2.0
274 281 2.0
275 281 0.5714285714285714
275 282 -1.7857142857142858
275 293 -1.3571428571428572
276 277 1.7857142857142858
276 283 -1.3571428571428572
276 284 -1.3571428571428572
276 383 0.5714285714285714
276 409 0.5714285714285714
276 416 0.9285714285714286
277 278 2.0
277 284 1.7857142857142858
277 285 0.9285714285714286
277 441 -1.3571428571428572
277 449 0.9285714285714286
277 474 0.9285714285714286
277 482 -2.0
278 279 2.0
278 286 -0.5714285714285714
278 507 -2.0
278 540 -0.5714285714285714
278 548 1.3571428571428572
279 286 -0.5714285714285714
279 287 0.9285714285714286
279 556 -1.7857142857142858
279 563 1.7857142857142858
280 281 1.3571428571428572
281 282 0.5714285714285714
282 283 1.3571428571428572
282 293 1.3571428571428572
282 327 -0.5714285714285714
283 284 2.0
283 348 -0.9285714285714286
283 354 0.5714285714285714
283 383 -0.9285714285714286
284 409 -0.9285714285714286
284 416 2.0
284 441 2.0
284 449 -0.9285714285714286
285 286 -2.0
285 474 -1.7857142857142858
285 482 2.0
285 507 -0.5714285714285714
285 515 -1.7857142857142858
286 287 1.7857142857142858
286 540 1.3571428571428572
286 548 -1.3571428571428572
286 556 -1.3571428571428572
286 563 -0.5714285714285714
288 289 0.9285714285714286
289 290 -0.5714285714285714
289 297 -2.0
290 291 -0.5714285714285714
290 297 0.9285714285714286
291 292 -0.5714285714285714
291 298 -0.9285714285714286
292 293 -1.7857142857142858
292 298 0.5714285714285714
293 294 -1.3571428571428572
293 299 -0.5714285714285714
293 306 2.0
293 315 0.5714285714285714
294 295 -1.7857142857142858
294 299 -1.7857142857142858
294 300 0.9285714285714286
294 334 0.9285714285714286
294 342 1.3571428571428572
294 362 0.9285714285714286
294 368 -2.0
295 296 -2.0
295 300 1.7857142857142858
295 301 -1.3571428571428572
295 399 -0.9285714285714286
295 422 -1.3571428571428572
295 431 -0.5714285714285714
296 301 2.0
296 302 -1.3571428571428572
296 457 1.7857142857142858
296 464 1.7857142857142858
296 490 -1.3571428571428572
296 499 -1.3571428571428572
299 300 -0.5714285714285714
299 306 1.7857142857142858
299 315 2.0
299 342 1.3571428571428572
300 301 0.5714285714285714
300 399 -1.3571428571428572
301 302 0.9285714285714286
301 422 -0.9285714285714286
301 431 -1.7857142857142858
301 457 -0.9285714285714286
301 464 -2.0
302 490 2.0
302 499 1.7857142857142858
302 522 -0.5714285714285714
302 530 0.5714285714285714
303 312 -0.5714285714285714
304 305 -0.9285714285714286
304 312 -1.3571428571428572
304 313 -1.7857142857142858
305 306 2.0
305 313 0.5714285714285714
305 314 2.0
306 307 0.5714285714285714
306 314 0.5714285714285714
306 315 0.9285714285714286
307 308 -0.9285714285714286
307 315 0.9285714285714286
307 316 -1.7857142857142858
307 323 1.7857142857142858
307 328 2.0
307 348 -1.3571428571428572
307 355 1.3571428571428572
308 309 2.0
308 316 1.7857142857142858
308 317 1.7857142857142858
308 384 -1.7857142857142858
308 409 0.9285714285714286
309 310 2.0
309 317 1.3571428571428572
309 318 1.7857142857142858
309 441 2.0
309 450 -2.0
309 474 0.9285714285714286
309 483 -1.7857142857142858
310 311 -0.9285714285714286
310 318 -0.9285714285714286
310 319 0.5714285714285714
310 507 -0.9285714285714286
310 516 -0.5714285714285714
310 540 2.0
310 549 -1.3571428571428572
311 319 2.0
311 556 -2.0
311 564 0.9285714285714286
312 313 -1.3571428571428572
313 314 0.5714285714285714
315 316 0.9285714285714286
315 323 -1.7857142857142858
315 328 -0.5714285714285714
316 348 -2.0
316 355 2.0
316 384 -2.0
317 318 -2.0
317 409 1.7857142857142858
317 441 -1.7857142857142858
317 450 0.9285714285714286
318 319 -0.9285714285714286
318 474 0.5714285714285714
318 483 -0.9285714285714286
318 507 -0.5714285714285714
318 516 0.9285714285714286
319 540 -1.3571428571428572
319 549 2.0
319 556 2.0
319 564 2.0
321 322 2.0
321 326 -0.9285714285714286
322 327 -0.5714285714285714
323 327 1.3571428571428572
324 325 -0.9285714285714286
324 329 1.3571428571428572
324 330 0.5714285714285714
324 391 -0.9285714285714286
324 399 -0.5714285714285714
324 423 0.9285714285714286
324 431 -1.7857142857142858
325 330 -1.3571428571428572
325 458 -1.3571428571428572
325 464 0.5714285714285714
325 491 2.0
325 499 0.5714285714285714
326 327 -0.5714285714285714
327 328 1.7857142857142858
328 329 -1.3571428571428572
328 342 -1.3571428571428572
329 330 -0.9285714285714286
329 368 0.5714285714285714
329 391 -0.9285714285714286
329 399 -0.5714285714285714
330 423 -1.3571428571428572
330 431 1.3571428571428572
330 458 -0.9285714285714286
330 464 -0.9285714285714286
331 332 -0.5714285714285714
331 339 0.9285714285714286
332 333 -1.3571428571428572
332 339 -0.9285714285714286
332 340 -0.9285714285714286
333 334 1.7857142857142858
333 340 0.5714285714285714
333 341 0.5714285714285714
334 341 -0.5714285714285714
334 342 0.9285714285714286
335 343 -1.7857142857142858
335 344 -1.7857142857142858
335 376 -0.5714285714285714
335 384 -1.3571428571428572
336 337 -0.9285714285714286
336 344 0.9285714285714286
336 442 -2.0
336 450 -1.3571428571428572
336 475 0.9285714285714286
336 483 -2.0
337 338 -2.0
337 508 -2.0
337 516 -2.0
337 549 -1.3571428571428572
338 345 -0.9285714285714286
338 557 1.3571428571428572
338 564 2.0
339 340 0.9285714285714286
340 341 -1.3571428571428572
341 342 0.5714285714285714
342 343 0.5714285714285714
343 344 -0.9285714285714286
343 349 -0.9285714285714286
343 355 -1.7857142857142858
343 376 -2.0
343 384 -0.9285714285714286
344 442 2.0
344 450 1.3571428571428572
346 347 1.3571428571428572
346 353 -2.0
347 348 2.0
347 353 0.9285714285714286
347 354 -1.7857142857142858
348 349 -1.7857142857142858
348 354 1.3571428571428572
348 355 1.7857142857142858
349 350 1.3571428571428572
349 355 -0.9285714285714286
349 356 1.3571428571428572
349 369 -2.0
350 351 -2.0
350 356 0.5714285714285714
350 357 -2.0
350 391 1.3571428571428572
350 400 -2.0
350 423 0.9285714285714286
350 432 -0.5714285714285714
351 357 0.9285714285714286
351 358 -1.3571428571428572
351 458 -0.9285714285714286
351 465 -1.3571428571428572
351 491 -1.7857142857142858
351 500 -1.3571428571428572
353 354 -1.3571428571428572
354 355 2.0
355 356 0.9285714285714286
356 357 1.3571428571428572
356 369 0.9285714285714286
356 391 0.9285714285714286
356 400 -0.9285714285714286
357 358 0.5714285714285714
357 423 2.0
357 432 0.5714285714285714
357 458 0.9285714285714286
357 465 1.7857142857142858
358 491 -1.3571428571428572
358 500 0.5714285714285714
358 523 -2.0
358 531 -2.0
359 360 -0.9285714285714286
360 361 -2.0
361 362 -0.5714285714285714
361 367 2.0
362 367 -2.0
362 368 -1.7857142857142858
363 364 -1.3571428571428572
363 369 0.9285714285714286
363 370 -0.9285714285714286
363 376 -0.9285714285714286
363 385 -1.7857142857142858
364 365 2.0
364 370 0.9285714285714286
364 442 -0.5714285714285714
364 451 -1.3571428571428572
364 475 -0.9285714285714286
364 484 0.9285714285714286
365 366 -1.3571428571428572
365 371 0.5714285714285714
365 372 0.5714285714285714
365 508 1.3571428571428572
365 517 -1.3571428571428572
365 541 -1.3571428571428572
365 550 0.9285714285714286
366 372 -1.7857142857142858
366 557 -0.9285714285714286
366 565 -1.7857142857142858
367 368 1.7857142857142858
368 369 -0.5714285714285714
369 370 -1.7857142857142858
369 376 0.9285714285714286
369 385 -0.9285714285714286
370 371 2.0
370 442 -2.0
370 451 1.7857142857142858
371 372 -0.5714285714285714
371 475 0.9285714285714286
371 508 0.5714285714285714
371 517 0.9285714285714286
372 541 0.5714285714285714
372 550 1.7857142857142858
372 557 0.9285714285714286
372 565 1.3571428571428572
373 374 1.7857142857142858
373 379 0.9285714285714286
374 379 -0.9285714285714286
374 380 0.9285714285714286
375 381 -1.3571428571428572
375 382 1.3571428571428572
376 377 0.5714285714285714
376 384 -2.0
376 385 -1.3571428571428572
377 378 -1.7857142857142858
377 386 -1.3571428571428572
377 392 2.0
377 400 -1.7857142857142858
377 424 -2.0
377 432 0.9285714285714286
378 386 -0.5714285714285714
378 387 0.5714285714285714
378 459 1.7857142857142858
378 465 1.3571428571428572
378 492 2.0
378 500 0.5714285714285714
379 380 -2.0
380 381 -0.5714285714285714
381 382 -1.3571428571428572
382 383 0.5714285714285714
383 384 -0.9285714285714286
384 385 2.0
385 386 2.0
385 392 0.5714285714285714
385 400 -0.5714285714285714
386 387 0.5714285714285714
386 424 -0.9285714285714286
386 432 1.7857142857142858
386 459 1.7857142857142858
386 465 -0.9285714285714286
387 492 -0.5714285714285714
387 500 -2.0
387 524 -0.5714285714285714
387 531 -0.9285714285714286
388 389 1.3571428571428572
388 396 0.5714285714285714
389 390 1.7857142857142858
389 396 -2.0
389 397 -0.9285714285714286
390 397 2.0
390 398 0.9285714285714286
391 392 -0.5714285714285714
391 399 1.3571428571428572
391 400 1.3571428571428572
392 393 -0.9285714285714286
392 400 0.5714285714285714
392 401 1.3571428571428572
392 410 2.0
393 394 -2.0
393 401 -1.7857142857142858
393 402 -1.7857142857142858
393 443 -0.9285714285714286
393 451 -1.7857142857142858
393 476 -0.5714285714285714
393 484 -2.0
394 402 0.9285714285714286
394 403 1.7857142857142858
394 509 0.9285714285714286
394 517 -2.0
394 542 -1.3571428571428572
394 550 0.5714285714285714
395 403 0.9285714285714286
395 558 1.7857142857142858
395 565 0.5714285714285714
396 397 1.7857142857142858
398 399 -0.5714285714285714
399 400 1.3571428571428572
400 401 -1.7857142857142858
401 402 -0.5714285714285714
401 410 0.5714285714285714
401 443 2.0
401 451 -0.5714285714285714
402 403 2.0
402 476 0.5714285714285714
402 517 2.0
403 542 -0.5714285714285714
403 550 -2.0
403 558 1.3571428571428572
403 565 -2.0
404 405 0.5714285714285714
404 412 -1.3571428571428572
405 406 -0.5714285714285714
405 413 0.5714285714285714
406 407 2.0
406 413 2.0
406 414 0.9285714285714286
407 408 -0.5714285714285714
407 414 0.9285714285714286
407 415 -2.0
408 409 0.5714285714285714
408 415 -1.7857142857142858
408 416 0.5714285714285714
409 416 -1.3571428571428572
410 411 1.7857142857142858
410 417 0.9285714285714286
410 424 -1.3571428571428572
410 433 1.7857142857142858
411 417 1.3571428571428572
411 418 -1.3571428571428572
411 459 2.0
411 466 -0.5714285714285714
411 492 -1.3571428571428572
411 501 -1.7857142857142858
412 413 -0.5714285714285714
413 414 0.5714285714285714
414 415 0.9285714285714286
417 418 0.9285714285714286
417 424 0.5714285714285714
417 433 0.5714285714285714
417 459 1.7857142857142858
417 466 -0.9285714285714286
418 492 0.5714285714285714
418 501 1.7857142857142858
418 524 -0.5714285714285714
418 532 1.3571428571428572
419 420 1.7857142857142858
419 428 1.7857142857142858
420 421 -0.5714285714285714
420 428 -0.9285714285714286
420 429 -0.5714285714285714
421 422 -1.3571428571428572
421 429 -0.5714285714285714
422 423 0.9285714285714286
422 430 -0.5714285714285714
422 431 2.0
423 424 1.7857142857142858
423 431 0.9285714285714286
423 432 1.3571428571428572
424 425 -2.0
424 432 -2.0
424 433 2.0
425 426 -2.0
425 434 -0.9285714285714286
425 443 -0.9285714285714286
425 452 -2.0
425 476 -1.7857142857142858
425 485 2.0
426 427 -0.5714285714285714
426 434 1.7857142857142858
426 435 1.7857142857142858
426 509 0.5714285714285714
426 518 0.5714285714285714
426 542 -0.5714285714285714
426 551 -2.0
427 435 2.0
427 436 1.7857142857142858
427 558 -0.9285714285714286
427 566 -1.3571428571428572
428 429 2.0
429 430 -1.3571428571428572
430 431 -0.9285714285714286
431 432 -2.0
432 433 0.5714285714285714
433 443 2.0
433 452 -0.5714285714285714
434 435 -0.5714285714285714
434 476 -0.5714285714285714
434 485 1.3571428571428572
434 509 0.9285714285714286
434 518 -1.7857142857142858
435 436 -0.9285714285714286
435 542 -2.0
435 551 -1.3571428571428572
435 558 -1.3571428571428572
435 566 -2.0
437 445 -0.5714285714285714
438 439 0.5714285714285714
438 446 0.9285714285714286
438 447 -1.7857142857142858
439 440 1.3571428571428572
439 447 -0.9285714285714286
439 448 -2.0
440 441 -1.3571428571428572
440 448 -0.5714285714285714
440 449 2.0
441 442 0.5714285714285714
441 449 -0.5714285714285714
441 450 0.9285714285714286
442 443 -1.3571428571428572
442 450 -1.3571428571428572
442 451 -1.7857142857142858
443 444 1.3571428571428572
443 451 1.3571428571428572
443 452 2.0
444 452 2.0
444 453 2.0
444 466 -2.0
444 493 -1.3571428571428572
444 501 -2.0
445 446 -0.9285714285714286
447 448 -2.0
448 449 -1.3571428571428572
449 450 -1.7857142857142858
450 451 1.7857142857142858
451 452 0.5714285714285714
452 453 0.9285714285714286
452 466 -0.9285714285714286
453 493 -0.9285714285714286
453 501 0.9285714285714286
453 525 1.3571428571428572
453 532 2.0
454 455 1.7857142857142858
454 462 -0.9285714285714286
455 456 1.3571428571428572
455 462 -0.5714285714285714
455 463 0.5714285714285714
456 457 -0.5714285714285714
456 463 -1.7857142857142858
457 458 0.5714285714285714
457 464 0.9285714285714286
458 459 -1.3571428571428572
458 464 0.9285714285714286
458 465 -2.0
459 465 -1.7857142857142858
459 466 -1.7857142857142858
460 461 -1.7857142857142858
460 467 1.7857142857142858
460 468 0.5714285714285714
460 510 1.3571428571428572
460 518 1.7857142857142858
460 543 -1.7857142857142858
460 551 2.0
461 468 1.7857142857142858
461 469 0.5714285714285714
461 559 -0.9285714285714286
461 566 -0.9285714285714286
464 465 -0.9285714285714286
465 466 1.3571428571428572
466 467 -1.3571428571428572
467 468 1.3571428571428572
467 477 -2.0
467 485 -0.9285714285714286
467 510 -1.3571428571428572
467 518 -0.9285714285714286
468 469 1.3571428571428572
468 543 -2.0
468 551 -1.7857142857142858
468 559 0.9285714285714286
468 566 -1.3571428571428572
470 471 1.3571428571428572
470 478 1.7857142857142858
471 478 0.5714285714285714
471 479 0.5714285714285714
472 473 0.9285714285714286
472 480 0.9285714285714286
472 481 -2.0
473 474 1.3571428571428572
473 481 2.0
473 482 -2.0
474 475 1.3571428571428572
474 482 -0.5714285714285714
474 483 -1.3571428571428572
475 476 -0.9285714285714286
475 483 -2.0
475 484 0.9285714285714286
476 477 1.7857142857142858
476 484 -0.5714285714285714
476 485 0.5714285714285714
477 485 -1.7857142857142858
477 486 1.7857142857142858
477 493 -1.3571428571428572
478 479 -0.9285714285714286
479 480 1.7857142857142858
480 481 0.9285714285714286
481 482 0.9285714285714286
483 484 2.0
484 485 2.0
485 486 -2.0
486 493 -0.5714285714285714
486 525 2.0
486 533 1.3571428571428572
487 488 -0.9285714285714286
487 496 -0.5714285714285714
488 489 -1.3571428571428572
488 497 1.3571428571428572
489 490 0.5714285714285714
489 497 1.7857142857142858
489 498 -1.7857142857142858
490 491 1.3571428571428572
490 498 -0.9285714285714286
490 499 -0.9285714285714286
491 492 2.0
491 499 0.5714285714285714
491 500 0.5714285714285714
492 493 -0.9285714285714286
492 500 0.5714285714285714
492 501 0.9285714285714286
493 494 1.3571428571428572
493 501 -0.9285714285714286
494 495 -0.5714285714285714
494 502 1.7857142857142858
494 510 0.9285714285714286
494 519 1.7857142857142858
494 543 -1.7857142857142858
495 502 1.7857142857142858
495 503 -0.5714285714285714
495 559 2.0
495 567 -2.0
496 497 -2.0
497 498 1.7857142857142858
498 499 2.0
499 500 0.9285714285714286
500 501 -2.0
502 503 -0.9285714285714286
502 543 -1.3571428571428572
502 559 -0.5714285714285714
502 567 -1.3571428571428572
504 505 0.5714285714285714
504 511 -0.5714285714285714
504 512 2.0
505 506 -0.5714285714285714
505 512 -0.9285714285714286
505 513 -0.5714285714285714
506 513 1.3571428571428572
506 514 1.7857142857142858
507 508 -0.9285714285714286
507 515 0.5714285714285714
507 516 -0.5714285714285714
508 509 -0.9285714285714286
508 516 2.0
508 517 -0.5714285714285714
509 510 -0.9285714285714286
509 517 0.5714285714285714
509 518 0.5714285714285714
510 518 -0.5714285714285714
510 519 1.3571428571428572
511 512 0.9285714285714286
512 513 -1.3571428571428572
513 514 0.5714285714285714
514 515 2.0
515 516 -0.5714285714285714
516 517 -1.3571428571428572
517 518 0.9285714285714286
518 519 1.7857142857142858
519 526 1.3571428571428572
519 533 -0.9285714285714286
520 521 -0.9285714285714286
520 528 -0.9285714285714286
521 522 2.0
521 529 -1.3571428571428572
522 523 -1.3571428571428572
522 529 -0.9285714285714286
522 530 -1.7857142857142858
523 524 -2.0
523 530 -0.5714285714285714
523 531 -0.9285714285714286
524 525 0.5714285714285714
524 531 -1.3571428571428572
524 532 0.9285714285714286
525 526 0.9285714285714286
525 532 -0.9285714285714286
525 533 -0.9285714285714286
526 527 -1.3571428571428572
526 533 1.7857142857142858
526 534 -1.3571428571428572
527 534 1.7857142857142858
527 535 -0.5714285714285714
527 567 -0.5714285714285714
528 529 1.7857142857142858
529 530 2.0
530 531 -0.5714285714285714
531 532 2.0
532 533 0.5714285714285714
533 534 -0.5714285714285714
534 535 2.0
534 567 -0.9285714285714286
536 537 -0.9285714285714286
536 544 1.7857142857142858
536 545 2.0
537 538 -1.3571428571428572
537 545 1.7857142857142858
537 546 -1.7857142857142858
538 539 2.0
538 546 -1.7857142857142858
538 547 0.5714285714285714
539 540 2.0
539 547 -1.3571428571428572
539 548 1.7857142857142858
540 541 -1.3571428571428572
540 548 0.5714285714285714
540 549 1.7857142857142858
541 542 1.7857142857142858
541 549 -0.9285714285714286
541 550 0.9285714285714286
542 543 1.3571428571428572
542 550 0.5714285714285714
542 551 2.0
543 551 2.0
544 545 0.9285714285714286
545 546 2.0
546 547 -2.0
547 548 -1.3571428571428572
548 549 -1.3571428571428572
549 550 1.3571428571428572
550 551 -1.7857142857142858
552 560 2.0
553 554 -0.9285714285714286
553 561 2.0
554 555 -0.9285714285714286
554 561 -0.9285714285714286
554 562 1.3571428571428572
555 556 1.3571428571428572
555 562 -1.3571428571428572
555 563 -0.9285714285714286
556 557 1.3571428571428572
556 563 -2.0
556 564 -0.5714285714285714
557 558 2.0
557 564 0.9285714285714286
558 559 2.0
558 565 -1.3571428571428572
558 566 1.3571428571428572
559 566 -2.0
559 567 -1.3571428571428572
561 562 -0.9285714285714286
562 563 -1.3571428571428572
563 564 -2.0
564 565 -1.7857142857142858
565 566 0.5714285714285714
