172 649
1 1 0.14285714285714346
2 2 2.7142857142857144
3 3 -4.0
4 4 -4.928571428571429
5 5 2.0
6 6 -0.571428571428571
7 7 0.21428571428571397
8 8 -4.928571428571429
9 9 -8.857142857142858
10 10 -8.357142857142858
11 11 -1.5714285714285714
12 12 -0.2142857142857142
13 13 -0.28571428571428603
14 14 -2.0
15 15 -2.357142857142857
16 16 -1.5714285714285716
17 17 -2.7142857142857144
18 18 -4.142857142857143
19 19 0.9285714285714279
20 20 3.357142857142857
21 21 -0.9285714285714286
22 22 -3.5
23 23 2.1428571428571432
24 24 -0.3571428571428572
25 25 -4.214285714285714
26 26 -2.0714285714285716
27 27 -3.3571428571428577
28 28 -2.357142857142857
29 29 -7.571428571428572
30 30 -2.8571428571428577
31 31 -3.2857142857142856
32 32 2.5
33 33 6.071428571428572
34 34 1.9285714285714284
35 35 2.220446049250313e-16
36 36 -4.928571428571429
37 37 1.0714285714285714
38 38 -1.3571428571428572
39 39 -1.0000000000000002
40 40 -1.7142857142857142
41 41 -3.5714285714285707
42 42 -0.8571428571428572
43 43 2.3571428571428568
44 44 1.8571428571428572
45 45 0.7142857142857144
46 46 -1.2857142857142856
47 47 -1.1428571428571423
48 48 0.21428571428571486
49 49 0.9285714285714286
50 50 4.714285714285714
51 51 -0.6428571428571428
52 52 2.928571428571429
53 53 -2.7857142857142856
54 54 1.3571428571428572
55 55 -4.285714285714286
56 56 -3.571428571428571
57 57 -3.6428571428571432
58 58 3.1428571428571432
59 59 5.7857142857142865
60 60 1.7857142857142856
61 61 -0.2142857142857142
62 62 0.857142857142857
63 63 -3.928571428571429
64 64 -3.2857142857142856
65 65 3.642857142857143
66 66 -6.214285714285715
67 67 -1.0714285714285714
68 68 -0.2142857142857142
69 69 1.1428571428571432
70 70 -0.7142857142857144
71 71 1.6428571428571423
72 72 -4.857142857142858
73 73 -0.2142857142857144
74 74 3.7857142857142856
75 75 -3.8571428571428568
76 76 -3.928571428571429
77 77 -0.07142857142857117
78 78 -0.35714285714285765
79 79 -3.7857142857142856
80 80 5.285714285714286
81 81 0.2857142857142856
82 82 -4.0
83 83 1.285714285714286
84 84 2.2142857142857144
85 85 -4.0
86 86 -1.7142857142857144
87 87 4.0
88 88 6.5
89 89 0.7857142857142858
90 90 -0.9285714285714286
91 91 5.357142857142857
92 92 -1.9285714285714288
93 93 2.928571428571429
94 94 1.4285714285714288
95 95 0.5714285714285714
96 96 1.9285714285714286
97 97 -0.5
98 98 -2.642857142857143
99 99 0.8571428571428572
100 100 0.5714285714285712
101 101 -1.5
102 102 1.5
103 103 -0.7142857142857144
104 104 2.214285714285714
105 105 0.7857142857142856
106 106 1.2857142857142858
107 107 -2.2857142857142856
108 108 -3.5
109 109 -2.4285714285714284
110 110 4.214285714285714
111 111 4.928571428571429
112 112 -6.0
113 113 -5.357142857142857
114 114 -1.4285714285714284
115 115 0.5
116 116 0.5714285714285714
117 117 -0.5714285714285714
118 118 1.0
119 119 1.8571428571428572
120 120 -1.0714285714285712
121 121 -4.857142857142858
122 122 3.357142857142857
123 123 2.0
124 124 -4.214285714285714
125 125 1.3571428571428572
126 126 4.285714285714286
127 127 -3.7857142857142856
128 128 2.571428571428571
129 129 -0.8571428571428568
130 130 -1.5
131 131 -4.440892098500626e-16
132 132 3.6428571428571432
133 133 -0.4285714285714284
134 134 1.4285714285714282
135 135 3.7142857142857144
136 136 -1.7857142857142858
137 137 -1.8571428571428572
138 138 -4.142857142857142
139 139 -2.7142857142857144
140 140 1.3571428571428574
141 141 1.7857142857142856
142 142 1.2142857142857144
143 143 9.0
144 144 1.4285714285714284
145 145 -2.0
146 146 -1.1428571428571428
147 147 2.7857142857142856
148 148 1.8571428571428574
149 149 2.2142857142857144
150 150 -3.2142857142857144
151 151 -8.928571428571427
152 152 3.0
153 153 -7.357142857142857
154 154 -1.0
155 155 -4.214285714285714
156 156 -7.428571428571429
157 157 -0.3571428571428572
158 158 3.1428571428571423
159 159 -3.3571428571428577
160 160 -3.5714285714285716
161 161 0.7857142857142856
162 162 -2.428571428571429
163 163 -2.0
164 164 7.071428571428571
165 165 1.7142857142857146
166 166 -3.0
167 167 -2.928571428571429
168 168 -0.8571428571428574
169 169 3.5
170 170 -7.357142857142856
171 171 5.7142857142857135
172 172 0.07142857142857162
1 2 1.7857142857142858
1 8 -1.3571428571428572
1 27 -1.7857142857142858
1 31 0.5714285714285714
1 51 -1.3571428571428572
1 57 2.0
2 3 -2.0
2 8 -0.5714285714285714
2 9 1.3571428571428572
2 81 -0.5714285714285714
2 89 -1.7857142857142858
2 118 -0.9285714285714286
3 4 2.0
3 9 1.3571428571428572
3 10 0.9285714285714286
3 17 1.7857142857142858
3 19 1.7857142857142858
3 155 -0.9285714285714286
3 159 -0.9285714285714286
4 10 1.7857142857142858
4 11 -1.7857142857142858
4 72 0.9285714285714286
4 76 2.0
5 6 -1.7857142857142858
5 13 1.7857142857142858
5 71 -2.0
6 7 -2.0
6 13 1.7857142857142858
6 106 2.0
6 135 0.5714285714285714
7 14 1.3571428571428572
7 15 1.7857142857142858
7 172 -1.3571428571428572
8 9 2.0
8 51 2.0
8 57 0.9285714285714286
8 81 1.3571428571428572
8 89 0.5714285714285714
9 10 1.3571428571428572
9 118 -0.5714285714285714
9 155 1.3571428571428572
9 159 2.0
10 11 2.0
10 17 0.9285714285714286
10 19 1.3571428571428572
11 12 0.5714285714285714
11 72 1.7857142857142858
11 76 1.3571428571428572
11 107 -0.5714285714285714
11 111 -1.7857142857142858
12 141 0.5714285714285714
12 150 -0.9285714285714286
13 14 -0.5714285714285714
13 71 -1.7857142857142858
13 106 -0.9285714285714286
14 15 0.5714285714285714
14 135 -1.3571428571428572
14 172 2.0
15 16 1.7857142857142858
15 60 -1.7857142857142858
16 92 1.7857142857142858
16 125 -2.0
17 18 0.5714285714285714
17 19 -0.5714285714285714
17 138 1.3571428571428572
17 147 -1.3571428571428572
18 19 -0.5714285714285714
18 20 1.3571428571428572
18 42 1.3571428571428572
18 64 -0.5714285714285714
18 69 2.0
19 20 -2.0
19 42 -0.9285714285714286
20 64 -1.3571428571428572
20 69 0.5714285714285714
20 99 -1.3571428571428572
20 104 -0.5714285714285714
21 24 0.9285714285714286
22 23 0.5714285714285714
22 30 0.9285714285714286
22 36 1.7857142857142858
22 55 2.0
22 61 -1.7857142857142858
23 24 -1.7857142857142858
23 32 1.7857142857142858
23 86 -1.3571428571428572
23 95 -1.3571428571428572
24 25 0.9285714285714286
24 32 -0.9285714285714286
24 158 -0.5714285714285714
24 162 1.7857142857142858
25 26 1.3571428571428572
25 34 -1.7857142857142858
25 46 0.9285714285714286
25 49 0.9285714285714286
25 75 0.9285714285714286
25 79 0.9285714285714286
26 34 -2.0
26 109 1.3571428571428572
26 114 1.3571428571428572
26 144 -1.7857142857142858
26 153 1.7857142857142858
27 28 2.0
27 31 1.3571428571428572
27 136 1.7857142857142858
28 29 1.7857142857142858
28 31 1.3571428571428572
28 33 -1.3571428571428572
28 37 -2.0
28 63 0.5714285714285714
29 30 2.0
29 33 -1.3571428571428572
29 35 2.0
29 97 1.3571428571428572
29 127 1.7857142857142858
30 35 0.5714285714285714
30 36 1.3571428571428572
30 164 -2.0
31 33 -0.9285714285714286
31 37 0.9285714285714286
32 158 -2.0
32 162 -1.3571428571428572
33 35 -2.0
33 63 1.3571428571428572
33 97 -1.7857142857142858
34 75 0.9285714285714286
34 79 0.9285714285714286
34 109 -1.3571428571428572
34 114 1.3571428571428572
35 36 1.7857142857142858
35 127 -1.7857142857142858
35 164 -0.5714285714285714
37 40 -1.7857142857142858
37 57 1.7857142857142858
38 39 1.7857142857142858
38 42 1.3571428571428572
38 43 -0.9285714285714286
38 44 -2.0
38 73 0.5714285714285714
38 76 0.5714285714285714
39 43 -0.5714285714285714
39 111 -2.0
39 150 1.7857142857142858
40 41 1.3571428571428572
40 57 0.9285714285714286
40 82 1.7857142857142858
40 89 -0.5714285714285714
41 42 -0.9285714285714286
41 120 2.0
41 156 0.5714285714285714
41 159 0.5714285714285714
42 43 -1.7857142857142858
42 44 1.7857142857142858
43 73 2.0
43 76 0.9285714285714286
43 111 -2.0
44 45 2.0
44 47 -0.9285714285714286
44 65 -0.9285714285714286
44 69 -1.7857142857142858
45 46 0.9285714285714286
45 47 -2.0
45 48 -2.0
45 100 0.9285714285714286
45 104 -0.5714285714285714
45 130 1.3571428571428572
45 133 -1.3571428571428572
46 48 -0.9285714285714286
46 49 -2.0
46 167 0.5714285714285714
46 170 1.7857142857142858
47 48 1.3571428571428572
47 65 1.3571428571428572
47 69 0.9285714285714286
47 100 1.3571428571428572
47 104 -0.9285714285714286
48 49 2.0
48 130 -1.7857142857142858
48 133 -1.7857142857142858
48 167 0.9285714285714286
48 170 2.0
49 50 -0.9285714285714286
49 54 -0.9285714285714286
50 84 -1.7857142857142858
50 90 -2.0
50 119 -0.9285714285714286
50 123 0.9285714285714286
51 57 -2.0
51 145 2.0
52 87 -0.9285714285714286
52 95 -2.0
53 55 1.7857142857142858
53 58 -1.3571428571428572
53 97 0.9285714285714286
53 102 -0.5714285714285714
53 127 2.0
54 59 -1.3571428571428572
54 79 0.9285714285714286
55 56 2.0
55 61 -0.5714285714285714
55 164 -0.9285714285714286
56 61 2.0
56 62 1.3571428571428572
56 88 -1.7857142857142858
58 164 -1.7857142857142858
59 60 -2.0
59 79 1.3571428571428572
59 110 -2.0
59 114 -1.7857142857142858
60 153 2.0
61 62 0.5714285714285714
62 88 -2.0
62 116 -1.3571428571428572
62 122 0.5714285714285714
63 67 2.0
64 65 -0.5714285714285714
64 68 2.0
64 156 1.7857142857142858
64 160 2.0
65 66 0.9285714285714286
65 69 -0.9285714285714286
65 70 -2.0
65 73 -0.5714285714285714
65 77 -0.9285714285714286
66 70 1.3571428571428572
66 112 1.3571428571428572
66 142 0.5714285714285714
66 151 2.0
67 68 -0.9285714285714286
67 82 1.7857142857142858
67 93 -1.7857142857142858
68 69 -0.5714285714285714
68 120 0.5714285714285714
68 156 0.9285714285714286
68 160 -1.7857142857142858
69 70 -1.3571428571428572
70 71 -0.5714285714285714
70 73 0.9285714285714286
70 77 0.5714285714285714
70 112 1.7857142857142858
71 142 0.9285714285714286
71 151 1.7857142857142858
72 73 2.0
72 76 -1.3571428571428572
72 139 0.9285714285714286
72 148 0.5714285714285714
73 74 -2.0
73 76 -1.3571428571428572
73 77 -1.3571428571428572
74 75 -1.7857142857142858
74 77 -0.9285714285714286
74 78 2.0
74 100 -0.5714285714285714
74 105 0.9285714285714286
74 130 0.5714285714285714
74 134 -2.0
75 78 1.7857142857142858
75 79 2.0
75 167 0.9285714285714286
75 171 -0.9285714285714286
76 77 1.7857142857142858
77 78 1.7857142857142858
77 100 0.9285714285714286
77 105 -1.7857142857142858
78 79 -0.5714285714285714
78 130 -1.3571428571428572
78 134 -1.7857142857142858
78 167 -0.9285714285714286
78 171 -0.5714285714285714
79 80 -1.7857142857142858
80 84 -1.7857142857142858
80 91 -1.3571428571428572
80 119 -0.9285714285714286
80 124 0.5714285714285714
81 82 -0.5714285714285714
81 89 0.5714285714285714
81 137 -2.0
81 145 0.9285714285714286
82 83 -1.3571428571428572
82 89 1.7857142857142858
82 93 0.5714285714285714
83 86 -0.9285714285714286
83 93 1.3571428571428572
83 94 -0.9285714285714286
83 98 -2.0
83 102 2.0
83 128 0.5714285714285714
84 85 -0.9285714285714286
84 90 0.9285714285714286
84 91 1.3571428571428572
85 91 -1.7857142857142858
85 92 1.3571428571428572
85 110 1.7857142857142858
85 115 1.7857142857142858
85 154 1.7857142857142858
86 87 -0.9285714285714286
86 94 1.3571428571428572
86 95 1.7857142857142858
86 165 1.7857142857142858
87 88 -1.7857142857142858
87 95 0.5714285714285714
87 96 -0.9285714285714286
88 96 -0.9285714285714286
89 93 -1.3571428571428572
90 91 2.0
91 92 -1.7857142857142858
91 110 -1.7857142857142858
91 115 -2.0
92 154 0.5714285714285714
93 94 0.5714285714285714
93 98 -0.9285714285714286
93 102 -1.3571428571428572
94 95 -0.9285714285714286
94 128 -0.9285714285714286
94 165 -0.5714285714285714
95 96 1.3571428571428572
96 117 0.5714285714285714
96 122 -2.0
97 98 1.3571428571428572
97 102 -1.3571428571428572
98 99 1.3571428571428572
98 102 1.7857142857142858
98 103 -0.9285714285714286
98 121 2.0
99 100 -2.0
99 103 0.9285714285714286
99 104 -0.9285714285714286
99 157 0.5714285714285714
99 160 0.5714285714285714
100 101 -2.0
100 104 -0.5714285714285714
100 105 1.3571428571428572
101 105 2.0
101 106 -0.5714285714285714
101 108 1.3571428571428572
101 112 0.9285714285714286
101 143 -2.0
101 151 1.7857142857142858
102 103 -2.0
103 104 1.3571428571428572
103 121 1.3571428571428572
103 157 -2.0
103 160 2.0
105 106 -1.7857142857142858
105 108 -0.5714285714285714
105 112 -0.9285714285714286
106 143 -0.5714285714285714
106 151 0.5714285714285714
107 111 1.7857142857142858
107 140 -0.9285714285714286
107 148 2.0
108 109 1.3571428571428572
108 112 1.7857142857142858
108 113 1.3571428571428572
108 134 -1.7857142857142858
109 110 1.3571428571428572
109 113 0.9285714285714286
109 114 1.3571428571428572
109 168 -0.5714285714285714
109 171 -2.0
110 114 -1.7857142857142858
110 115 -1.7857142857142858
111 112 -0.9285714285714286
112 113 2.0
113 131 2.0
113 134 -0.9285714285714286
113 168 1.7857142857142858
113 171 -1.7857142857142858
114 115 0.9285714285714286
115 124 0.5714285714285714
116 117 1.3571428571428572
116 122 -0.5714285714285714
117 122 -1.3571428571428572
118 120 -0.5714285714285714
118 137 2.0
118 146 -0.9285714285714286
119 123 -2.0
119 124 2.0
120 121 -0.9285714285714286
121 126 -0.9285714285714286
121 128 1.3571428571428572
121 132 2.0
123 124 -0.9285714285714286
124 125 2.0
125 154 -1.3571428571428572
126 128 -2.0
126 132 -1.3571428571428572
126 165 1.7857142857142858
126 169 -1.7857142857142858
127 128 1.7857142857142858
128 129 -2.0
128 132 -1.3571428571428572
129 130 0.9285714285714286
129 132 -0.9285714285714286
129 133 1.7857142857142858
129 157 2.0
129 161 -0.9285714285714286
130 131 1.3571428571428572
130 133 -0.9285714285714286
130 134 1.3571428571428572
131 134 1.7857142857142858
131 135 -2.0
131 143 -1.7857142857142858
131 152 -1.3571428571428572
132 133 1.3571428571428572
132 157 -2.0
132 161 -1.3571428571428572
133 134 1.3571428571428572
134 135 0.5714285714285714
135 143 -0.9285714285714286
135 152 -0.5714285714285714
136 137 0.9285714285714286
136 145 -0.9285714285714286
137 138 0.9285714285714286
138 139 0.5714285714285714
138 146 0.9285714285714286
138 147 -0.5714285714285714
138 155 0.9285714285714286
139 140 2.0
139 147 0.5714285714285714
139 148 -1.3571428571428572
140 141 0.9285714285714286
140 148 -2.0
140 149 -1.3571428571428572
141 142 -0.9285714285714286
141 149 -1.7857142857142858
141 150 -0.5714285714285714
142 143 -0.9285714285714286
142 150 0.9285714285714286
142 151 -1.7857142857142858
143 144 -2.0
143 151 0.5714285714285714
143 152 -1.3571428571428572
144 152 -2.0
144 153 1.7857142857142858
144 168 2.0
144 172 0.5714285714285714
146 147 0.5714285714285714
146 155 0.5714285714285714
147 148 -2.0
148 149 0.9285714285714286
150 151 2.0
151 152 2.0
152 153 1.7857142857142858
152 168 -0.5714285714285714
152 172 -0.9285714285714286
155 156 0.9285714285714286
155 159 1.3571428571428572
156 157 1.3571428571428572
156 159 0.9285714285714286
156 160 0.9285714285714286
157 160 -0.9285714285714286
157 161 1.3571428571428572
158 161 -2.0
158 162 1.7857142857142858
158 166 0.5714285714285714
158 169 -0.9285714285714286
159 160 -0.5714285714285714
160 161 1.3571428571428572
161 162 -1.7857142857142858
161 166 2.0
161 169 0.5714285714285714
162 163 2.0
164 165 -1.7857142857142858
165 166 -2.0
165 169 -0.9285714285714286
166 167 1.7857142857142858
166 169 -1.3571428571428572
166 170 2.0
167 168 -1.7857142857142858
167 170 2.0
167 171 -0.5714285714285714
168 171 0.9285714285714286
168 172 -0.9285714285714286
169 170 0.9285714285714286
170 171 -1.3571428571428572
171 172 0.5714285714285714
