568 2285
1 1 4.214285714285714
2 2 6.571428571428572
3 3 7.285714285714286
4 4 0.4285714285714286
5 5 -3.7142857142857144
6 6 4.0
7 7 -5.000000000000001
8 8 -1.3571428571428572
9 9 0.2142857142857142
10 10 7.928571428571429
11 11 -5.428571428571429
12 12 0.14285714285714324
13 13 3.5
14 14 -2.928571428571429
15 15 -1.642857142857143
16 16 -2.220446049250313e-16
17 17 4.285714285714286
18 18 -0.5000000000000002
19 19 5.642857142857143
20 20 -2.6428571428571432
21 21 -0.2857142857142858
22 22 4.2857142857142865
23 23 4.642857142857142
25 25 -2.357142857142857
26 26 6.142857142857143
27 27 1.7857142857142858
28 28 -1.0
29 29 -1.3571428571428572
30 30 1.7857142857142858
31 31 -3.928571428571429
32 32 -0.6428571428571428
33 33 -0.4285714285714288
34 34 0.7857142857142858
35 35 5.285714285714286
36 36 3.571428571428571
37 37 2.7857142857142856
38 38 -4.571428571428571
39 39 -1.8571428571428572
40 40 -0.7857142857142858
41 41 -4.142857142857143
42 42 0.9285714285714286
43 43 -0.5714285714285714
44 44 0.8571428571428568
45 45 2.2142857142857144
46 46 -6.071428571428572
47 47 1.1428571428571428
48 48 1.4999999999999998
49 49 0.5714285714285714
50 50 -0.1428571428571428
51 51 -0.6428571428571428
52 52 -3.3571428571428568
53 53 -4.714285714285715
54 54 -0.7142857142857144
55 55 2.428571428571429
56 56 -0.7142857142857144
57 57 0.2857142857142858
58 58 2.357142857142857
59 59 2.6428571428571432
60 60 1.2857142857142863
61 61 -0.1428571428571428
62 62 5.2857142857142865
63 63 0.928571428571429
64 64 -2.2142857142857144
65 65 0.6428571428571428
66 66 -1.2142857142857146
67 67 -2.5
68 68 0.7142857142857144
69 69 1.5714285714285716
70 70 4.785714285714286
71 71 -3.5000000000000004
72 72 0.5
73 73 -0.5
74 74 -1.214285714285714
75 75 -6.357142857142857
76 76 -1.9285714285714284
77 77 -6.928571428571429
78 78 1.7857142857142856
79 79 -0.14285714285714235
80 80 0.9285714285714284
82 82 -3.7857142857142856
83 83 -3.5
84 84 2.857142857142857
85 85 -3.0
86 86 -2.0
87 87 -3.928571428571429
88 88 1.2857142857142858
89 89 0.5714285714285714
90 90 0.9285714285714286
91 91 1.8571428571428572
92 92 3.428571428571429
93 93 1.2857142857142858
94 94 1.4285714285714286
95 95 1.1428571428571428
96 96 -1.0
97 97 -6.7857142857142865
98 98 -4.714285714285714
99 99 -0.1428571428571428
100 100 -0.7857142857142856
102 102 -3.428571428571429
103 103 2.7142857142857144
104 104 -1.0000000000000002
105 105 2.3571428571428577
106 106 -1.3571428571428572
107 107 -1.642857142857143
108 108 -4.142857142857143
109 109 0.8571428571428572
110 110 -2.7857142857142856
111 111 -1.7857142857142858
112 112 -8.428571428571427
113 113 -3.357142857142857
114 114 -3.928571428571429
115 115 0.2142857142857142
116 116 0.14285714285714302
117 117 0.4285714285714286
118 118 0.4285714285714286
119 119 -1.5714285714285714
120 120 -4.428571428571429
121 121 0.7857142857142858
122 122 2.0
123 123 3.6428571428571432
124 124 -3.2857142857142865
125 125 2.2857142857142856
126 126 4.642857142857142
127 127 1.2857142857142858
128 128 -8.285714285714286
129 129 3.2142857142857144
130 130 -1.0714285714285716
131 131 -5.5
132 132 0.357142857142857
133 133 3.5
134 134 3.2142857142857144
135 135 1.0000000000000002
136 136 -2.9285714285714284
137 137 -2.0
138 138 -0.3571428571428572
139 139 -5.499999999999999
140 140 -2.928571428571429
141 141 -1.8571428571428574
142 142 -1.142857142857143
143 143 -2.1428571428571432
144 144 -3.428571428571429
145 145 -0.0714285714285714
146 146 3.7857142857142856
147 147 -0.9285714285714286
148 148 -3.0
149 149 -4.571428571428571
150 150 -2.428571428571429
151 151 5.071428571428571
152 152 -5.214285714285714
153 153 -1.2142857142857144
154 154 0.714285714285714
155 155 3.5
156 156 3.928571428571429
157 157 -4.928571428571429
158 158 2.071428571428572
159 159 1.214285714285714
160 160 0.7857142857142858
161 161 0.5714285714285716
162 162 -1.142857142857143
163 163 0.21428571428571397
164 164 1.9285714285714286
165 165 3.9285714285714284
166 166 -0.9999999999999998
167 167 1.2142857142857144
168 168 -2.857142857142857
169 169 2.571428571428572
170 170 -3.928571428571429
171 171 -2.071428571428571
172 172 -3.6428571428571432
173 173 -0.2142857142857144
174 174 0.4285714285714286
175 175 -6.0
176 176 -2.5
177 177 1.4285714285714286
178 178 2.2142857142857144
179 179 3.071428571428571
180 180 -1.0714285714285714
181 181 -0.8571428571428572
182 182 -0.6428571428571426
183 183 -2.220446049250313e-16
184 184 -3.928571428571429
185 185 -6.214285714285714
186 186 4.428571428571429
187 187 -4.5
188 188 1.3571428571428572
189 189 1.3571428571428574
190 190 -4.285714285714286
191 191 -0.5714285714285718
192 192 1.0
193 193 -5.214285714285714
194 194 -0.9285714285714286
195 195 4.714285714285714
196 196 -3.2857142857142865
197 197 2.8571428571428577
198 198 1.0714285714285714
199 199 -4.785714285714286
200 200 7.0
201 201 -0.4285714285714286
202 202 3.0
203 203 2.5714285714285716
204 204 -0.1428571428571428
205 205 7.214285714285714
206 206 1.0
207 207 1.9285714285714284
208 208 -5.571428571428572
209 209 -8.285714285714285
210 210 1.9285714285714286
211 211 -4.142857142857143
212 212 1.7857142857142858
213 213 0.7142857142857142
214 214 -4.142857142857142
215 215 1.5
216 216 4.7857142857142865
217 217 2.2142857142857144
218 218 5.428571428571429
219 219 2.428571428571429
220 220 4.928571428571429
221 221 -1.9285714285714284
222 222 5.357142857142858
223 223 0.8571428571428572
224 224 8.5
225 225 -0.714285714285714
226 226 -2.928571428571429
227 227 -0.8571428571428572
228 228 -3.357142857142857
229 229 -6.0
230 230 -2.428571428571428
231 231 -8.714285714285715
232 232 -2.5714285714285716
233 233 -2.571428571428572
234 234 -1.714285714285715
235 235 -0.2857142857142856
236 236 5.500000000000001
237 237 -5.142857142857143
238 238 -6.2857142857142865
239 239 -6.642857142857142
240 240 1.3571428571428572
241 241 6.928571428571428
242 242 2.8571428571428568
243 243 0.7857142857142865
244 244 3.2857142857142865
245 245 -5.928571428571429
246 246 0.5714285714285714
247 247 0.2857142857142858
248 248 0.1428571428571428
249 249 -1.0714285714285714
250 250 2.428571428571429
251 251 4.214285714285714
252 252 -0.21428571428571397
253 253 -7.142857142857143
254 254 -0.6428571428571428
255 255 -2.071428571428571
256 256 -1.2142857142857144
257 257 2.571428571428571
258 258 -7.571428571428572
259 259 1.0714285714285716
260 260 -5.785714285714286
261 261 -6.214285714285714
262 262 2.8571428571428563
263 263 -5.214285714285715
264 264 -2.2142857142857144
265 265 3.642857142857143
266 266 1.5
267 267 -2.3571428571428577
268 268 1.857142857142857
269 269 0.3571428571428572
270 270 -3.0
271 271 -4.2857142857142865
272 272 -3.9285714285714284
273 273 -2.8571428571428568
274 274 0.5714285714285714
275 275 1.6428571428571435
276 276 -5.714285714285714
277 277 0.4285714285714286
278 278 -1.4285714285714286
279 279 -6.5
280 280 -0.3571428571428572
281 281 -3.5
282 282 4.142857142857143
283 283 0.2142857142857144
284 284 -1.0714285714285712
285 285 -0.5714285714285714
286 286 -1.3571428571428572
287 287 1.6428571428571428
288 288 2.928571428571429
289 289 0.4285714285714286
290 290 -0.5714285714285714
291 291 -8.785714285714285
292 292 -3.0714285714285716
293 293 3.071428571428571
294 294 0.0714285714285714
295 295 -6.5
296 296 -2.6428571428571432
297 297 -0.9999999999999996
298 298 -1.0714285714285714
299 299 1.5714285714285705
300 300 -4.142857142857142
301 301 -1.7142857142857144
302 302 1.1428571428571426
303 303 3.785714285714286
304 304 -4.357142857142858
305 305 0.9999999999999991
306 306 4.214285714285714
308 308 -3.7142857142857144
309 309 4.142857142857143
310 310 5.071428571428571
311 311 3.571428571428571
312 312 -7.214285714285714
313 313 -1.8571428571428577
314 314 3.071428571428571
315 315 0.3571428571428572
316 316 1.142857142857143
317 317 3.5
318 318 0.2142857142857144
319 319 -0.857142857142857
320 320 -2.928571428571429
321 321 -0.5714285714285714
322 322 -4.0
323 323 4.0
324 324 -1.7857142857142858
325 325 -5.142857142857144
326 326 -3.3571428571428577
327 327 1.4285714285714286
328 328 -2.714285714285714
329 329 -0.7857142857142858
330 330 -4.142857142857143
331 331 2.0
332 332 -2.0
333 333 -0.4285714285714286
334 334 1.8571428571428574
335 335 -1.0714285714285712
336 336 -2.357142857142857
337 337 0.4285714285714286
338 338 -5.214285714285714
339 339 4.928571428571429
340 340 1.357142857142857
341 341 5.357142857142858
342 342 -2.3571428571428568
343 343 -5.857142857142857
344 344 -5.428571428571429
345 345 3.2142857142857144
346 346 -1.142857142857143
347 347 -0.7142857142857142
348 348 -4.928571428571429
349 349 1.1428571428571432
350 350 3.571428571428571
351 351 1.6428571428571428
352 352 4.0
353 353 1.3571428571428572
354 354 -5.5
355 355 3.7142857142857144
356 356 1.9285714285714286
357 357 1.3571428571428568
358 358 2.2142857142857144
359 359 2.9285714285714284
360 360 1.8571428571428572
361 361 2.928571428571429
362 362 -4.440892098500626e-16
363 363 1.6428571428571428
364 364 -2.857142857142857
365 365 -2.071428571428571
366 366 -1.7142857142857142
367 367 -3.7142857142857144
368 368 -4.928571428571429
369 369 1.357142857142857
370 370 4.785714285714286
371 371 1.642857142857143
372 372 4.571428571428572
373 373 0.5
374 374 3.0714285714285716
375 375 3.928571428571429
376 376 -3.7857142857142856
377 377 -0.1428571428571428
378 378 0.8571428571428572
379 379 -0.42857142857142816
380 380 -3.3571428571428577
381 381 1.4285714285714288
382 382 -5.571428571428571
383 383 3.1428571428571432
384 384 6.071428571428573
385 385 3.8571428571428577
386 386 2.857142857142857
387 387 0.1428571428571428
388 388 -2.2857142857142856
389 389 6.071428571428571
390 390 0.42857142857142905
391 391 -4.0
392 392 2.1428571428571423
393 393 8.714285714285714
394 394 -3.571428571428571
395 395 0.35714285714285765
396 396 -0.2857142857142856
397 397 1.4285714285714286
398 398 0.4999999999999998
399 399 0.7142857142857144
400 400 -0.3571428571428572
401 401 -3.1428571428571423
402 402 -0.14285714285714302
403 403 4.571428571428572
404 404 7.214285714285714
405 405 -0.785714285714286
406 406 -2.2857142857142856
407 407 4.714285714285714
408 408 -4.0
409 409 -0.785714285714286
410 410 -2.5
411 411 -4.285714285714286
412 412 -3.6428571428571423
413 413 -3.928571428571428
414 414 -0.4285714285714286
415 415 0.8571428571428572
416 416 -2.0714285714285716
417 417 2.7142857142857144
418 418 -1.3571428571428572
419 419 1.5714285714285718
420 420 -0.4285714285714286
421 421 -1.5000000000000002
422 422 0.2857142857142856
423 423 -1.714285714285714
424 424 0.5714285714285718
425 425 -2.5
426 426 -7.071428571428571
427 427 -0.42857142857142816
428 428 -0.5
429 429 1.0
430 430 0.5
431 431 -0.5
432 432 -0.6428571428571428
433 433 3.3571428571428577
434 434 3.142857142857143
435 435 -2.428571428571429
436 436 -0.4285714285714288
437 437 0.357142857142857
438 438 0.5
439 439 3.2142857142857144
440 440 -1.4285714285714288
441 441 0.0714285714285714
442 442 -1.0
443 443 1.785714285714286
444 444 -1.7857142857142856
445 445 -8.357142857142858
446 446 -3.5000000000000004
447 447 0.8571428571428572
448 448 -4.285714285714286
449 449 -2.5
450 450 1.8571428571428572
451 451 4.428571428571429
452 452 4.857142857142858
453 453 -2.428571428571428
454 454 -5.714285714285714
455 455 -2.2857142857142856
456 456 -6.714285714285714
457 457 -2.0
458 458 -0.7142857142857144
459 459 1.0
460 460 8.285714285714285
461 461 2.0
462 462 -5.928571428571429
463 463 -3.0
464 464 -5.142857142857143
465 465 -5.714285714285715
466 466 4.714285714285714
467 467 -2.8571428571428568
468 468 -5.7142857142857135
469 469 1.5
470 470 -0.28571428571428537
471 471 6.5
472 472 2.2142857142857144
473 473 1.5714285714285716
474 474 -2.928571428571429
475 475 2.1428571428571423
476 476 -3.071428571428571
477 477 -7.857142857142857
478 478 -0.2857142857142856
479 479 5.857142857142857
480 480 -0.14285714285714324
481 481 2.7142857142857144
482 482 1.5714285714285716
483 483 -2.7142857142857144
484 484 0.4999999999999998
485 485 -0.9285714285714286
486 486 -1.7857142857142856
487 487 3.3571428571428568
488 488 5.428571428571429
490 490 4.7857142857142865
491 491 0.14285714285714324
492 492 7.214285714285715
493 493 1.0714285714285716
494 494 -0.0714285714285714
495 495 -0.2142857142857144
497 497 6.5
498 498 -1.6428571428571432
499 499 0.2142857142857142
500 500 -3.2857142857142856
501 501 7.357142857142858
502 502 1.142857142857143
503 503 -5.857142857142858
504 504 -0.5
505 505 -1.0
506 506 -5.571428571428571
507 507 -0.3571428571428572
508 508 -5.214285714285715
509 509 -4.142857142857142
510 510 -5.428571428571429
511 511 1.2857142857142856
512 512 -2.571428571428571
513 513 -2.7142857142857144
514 514 -1.0
515 515 1.1428571428571428
516 516 -0.2857142857142856
517 517 3.1428571428571432
518 518 -5.071428571428571
519 519 -0.42857142857142794
520 520 -3.642857142857143
521 521 3.5
522 522 7.5
523 523 1.2857142857142856
524 524 -3.642857142857143
525 525 -0.4285714285714286
526 526 -0.0714285714285714
527 527 -1.5714285714285714
528 528 -4.714285714285714
529 529 -0.5714285714285714
530 530 -0.5
531 531 0.0714285714285714
532 532 0.6428571428571428
533 533 -0.6428571428571428
534 534 2.1428571428571432
535 535 3.142857142857143
536 536 -1.7857142857142858
537 537 4.7857142857142865
538 538 4.5
539 539 -4.357142857142858
540 540 1.357142857142857
541 541 2.5
542 542 -0.6428571428571428
543 543 2.6428571428571423
544 544 -1.0714285714285712
545 545 5.857142857142857
546 546 1.785714285714286
547 547 -4.857142857142857
548 548 -3.571428571428571
549 549 -2.928571428571429
550 550 -2.0
551 551 3.4285714285714284
552 552 5.857142857142858
553 553 0.857142857142857
554 554 0.2142857142857144
555 555 -3.9285714285714284
556 556 -2.7142857142857144
557 557 -6.357142857142858
558 558 -3.357142857142857
559 559 -7.714285714285715
560 560 -7.928571428571429
561 561 -0.14285714285714324
562 562 -6.642857142857143
563 563 -2.428571428571429
564 564 0.4285714285714286
565 565 5.571428571428571
566 566 0.9285714285714284
567 567 -4.142857142857142
568 568 -1.8571428571428572
1 2 -0.9285714285714286
1 9 -0.5714285714285714
1 21 -0.5714285714285714
1 28 0.5714285714285714
1 49 -0.9285714285714286
1 57 -1.7857142857142858
2 3 -0.9285714285714286
2 9 0.5714285714285714
2 10 -1.3571428571428572
2 66 0.5714285714285714
2 73 -1.7857142857142858
2 80 -0.9285714285714286
2 84 -1.7857142857142858
3 10 -2.0
3 11 0.9285714285714286
3 109 -1.7857142857142858
3 115 -0.5714285714285714
3 134 -0.9285714285714286
3 140 -2.0
4 5 1.3571428571428572
4 218 -1.3571428571428572
4 226 -1.3571428571428572
4 249 0.9285714285714286
5 6 -1.7857142857142858
5 280 0.5714285714285714
5 288 1.7857142857142858
5 312 1.7857142857142858
6 7 -0.5714285714285714
6 12 -1.7857142857142858
6 339 -1.3571428571428572
6 346 0.9285714285714286
6 367 0.5714285714285714
7 8 0.5714285714285714
7 13 0.9285714285714286
7 396 0.9285714285714286
7 428 1.7857142857142858
7 437 1.3571428571428572
8 13 -0.5714285714285714
8 14 2.0
8 462 -0.5714285714285714
8 470 0.5714285714285714
8 496 -2.0
8 504 1.3571428571428572
9 10 -1.7857142857142858
9 49 -0.5714285714285714
9 57 1.7857142857142858
9 66 -0.5714285714285714
9 73 0.9285714285714286
10 11 1.7857142857142858
10 80 -1.3571428571428572
10 84 -1.7857142857142858
10 109 -2.0
10 115 0.5714285714285714
11 134 -0.9285714285714286
11 140 1.7857142857142858
11 160 0.9285714285714286
11 167 0.9285714285714286
12 13 -0.9285714285714286
12 367 2.0
12 396 0.5714285714285714
13 14 1.3571428571428572
13 428 -1.7857142857142858
13 437 -0.5714285714285714
13 462 -0.5714285714285714
13 470 -1.3571428571428572
14 496 -1.3571428571428572
14 504 -1.3571428571428572
14 528 0.9285714285714286
14 536 1.3571428571428572
15 16 1.3571428571428572
15 22 -0.9285714285714286
15 85 1.7857142857142858
15 116 -0.5714285714285714
16 17 -0.5714285714285714
16 22 -1.7857142857142858
16 23 -0.9285714285714286
16 141 1.3571428571428572
16 168 0.5714285714285714
17 18 0.9285714285714286
17 23 -1.3571428571428572
17 24 -0.5714285714285714
17 195 -1.7857142857142858
17 227 -0.9285714285714286
18 24 1.3571428571428572
18 25 1.7857142857142858
18 257 -1.7857142857142858
18 289 -1.7857142857142858
19 20 -0.9285714285714286
19 26 -2.0
19 374 -1.3571428571428572
19 405 -1.3571428571428572
20 26 -0.9285714285714286
20 27 1.3571428571428572
20 438 1.3571428571428572
20 471 1.7857142857142858
21 28 -0.9285714285714286
21 553 1.7857142857142858
22 23 -1.7857142857142858
22 116 -1.7857142857142858
22 141 2.0
23 24 -0.5714285714285714
23 168 0.9285714285714286
23 195 -0.9285714285714286
24 25 0.5714285714285714
24 227 -1.3571428571428572
24 257 0.5714285714285714
26 27 -1.3571428571428572
26 405 -0.9285714285714286
26 438 -0.9285714285714286
27 471 -1.7857142857142858
28 29 1.3571428571428572
29 35 -2.0
29 57 2.0
30 36 -1.7857142857142858
30 37 -1.7857142857142858
30 140 1.7857142857142858
31 32 0.5714285714285714
31 38 1.3571428571428572
31 226 2.0
32 38 2.0
32 39 -1.3571428571428572
32 288 -0.5714285714285714
33 34 -0.9285714285714286
33 40 1.3571428571428572
33 41 2.0
33 437 -2.0
34 41 1.3571428571428572
34 470 0.5714285714285714
34 504 -1.7857142857142858
35 36 -0.5714285714285714
35 57 -1.3571428571428572
35 73 -1.3571428571428572
36 37 -0.5714285714285714
36 84 1.3571428571428572
36 115 -2.0
37 140 1.3571428571428572
37 167 -1.7857142857142858
38 39 1.7857142857142858
38 288 -0.5714285714285714
39 40 -0.5714285714285714
39 346 2.0
41 437 -0.5714285714285714
41 470 1.3571428571428572
42 50 -0.9285714285714286
42 116 0.5714285714285714
42 122 -0.5714285714285714
43 44 0.5714285714285714
43 51 -0.5714285714285714
43 195 -0.9285714285714286
43 203 0.9285714285714286
43 227 0.5714285714285714
44 45 -0.5714285714285714
44 51 2.0
44 52 0.9285714285714286
44 257 -2.0
44 289 -1.7857142857142858
45 46 0.9285714285714286
45 52 -1.3571428571428572
45 53 0.5714285714285714
45 353 -1.7857142857142858
46 47 1.3571428571428572
46 53 1.3571428571428572
46 54 -0.5714285714285714
46 374 0.9285714285714286
46 380 0.5714285714285714
46 405 0.9285714285714286
46 413 0.5714285714285714
47 48 -2.0
47 54 0.5714285714285714
47 55 0.5714285714285714
47 438 0.5714285714285714
47 446 1.7857142857142858
47 471 -2.0
47 479 -2.0
48 49 2.0
48 55 -0.5714285714285714
48 56 -2.0
48 512 2.0
48 545 -0.9285714285714286
49 56 0.9285714285714286
49 57 -0.9285714285714286
49 553 -2.0
49 561 0.9285714285714286
50 116 2.0
50 122 -0.9285714285714286
50 141 -0.9285714285714286
50 148 0.9285714285714286
51 227 0.5714285714285714
51 257 -1.3571428571428572
52 53 2.0
52 289 1.7857142857142858
53 54 -0.5714285714285714
53 353 1.3571428571428572
53 374 -1.7857142857142858
53 380 1.7857142857142858
54 55 0.9285714285714286
54 405 -0.5714285714285714
54 413 0.9285714285714286
54 438 -0.9285714285714286
54 446 0.9285714285714286
55 56 1.3571428571428572
55 471 -0.9285714285714286
55 479 -1.7857142857142858
55 512 -2.0
56 545 -0.9285714285714286
56 553 1.3571428571428572
58 59 -0.9285714285714286
58 67 0.9285714285714286
58 86 0.9285714285714286
58 94 -1.7857142857142858
58 117 -0.5714285714285714
58 122 -0.9285714285714286
59 60 0.5714285714285714
59 67 -0.9285714285714286
59 68 1.7857142857142858
59 148 -1.3571428571428572
59 174 -1.7857142857142858
60 61 -2.0
60 68 -1.7857142857142858
60 69 -1.3571428571428572
60 196 1.7857142857142858
60 203 0.9285714285714286
60 228 0.5714285714285714
61 62 -1.3571428571428572
61 69 0.5714285714285714
61 70 0.5714285714285714
61 258 1.7857142857142858
61 290 0.5714285714285714
62 63 -1.7857142857142858
62 70 -1.7857142857142858
62 321 0.5714285714285714
62 353 -0.9285714285714286
63 64 2.0
63 71 0.5714285714285714
63 375 -0.5714285714285714
63 380 2.0
63 406 -1.3571428571428572
63 413 -1.7857142857142858
64 65 -0.9285714285714286
64 71 0.5714285714285714
64 446 0.5714285714285714
64 472 -0.5714285714285714
64 479 0.5714285714285714
65 66 -0.9285714285714286
65 72 2.0
65 505 0.5714285714285714
65 512 2.0
65 537 -2.0
65 545 -1.3571428571428572
66 72 -0.5714285714285714
66 73 0.9285714285714286
66 561 1.7857142857142858
67 68 2.0
67 117 -0.9285714285714286
67 122 -0.5714285714285714
67 148 2.0
68 69 -0.9285714285714286
68 174 -0.5714285714285714
68 196 0.5714285714285714
68 203 -1.7857142857142858
69 70 -1.7857142857142858
69 228 0.5714285714285714
69 258 1.3571428571428572
70 290 -1.7857142857142858
71 406 0.9285714285714286
71 413 2.0
71 446 -0.5714285714285714
72 73 1.7857142857142858
72 537 -1.3571428571428572
72 545 -1.7857142857142858
72 561 -0.5714285714285714
74 75 2.0
74 86 -1.3571428571428572
74 95 -0.5714285714285714
74 117 0.5714285714285714
74 123 0.5714285714285714
75 76 1.7857142857142858
75 149 0.5714285714285714
75 175 2.0
76 81 0.9285714285714286
76 196 2.0
76 204 0.5714285714285714
76 228 -1.3571428571428572
76 234 -2.0
77 78 2.0
77 82 1.7857142857142858
77 375 1.7857142857142858
77 381 0.9285714285714286
77 406 1.7857142857142858
77 414 -1.3571428571428572
78 79 -1.7857142857142858
78 447 -2.0
78 472 0.5714285714285714
78 480 -0.5714285714285714
79 80 1.3571428571428572
79 83 -1.7857142857142858
79 505 1.7857142857142858
79 513 0.5714285714285714
79 537 0.9285714285714286
79 546 -0.9285714285714286
80 83 2.0
80 84 -2.0
81 228 -1.7857142857142858
81 234 -0.5714285714285714
81 258 2.0
81 266 -0.5714285714285714
82 406 1.3571428571428572
82 414 2.0
82 447 -1.3571428571428572
83 84 1.3571428571428572
83 537 1.3571428571428572
83 546 0.5714285714285714
85 86 1.7857142857142858
85 94 -0.5714285714285714
86 87 2.0
86 95 -1.3571428571428572
87 88 -0.9285714285714286
87 95 1.3571428571428572
87 102 0.9285714285714286
87 130 0.5714285714285714
88 89 -2.0
88 96 2.0
88 97 0.5714285714285714
88 181 -0.9285714285714286
89 90 -2.0
89 97 0.5714285714285714
89 98 2.0
89 211 1.7857142857142858
89 242 -0.9285714285714286
90 91 2.0
90 98 -0.9285714285714286
90 99 -0.9285714285714286
90 304 0.9285714285714286
91 92 -1.7857142857142858
91 99 -2.0
91 100 1.7857142857142858
91 332 -0.9285714285714286
91 360 -0.9285714285714286
92 93 0.9285714285714286
92 100 0.5714285714285714
92 389 -1.7857142857142858
92 420 -1.3571428571428572
93 101 -1.7857142857142858
93 455 1.3571428571428572
93 488 -1.7857142857142858
94 95 0.9285714285714286
95 96 -0.5714285714285714
95 102 -0.9285714285714286
96 97 1.3571428571428572
96 130 -1.7857142857142858
97 98 1.3571428571428572
97 181 2.0
97 211 0.9285714285714286
98 99 1.3571428571428572
98 242 0.9285714285714286
99 100 1.3571428571428572
99 304 -0.5714285714285714
99 332 0.9285714285714286
100 360 -0.9285714285714286
100 389 -2.0
101 488 1.7857142857142858
102 103 1.7857142857142858
102 110 2.0
102 118 -0.9285714285714286
102 123 0.5714285714285714
103 104 0.5714285714285714
103 110 -2.0
103 111 0.5714285714285714
103 149 -1.3571428571428572
103 169 -1.3571428571428572
103 175 -0.9285714285714286
104 111 1.7857142857142858
104 112 1.3571428571428572
104 197 -0.9285714285714286
104 204 0.9285714285714286
104 229 -0.9285714285714286
104 234 -1.7857142857142858
105 112 1.3571428571428572
105 113 -0.5714285714285714
105 259 -1.7857142857142858
105 266 -1.3571428571428572
105 291 1.3571428571428572
105 298 -1.3571428571428572
106 107 1.7857142857142858
106 381 -1.7857142857142858
106 407 1.3571428571428572
107 108 1.7857142857142858
107 114 -1.7857142857142858
107 439 0.9285714285714286
107 447 0.9285714285714286
107 480 -2.0
108 109 0.5714285714285714
108 114 0.5714285714285714
108 506 1.3571428571428572
108 513 0.9285714285714286
108 538 -2.0
108 546 0.9285714285714286
109 115 1.7857142857142858
109 554 0.5714285714285714
110 118 1.3571428571428572
110 123 -0.5714285714285714
110 149 2.0
111 112 1.7857142857142858
111 169 -1.7857142857142858
111 175 0.5714285714285714
111 197 -0.5714285714285714
111 204 -0.5714285714285714
112 113 0.5714285714285714
112 229 2.0
112 234 0.9285714285714286
112 259 -0.9285714285714286
112 266 1.3571428571428572
113 291 1.3571428571428572
113 298 2.0
114 480 1.7857142857142858
114 506 1.3571428571428572
114 513 2.0
116 117 -0.9285714285714286
116 122 0.5714285714285714
117 118 0.5714285714285714
117 122 1.7857142857142858
117 123 -0.9285714285714286
118 119 -0.5714285714285714
118 123 -1.3571428571428572
118 124 0.9285714285714286
118 130 1.3571428571428572
118 135 -1.7857142857142858
119 124 2.0
119 125 -1.3571428571428572
119 181 0.5714285714285714
119 188 0.9285714285714286
120 121 1.7857142857142858
120 128 2.0
120 389 -1.7857142857142858
120 397 0.9285714285714286
120 420 0.5714285714285714
120 429 0.9285714285714286
121 129 -0.9285714285714286
121 455 -0.9285714285714286
121 463 2.0
121 488 -0.9285714285714286
121 497 -1.7857142857142858
122 123 -1.3571428571428572
123 124 -0.5714285714285714
124 125 0.9285714285714286
124 130 -2.0
124 135 2.0
125 126 -1.3571428571428572
125 181 -0.5714285714285714
125 188 -0.5714285714285714
125 211 2.0
125 219 -1.3571428571428572
126 127 -1.7857142857142858
126 242 -0.5714285714285714
126 250 -0.9285714285714286
127 128 1.3571428571428572
127 304 2.0
127 313 -1.3571428571428572
127 332 -0.9285714285714286
127 340 -0.5714285714285714
128 360 1.3571428571428572
128 389 1.7857142857142858
128 397 1.7857142857142858
129 488 -0.9285714285714286
129 497 -1.3571428571428572
130 131 2.0
130 135 0.9285714285714286
131 135 -1.7857142857142858
131 136 2.0
131 150 0.5714285714285714
131 169 1.7857142857142858
131 176 0.9285714285714286
132 138 0.5714285714285714
132 382 1.3571428571428572
132 407 -1.3571428571428572
132 415 -0.9285714285714286
133 134 -1.7857142857142858
133 139 -2.0
133 506 0.5714285714285714
133 514 2.0
133 538 -1.3571428571428572
133 547 -0.9285714285714286
134 139 0.5714285714285714
134 140 -0.5714285714285714
134 554 -0.9285714285714286
134 562 1.3571428571428572
135 136 -0.9285714285714286
135 150 0.5714285714285714
136 169 -1.7857142857142858
136 176 1.3571428571428572
136 197 1.3571428571428572
136 205 0.9285714285714286
137 291 2.0
138 407 -2.0
138 415 1.7857142857142858
138 439 -0.9285714285714286
138 448 0.9285714285714286
139 140 0.5714285714285714
139 538 2.0
139 547 1.7857142857142858
139 554 0.5714285714285714
139 562 2.0
141 148 -0.5714285714285714
142 143 0.9285714285714286
142 150 1.3571428571428572
142 151 -0.5714285714285714
142 154 -0.5714285714285714
142 182 -0.5714285714285714
142 188 0.5714285714285714
143 144 -0.9285714285714286
143 151 -0.5714285714285714
143 219 1.3571428571428572
143 250 1.3571428571428572
144 145 -0.9285714285714286
144 152 1.7857142857142858
144 274 0.5714285714285714
144 305 0.9285714285714286
144 313 2.0
145 146 -1.7857142857142858
145 152 1.7857142857142858
145 333 0.5714285714285714
145 340 1.7857142857142858
145 361 -1.3571428571428572
146 147 0.5714285714285714
146 390 0.9285714285714286
146 397 -2.0
146 421 -0.5714285714285714
146 429 -0.9285714285714286
147 153 1.7857142857142858
147 456 1.7857142857142858
147 463 -1.7857142857142858
147 489 0.5714285714285714
147 497 -2.0
148 149 2.0
149 150 1.3571428571428572
150 151 0.5714285714285714
150 154 -2.0
151 182 -1.7857142857142858
151 188 -1.7857142857142858
151 219 -0.9285714285714286
152 305 -0.5714285714285714
152 313 1.7857142857142858
152 333 1.3571428571428572
152 340 -0.9285714285714286
153 489 0.9285714285714286
153 497 -0.9285714285714286
153 521 -0.5714285714285714
154 155 0.9285714285714286
154 161 0.9285714285714286
154 170 -1.3571428571428572
154 176 1.3571428571428572
155 156 -0.5714285714285714
155 161 -0.5714285714285714
155 162 -0.5714285714285714
155 198 -0.9285714285714286
155 205 -2.0
155 230 2.0
155 235 -1.7857142857142858
156 157 1.7857142857142858
156 162 -1.7857142857142858
156 163 -0.5714285714285714
156 260 0.5714285714285714
156 267 -1.3571428571428572
156 292 -2.0
157 158 2.0
157 163 -2.0
157 322 1.7857142857142858
157 347 1.3571428571428572
158 164 -0.9285714285714286
158 376 -1.7857142857142858
158 382 -1.3571428571428572
159 160 -2.0
159 165 -2.0
159 166 2.0
159 507 1.7857142857142858
159 514 -1.3571428571428572
159 539 0.9285714285714286
159 547 -0.5714285714285714
160 166 -1.3571428571428572
160 167 -0.9285714285714286
160 555 2.0
160 562 0.5714285714285714
161 162 0.5714285714285714
161 170 0.9285714285714286
161 176 -2.0
161 198 1.3571428571428572
161 205 -1.7857142857142858
162 230 -2.0
162 235 1.7857142857142858
162 260 1.3571428571428572
162 267 1.7857142857142858
163 292 0.5714285714285714
163 322 1.7857142857142858
164 165 2.0
164 408 -1.7857142857142858
164 415 0.5714285714285714
164 448 -1.7857142857142858
165 166 1.3571428571428572
165 473 -0.9285714285714286
165 481 -0.5714285714285714
165 507 -2.0
165 514 -1.7857142857142858
166 167 0.5714285714285714
166 547 2.0
166 555 -1.7857142857142858
166 562 -1.7857142857142858
168 174 1.3571428571428572
169 170 0.5714285714285714
169 175 2.0
169 176 -2.0
170 171 0.9285714285714286
170 176 2.0
170 177 -0.5714285714285714
170 182 2.0
170 189 -0.5714285714285714
171 177 2.0
171 178 -1.7857142857142858
171 220 -1.7857142857142858
171 243 1.7857142857142858
171 251 0.9285714285714286
172 179 1.3571428571428572
172 180 1.3571428571428572
172 333 -0.9285714285714286
172 341 0.9285714285714286
172 361 0.9285714285714286
173 456 -0.9285714285714286
173 464 1.7857142857142858
173 489 -2.0
173 498 1.3571428571428572
174 175 0.5714285714285714
175 176 1.7857142857142858
176 177 -0.9285714285714286
177 178 -1.3571428571428572
177 182 1.3571428571428572
177 189 -1.3571428571428572
177 220 -0.5714285714285714
178 179 0.9285714285714286
178 243 2.0
178 251 -2.0
178 274 -2.0
178 281 2.0
179 180 -2.0
179 305 1.7857142857142858
179 314 -1.3571428571428572
179 333 -1.7857142857142858
179 341 -2.0
180 361 -0.5714285714285714
180 390 1.3571428571428572
180 398 0.9285714285714286
181 182 -2.0
181 188 1.7857142857142858
182 183 0.5714285714285714
182 188 -0.9285714285714286
182 189 2.0
183 184 1.7857142857142858
183 189 -1.7857142857142858
183 190 0.5714285714285714
183 198 -2.0
183 206 -0.5714285714285714
183 230 2.0
183 236 -0.5714285714285714
184 185 -0.5714285714285714
184 190 0.9285714285714286
184 191 1.7857142857142858
184 260 0.5714285714285714
184 268 -0.5714285714285714
184 292 1.3571428571428572
184 299 -1.3571428571428572
185 186 -0.9285714285714286
185 191 1.3571428571428572
185 192 0.9285714285714286
185 322 1.3571428571428572
185 327 1.3571428571428572
185 347 0.9285714285714286
185 354 1.7857142857142858
186 192 -1.3571428571428572
186 383 -1.7857142857142858
186 408 0.5714285714285714
186 416 -0.9285714285714286
187 193 2.0
187 507 2.0
187 515 -1.3571428571428572
187 539 0.9285714285714286
187 548 0.9285714285714286
188 189 -1.3571428571428572
189 190 1.3571428571428572
189 198 0.9285714285714286
189 206 -0.5714285714285714
190 191 -1.3571428571428572
190 230 0.5714285714285714
190 236 1.3571428571428572
190 260 1.7857142857142858
190 268 -0.9285714285714286
191 192 -0.5714285714285714
191 292 1.7857142857142858
191 299 -0.9285714285714286
191 322 -0.9285714285714286
191 327 -0.5714285714285714
192 347 -1.3571428571428572
192 354 0.9285714285714286
192 376 1.7857142857142858
192 383 -1.3571428571428572
193 194 0.9285714285714286
193 539 1.3571428571428572
193 548 0.9285714285714286
193 555 1.7857142857142858
193 563 -1.7857142857142858
195 196 0.9285714285714286
195 203 -2.0
196 197 -0.5714285714285714
196 203 -2.0
196 204 0.5714285714285714
197 198 -1.3571428571428572
197 204 -1.3571428571428572
197 205 0.5714285714285714
198 199 1.3571428571428572
198 205 -1.7857142857142858
198 206 1.3571428571428572
199 200 -1.3571428571428572
199 206 1.3571428571428572
199 207 1.3571428571428572
199 212 0.9285714285714286
199 220 -1.7857142857142858
199 244 0.9285714285714286
199 251 2.0
200 207 -0.5714285714285714
200 208 -1.3571428571428572
200 275 -1.3571428571428572
200 281 -2.0
200 306 0.5714285714285714
200 314 -0.9285714285714286
201 202 0.9285714285714286
201 209 0.9285714285714286
201 391 -0.9285714285714286
201 398 0.9285714285714286
201 422 -2.0
201 430 0.5714285714285714
202 210 -0.5714285714285714
202 457 -1.3571428571428572
202 464 -1.3571428571428572
202 490 -2.0
202 498 1.3571428571428572
203 204 1.3571428571428572
204 205 -1.3571428571428572
205 206 -1.7857142857142858
206 207 -1.3571428571428572
206 220 0.5714285714285714
207 208 1.7857142857142858
207 244 -1.3571428571428572
207 251 -0.9285714285714286
207 275 -1.7857142857142858
207 281 0.9285714285714286
208 209 1.7857142857142858
208 306 0.9285714285714286
208 314 1.7857142857142858
208 334 -1.3571428571428572
208 341 2.0
209 362 2.0
209 391 1.7857142857142858
209 398 1.7857142857142858
210 490 -1.3571428571428572
210 522 -0.9285714285714286
210 529 0.9285714285714286
211 219 -0.5714285714285714
212 213 -0.9285714285714286
212 220 -1.3571428571428572
212 221 0.9285714285714286
212 236 -1.3571428571428572
213 214 -0.9285714285714286
213 221 -1.3571428571428572
213 222 -0.5714285714285714
213 261 1.7857142857142858
213 268 0.9285714285714286
213 293 0.9285714285714286
213 299 -0.5714285714285714
214 215 2.0
214 222 0.9285714285714286
214 323 1.3571428571428572
214 327 -1.7857142857142858
214 348 2.0
214 354 0.5714285714285714
215 216 -2.0
215 223 2.0
215 383 -2.0
215 409 -0.9285714285714286
215 416 -0.5714285714285714
216 217 1.7857142857142858
216 223 -0.9285714285714286
216 224 -2.0
216 441 2.0
216 449 -1.7857142857142858
216 474 -0.9285714285714286
216 482 -0.9285714285714286
217 218 -1.3571428571428572
217 224 -0.9285714285714286
217 225 0.5714285714285714
217 540 -0.9285714285714286
217 548 -1.3571428571428572
218 225 -1.7857142857142858
218 226 0.9285714285714286
218 556 -0.9285714285714286
218 563 -0.9285714285714286
219 220 -0.9285714285714286
220 221 0.9285714285714286
221 231 2.0
221 236 -0.5714285714285714
221 261 0.5714285714285714
221 268 -0.5714285714285714
222 293 -2.0
222 299 -0.5714285714285714
222 323 -1.7857142857142858
222 327 -1.3571428571428572
223 224 -1.3571428571428572
223 409 -1.3571428571428572
223 441 -0.5714285714285714
223 449 1.3571428571428572
224 225 -2.0
224 474 0.9285714285714286
224 482 -1.7857142857142858
224 515 -1.3571428571428572
225 226 1.3571428571428572
225 540 0.5714285714285714
225 548 0.9285714285714286
225 556 2.0
225 563 -0.9285714285714286
227 228 2.0
228 229 2.0
228 234 1.3571428571428572
229 230 0.5714285714285714
229 234 1.7857142857142858
229 235 0.5714285714285714
230 231 2.0
230 235 -0.9285714285714286
230 236 -1.7857142857142858
231 232 1.7857142857142858
231 236 0.5714285714285714
231 237 0.9285714285714286
231 244 2.0
231 252 -0.5714285714285714
232 233 -1.7857142857142858
232 237 2.0
232 238 0.9285714285714286
232 282 -1.7857142857142858
232 306 -0.5714285714285714
232 315 2.0
233 238 2.0
233 239 2.0
233 334 -1.7857142857142858
233 342 -0.5714285714285714
233 362 1.3571428571428572
233 368 1.3571428571428572
234 235 2.0
235 236 -1.3571428571428572
236 237 -1.7857142857142858
237 244 -1.3571428571428572
237 252 2.0
237 275 2.0
237 282 1.3571428571428572
238 239 1.3571428571428572
238 306 2.0
238 315 -0.5714285714285714
238 342 0.5714285714285714
239 240 0.5714285714285714
239 362 0.5714285714285714
239 368 0.9285714285714286
239 391 1.7857142857142858
239 399 -0.5714285714285714
240 241 -0.5714285714285714
240 422 1.3571428571428572
240 431 -0.9285714285714286
240 457 -1.7857142857142858
241 490 -1.7857142857142858
241 499 -0.5714285714285714
241 522 -2.0
241 530 -2.0
242 243 -0.9285714285714286
242 250 -1.3571428571428572
243 244 -1.3571428571428572
243 250 -0.9285714285714286
243 251 -1.3571428571428572
244 245 0.5714285714285714
244 251 -1.3571428571428572
244 252 -1.3571428571428572
245 246 1.7857142857142858
245 252 2.0
245 253 1.7857142857142858
245 261 0.5714285714285714
245 269 0.5714285714285714
245 293 -1.3571428571428572
246 247 0.9285714285714286
246 253 0.5714285714285714
246 254 -1.3571428571428572
246 323 -1.3571428571428572
246 328 1.7857142857142858
246 348 -0.9285714285714286
246 355 -2.0
247 254 2.0
247 384 -1.7857142857142858
247 409 0.5714285714285714
247 417 -2.0
248 249 -1.3571428571428572
248 255 0.9285714285714286
248 256 2.0
248 516 -1.3571428571428572
248 540 0.5714285714285714
248 549 -0.9285714285714286
249 256 0.9285714285714286
249 564 0.5714285714285714
250 251 -0.5714285714285714
251 252 -0.9285714285714286
252 253 2.0
252 261 -0.9285714285714286
252 269 -2.0
253 254 -0.9285714285714286
253 293 1.3571428571428572
253 323 1.7857142857142858
253 328 0.5714285714285714
254 348 1.3571428571428572
254 355 1.3571428571428572
254 384 -1.7857142857142858
255 256 2.0
255 474 0.5714285714285714
255 483 -2.0
255 516 0.5714285714285714
256 540 -0.5714285714285714
256 556 -1.3571428571428572
256 564 -1.7857142857142858
257 258 2.0
258 259 1.3571428571428572
258 266 -0.9285714285714286
259 260 0.9285714285714286
259 266 -2.0
259 267 1.3571428571428572
260 261 0.5714285714285714
260 267 0.5714285714285714
260 268 -0.5714285714285714
261 262 1.3571428571428572
261 268 0.9285714285714286
261 269 1.3571428571428572
262 263 1.3571428571428572
262 269 -1.7857142857142858
262 270 -0.5714285714285714
262 276 1.3571428571428572
262 282 -2.0
262 307 -0.5714285714285714
262 315 -2.0
263 264 1.7857142857142858
263 271 1.3571428571428572
263 335 -0.9285714285714286
263 342 0.5714285714285714
263 363 -0.9285714285714286
263 368 2.0
264 265 1.3571428571428572
264 271 -1.3571428571428572
264 272 1.3571428571428572
264 399 2.0
264 423 -2.0
264 431 -0.9285714285714286
265 272 -0.9285714285714286
265 458 -1.3571428571428572
265 491 -0.9285714285714286
265 499 -1.7857142857142858
266 267 2.0
267 268 -2.0
268 269 0.9285714285714286
269 270 1.3571428571428572
269 276 0.5714285714285714
269 282 -1.3571428571428572
270 271 -1.3571428571428572
270 307 0.9285714285714286
270 315 -1.3571428571428572
270 335 2.0
270 342 2.0
271 272 0.9285714285714286
271 363 1.7857142857142858
271 368 2.0
271 399 0.9285714285714286
272 273 -0.9285714285714286
272 423 2.0
272 431 0.9285714285714286
272 458 0.5714285714285714
273 491 -2.0
273 499 2.0
273 523 1.7857142857142858
273 530 2.0
274 275 -0.9285714285714286
274 281 1.7857142857142858
275 276 -0.9285714285714286
275 281 1.3571428571428572
276 282 2.0
276 283 1.3571428571428572
276 294 1.3571428571428572
277 278 1.7857142857142858
277 284 1.3571428571428572
277 285 -1.7857142857142858
277 384 -1.7857142857142858
277 410 0.9285714285714286
277 417 -0.9285714285714286
278 279 0.9285714285714286
278 285 0.9285714285714286
278 286 -1.3571428571428572
278 442 0.9285714285714286
278 450 -1.7857142857142858
278 475 -2.0
278 483 2.0
279 280 -0.5714285714285714
279 287 0.5714285714285714
279 508 1.7857142857142858
279 541 2.0
279 549 1.7857142857142858
280 287 -0.5714285714285714
280 288 -1.7857142857142858
280 557 1.7857142857142858
280 564 0.9285714285714286
281 282 -0.5714285714285714
282 283 -1.7857142857142858
283 284 -1.3571428571428572
283 294 1.3571428571428572
283 324 2.0
283 328 -1.7857142857142858
284 285 2.0
284 349 2.0
284 355 -2.0
284 384 -0.9285714285714286
285 286 1.3571428571428572
285 410 1.3571428571428572
285 417 -0.9285714285714286
285 442 -0.5714285714285714
285 450 -1.7857142857142858
286 287 1.3571428571428572
286 475 0.5714285714285714
286 483 0.9285714285714286
286 508 -0.5714285714285714
286 516 -0.9285714285714286
287 288 -1.7857142857142858
287 541 -1.7857142857142858
287 549 0.5714285714285714
287 557 0.5714285714285714
287 564 -0.5714285714285714
289 290 1.3571428571428572
290 291 1.3571428571428572
290 298 -0.9285714285714286
291 292 1.3571428571428572
291 298 1.3571428571428572
292 293 -0.9285714285714286
292 299 0.9285714285714286
293 294 -2.0
293 299 0.9285714285714286
294 295 0.5714285714285714
294 300 0.9285714285714286
294 307 -0.9285714285714286
294 316 -1.3571428571428572
295 296 2.0
295 300 1.3571428571428572
295 301 1.7857142857142858
295 335 2.0
295 343 1.3571428571428572
295 363 -2.0
295 369 -0.5714285714285714
296 297 -1.3571428571428572
296 301 2.0
296 302 -0.5714285714285714
296 400 0.5714285714285714
296 423 1.7857142857142858
296 432 -1.7857142857142858
297 302 -0.9285714285714286
297 303 1.3571428571428572
297 458 1.3571428571428572
297 465 0.9285714285714286
297 491 0.5714285714285714
297 500 -0.9285714285714286
300 301 -0.5714285714285714
300 307 1.7857142857142858
300 316 2.0
300 343 -1.3571428571428572
301 302 -0.5714285714285714
301 400 -0.9285714285714286
302 303 -2.0
302 423 2.0
302 432 0.9285714285714286
302 458 -2.0
302 465 2.0
303 491 -0.9285714285714286
303 500 1.7857142857142858
303 523 -2.0
303 531 -2.0
304 313 2.0
305 306 -2.0
305 313 -0.5714285714285714
305 314 -0.5714285714285714
306 307 -1.3571428571428572
306 314 -2.0
306 315 -1.7857142857142858
307 308 0.5714285714285714
307 315 1.3571428571428572
307 316 -1.7857142857142858
308 309 -1.7857142857142858
308 316 2.0
308 317 0.9285714285714286
308 324 -2.0
308 329 2.0
308 349 2.0
309 310 0.9285714285714286
309 317 -0.9285714285714286
309 318 0.5714285714285714
309 385 -2.0
309 410 -0.9285714285714286
310 311 -2.0
310 318 0.5714285714285714
310 319 -1.7857142857142858
310 442 -2.0
310 451 -2.0
310 475 -0.5714285714285714
310 484 1.7857142857142858
311 312 0.9285714285714286
311 319 2.0
311 320 0.5714285714285714
311 508 -0.5714285714285714
311 517 -1.3571428571428572
311 541 -1.3571428571428572
311 550 -1.7857142857142858
312 320 1.7857142857142858
312 557 1.7857142857142858
312 565 0.9285714285714286
313 314 -2.0
314 315 2.0
316 317 -0.9285714285714286
316 324 0.9285714285714286
316 329 -2.0
317 318 1.3571428571428572
317 349 -1.3571428571428572
317 356 -0.5714285714285714
317 385 -2.0
318 319 -0.9285714285714286
318 410 -2.0
318 442 -1.7857142857142858
318 451 2.0
319 320 -1.7857142857142858
319 475 1.3571428571428572
319 484 2.0
319 508 0.9285714285714286
319 517 -0.9285714285714286
320 541 1.7857142857142858
320 550 -1.3571428571428572
320 557 1.3571428571428572
320 565 0.5714285714285714
322 323 -2.0
322 327 2.0
323 324 -0.5714285714285714
323 327 -2.0
323 328 0.5714285714285714
324 328 2.0
324 329 -0.5714285714285714
325 326 0.9285714285714286
325 330 2.0
325 331 0.9285714285714286
325 392 -2.0
325 400 1.3571428571428572
325 424 0.5714285714285714
325 432 1.3571428571428572
326 331 -0.5714285714285714
326 459 0.5714285714285714
326 465 1.3571428571428572
326 492 -0.9285714285714286
326 500 2.0
327 328 0.9285714285714286
328 329 -1.3571428571428572
329 330 1.3571428571428572
329 343 1.3571428571428572
330 331 0.5714285714285714
330 369 -0.5714285714285714
330 392 -0.5714285714285714
330 400 1.3571428571428572
331 424 -1.7857142857142858
331 432 -0.9285714285714286
331 459 -2.0
331 465 1.7857142857142858
332 333 2.0
332 340 0.9285714285714286
333 334 1.7857142857142858
333 340 -0.5714285714285714
333 341 -2.0
334 335 -1.3571428571428572
334 341 -0.9285714285714286
334 342 1.7857142857142858
335 342 -2.0
335 343 1.3571428571428572
336 344 1.7857142857142858
336 345 0.9285714285714286
336 377 0.5714285714285714
336 385 -0.9285714285714286
337 338 1.3571428571428572
337 345 -1.7857142857142858
337 443 0.5714285714285714
337 451 -2.0
337 476 2.0
337 484 -0.5714285714285714
338 339 1.3571428571428572
338 509 0.5714285714285714
338 517 0.5714285714285714
338 550 1.3571428571428572
339 346 -1.7857142857142858
339 558 -1.3571428571428572
339 565 -1.7857142857142858
340 341 -2.0
341 342 -1.3571428571428572
342 343 1.3571428571428572
343 344 1.7857142857142858
344 345 0.5714285714285714
344 350 1.7857142857142858
344 356 0.5714285714285714
344 377 0.9285714285714286
344 385 -2.0
345 443 -0.9285714285714286
345 451 -2.0
347 348 -2.0
347 354 1.7857142857142858
348 349 0.9285714285714286
348 354 1.7857142857142858
348 355 1.7857142857142858
349 350 -2.0
349 355 -0.9285714285714286
349 356 -1.7857142857142858
350 351 -1.3571428571428572
350 356 -1.3571428571428572
350 357 -2.0
350 370 1.3571428571428572
351 357 1.7857142857142858
351 358 -1.7857142857142858
351 392 -0.5714285714285714
351 401 -0.5714285714285714
351 424 1.7857142857142858
351 433 -0.9285714285714286
352 358 -0.9285714285714286
352 359 1.7857142857142858
352 459 -0.9285714285714286
352 466 -0.5714285714285714
352 492 -2.0
352 501 -1.3571428571428572
354 355 -1.3571428571428572
355 356 -0.5714285714285714
356 357 1.7857142857142858
357 358 -2.0
357 370 -0.9285714285714286
357 392 1.3571428571428572
357 401 -1.3571428571428572
358 359 -0.9285714285714286
358 424 1.3571428571428572
358 433 0.5714285714285714
358 459 0.5714285714285714
358 466 0.9285714285714286
359 492 -2.0
359 501 -1.7857142857142858
359 524 1.3571428571428572
359 532 -1.3571428571428572
360 361 -1.3571428571428572
361 362 -0.5714285714285714
362 363 -2.0
362 368 -1.3571428571428572
363 368 0.5714285714285714
363 369 0.9285714285714286
364 365 2.0
364 370 -0.5714285714285714
364 371 0.5714285714285714
364 377 -0.9285714285714286
364 386 1.7857142857142858
365 366 0.5714285714285714
365 371 0.5714285714285714
365 443 -2.0
365 452 1.3571428571428572
365 476 1.3571428571428572
365 485 -1.7857142857142858
366 367 -1.7857142857142858
366 372 -1.3571428571428572
366 373 0.9285714285714286
366 509 2.0
366 518 1.3571428571428572
366 542 1.3571428571428572
366 551 -1.3571428571428572
367 373 0.5714285714285714
367 558 1.7857142857142858
367 566 0.5714285714285714
368 369 -0.5714285714285714
369 370 -0.5714285714285714
370 371 -1.3571428571428572
370 377 -0.9285714285714286
370 386 -1.7857142857142858
371 372 -0.5714285714285714
371 443 -1.7857142857142858
371 452 0.9285714285714286
372 373 -2.0
372 476 0.5714285714285714
372 509 -1.7857142857142858
372 518 0.5714285714285714
373 542 -1.7857142857142858
373 551 1.7857142857142858
373 558 2.0
373 566 -2.0
374 375 -1.7857142857142858
374 380 0.9285714285714286
375 380 -1.3571428571428572
375 381 -2.0
376 382 1.7857142857142858
376 383 2.0
377 378 -0.9285714285714286
377 385 2.0
377 386 -0.5714285714285714
378 379 0.9285714285714286
378 386 -1.3571428571428572
378 387 -0.9285714285714286
378 393 -0.5714285714285714
378 401 2.0
378 425 2.0
378 433 -2.0
379 387 0.9285714285714286
379 388 0.9285714285714286
379 460 -1.3571428571428572
379 466 -1.7857142857142858
379 493 1.3571428571428572
379 501 -0.5714285714285714
380 381 -0.5714285714285714
381 382 2.0
382 383 1.7857142857142858
383 384 -1.7857142857142858
384 385 2.0
385 386 -0.9285714285714286
386 393 -2.0
386 401 2.0
387 388 1.7857142857142858
387 425 -1.7857142857142858
387 433 -0.5714285714285714
387 460 -1.3571428571428572
387 466 1.7857142857142858
388 493 1.3571428571428572
388 501 0.5714285714285714
388 525 -1.7857142857142858
388 532 -0.5714285714285714
389 390 -0.9285714285714286
389 397 -1.3571428571428572
390 391 1.3571428571428572
390 397 -1.3571428571428572
390 398 -1.7857142857142858
391 398 -0.9285714285714286
391 399 0.9285714285714286
392 393 -0.5714285714285714
392 400 -1.7857142857142858
392 401 2.0
393 394 -1.7857142857142858
393 401 -1.7857142857142858
393 402 -2.0
394 395 2.0
394 402 1.7857142857142858
394 403 -1.7857142857142858
394 444 -1.3571428571428572
394 452 0.9285714285714286
394 477 2.0
394 485 1.7857142857142858
395 396 -0.9285714285714286
395 403 -1.3571428571428572
395 404 -2.0
395 510 2.0
395 518 -0.9285714285714286
395 543 -0.9285714285714286
395 551 1.7857142857142858
396 404 -0.9285714285714286
396 559 2.0
396 566 -1.3571428571428572
397 398 0.5714285714285714
398 399 -2.0
399 400 -2.0
400 401 1.7857142857142858
401 402 -0.9285714285714286
402 403 1.7857142857142858
402 411 0.9285714285714286
402 444 0.5714285714285714
402 452 -2.0
403 404 0.5714285714285714
403 477 0.5714285714285714
403 485 -1.7857142857142858
403 510 -2.0
403 518 -0.5714285714285714
404 543 -1.7857142857142858
404 551 -2.0
404 559 -2.0
404 566 0.9285714285714286
405 406 1.3571428571428572
405 413 1.3571428571428572
406 407 -1.7857142857142858
406 413 -0.9285714285714286
406 414 0.9285714285714286
407 408 2.0
407 414 -2.0
407 415 -0.9285714285714286
408 409 0.9285714285714286
408 415 0.9285714285714286
408 416 1.3571428571428572
409 410 1.7857142857142858
409 416 1.7857142857142858
409 417 -2.0
410 417 1.3571428571428572
411 412 2.0
411 418 -2.0
411 425 2.0
411 434 1.3571428571428572
412 418 1.3571428571428572
412 419 -1.7857142857142858
412 460 -1.3571428571428572
412 467 2.0
412 493 -0.5714285714285714
412 502 2.0
413 414 1.7857142857142858
414 415 -0.9285714285714286
415 416 -1.3571428571428572
416 417 1.7857142857142858
418 419 1.7857142857142858
418 425 1.7857142857142858
418 434 -0.9285714285714286
418 460 1.3571428571428572
418 467 -2.0
419 493 0.5714285714285714
419 502 -1.7857142857142858
419 525 -0.9285714285714286
419 533 0.5714285714285714
420 421 1.7857142857142858
420 429 -0.5714285714285714
421 422 1.3571428571428572
421 429 0.9285714285714286
421 430 -2.0
422 423 -1.7857142857142858
422 430 1.3571428571428572
422 431 -0.5714285714285714
423 424 -1.3571428571428572
423 431 2.0
423 432 -0.9285714285714286
424 425 -1.7857142857142858
424 432 2.0
424 433 -1.3571428571428572
425 426 1.3571428571428572
425 433 0.9285714285714286
425 434 -2.0
426 427 0.5714285714285714
426 435 2.0
426 444 1.3571428571428572
426 453 0.9285714285714286
426 477 -0.9285714285714286
426 486 1.7857142857142858
427 428 2.0
427 435 0.9285714285714286
427 436 -0.9285714285714286
427 510 1.7857142857142858
427 519 -2.0
427 543 -1.3571428571428572
427 552 -0.5714285714285714
428 436 -2.0
428 437 2.0
428 559 -0.5714285714285714
428 567 -0.9285714285714286
429 430 -1.3571428571428572
430 431 0.9285714285714286
431 432 -0.9285714285714286
432 433 0.9285714285714286
433 434 -0.9285714285714286
434 444 1.3571428571428572
434 453 -2.0
435 436 -1.3571428571428572
435 477 -0.9285714285714286
435 486 1.7857142857142858
435 510 0.9285714285714286
435 519 -0.9285714285714286
436 437 -0.5714285714285714
436 543 1.3571428571428572
436 552 1.3571428571428572
436 559 2.0
436 567 0.5714285714285714
438 446 -0.5714285714285714
439 440 -2.0
439 447 -1.7857142857142858
439 448 0.5714285714285714
440 441 -0.5714285714285714
440 448 2.0
440 449 2.0
441 442 -0.9285714285714286
441 449 -0.5714285714285714
441 450 0.5714285714285714
442 443 2.0
442 450 2.0
442 451 1.3571428571428572
443 444 0.5714285714285714
443 451 1.7857142857142858
443 452 -2.0
444 445 2.0
444 452 -1.3571428571428572
444 453 -1.3571428571428572
445 453 2.0
445 454 0.5714285714285714
445 467 2.0
445 502 1.7857142857142858
446 447 1.3571428571428572
447 448 2.0
448 449 0.5714285714285714
449 450 0.9285714285714286
450 451 -1.7857142857142858
451 452 -1.7857142857142858
452 453 -0.9285714285714286
453 454 2.0
453 467 1.7857142857142858
454 494 0.9285714285714286
454 502 1.3571428571428572
454 526 1.7857142857142858
454 533 -0.9285714285714286
455 456 0.9285714285714286
455 463 0.9285714285714286
456 457 2.0
456 463 0.9285714285714286
456 464 2.0
457 458 1.3571428571428572
457 464 1.7857142857142858
458 459 1.3571428571428572
458 465 -0.5714285714285714
459 460 -2.0
459 465 2.0
459 466 -0.5714285714285714
460 466 -1.7857142857142858
460 467 -1.7857142857142858
461 462 2.0
461 468 2.0
461 469 -1.7857142857142858
461 511 0.9285714285714286
461 519 -1.3571428571428572
461 544 -1.7857142857142858
461 552 -2.0
462 469 0.5714285714285714
462 470 0.9285714285714286
462 560 1.7857142857142858
462 567 1.7857142857142858
463 464 0.9285714285714286
465 466 -1.7857142857142858
466 467 -0.9285714285714286
467 468 1.7857142857142858
468 469 -0.5714285714285714
468 478 2.0
468 486 -1.7857142857142858
468 511 0.9285714285714286
468 519 1.3571428571428572
469 470 -1.7857142857142858
469 544 0.9285714285714286
469 552 -2.0
469 560 1.7857142857142858
469 567 1.3571428571428572
471 472 -1.7857142857142858
471 479 -1.7857142857142858
472 479 -1.7857142857142858
472 480 1.3571428571428572
473 474 -1.7857142857142858
473 481 0.5714285714285714
473 482 0.5714285714285714
474 475 1.7857142857142858
474 482 0.5714285714285714
474 483 1.7857142857142858
475 476 -1.3571428571428572
475 483 -1.3571428571428572
475 484 -0.5714285714285714
476 477 1.3571428571428572
476 484 -1.7857142857142858
476 485 0.9285714285714286
477 478 2.0
477 485 1.7857142857142858
477 486 2.0
478 486 -1.3571428571428572
478 487 -0.5714285714285714
478 494 -1.7857142857142858
479 480 0.9285714285714286
480 481 -1.3571428571428572
481 482 -1.3571428571428572
482 483 1.3571428571428572
484 485 -1.3571428571428572
485 486 1.3571428571428572
486 487 -2.0
487 526 -1.3571428571428572
487 534 0.5714285714285714
488 489 -1.7857142857142858
488 497 -1.7857142857142858
489 490 1.3571428571428572
489 498 0.9285714285714286
490 491 0.9285714285714286
490 498 -1.3571428571428572
490 499 -0.5714285714285714
491 492 -0.9285714285714286
491 499 1.3571428571428572
491 500 1.7857142857142858
492 493 -1.3571428571428572
492 500 -0.9285714285714286
492 501 0.9285714285714286
493 494 0.9285714285714286
493 501 -2.0
493 502 -1.3571428571428572
494 495 1.7857142857142858
494 502 -1.7857142857142858
495 496 -0.9285714285714286
495 503 1.3571428571428572
495 511 -2.0
495 520 1.7857142857142858
495 544 -1.7857142857142858
496 503 1.7857142857142858
496 504 1.3571428571428572
496 560 0.5714285714285714
496 568 0.5714285714285714
497 498 1.3571428571428572
498 499 -2.0
499 500 1.3571428571428572
500 501 -1.7857142857142858
501 502 -1.3571428571428572
503 504 0.9285714285714286
503 544 1.7857142857142858
503 560 2.0
503 568 -2.0
505 513 -1.3571428571428572
506 507 0.9285714285714286
506 514 1.3571428571428572
507 514 -0.5714285714285714
507 515 -1.7857142857142858
508 509 1.7857142857142858
508 516 0.9285714285714286
508 517 0.9285714285714286
509 510 1.7857142857142858
509 517 -2.0
509 518 1.7857142857142858
510 511 -2.0
510 518 0.9285714285714286
510 519 2.0
511 519 -0.9285714285714286
511 520 1.7857142857142858
512 513 0.5714285714285714
514 515 1.3571428571428572
515 516 2.0
516 517 -0.9285714285714286
517 518 0.5714285714285714
518 519 1.3571428571428572
519 520 0.9285714285714286
520 527 0.9285714285714286
520 534 -1.7857142857142858
521 522 -2.0
521 529 -0.9285714285714286
522 523 -0.5714285714285714
522 530 -2.0
523 524 0.9285714285714286
523 530 0.5714285714285714
523 531 -2.0
524 525 1.3571428571428572
524 531 2.0
524 532 -2.0
525 526 1.3571428571428572
525 532 1.3571428571428572
525 533 -0.9285714285714286
526 527 -1.3571428571428572
526 533 0.5714285714285714
526 534 -0.9285714285714286
527 528 2.0
527 534 0.9285714285714286
527 535 -0.9285714285714286
528 535 -0.9285714285714286
528 536 1.3571428571428572
528 568 1.3571428571428572
529 530 0.5714285714285714
530 531 1.3571428571428572
531 532 0.5714285714285714
532 533 1.3571428571428572
534 535 -0.9285714285714286
535 536 -0.9285714285714286
535 568 0.5714285714285714
537 538 -0.5714285714285714
537 545 -1.7857142857142858
537 546 -1.3571428571428572
538 539 -1.7857142857142858
538 546 -1.3571428571428572
538 547 0.5714285714285714
539 540 1.7857142857142858
539 547 0.5714285714285714
539 548 0.5714285714285714
540 541 -2.0
540 548 -1.3571428571428572
540 549 0.5714285714285714
541 542 -0.9285714285714286
541 549 -2.0
541 550 1.7857142857142858
542 543 0.5714285714285714
542 550 2.0
542 551 -0.5714285714285714
543 544 0.5714285714285714
543 551 0.9285714285714286
543 552 -2.0
544 552 1.3571428571428572
545 546 0.9285714285714286
546 547 -0.5714285714285714
547 548 2.0
548 549 0.9285714285714286
549 550 2.0
550 551 -2.0
551 552 -2.0
553 561 -2.0
554 555 -1.3571428571428572
554 562 0.9285714285714286
555 556 0.5714285714285714
555 562 1.7857142857142858
555 563 0.9285714285714286
556 557 1.3571428571428572
556 563 2.0
556 564 -0.9285714285714286
557 558 0.5714285714285714
557 564 0.9285714285714286
557 565 -2.0
558 559 0.9285714285714286
558 565 -0.5714285714285714
559 560 1.7857142857142858
559 566 1.7857142857142858
559 567 1.7857142857142858
560 567 -1.3571428571428572
560 568 1.3571428571428572
562 563 1.7857142857142858
563 564 1.3571428571428572
564 565 -0.9285714285714286
565 566 -1.7857142857142858
566 567 0.9285714285714286
