694 2804
1 1 2.357142857142857
2 2 -1.0
3 3 -0.857142857142857
4 4 0.4285714285714286
5 5 4.142857142857143
6 6 -8.214285714285715
7 7 -5.5
8 8 -2.5714285714285716
9 9 1.571428571428571
10 10 -2.0714285714285716
11 11 0.8571428571428572
12 12 6.0
13 13 -0.4285714285714286
14 14 -5.0
15 15 -9.428571428571427
16 16 0.2857142857142858
17 17 -0.6428571428571428
18 18 3.428571428571429
19 19 3.5
20 20 3.428571428571429
21 21 3.4285714285714284
22 22 3.2857142857142856
23 23 -1.9285714285714286
24 24 1.3571428571428572
25 25 -0.5
26 26 0.7142857142857142
27 27 8.071428571428571
28 28 2.357142857142857
29 29 -0.7857142857142856
30 30 -2.2142857142857144
31 31 2.7142857142857144
32 32 1.3571428571428572
33 33 6.642857142857143
34 34 -1.7857142857142858
35 35 5.071428571428571
36 36 2.071428571428571
37 37 5.928571428571429
38 38 -0.642857142857143
39 39 2.071428571428572
40 40 -1.2142857142857144
41 41 2.928571428571429
42 42 0.6428571428571428
43 43 -2.857142857142857
44 44 -2.928571428571429
45 45 1.6428571428571428
46 46 3.3571428571428577
47 47 2.0
48 48 1.2142857142857142
49 49 0.6428571428571428
50 50 -1.2142857142857146
51 51 -4.7857142857142865
53 53 3.6428571428571432
54 54 -0.7142857142857142
55 55 3.714285714285714
56 56 -3.3571428571428577
57 57 -2.5
58 58 -5.071428571428571
59 59 6.785714285714286
60 60 -4.7857142857142865
61 61 1.0714285714285712
62 62 0.6428571428571428
63 63 1.2142857142857142
64 64 -4.857142857142857
65 65 0.0714285714285714
66 66 -0.35714285714285743
67 67 8.857142857142858
68 68 -0.07142857142857162
69 69 2.6428571428571432
70 70 0.7142857142857144
71 71 6.0
72 72 -2.5
73 73 -5.428571428571429
74 74 -3.2857142857142856
75 75 0.5714285714285712
76 76 2.1428571428571423
77 77 -3.5
78 78 5.571428571428571
79 79 7.071428571428571
80 80 1.4285714285714286
81 81 -0.4285714285714286
82 82 -6.857142857142858
83 83 -0.4285714285714286
84 84 1.7142857142857142
85 85 -0.3571428571428572
86 86 3.2857142857142856
87 87 2.7142857142857144
88 88 5.428571428571429
89 89 -2.5
90 90 -0.7857142857142856
91 91 -7.571428571428571
92 92 -3.4285714285714293
93 93 -3.7857142857142856
94 94 -3.7857142857142856
95 95 -0.9285714285714288
96 96 -1.7142857142857144
97 97 3.7142857142857144
98 98 2.357142857142857
99 99 -0.35714285714285676
100 100 1.1428571428571428
101 101 -1.0000000000000002
102 102 -5.428571428571429
103 103 -1.7857142857142858
104 104 -0.6428571428571428
105 105 1.0
106 106 -0.4285714285714286
107 107 5.5
108 108 1.5
109 109 2.5
110 110 -4.214285714285714
111 111 -1.2142857142857144
112 112 0.0714285714285714
113 113 -5.214285714285715
114 114 -2.357142857142857
115 115 0.6428571428571428
116 116 -1.5714285714285714
117 117 -3.428571428571429
118 118 1.0
119 119 -1.2142857142857144
120 120 0.642857142857143
121 121 -3.571428571428571
122 122 4.285714285714286
123 123 1.2857142857142858
124 124 -1.6428571428571428
125 125 -5.785714285714286
126 126 -1.5714285714285714
127 127 2.928571428571429
128 128 -1.0714285714285714
129 129 1.2142857142857144
130 130 -0.0714285714285714
131 131 -2.2857142857142856
132 132 1.2857142857142858
133 133 3.642857142857143
134 134 0.5714285714285712
135 135 1.0714285714285712
136 136 3.2142857142857144
137 137 -3.1428571428571432
138 138 -4.714285714285714
139 139 2.571428571428572
140 140 4.142857142857142
141 141 -1.2857142857142856
142 142 -1.8571428571428572
143 143 0.7857142857142858
144 144 5.5
145 145 -0.4999999999999998
146 146 -1.0000000000000002
147 147 -2.6428571428571423
148 148 -2.3571428571428577
149 149 2.5
150 150 2.8571428571428568
151 151 7.0
152 152 1.9285714285714284
153 153 -2.9285714285714284
154 154 -2.500000000000001
155 155 0.7857142857142854
156 156 -3.6428571428571432
157 157 2.220446049250313e-16
158 158 0.2142857142857142
159 159 7.142857142857143
160 160 -3.0
161 161 1.8571428571428568
162 162 -2.428571428571429
163 163 -0.8571428571428568
164 164 2.7142857142857144
165 165 0.14285714285714302
166 166 -3.000000000000001
167 167 2.4999999999999996
168 168 -1.4285714285714286
169 169 -2.571428571428572
170 170 1.5000000000000002
171 171 0.1428571428571428
172 172 -2.7857142857142856
173 173 9.428571428571429
174 174 3.2142857142857144
175 175 1.3571428571428572
176 176 -3.1428571428571423
177 177 3.1428571428571423
178 178 -0.2857142857142856
179 179 7.2142857142857135
180 180 -1.9285714285714284
181 181 -5.928571428571429
182 182 -6.2857142857142865
183 183 -0.9285714285714286
184 184 -2.142857142857143
185 185 -2.5714285714285716
186 186 -5.214285714285714
187 187 6.214285714285714
188 188 -1.4999999999999998
189 189 0.3571428571428572
190 190 -2.7857142857142856
191 191 4.7142857142857135
192 192 -0.2857142857142858
193 193 0.8571428571428572
194 194 -1.5
195 195 1.5714285714285714
196 196 3.071428571428571
197 197 -1.4999999999999998
198 198 8.881784197001252e-16
199 199 0.2857142857142856
200 200 -0.2857142857142856
201 201 2.0000000000000004
202 202 1.3571428571428572
203 203 2.4285714285714284
204 204 3.0
205 205 -0.4285714285714284
206 206 -3.428571428571429
207 207 0.5
208 208 -1.0
209 209 -6.5
210 210 -2.7857142857142865
211 211 3.642857142857143
212 212 7.7142857142857135
213 213 3.7142857142857144
214 214 3.714285714285714
215 215 0.5
216 216 3.6428571428571432
217 217 2.642857142857143
218 218 7.071428571428571
219 219 2.428571428571429
220 220 -0.0714285714285714
221 221 -0.7142857142857144
222 222 -0.8571428571428574
223 223 -2.214285714285714
224 224 -4.7142857142857135
225 225 0.928571428571429
226 226 0.7142857142857144
227 227 4.642857142857143
228 228 -6.142857142857142
229 229 0.0714285714285714
230 230 -4.714285714285714
231 231 -5.785714285714285
232 232 -1.0000000000000002
233 233 3.1428571428571432
234 234 -6.071428571428571
235 235 -6.642857142857143
236 236 -4.285714285714286
237 237 3.428571428571429
238 238 4.7857142857142865
239 239 -0.7857142857142851
240 240 1.6428571428571428
241 241 5.857142857142858
242 242 -3.999999999999999
243 243 -6.214285714285714
245 245 -6.5
246 246 -0.4285714285714286
247 247 -1.1428571428571426
248 248 1.9999999999999998
249 249 2.8571428571428568
250 250 -3.0000000000000004
251 251 7.928571428571429
252 252 2.7142857142857144
253 253 4.928571428571429
254 254 4.642857142857142
255 255 -1.7142857142857142
256 256 -3.357142857142857
257 257 6.642857142857144
258 258 -1.6428571428571426
259 259 3.928571428571429
260 260 2.357142857142857
261 261 2.142857142857143
262 262 -3.3571428571428577
263 263 -2.357142857142857
264 264 -12.214285714285715
265 265 -1.4285714285714288
266 266 -0.2142857142857144
267 267 4.7142857142857135
268 268 -1.8571428571428572
269 269 1.0000000000000004
270 270 1.7142857142857144
271 271 4.571428571428571
272 272 6.500000000000001
273 273 -0.0714285714285714
274 274 -4.2857142857142865
275 275 -3.5
276 276 -1.2142857142857144
277 277 -3.1428571428571432
278 278 4.5
279 279 4.285714285714286
280 280 -3.428571428571429
281 281 -2.4285714285714284
282 282 3.5
283 283 6.142857142857144
284 284 0.35714285714285765
285 285 1.642857142857143
286 286 -1.5000000000000002
287 287 -0.28571428571428625
288 288 -3.357142857142857
289 289 -0.7142857142857149
290 290 3.785714285714286
291 291 0.0714285714285714
292 292 -2.7142857142857144
293 293 1.2857142857142858
294 294 -5.214285714285714
295 295 9.785714285714285
296 296 1.4285714285714282
297 297 0.0714285714285714
298 298 2.8571428571428568
299 299 -8.5
300 300 4.5
301 301 -0.8571428571428568
302 302 0.2142857142857142
303 303 -6.2857142857142865
304 304 -8.0
305 305 -0.8571428571428568
306 306 -4.0
307 307 -2.1428571428571432
308 308 4.642857142857143
309 309 6.357142857142858
310 310 -0.0714285714285714
311 311 -3.7857142857142856
312 312 -0.5
313 313 -3.000000000000001
314 314 -7.5
315 315 4.0
316 316 -0.8571428571428572
317 317 2.357142857142857
318 318 -0.4285714285714286
319 319 -0.4285714285714288
320 320 0.5714285714285712
321 321 8.071428571428571
322 322 8.142857142857142
323 323 -0.28571428571428537
324 324 0.35714285714285676
325 325 4.285714285714286
326 326 -3.428571428571429
327 327 0.6428571428571428
328 328 -1.9285714285714286
329 329 1.714285714285715
330 330 2.4285714285714284
331 331 -4.857142857142858
332 332 1.0
333 333 -9.214285714285714
334 334 -0.7142857142857142
335 335 3.7857142857142856
336 336 4.071428571428571
337 337 4.571428571428571
338 338 1.7857142857142858
339 339 0.8571428571428577
340 340 -1.2857142857142858
341 341 -4.214285714285714
342 342 -2.7857142857142856
343 343 -1.5
344 344 -3.7142857142857144
345 345 1.2857142857142854
346 346 -0.7142857142857144
347 347 -3.5714285714285716
348 348 -8.785714285714286
349 349 -0.2857142857142858
350 350 -4.357142857142858
351 351 2.0
352 352 1.0714285714285714
353 353 1.714285714285715
354 354 0.2142857142857144
355 355 -0.5
356 356 3.0
357 357 -2.6428571428571432
358 358 -1.4285714285714293
359 359 -4.0
360 360 2.071428571428572
361 361 -2.7142857142857144
362 362 -2.428571428571428
363 363 -0.4285714285714286
364 364 -6.571428571428571
365 365 -5.571428571428571
366 366 2.8571428571428568
367 367 -1.4285714285714286
368 368 -8.0
369 369 -2.7857142857142856
370 370 1.0714285714285714
371 371 5.857142857142858
372 372 -0.6428571428571432
373 373 8.071428571428571
374 374 1.357142857142857
375 375 1.9285714285714284
376 376 -2.0
377 377 5.5
378 378 -1.8571428571428572
379 379 0.2857142857142856
380 380 2.1428571428571423
381 381 -1.8571428571428574
382 382 -1.2857142857142858
383 383 1.1428571428571432
384 384 -2.428571428571429
385 385 0.7857142857142856
386 386 -1.3571428571428572
387 387 -2.7142857142857144
389 389 -1.9285714285714286
390 390 3.0714285714285716
391 391 -2.928571428571429
392 392 -0.9285714285714286
393 393 -2.928571428571429
394 394 -3.2142857142857135
395 395 -3.9285714285714297
396 396 1.1428571428571428
397 397 -8.0
398 398 -3.142857142857143
399 399 -1.7142857142857144
400 400 -2.3571428571428568
401 401 2.928571428571429
402 402 3.1428571428571432
403 403 0.0714285714285714
404 404 2.928571428571429
405 405 2.428571428571429
406 406 6.2857142857142865
407 407 -2.428571428571428
408 408 2.285714285714286
409 409 1.9285714285714286
410 410 5.928571428571429
411 411 3.5714285714285716
412 412 2.214285714285714
413 413 2.2142857142857144
414 414 -3.071428571428571
415 415 -0.7857142857142856
416 416 2.928571428571429
417 417 5.357142857142858
418 418 -1.5714285714285716
419 419 4.500000000000001
420 420 -0.07142857142857162
421 421 2.928571428571428
422 422 9.714285714285715
423 423 -0.857142857142857
424 424 0.5
425 425 -1.142857142857143
426 426 7.142857142857142
427 427 0.49999999999999956
428 428 -0.14285714285714324
429 429 0.2857142857142856
430 430 4.142857142857143
431 431 1.4285714285714284
432 432 7.571428571428571
433 433 1.9285714285714286
434 434 5.142857142857143
435 435 3.8571428571428568
436 436 -1.9285714285714288
437 437 3.7142857142857144
438 438 -1.0000000000000002
439 439 -3.785714285714285
440 440 4.071428571428571
441 441 0.785714285714286
442 442 4.357142857142858
443 443 3.6428571428571423
444 444 -0.6428571428571428
445 445 -8.071428571428571
446 446 -0.35714285714285676
447 447 -1.5
448 448 4.428571428571429
449 449 6.2142857142857135
450 450 2.2142857142857144
451 451 1.7857142857142856
452 452 -2.5
453 453 -1.8571428571428572
454 454 -1.1428571428571432
455 455 4.571428571428571
456 456 2.2857142857142856
457 457 6.7857142857142865
458 458 4.642857142857143
459 459 -5.857142857142858
460 460 -5.642857142857142
461 461 0.7857142857142856
462 462 1.5000000000000002
463 463 -1.0000000000000002
464 464 -6.071428571428571
465 465 -0.7142857142857144
466 466 -1.3571428571428574
467 467 -5.285714285714286
468 468 1.9285714285714288
469 469 1.2142857142857144
470 470 -2.7142857142857144
471 471 6.285714285714286
472 472 2.0
473 473 -4.642857142857142
474 474 -5.357142857142858
475 475 -6.571428571428571
476 476 -0.0714285714285714
477 477 -5.928571428571428
478 478 0.5714285714285716
479 479 4.642857142857142
480 480 1.642857142857143
481 481 7.428571428571429
482 482 5.571428571428571
483 483 -2.2142857142857144
484 484 -4.214285714285714
485 485 0.2142857142857144
487 487 -1.428571428571429
488 488 4.714285714285714
489 489 -1.0
490 490 0.4999999999999998
491 491 2.428571428571429
492 492 5.928571428571429
493 493 -9.214285714285714
494 494 2.6428571428571423
495 495 -6.357142857142857
496 496 0.5714285714285716
497 497 5.0
498 498 3.2142857142857144
499 499 0.4285714285714286
500 500 5.000000000000001
501 501 7.214285714285714
502 502 -1.2857142857142858
503 503 -5.428571428571429
504 504 -4.285714285714286
505 505 1.4285714285714288
506 506 -0.14285714285714257
507 507 -5.571428571428571
508 508 -1.0714285714285714
509 509 1.2142857142857144
510 510 -2.999999999999999
511 511 -1.7857142857142854
512 512 -2.8571428571428568
513 513 0.8571428571428572
514 514 -2.357142857142857
515 515 2.2142857142857144
516 516 -0.5714285714285714
517 517 1.3571428571428572
518 518 0.7142857142857146
519 519 0.785714285714286
520 520 1.2857142857142863
521 521 -5.285714285714286
522 522 1.9999999999999998
523 523 7.2857142857142865
524 524 0.4285714285714286
525 525 4.642857142857143
526 526 -1.4999999999999998
527 527 0.2857142857142858
528 528 2.714285714285716
529 529 -3.357142857142857
530 530 1.5714285714285707
531 531 -4.928571428571429
532 532 3.4999999999999996
533 533 2.428571428571429
534 534 1.4285714285714288
535 535 -1.0714285714285714
536 536 -0.642857142857143
537 537 0.6428571428571423
538 538 -0.5000000000000002
539 539 0.2857142857142856
540 540 0.9285714285714286
541 541 -2.5
542 542 0.5
543 543 -3.428571428571429
544 544 -3.3571428571428577
545 545 -8.0
546 546 5.0
547 547 0.9285714285714277
548 548 -4.571428571428571
549 549 -0.0714285714285714
550 550 -1.7142857142857142
551 551 3.7857142857142856
552 552 -4.571428571428572
553 553 -5.428571428571429
554 554 5.357142857142857
555 555 -2.2857142857142856
556 556 2.357142857142857
557 557 0.3571428571428572
558 558 4.214285714285714
559 559 -1.5714285714285712
560 560 3.2142857142857144
561 561 -2.714285714285714
562 562 4.142857142857142
563 563 0.9285714285714286
564 564 5.357142857142858
565 565 -3.1428571428571432
566 566 -0.8571428571428572
567 567 -2.2857142857142856
568 568 -5.214285714285714
569 569 0.5714285714285714
570 570 -0.6428571428571428
571 571 1.0714285714285714
572 572 1.0714285714285712
573 573 -6.285714285714286
574 574 3.571428571428572
575 575 -1.142857142857143
576 576 2.428571428571429
577 577 0.4285714285714284
578 578 -0.2857142857142856
579 579 1.4285714285714288
580 580 1.5
581 581 -2.6428571428571423
582 582 1.1428571428571428
583 583 -0.0714285714285714
584 584 1.2142857142857149
585 585 -3.5000000000000004
586 586 -0.642857142857143
587 587 -0.357142857142857
588 588 -3.071428571428571
589 589 -0.2857142857142856
590 590 4.357142857142857
591 591 7.642857142857143
592 592 4.928571428571429
593 593 -1.2857142857142847
594 594 1.7857142857142858
595 595 -5.714285714285715
596 596 -2.428571428571429
597 597 6.071428571428571
598 598 3.7857142857142847
599 599 -3.571428571428571
600 600 4.071428571428571
601 601 -0.6428571428571423
602 602 1.1428571428571435
603 603 -1.8571428571428572
604 604 -7.571428571428571
605 605 5.571428571428571
606 606 2.7857142857142856
607 607 3.928571428571429
608 608 1.8571428571428574
609 609 5.7857142857142865
610 610 2.928571428571429
611 611 2.285714285714286
612 612 4.428571428571429
613 613 0.7857142857142856
614 614 -2.5714285714285716
615 615 7.642857142857142
616 616 1.5
617 617 0.0714285714285714
619 619 -1.9285714285714286
620 620 -3.357142857142857
621 621 4.0
622 622 1.8571428571428572
623 623 -0.9285714285714286
624 624 0.8571428571428572
625 625 -4.857142857142858
626 626 5.428571428571429
627 627 8.0
628 628 2.8571428571428577
629 629 -3.0
630 630 -5.2857142857142865
631 631 1.5000000000000002
632 632 1.7142857142857144
633 633 0.7142857142857144
634 634 5.428571428571429
635 635 -0.8571428571428572
636 636 0.4285714285714286
637 637 -2.7857142857142856
638 638 -8.0
639 639 -0.7857142857142858
640 640 -1.642857142857143
641 641 0.642857142857143
642 642 3.428571428571429
643 643 2.0
644 644 3.6428571428571432
645 645 0.7857142857142854
646 646 3.0714285714285716
647 647 -4.357142857142858
648 648 -2.5
649 649 4.285714285714286
650 650 2.6428571428571432
651 651 -2.1428571428571432
652 652 -1.8571428571428572
653 653 2.6428571428571432
654 654 -2.428571428571429
655 655 -0.6428571428571428
656 656 0.5714285714285714
657 657 -3.2857142857142856
658 658 3.357142857142857
659 659 3.0
660 660 -0.14285714285714302
661 661 -1.428571428571429
662 662 1.9285714285714286
663 663 -0.6428571428571432
664 664 1.0714285714285714
665 665 -4.571428571428572
666 666 -1.3571428571428568
667 667 2.071428571428571
668 668 -0.9285714285714286
669 669 5.285714285714286
670 670 5.571428571428572
671 671 2.7857142857142856
672 672 -1.2857142857142856
673 673 -0.42857142857142905
674 674 4.142857142857143
675 675 2.7857142857142856
676 676 9.428571428571427
677 677 3.5000000000000004
678 678 -0.7857142857142858
679 679 1.7857142857142856
680 680 2.928571428571429
681 681 -4.285714285714286
682 682 -3.2142857142857144
683 683 -4.785714285714286
684 684 -2.7142857142857144
685 685 3.5714285714285716
686 686 4.571428571428571
687 687 -1.1428571428571428
688 688 -5.928571428571428
689 689 0.3571428571428572
690 690 -1.4285714285714284
691 691 -1.0
692 692 -8.5
693 693 -3.928571428571429
694 694 2.7857142857142856
1 2 -0.5714285714285714
1 10 0.9285714285714286
1 23 -0.9285714285714286
1 31 -1.3571428571428572
1 53 -1.7857142857142858
1 62 1.3571428571428572
2 3 2.0
2 10 0.9285714285714286
2 11 -1.7857142857142858
2 89 0.5714285714285714
2 97 -0.5714285714285714
2 118 -1.3571428571428572
2 123 1.7857142857142858
3 11 0.9285714285714286
3 151 -1.7857142857142858
3 157 0.9285714285714286
3 179 -1.7857142857142858
3 186 0.5714285714285714
4 5 -1.7857142857142858
4 273 0.9285714285714286
4 281 -0.9285714285714286
4 307 1.3571428571428572
5 6 1.7857142857142858
5 342 -0.5714285714285714
5 351 -1.7857142857142858
5 378 -1.7857142857142858
6 7 1.7857142857142858
6 13 2.0
6 407 -1.3571428571428572
6 415 2.0
6 437 2.0
7 8 2.0
7 13 -0.5714285714285714
7 14 0.9285714285714286
7 469 -0.9285714285714286
7 504 0.9285714285714286
7 514 1.3571428571428572
8 9 1.7857142857142858
8 14 1.3571428571428572
8 15 0.5714285714285714
8 542 -2.0
8 551 -1.7857142857142858
8 578 2.0
8 586 -1.3571428571428572
9 15 1.3571428571428572
9 16 0.5714285714285714
9 613 -2.0
9 623 -1.7857142857142858
9 651 -0.5714285714285714
9 659 -0.9285714285714286
10 11 -0.5714285714285714
10 53 -0.5714285714285714
10 62 0.5714285714285714
10 89 1.3571428571428572
10 97 -0.5714285714285714
11 12 -1.7857142857142858
11 118 1.3571428571428572
11 123 0.5714285714285714
11 151 -0.9285714285714286
11 157 1.3571428571428572
12 179 -2.0
12 186 0.9285714285714286
12 208 -1.7857142857142858
12 215 -1.3571428571428572
13 14 -0.5714285714285714
13 437 -1.7857142857142858
13 469 1.3571428571428572
14 15 1.3571428571428572
14 504 1.7857142857142858
14 514 -0.9285714285714286
14 542 -0.9285714285714286
14 551 2.0
15 16 0.5714285714285714
15 578 2.0
15 586 1.7857142857142858
15 613 1.7857142857142858
16 651 0.5714285714285714
16 659 -0.5714285714285714
16 685 -2.0
16 693 0.5714285714285714
17 18 -0.9285714285714286
17 25 1.3571428571428572
17 125 2.0
17 159 -1.7857142857142858
18 19 0.5714285714285714
18 25 -0.9285714285714286
18 26 -0.9285714285714286
18 188 0.5714285714285714
18 216 -1.7857142857142858
19 26 -0.5714285714285714
19 27 -0.5714285714285714
19 248 -2.0
19 283 -0.9285714285714286
20 27 -2.0
20 28 0.5714285714285714
20 353 -2.0
21 22 -2.0
21 29 -1.7857142857142858
21 445 0.9285714285714286
21 479 -0.5714285714285714
22 29 2.0
22 30 -0.9285714285714286
22 516 -1.7857142857142858
22 553 -0.5714285714285714
23 24 -0.9285714285714286
23 31 1.7857142857142858
23 661 2.0
24 31 -1.7857142857142858
24 32 1.3571428571428572
25 26 0.9285714285714286
25 159 -1.7857142857142858
25 188 0.9285714285714286
26 27 -0.5714285714285714
26 216 -0.9285714285714286
26 248 1.3571428571428572
27 28 -2.0
27 283 -2.0
27 316 -0.9285714285714286
28 353 -0.9285714285714286
29 30 1.3571428571428572
29 479 -1.3571428571428572
29 516 0.5714285714285714
30 553 1.7857142857142858
31 32 -1.3571428571428572
32 38 -1.7857142857142858
32 54 1.3571428571428572
32 62 -0.9285714285714286
33 39 -0.9285714285714286
33 40 -2.0
33 157 -1.7857142857142858
33 180 -1.3571428571428572
33 186 -0.5714285714285714
34 35 -0.5714285714285714
34 41 2.0
34 281 0.9285714285714286
34 308 -0.5714285714285714
35 41 -2.0
35 42 -2.0
35 343 0.5714285714285714
35 351 0.9285714285714286
35 379 -2.0
36 37 -0.9285714285714286
36 43 -0.5714285714285714
36 44 1.7857142857142858
36 470 -2.0
36 505 0.5714285714285714
36 514 -0.9285714285714286
37 44 -1.7857142857142858
37 543 -0.9285714285714286
37 551 -0.9285714285714286
37 579 -1.3571428571428572
38 39 2.0
38 54 -1.3571428571428572
38 62 0.5714285714285714
38 90 1.7857142857142858
38 97 -0.5714285714285714
39 40 -1.7857142857142858
39 119 -1.3571428571428572
39 123 -0.9285714285714286
39 157 0.9285714285714286
40 180 1.3571428571428572
40 186 1.3571428571428572
40 209 1.3571428571428572
40 215 0.9285714285714286
41 42 -2.0
41 308 -0.9285714285714286
41 343 -2.0
41 351 2.0
42 43 2.0
42 379 0.9285714285714286
42 408 -0.9285714285714286
42 415 1.3571428571428572
43 44 -0.5714285714285714
43 470 2.0
44 505 -0.5714285714285714
44 514 1.3571428571428572
44 543 1.7857142857142858
44 551 0.9285714285714286
45 652 -1.3571428571428572
45 659 -0.9285714285714286
45 686 -1.3571428571428572
45 693 2.0
46 55 -2.0
46 135 -1.3571428571428572
46 159 -1.7857142857142858
46 166 1.7857142857142858
47 48 -0.9285714285714286
47 56 0.9285714285714286
47 248 0.9285714285714286
47 257 -2.0
47 283 -0.9285714285714286
48 49 -1.3571428571428572
48 56 2.0
48 57 -0.9285714285714286
48 316 1.3571428571428572
48 353 -1.3571428571428572
49 50 -0.5714285714285714
49 57 -0.5714285714285714
49 58 0.9285714285714286
49 424 0.9285714285714286
50 51 1.7857142857142858
50 58 0.9285714285714286
50 59 -2.0
50 445 2.0
50 452 -1.3571428571428572
50 479 -1.3571428571428572
50 488 1.7857142857142858
51 52 1.7857142857142858
51 59 -2.0
51 60 0.9285714285714286
51 516 -2.0
51 525 1.3571428571428572
51 553 2.0
51 561 0.9285714285714286
52 53 -1.7857142857142858
52 60 -0.5714285714285714
52 61 0.5714285714285714
52 595 2.0
52 634 -2.0
53 54 -1.7857142857142858
53 61 1.3571428571428572
53 62 0.5714285714285714
53 661 0.9285714285714286
53 669 -0.5714285714285714
54 62 0.5714285714285714
54 63 1.3571428571428572
54 72 0.5714285714285714
55 159 -0.5714285714285714
55 166 -2.0
55 188 1.7857142857142858
55 195 -0.9285714285714286
56 283 -1.3571428571428572
56 316 1.7857142857142858
57 58 2.0
57 353 2.0
58 59 -0.5714285714285714
58 424 0.5714285714285714
58 445 1.7857142857142858
58 452 -0.5714285714285714
59 60 0.9285714285714286
59 479 -1.3571428571428572
59 488 -1.7857142857142858
59 516 2.0
59 525 -2.0
60 61 0.9285714285714286
60 553 1.7857142857142858
60 561 1.3571428571428572
60 595 -0.5714285714285714
61 62 -1.3571428571428572
61 634 -2.0
61 661 -0.5714285714285714
62 63 -2.0
63 72 -1.3571428571428572
63 98 -0.5714285714285714
63 105 1.3571428571428572
64 65 1.3571428571428572
64 72 0.5714285714285714
64 73 0.9285714285714286
64 90 -1.3571428571428572
64 119 1.3571428571428572
64 124 2.0
65 66 -1.7857142857142858
65 73 0.9285714285714286
65 158 -0.5714285714285714
65 180 1.3571428571428572
65 187 -1.3571428571428572
66 67 -1.3571428571428572
66 74 0.5714285714285714
66 209 2.0
66 247 0.9285714285714286
67 68 -1.3571428571428572
67 74 -0.9285714285714286
67 75 -0.9285714285714286
67 282 -0.9285714285714286
67 308 -1.3571428571428572
67 315 -2.0
68 69 0.5714285714285714
68 75 -1.3571428571428572
68 76 -2.0
68 343 2.0
68 352 -0.9285714285714286
68 379 1.3571428571428572
68 387 1.7857142857142858
69 76 -2.0
69 77 1.3571428571428572
69 408 0.5714285714285714
69 416 -1.7857142857142858
69 444 -1.3571428571428572
70 71 -1.7857142857142858
70 78 -0.9285714285714286
70 79 -1.7857142857142858
70 543 2.0
70 552 1.7857142857142858
70 579 -1.3571428571428572
70 587 1.3571428571428572
71 79 -2.0
71 80 -2.0
71 614 -0.5714285714285714
71 624 0.5714285714285714
71 652 1.7857142857142858
71 660 -2.0
72 73 0.9285714285714286
72 90 1.7857142857142858
73 119 1.7857142857142858
73 124 -0.9285714285714286
73 158 1.7857142857142858
74 75 1.3571428571428572
74 247 0.9285714285714286
74 282 1.3571428571428572
75 76 -0.5714285714285714
75 308 -1.7857142857142858
75 315 0.9285714285714286
75 352 1.7857142857142858
76 77 0.5714285714285714
76 379 0.9285714285714286
76 387 0.9285714285714286
76 408 -1.7857142857142858
76 416 1.7857142857142858
77 78 -1.7857142857142858
77 444 2.0
77 470 1.3571428571428572
78 79 -1.7857142857142858
78 505 0.5714285714285714
78 515 -2.0
78 543 -0.5714285714285714
78 552 0.9285714285714286
79 80 2.0
79 579 -0.9285714285714286
79 587 0.5714285714285714
79 614 -1.3571428571428572
79 624 -1.7857142857142858
80 652 -1.7857142857142858
80 660 1.7857142857142858
80 686 0.5714285714285714
80 694 -2.0
81 82 -0.5714285714285714
81 91 1.7857142857142858
81 126 -1.7857142857142858
81 135 -0.9285714285714286
81 160 0.5714285714285714
81 166 1.3571428571428572
82 83 0.9285714285714286
82 91 2.0
82 92 0.9285714285714286
82 195 1.7857142857142858
82 222 1.7857142857142858
83 84 -1.7857142857142858
83 92 1.7857142857142858
83 93 1.3571428571428572
83 249 -0.9285714285714286
83 257 -0.9285714285714286
84 85 2.0
84 93 -0.9285714285714286
84 94 1.3571428571428572
84 317 -0.5714285714285714
84 354 -1.7857142857142858
85 86 -0.5714285714285714
85 388 0.9285714285714286
85 424 -2.0
86 87 -0.9285714285714286
86 95 0.9285714285714286
86 446 -1.7857142857142858
86 452 1.3571428571428572
86 480 -1.3571428571428572
86 488 -0.9285714285714286
87 88 -2.0
87 95 2.0
87 525 -1.7857142857142858
87 554 -2.0
87 561 2.0
88 89 -2.0
88 96 2.0
88 588 -1.7857142857142858
88 595 0.9285714285714286
88 625 -0.5714285714285714
88 634 -2.0
89 90 0.5714285714285714
89 96 2.0
89 97 2.0
89 669 -2.0
90 97 -2.0
91 92 0.9285714285714286
91 160 0.5714285714285714
91 166 0.9285714285714286
91 195 1.3571428571428572
92 93 -1.3571428571428572
92 222 1.7857142857142858
92 249 1.3571428571428572
92 257 -2.0
93 94 2.0
93 284 0.9285714285714286
93 317 1.7857142857142858
94 354 1.3571428571428572
94 388 -0.9285714285714286
95 480 1.3571428571428572
95 488 -1.3571428571428572
95 525 -2.0
96 97 -2.0
96 625 0.9285714285714286
96 634 0.5714285714285714
96 669 -1.7857142857142858
98 105 -1.7857142857142858
99 100 2.0
99 106 1.7857142857142858
99 107 0.5714285714285714
99 158 -2.0
99 187 -2.0
100 101 0.9285714285714286
100 107 -1.3571428571428572
100 108 -0.9285714285714286
100 247 -1.7857142857142858
101 102 1.7857142857142858
101 108 2.0
101 109 -1.3571428571428572
101 282 -0.5714285714285714
101 315 -1.7857142857142858
102 109 1.3571428571428572
102 352 1.3571428571428572
102 387 0.9285714285714286
103 104 0.5714285714285714
103 110 1.7857142857142858
103 515 -0.5714285714285714
104 110 0.9285714285714286
104 552 0.9285714285714286
104 587 -1.7857142857142858
105 106 -0.5714285714285714
106 107 -1.3571428571428572
106 124 0.5714285714285714
107 108 -2.0
107 187 -1.3571428571428572
108 109 -0.5714285714285714
108 247 2.0
108 282 -2.0
109 315 -0.5714285714285714
109 352 -1.3571428571428572
110 515 0.5714285714285714
110 552 0.9285714285714286
111 660 -0.5714285714285714
111 694 1.7857142857142858
112 113 0.9285714285714286
112 126 -0.5714285714285714
112 136 -1.7857142857142858
112 167 1.3571428571428572
113 114 1.3571428571428572
113 196 0.9285714285714286
113 223 2.0
114 120 0.5714285714285714
114 249 -1.3571428571428572
114 258 -1.7857142857142858
114 284 1.7857142857142858
114 291 1.7857142857142858
115 116 0.9285714285714286
115 121 2.0
115 446 -1.7857142857142858
115 453 -1.3571428571428572
115 480 0.9285714285714286
115 489 -1.3571428571428572
116 117 2.0
116 526 1.3571428571428572
116 554 -1.7857142857142858
116 562 -0.9285714285714286
117 118 -2.0
117 122 -2.0
117 588 1.3571428571428572
117 596 1.7857142857142858
117 625 1.3571428571428572
117 635 0.9285714285714286
118 119 0.5714285714285714
118 122 1.7857142857142858
118 123 -1.3571428571428572
119 123 -0.5714285714285714
119 124 -0.5714285714285714
120 284 0.5714285714285714
120 291 0.5714285714285714
120 317 -1.7857142857142858
120 326 -0.5714285714285714
121 480 -1.7857142857142858
121 489 1.3571428571428572
121 526 2.0
122 123 -1.3571428571428572
122 625 -1.7857142857142858
122 635 -0.9285714285714286
123 124 0.5714285714285714
125 126 2.0
125 135 1.7857142857142858
126 127 0.5714285714285714
126 136 1.3571428571428572
127 128 -0.9285714285714286
127 136 -1.7857142857142858
127 137 1.7857142857142858
127 144 -0.5714285714285714
127 175 -2.0
128 129 2.0
128 138 -0.9285714285714286
128 231 0.9285714285714286
129 130 0.9285714285714286
129 138 0.5714285714285714
129 139 -1.7857142857142858
129 266 -0.9285714285714286
129 300 -2.0
130 131 -1.7857142857142858
130 139 1.7857142857142858
130 140 -1.7857142857142858
130 370 0.9285714285714286
131 132 0.9285714285714286
131 141 0.5714285714285714
131 400 2.0
131 430 0.5714285714285714
132 133 -1.3571428571428572
132 141 0.5714285714285714
132 462 -2.0
132 496 0.5714285714285714
133 134 2.0
133 142 -2.0
133 535 -1.3571428571428572
133 571 -0.9285714285714286
134 142 1.3571428571428572
134 143 -1.3571428571428572
134 605 -0.5714285714285714
134 643 -2.0
135 136 -0.5714285714285714
136 137 1.3571428571428572
136 144 -1.7857142857142858
137 138 1.3571428571428572
137 175 -1.3571428571428572
138 139 0.5714285714285714
138 231 1.3571428571428572
138 266 1.7857142857142858
139 140 -1.7857142857142858
139 300 -1.3571428571428572
140 141 2.0
140 370 -2.0
140 400 -0.5714285714285714
141 430 -0.9285714285714286
141 462 -0.9285714285714286
142 143 0.5714285714285714
142 571 1.3571428571428572
142 605 0.5714285714285714
143 643 -1.3571428571428572
143 678 1.3571428571428572
144 145 -0.9285714285714286
144 152 0.9285714285714286
144 161 -1.3571428571428572
144 167 -1.7857142857142858
145 146 2.0
145 152 -0.5714285714285714
145 153 1.3571428571428572
145 196 -0.5714285714285714
145 217 -1.3571428571428572
145 223 0.5714285714285714
146 154 -0.5714285714285714
146 250 1.3571428571428572
146 258 -1.7857142857142858
146 285 2.0
146 291 -2.0
147 154 1.3571428571428572
147 155 -0.5714285714285714
147 318 1.7857142857142858
147 326 2.0
147 355 -0.5714285714285714
147 363 -1.3571428571428572
148 149 -0.5714285714285714
148 453 1.7857142857142858
148 481 0.5714285714285714
148 489 0.5714285714285714
149 150 -0.9285714285714286
149 156 -0.5714285714285714
149 526 0.9285714285714286
149 562 -1.3571428571428572
150 151 -0.9285714285714286
150 156 1.7857142857142858
150 589 0.9285714285714286
150 596 -1.7857142857142858
150 626 -1.3571428571428572
150 635 -0.5714285714285714
151 157 -2.0
151 662 -1.3571428571428572
152 153 0.9285714285714286
152 161 -2.0
152 167 -1.7857142857142858
152 196 0.5714285714285714
153 154 -1.3571428571428572
153 217 -0.9285714285714286
153 250 2.0
153 258 0.9285714285714286
154 155 -2.0
154 285 0.5714285714285714
154 291 0.9285714285714286
154 318 1.7857142857142858
154 326 1.7857142857142858
155 363 1.7857142857142858
156 562 -0.9285714285714286
156 589 1.3571428571428572
156 596 2.0
157 158 0.5714285714285714
159 160 -1.7857142857142858
159 166 0.5714285714285714
160 161 1.7857142857142858
160 166 0.9285714285714286
160 167 0.9285714285714286
161 162 0.9285714285714286
161 167 -2.0
161 168 -0.5714285714285714
161 181 1.3571428571428572
162 168 1.7857142857142858
162 169 0.9285714285714286
162 231 0.5714285714285714
162 239 -1.7857142857142858
163 164 -1.3571428571428572
163 172 2.0
163 462 1.3571428571428572
163 471 -1.7857142857142858
163 496 -1.3571428571428572
163 506 2.0
164 165 -0.5714285714285714
164 173 -1.3571428571428572
164 535 0.5714285714285714
164 544 0.5714285714285714
164 571 -0.5714285714285714
165 173 -1.7857142857142858
165 174 0.5714285714285714
165 615 -0.9285714285714286
165 643 2.0
165 653 0.5714285714285714
166 167 -0.5714285714285714
167 168 1.3571428571428572
168 169 -1.7857142857142858
168 175 -1.3571428571428572
168 181 2.0
169 170 0.9285714285714286
169 231 1.7857142857142858
169 239 1.3571428571428572
169 266 -2.0
169 274 1.3571428571428572
170 171 -0.5714285714285714
170 300 -0.9285714285714286
170 309 -0.9285714285714286
171 172 -0.5714285714285714
171 370 2.0
171 380 -0.5714285714285714
171 400 1.3571428571428572
171 409 -1.7857142857142858
172 430 -2.0
172 462 2.0
172 471 1.3571428571428572
173 174 -1.7857142857142858
173 571 -0.9285714285714286
173 605 -1.7857142857142858
173 615 -1.7857142857142858
174 643 0.5714285714285714
174 653 -2.0
174 678 -0.5714285714285714
175 176 1.3571428571428572
175 181 2.0
176 181 -1.7857142857142858
176 182 1.3571428571428572
176 197 2.0
176 217 -1.7857142857142858
176 224 2.0
177 184 2.0
177 454 -1.3571428571428572
177 481 -2.0
177 490 -1.7857142857142858
178 179 -0.5714285714285714
178 185 0.9285714285714286
178 589 -0.5714285714285714
178 597 -1.7857142857142858
178 626 0.9285714285714286
178 636 1.3571428571428572
179 180 0.9285714285714286
179 185 -0.9285714285714286
179 186 0.9285714285714286
179 662 -2.0
179 670 -1.7857142857142858
180 186 0.5714285714285714
180 187 -0.9285714285714286
181 182 1.7857142857142858
181 197 0.5714285714285714
182 217 1.7857142857142858
182 224 -0.9285714285714286
182 250 1.3571428571428572
182 259 0.9285714285714286
183 355 0.9285714285714286
184 481 -1.7857142857142858
184 490 0.5714285714285714
184 527 1.3571428571428572
185 186 2.0
185 626 -2.0
185 636 1.3571428571428572
185 662 1.7857142857142858
185 670 -0.5714285714285714
186 187 -0.5714285714285714
188 195 -1.7857142857142858
189 190 1.3571428571428572
189 197 -0.5714285714285714
189 198 0.5714285714285714
189 202 -0.9285714285714286
189 232 0.5714285714285714
189 239 -1.3571428571428572
190 191 -0.5714285714285714
190 198 2.0
190 274 2.0
190 309 -2.0
191 192 0.9285714285714286
191 199 -2.0
191 335 -2.0
191 371 -2.0
191 380 0.9285714285714286
192 193 -0.9285714285714286
192 401 -0.9285714285714286
192 409 1.7857142857142858
192 431 -0.5714285714285714
193 463 1.3571428571428572
193 471 -0.9285714285714286
193 497 -0.9285714285714286
193 506 0.5714285714285714
194 200 0.9285714285714286
194 201 0.5714285714285714
194 606 0.5714285714285714
194 644 -0.5714285714285714
195 196 -2.0
196 197 -2.0
197 198 0.5714285714285714
197 202 0.9285714285714286
198 239 -1.3571428571428572
198 274 -1.7857142857142858
199 371 -0.9285714285714286
199 380 -0.9285714285714286
199 401 1.7857142857142858
199 409 1.7857142857142858
200 201 0.5714285714285714
200 606 0.5714285714285714
200 615 -1.7857142857142858
201 644 -1.7857142857142858
201 653 -1.3571428571428572
202 210 -0.9285714285714286
202 218 -1.7857142857142858
202 224 1.3571428571428572
203 204 -0.9285714285714286
203 210 1.3571428571428572
203 211 -2.0
203 251 -1.3571428571428572
203 259 0.9285714285714286
203 286 -1.3571428571428572
203 292 0.9285714285714286
204 205 -0.9285714285714286
204 211 0.9285714285714286
204 212 -2.0
204 319 0.5714285714285714
204 327 1.3571428571428572
204 356 -2.0
205 206 2.0
205 212 -1.7857142857142858
205 389 0.5714285714285714
205 417 0.5714285714285714
206 213 -0.9285714285714286
206 447 0.5714285714285714
206 454 1.7857142857142858
207 208 -0.5714285714285714
207 214 0.9285714285714286
207 590 -1.3571428571428572
207 597 2.0
207 627 -0.9285714285714286
207 636 -0.5714285714285714
208 209 1.7857142857142858
208 214 -0.9285714285714286
208 215 0.5714285714285714
208 663 0.5714285714285714
208 670 1.3571428571428572
209 215 1.3571428571428572
210 211 0.9285714285714286
210 218 2.0
210 224 0.5714285714285714
210 251 -0.5714285714285714
210 259 -0.5714285714285714
211 212 -0.5714285714285714
211 286 0.5714285714285714
211 292 -0.9285714285714286
211 319 -0.5714285714285714
211 327 -2.0
212 356 -2.0
212 389 -1.3571428571428572
213 482 -2.0
213 490 -1.3571428571428572
213 527 0.5714285714285714
214 215 -2.0
214 627 -0.5714285714285714
214 636 -2.0
214 663 1.7857142857142858
214 670 -0.9285714285714286
216 222 -0.9285714285714286
217 218 -1.7857142857142858
217 223 -0.5714285714285714
217 224 2.0
218 219 -1.7857142857142858
218 224 -1.3571428571428572
218 225 0.5714285714285714
218 232 -2.0
218 240 -0.9285714285714286
219 225 1.7857142857142858
219 226 -1.7857142857142858
219 275 -1.7857142857142858
219 301 0.5714285714285714
219 310 0.5714285714285714
220 227 -0.9285714285714286
220 228 2.0
220 401 -0.5714285714285714
220 410 -1.7857142857142858
220 431 1.3571428571428572
221 230 1.7857142857142858
221 606 1.7857142857142858
221 616 -1.7857142857142858
221 644 0.9285714285714286
221 654 -2.0
222 223 -1.7857142857142858
223 224 2.0
224 225 -0.9285714285714286
225 226 -2.0
225 232 -0.5714285714285714
225 240 -1.7857142857142858
225 275 2.0
226 227 1.3571428571428572
226 301 2.0
226 310 -0.9285714285714286
226 335 -1.3571428571428572
226 344 2.0
227 228 0.5714285714285714
227 371 -2.0
227 381 -0.9285714285714286
227 401 -0.9285714285714286
227 410 -1.7857142857142858
228 229 1.7857142857142858
228 431 1.3571428571428572
228 463 -0.9285714285714286
228 472 1.3571428571428572
229 497 -0.9285714285714286
229 507 -0.9285714285714286
229 536 -0.5714285714285714
229 545 0.5714285714285714
230 644 0.9285714285714286
230 654 2.0
231 232 0.5714285714285714
231 239 0.5714285714285714
232 233 1.7857142857142858
232 239 2.0
232 240 -1.3571428571428572
233 234 1.7857142857142858
233 240 0.5714285714285714
233 241 -2.0
233 251 -0.5714285714285714
233 260 -1.3571428571428572
233 286 -2.0
233 293 -1.3571428571428572
234 235 1.7857142857142858
234 241 2.0
234 242 -1.7857142857142858
234 319 -1.3571428571428572
234 328 1.3571428571428572
234 356 0.9285714285714286
234 364 1.3571428571428572
235 236 0.9285714285714286
235 242 -0.5714285714285714
235 243 1.3571428571428572
235 389 0.9285714285714286
235 394 1.7857142857142858
235 417 -1.3571428571428572
235 425 1.7857142857142858
236 237 2.0
236 243 -0.5714285714285714
236 244 1.7857142857142858
236 455 1.3571428571428572
236 482 0.5714285714285714
236 491 -1.7857142857142858
237 238 -1.3571428571428572
237 518 -0.5714285714285714
237 528 -2.0
237 555 -0.5714285714285714
237 564 -0.9285714285714286
238 245 2.0
238 590 -1.3571428571428572
238 598 -1.3571428571428572
238 627 -0.9285714285714286
238 637 -1.7857142857142858
239 240 1.3571428571428572
240 241 -0.9285714285714286
240 251 -0.5714285714285714
240 260 2.0
241 242 -1.3571428571428572
241 286 2.0
241 293 -2.0
241 319 -1.7857142857142858
241 328 -1.7857142857142858
242 243 1.3571428571428572
242 356 0.5714285714285714
242 364 2.0
242 389 1.7857142857142858
242 394 2.0
243 244 1.7857142857142858
243 417 -0.5714285714285714
243 425 0.9285714285714286
243 447 1.3571428571428572
243 455 0.5714285714285714
244 482 -1.7857142857142858
244 491 -1.7857142857142858
245 246 1.3571428571428572
245 627 -1.3571428571428572
245 637 0.9285714285714286
245 663 1.7857142857142858
245 671 1.7857142857142858
246 247 -0.9285714285714286
248 249 -1.3571428571428572
248 257 -0.9285714285714286
249 250 -0.5714285714285714
249 257 -1.3571428571428572
249 258 1.3571428571428572
250 251 -0.9285714285714286
250 258 1.7857142857142858
250 259 -2.0
251 252 -1.3571428571428572
251 259 -2.0
251 260 -0.5714285714285714
252 253 -0.9285714285714286
252 260 0.9285714285714286
252 261 -1.3571428571428572
252 267 -0.5714285714285714
252 275 0.5714285714285714
252 302 1.3571428571428572
252 310 -1.3571428571428572
253 261 -0.9285714285714286
253 262 -0.9285714285714286
253 336 -2.0
253 344 -0.5714285714285714
253 372 1.7857142857142858
253 381 -1.3571428571428572
254 255 -1.7857142857142858
254 263 -0.5714285714285714
254 264 0.9285714285714286
254 464 -0.5714285714285714
254 472 -2.0
254 498 -2.0
254 507 1.3571428571428572
255 256 2.0
255 264 1.3571428571428572
255 265 0.5714285714285714
255 537 -1.3571428571428572
255 545 1.3571428571428572
255 572 -1.3571428571428572
255 580 0.9285714285714286
256 265 1.7857142857142858
256 607 -0.9285714285714286
256 616 2.0
256 645 -0.5714285714285714
256 654 -0.9285714285714286
257 258 0.5714285714285714
258 259 0.5714285714285714
259 260 -1.7857142857142858
260 261 -0.9285714285714286
260 267 -2.0
260 275 1.3571428571428572
261 262 -0.5714285714285714
261 302 -0.9285714285714286
261 310 1.7857142857142858
261 336 -0.5714285714285714
261 344 1.3571428571428572
262 263 0.5714285714285714
262 372 1.7857142857142858
262 381 1.3571428571428572
262 402 0.5714285714285714
262 410 0.5714285714285714
263 264 2.0
263 432 -2.0
263 464 1.7857142857142858
263 472 0.5714285714285714
264 265 2.0
264 498 0.5714285714285714
264 507 1.7857142857142858
264 537 1.7857142857142858
264 545 1.7857142857142858
265 572 -0.9285714285714286
265 580 -1.7857142857142858
265 607 -2.0
265 616 1.7857142857142858
266 274 1.3571428571428572
267 268 0.9285714285714286
267 275 0.9285714285714286
267 276 -2.0
267 293 -2.0
268 269 -1.3571428571428572
268 276 -0.5714285714285714
268 277 1.3571428571428572
268 320 -0.5714285714285714
268 328 0.9285714285714286
268 357 0.5714285714285714
268 364 0.5714285714285714
269 270 2.0
269 277 0.5714285714285714
269 390 -0.9285714285714286
269 394 0.5714285714285714
269 418 -0.9285714285714286
269 425 -0.9285714285714286
270 271 -1.3571428571428572
270 278 -0.5714285714285714
270 455 -1.7857142857142858
270 483 0.5714285714285714
270 491 -0.5714285714285714
271 272 -2.0
271 278 0.5714285714285714
271 279 -1.7857142857142858
271 519 1.3571428571428572
271 528 -0.9285714285714286
271 556 -1.7857142857142858
271 564 1.3571428571428572
272 273 -1.7857142857142858
272 279 0.5714285714285714
272 280 -0.9285714285714286
272 598 0.5714285714285714
272 628 -2.0
272 637 -0.9285714285714286
273 281 1.7857142857142858
273 664 0.9285714285714286
273 671 -1.7857142857142858
274 275 1.3571428571428572
275 276 -0.9285714285714286
276 287 1.7857142857142858
276 293 0.5714285714285714
276 320 1.7857142857142858
276 328 0.5714285714285714
277 357 -0.5714285714285714
277 364 1.7857142857142858
277 390 0.5714285714285714
277 394 -0.5714285714285714
278 279 -2.0
278 483 -0.5714285714285714
278 519 -0.5714285714285714
278 528 -1.3571428571428572
279 280 0.9285714285714286
279 556 1.7857142857142858
279 564 -1.7857142857142858
279 598 -2.0
280 281 2.0
280 628 -2.0
280 637 2.0
280 664 -0.5714285714285714
280 671 2.0
281 282 -1.3571428571428572
283 284 -0.9285714285714286
284 285 -1.7857142857142858
284 291 -0.9285714285714286
285 286 1.3571428571428572
285 291 -1.7857142857142858
285 292 -2.0
286 287 -2.0
286 292 2.0
286 293 0.9285714285714286
287 288 2.0
287 293 -0.5714285714285714
287 294 -1.3571428571428572
287 302 -0.9285714285714286
287 311 1.3571428571428572
288 289 1.3571428571428572
288 294 0.5714285714285714
288 295 -0.9285714285714286
288 336 -1.7857142857142858
288 345 0.9285714285714286
288 372 1.7857142857142858
288 382 -0.5714285714285714
289 295 -1.7857142857142858
289 296 -2.0
289 402 1.3571428571428572
289 411 -0.5714285714285714
289 432 0.5714285714285714
289 438 1.7857142857142858
290 298 -1.7857142857142858
290 299 1.7857142857142858
290 607 0.9285714285714286
290 617 -1.3571428571428572
290 645 -2.0
290 655 -1.3571428571428572
291 292 1.3571428571428572
292 293 1.3571428571428572
293 294 1.7857142857142858
294 295 -0.5714285714285714
294 302 -0.5714285714285714
294 311 2.0
294 336 1.3571428571428572
294 345 2.0
295 296 -0.5714285714285714
295 372 -2.0
295 382 -0.5714285714285714
295 402 -1.3571428571428572
295 411 -2.0
296 297 1.3571428571428572
296 432 -2.0
296 438 -0.9285714285714286
296 464 1.3571428571428572
296 473 1.3571428571428572
297 298 -0.9285714285714286
297 498 0.5714285714285714
297 508 0.9285714285714286
297 537 -2.0
298 299 0.9285714285714286
298 572 0.9285714285714286
298 581 0.5714285714285714
298 607 -2.0
298 617 -0.5714285714285714
299 645 2.0
299 655 1.7857142857142858
299 679 2.0
300 301 1.7857142857142858
300 309 -2.0
301 302 -0.9285714285714286
301 309 -2.0
301 310 -0.5714285714285714
302 303 1.3571428571428572
302 310 -0.9285714285714286
302 311 1.3571428571428572
303 304 1.3571428571428572
303 311 1.3571428571428572
303 312 -0.5714285714285714
303 320 -0.5714285714285714
303 329 2.0
303 357 1.3571428571428572
304 305 2.0
304 312 0.5714285714285714
304 390 0.9285714285714286
304 395 1.3571428571428572
304 418 1.7857142857142858
305 456 2.0
305 483 -1.3571428571428572
305 492 -1.7857142857142858
306 307 1.7857142857142858
306 313 0.9285714285714286
306 314 -1.3571428571428572
306 599 1.7857142857142858
306 628 -0.9285714285714286
306 638 1.7857142857142858
307 308 0.5714285714285714
307 314 1.7857142857142858
307 664 -1.3571428571428572
307 672 -2.0
308 315 -0.5714285714285714
309 310 0.5714285714285714
310 311 0.9285714285714286
311 312 0.5714285714285714
311 320 -2.0
311 329 -1.7857142857142858
312 357 -0.9285714285714286
312 390 -0.9285714285714286
312 395 1.7857142857142858
313 314 0.9285714285714286
313 556 -2.0
313 565 1.3571428571428572
313 599 1.7857142857142858
314 628 0.5714285714285714
314 638 1.7857142857142858
314 664 1.7857142857142858
314 672 2.0
316 317 -1.3571428571428572
317 318 -1.7857142857142858
317 326 1.3571428571428572
318 319 -1.3571428571428572
318 326 -0.5714285714285714
318 327 0.5714285714285714
319 320 1.7857142857142858
319 327 1.3571428571428572
319 328 1.7857142857142858
320 321 -0.5714285714285714
320 328 1.3571428571428572
320 329 -1.7857142857142858
321 322 -1.3571428571428572
321 329 -0.5714285714285714
321 330 -1.3571428571428572
321 337 -1.7857142857142858
321 345 -2.0
321 373 -1.7857142857142858
321 382 1.3571428571428572
322 323 -1.7857142857142858
322 330 -1.3571428571428572
322 331 -2.0
322 403 -0.9285714285714286
322 411 -0.9285714285714286
322 433 -1.7857142857142858
322 438 2.0
323 324 2.0
323 331 -0.5714285714285714
323 332 1.3571428571428572
323 473 2.0
323 499 -1.7857142857142858
323 508 -0.9285714285714286
324 325 -2.0
324 332 -0.9285714285714286
324 333 1.3571428571428572
324 538 1.7857142857142858
324 573 -2.0
324 581 -0.5714285714285714
325 333 0.9285714285714286
325 334 -0.9285714285714286
325 608 -2.0
325 617 0.9285714285714286
325 646 -1.7857142857142858
325 655 0.5714285714285714
326 327 -0.5714285714285714
327 328 -1.3571428571428572
328 329 -0.9285714285714286
329 330 0.9285714285714286
329 337 1.3571428571428572
329 345 -0.9285714285714286
330 331 1.3571428571428572
330 373 -2.0
330 382 -0.5714285714285714
330 411 0.5714285714285714
331 332 2.0
331 433 1.3571428571428572
331 438 1.3571428571428572
331 473 1.3571428571428572
332 333 -0.9285714285714286
332 499 -1.3571428571428572
332 508 -0.5714285714285714
332 538 -0.5714285714285714
333 334 1.7857142857142858
333 573 2.0
333 581 1.3571428571428572
333 608 1.7857142857142858
333 617 0.9285714285714286
334 646 -1.3571428571428572
334 655 -1.3571428571428572
334 680 2.0
334 687 0.5714285714285714
335 336 -1.3571428571428572
335 344 0.9285714285714286
336 337 -0.5714285714285714
336 344 -0.9285714285714286
336 345 1.7857142857142858
337 338 -1.3571428571428572
337 345 -2.0
337 346 1.7857142857142858
337 358 -2.0
338 339 -0.5714285714285714
338 346 0.5714285714285714
338 347 1.3571428571428572
338 391 -2.0
338 395 2.0
338 419 -1.7857142857142858
339 340 -0.9285714285714286
339 347 1.7857142857142858
339 348 2.0
339 484 -1.3571428571428572
339 492 -1.7857142857142858
340 341 1.7857142857142858
340 348 1.3571428571428572
340 349 -0.5714285714285714
340 520 -0.9285714285714286
340 529 0.9285714285714286
340 557 0.5714285714285714
340 565 -0.9285714285714286
341 342 1.3571428571428572
341 350 0.9285714285714286
341 591 1.3571428571428572
341 629 -1.7857142857142858
341 638 0.5714285714285714
342 343 0.9285714285714286
342 350 0.9285714285714286
342 351 -1.7857142857142858
342 665 0.5714285714285714
342 672 1.3571428571428572
343 351 0.5714285714285714
343 352 -0.5714285714285714
344 345 0.9285714285714286
345 346 -2.0
346 347 1.7857142857142858
346 358 -0.5714285714285714
346 391 0.9285714285714286
346 395 -1.7857142857142858
347 348 2.0
347 419 -1.3571428571428572
347 456 -2.0
348 349 2.0
348 484 2.0
348 492 -0.5714285714285714
348 520 -0.9285714285714286
348 529 0.9285714285714286
349 350 -2.0
349 557 -0.9285714285714286
349 565 1.7857142857142858
349 591 -2.0
349 599 2.0
350 351 -0.5714285714285714
350 629 1.3571428571428572
350 638 1.7857142857142858
350 665 1.3571428571428572
350 672 0.5714285714285714
351 352 -1.3571428571428572
353 354 0.5714285714285714
354 355 0.5714285714285714
354 363 -0.9285714285714286
355 356 -1.3571428571428572
355 363 0.9285714285714286
356 357 1.7857142857142858
356 364 -0.9285714285714286
357 358 -1.3571428571428572
357 364 1.7857142857142858
358 359 1.3571428571428572
358 365 2.0
358 373 2.0
359 360 1.7857142857142858
359 365 1.7857142857142858
359 366 -0.9285714285714286
359 403 0.9285714285714286
359 412 -2.0
359 433 -0.9285714285714286
359 439 2.0
360 361 -2.0
360 366 -1.3571428571428572
360 367 0.9285714285714286
360 474 -1.7857142857142858
360 499 0.9285714285714286
360 509 -0.5714285714285714
361 362 1.7857142857142858
361 367 0.5714285714285714
361 368 1.7857142857142858
361 546 0.5714285714285714
361 573 2.0
361 582 -2.0
362 368 2.0
362 369 1.7857142857142858
362 608 -1.3571428571428572
362 618 -0.5714285714285714
362 646 -1.7857142857142858
362 656 0.5714285714285714
365 366 1.7857142857142858
365 373 -1.3571428571428572
365 412 1.3571428571428572
366 367 -0.5714285714285714
366 474 -1.7857142857142858
367 368 1.3571428571428572
367 499 2.0
367 509 -1.7857142857142858
367 538 -2.0
367 546 0.9285714285714286
368 369 0.9285714285714286
368 573 1.7857142857142858
368 582 0.9285714285714286
368 608 -1.3571428571428572
368 618 0.5714285714285714
369 656 -1.3571428571428572
369 680 -0.5714285714285714
369 688 2.0
370 380 -2.0
371 372 -1.3571428571428572
371 380 -1.3571428571428572
371 381 1.7857142857142858
372 373 -2.0
372 381 -1.3571428571428572
372 382 2.0
373 374 -2.0
373 382 -0.9285714285714286
374 375 2.0
374 383 -1.3571428571428572
374 391 1.7857142857142858
374 396 -1.7857142857142858
374 419 -0.9285714285714286
374 426 0.9285714285714286
375 376 -0.5714285714285714
375 383 -1.7857142857142858
375 384 -0.9285714285714286
375 457 -2.0
375 484 1.3571428571428572
376 377 -2.0
376 384 1.3571428571428572
376 385 2.0
376 520 -0.5714285714285714
376 530 -2.0
376 557 1.7857142857142858
376 566 2.0
377 378 0.9285714285714286
377 385 0.9285714285714286
377 386 -2.0
377 591 -2.0
377 600 0.5714285714285714
377 629 -0.5714285714285714
377 639 -1.3571428571428572
378 379 -0.5714285714285714
378 386 1.3571428571428572
378 665 0.5714285714285714
378 673 1.3571428571428572
379 387 -0.9285714285714286
380 381 1.7857142857142858
381 382 0.5714285714285714
383 384 0.5714285714285714
383 419 0.5714285714285714
383 426 -0.9285714285714286
383 457 1.7857142857142858
384 385 -0.9285714285714286
384 484 2.0
384 520 0.9285714285714286
384 530 -0.5714285714285714
385 386 0.5714285714285714
385 557 -1.3571428571428572
385 566 -2.0
385 591 -1.7857142857142858
385 600 1.7857142857142858
386 629 1.3571428571428572
386 639 2.0
386 665 -1.3571428571428572
386 673 -0.5714285714285714
389 390 -1.3571428571428572
389 394 1.3571428571428572
390 391 -1.3571428571428572
390 394 -1.3571428571428572
390 395 1.3571428571428572
391 395 1.7857142857142858
391 396 1.7857142857142858
392 393 -1.7857142857142858
392 397 1.7857142857142858
392 398 0.9285714285714286
392 465 -0.9285714285714286
392 474 1.7857142857142858
392 500 -1.7857142857142858
392 509 0.9285714285714286
393 398 1.3571428571428572
393 539 0.5714285714285714
393 546 -0.5714285714285714
393 574 2.0
393 582 1.3571428571428572
394 395 -0.5714285714285714
395 396 -2.0
396 397 1.7857142857142858
396 412 -0.9285714285714286
397 398 0.9285714285714286
397 439 0.5714285714285714
397 465 0.9285714285714286
397 474 2.0
398 500 1.3571428571428572
398 509 0.9285714285714286
398 539 -0.5714285714285714
398 546 -1.7857142857142858
399 647 -2.0
399 656 0.5714285714285714
399 681 1.3571428571428572
399 688 1.7857142857142858
400 401 0.9285714285714286
400 409 -1.3571428571428572
401 402 -2.0
401 409 -1.7857142857142858
401 410 0.5714285714285714
402 403 0.5714285714285714
402 410 -0.9285714285714286
402 411 -1.3571428571428572
403 411 1.3571428571428572
403 412 -2.0
404 413 -0.9285714285714286
404 414 2.0
404 448 -2.0
404 457 -2.0
405 414 -1.7857142857142858
405 521 1.3571428571428572
405 530 -2.0
405 558 -1.3571428571428572
405 566 1.3571428571428572
406 407 -1.3571428571428572
406 592 -0.9285714285714286
406 600 -2.0
406 639 -2.0
407 408 1.3571428571428572
407 666 2.0
407 673 1.7857142857142858
408 415 -0.5714285714285714
408 416 -0.9285714285714286
409 410 -0.5714285714285714
410 411 -2.0
411 412 1.3571428571428572
413 414 -0.9285714285714286
413 420 0.5714285714285714
413 426 -2.0
413 448 2.0
413 457 -0.9285714285714286
414 521 1.7857142857142858
414 530 2.0
415 416 -2.0
417 418 -2.0
417 425 -2.0
418 419 1.3571428571428572
418 425 1.3571428571428572
419 420 -0.5714285714285714
419 426 -1.7857142857142858
420 421 1.7857142857142858
420 426 -1.3571428571428572
420 427 -0.9285714285714286
420 440 0.5714285714285714
421 422 -2.0
421 427 -0.9285714285714286
421 428 -1.7857142857142858
421 465 -1.3571428571428572
421 475 2.0
421 500 -2.0
421 510 1.3571428571428572
422 423 -0.9285714285714286
422 428 1.7857142857142858
422 429 -0.5714285714285714
422 539 -2.0
422 547 -2.0
422 574 -2.0
422 583 -2.0
423 429 1.7857142857142858
423 609 -1.7857142857142858
423 619 1.7857142857142858
423 647 1.3571428571428572
423 657 -1.3571428571428572
426 427 -2.0
427 428 -2.0
427 440 1.7857142857142858
427 465 1.7857142857142858
427 475 1.7857142857142858
428 429 1.7857142857142858
428 500 -1.3571428571428572
428 510 0.9285714285714286
428 539 1.3571428571428572
428 547 -0.5714285714285714
429 583 -1.3571428571428572
429 609 -0.5714285714285714
429 619 -1.3571428571428572
430 431 -1.7857142857142858
431 432 -1.7857142857142858
432 433 -0.5714285714285714
432 438 -1.7857142857142858
433 438 -2.0
433 439 2.0
434 435 -0.9285714285714286
434 440 -0.5714285714285714
434 441 -0.9285714285714286
434 448 -1.3571428571428572
434 458 -1.3571428571428572
435 436 1.7857142857142858
435 441 -1.3571428571428572
435 521 -0.9285714285714286
435 531 -1.3571428571428572
435 558 -2.0
435 567 0.9285714285714286
436 437 -0.9285714285714286
436 442 0.9285714285714286
436 443 -0.9285714285714286
436 592 -1.3571428571428572
436 601 1.7857142857142858
436 630 -1.3571428571428572
436 640 2.0
437 443 -1.7857142857142858
437 666 0.5714285714285714
437 674 -1.7857142857142858
438 439 0.5714285714285714
439 440 -1.3571428571428572
440 441 -1.3571428571428572
440 448 -1.3571428571428572
440 458 -1.7857142857142858
441 442 -0.9285714285714286
441 521 2.0
441 531 1.7857142857142858
442 443 -1.3571428571428572
442 558 0.5714285714285714
442 592 -1.7857142857142858
442 601 -1.7857142857142858
443 630 0.5714285714285714
443 640 -2.0
443 666 0.9285714285714286
443 674 0.9285714285714286
445 446 1.3571428571428572
445 452 2.0
446 452 2.0
446 453 0.5714285714285714
447 454 0.9285714285714286
447 455 -1.3571428571428572
448 449 0.5714285714285714
448 457 -0.9285714285714286
448 458 -1.3571428571428572
449 450 -1.7857142857142858
449 458 -2.0
449 459 -0.5714285714285714
449 466 -1.7857142857142858
449 501 -2.0
449 510 1.3571428571428572
450 459 0.5714285714285714
450 460 -2.0
450 540 -1.3571428571428572
450 547 -0.5714285714285714
450 575 0.9285714285714286
450 583 2.0
451 460 1.7857142857142858
451 461 -0.5714285714285714
451 610 -0.5714285714285714
451 619 -2.0
451 648 -1.3571428571428572
451 657 0.9285714285714286
452 453 -0.9285714285714286
453 454 1.7857142857142858
454 455 -2.0
455 456 -1.3571428571428572
456 457 -0.9285714285714286
457 458 -1.7857142857142858
458 459 1.3571428571428572
458 466 0.9285714285714286
458 475 1.3571428571428572
459 460 1.7857142857142858
459 501 -1.7857142857142858
459 510 0.9285714285714286
459 540 1.7857142857142858
459 547 1.7857142857142858
460 461 1.3571428571428572
460 575 0.9285714285714286
460 583 1.7857142857142858
460 610 -2.0
460 619 2.0
461 648 -2.0
461 657 1.3571428571428572
461 689 -0.9285714285714286
462 463 -0.5714285714285714
462 471 -1.3571428571428572
463 464 2.0
463 471 -1.7857142857142858
463 472 0.9285714285714286
464 472 0.9285714285714286
464 473 0.5714285714285714
465 466 -0.9285714285714286
465 474 1.7857142857142858
465 475 -0.5714285714285714
466 467 1.7857142857142858
466 475 1.3571428571428572
466 476 2.0
466 485 -2.0
467 468 -1.3571428571428572
467 476 -0.5714285714285714
467 477 1.3571428571428572
467 522 0.5714285714285714
467 531 2.0
467 559 0.9285714285714286
467 567 0.5714285714285714
468 469 -1.7857142857142858
468 477 0.9285714285714286
468 478 2.0
468 593 2.0
468 601 -1.3571428571428572
468 631 -1.7857142857142858
468 640 -0.5714285714285714
469 470 1.3571428571428572
469 667 -1.7857142857142858
469 674 0.5714285714285714
471 472 -1.7857142857142858
472 473 -2.0
473 474 1.3571428571428572
474 475 2.0
475 476 -1.3571428571428572
476 477 -0.9285714285714286
476 485 -0.9285714285714286
476 522 0.9285714285714286
476 531 0.9285714285714286
477 478 1.3571428571428572
477 559 0.5714285714285714
477 567 -1.3571428571428572
477 593 2.0
477 601 2.0
478 631 -1.3571428571428572
478 640 0.5714285714285714
478 667 -1.3571428571428572
478 674 -1.7857142857142858
479 480 0.5714285714285714
479 488 -0.5714285714285714
480 481 -1.3571428571428572
480 488 -0.9285714285714286
480 489 0.9285714285714286
481 482 -0.5714285714285714
481 489 -1.3571428571428572
481 490 -0.9285714285714286
482 483 -1.7857142857142858
482 490 -0.5714285714285714
482 491 0.5714285714285714
483 484 2.0
483 491 1.3571428571428572
483 492 2.0
484 492 -1.7857142857142858
485 486 -2.0
485 493 1.7857142857142858
485 501 0.9285714285714286
485 511 2.0
486 487 0.9285714285714286
486 493 2.0
486 494 -0.9285714285714286
486 540 -0.9285714285714286
486 548 0.9285714285714286
486 575 1.3571428571428572
486 584 -1.3571428571428572
487 494 1.3571428571428572
487 495 2.0
487 610 -1.7857142857142858
487 620 -2.0
487 648 0.9285714285714286
488 489 -0.9285714285714286
489 490 1.7857142857142858
490 491 1.7857142857142858
491 492 -2.0
493 494 2.0
493 501 0.5714285714285714
493 511 0.5714285714285714
493 540 0.9285714285714286
493 548 1.3571428571428572
494 495 0.5714285714285714
494 575 -2.0
494 584 -1.7857142857142858
494 610 -0.9285714285714286
494 620 -0.9285714285714286
495 682 2.0
495 690 1.7857142857142858
496 497 2.0
496 506 -1.7857142857142858
497 498 -1.7857142857142858
497 506 -2.0
497 507 -1.3571428571428572
498 499 -2.0
498 507 2.0
498 508 -0.5714285714285714
499 500 -0.5714285714285714
499 508 1.7857142857142858
499 509 0.5714285714285714
500 501 -1.7857142857142858
500 509 0.5714285714285714
500 510 0.5714285714285714
501 510 -1.7857142857142858
501 511 -1.3571428571428572
502 503 0.9285714285714286
502 512 2.0
502 522 0.9285714285714286
502 532 -1.7857142857142858
502 559 0.5714285714285714
502 568 -1.3571428571428572
503 504 0.5714285714285714
503 512 1.7857142857142858
503 513 -2.0
503 593 1.7857142857142858
503 602 2.0
503 631 -0.5714285714285714
503 641 0.9285714285714286
504 505 0.9285714285714286
504 513 -0.9285714285714286
504 514 -1.3571428571428572
504 667 1.7857142857142858
504 675 0.5714285714285714
505 514 -0.9285714285714286
505 515 -2.0
506 507 1.3571428571428572
507 508 1.3571428571428572
508 509 -0.9285714285714286
509 510 -0.9285714285714286
510 511 0.5714285714285714
511 522 -2.0
511 532 2.0
512 513 -0.5714285714285714
512 559 0.9285714285714286
512 568 -0.9285714285714286
512 593 -0.9285714285714286
512 602 0.5714285714285714
513 514 2.0
513 631 2.0
513 641 -1.3571428571428572
513 667 -1.3571428571428572
513 675 1.3571428571428572
514 515 1.7857142857142858
516 525 1.7857142857142858
517 518 2.0
517 526 -1.3571428571428572
517 527 -2.0
518 519 0.5714285714285714
518 527 -1.3571428571428572
518 528 -1.3571428571428572
519 520 -1.7857142857142858
519 528 0.5714285714285714
519 529 -0.9285714285714286
520 521 0.5714285714285714
520 529 2.0
520 530 -0.5714285714285714
521 522 0.9285714285714286
521 530 0.9285714285714286
521 531 -1.3571428571428572
522 523 -1.3571428571428572
522 532 -2.0
523 524 -0.5714285714285714
523 532 -2.0
523 533 -1.7857142857142858
523 548 -2.0
523 576 1.3571428571428572
523 584 -0.9285714285714286
524 533 0.5714285714285714
524 534 0.9285714285714286
524 611 -1.7857142857142858
524 620 1.7857142857142858
524 649 -1.3571428571428572
525 526 -2.0
526 527 0.5714285714285714
527 528 0.5714285714285714
528 529 1.7857142857142858
529 530 -1.3571428571428572
530 531 2.0
531 532 0.9285714285714286
532 533 -2.0
532 548 1.3571428571428572
533 534 0.5714285714285714
533 576 -2.0
533 584 1.3571428571428572
533 611 -0.9285714285714286
533 620 1.7857142857142858
534 649 -1.7857142857142858
534 683 -0.5714285714285714
534 690 -0.5714285714285714
535 536 0.9285714285714286
535 544 0.9285714285714286
536 537 -2.0
536 544 0.9285714285714286
536 545 1.3571428571428572
537 538 0.9285714285714286
537 545 2.0
538 539 0.9285714285714286
538 546 -0.5714285714285714
539 540 -0.5714285714285714
539 546 -1.7857142857142858
539 547 1.7857142857142858
540 547 -1.3571428571428572
540 548 0.5714285714285714
541 542 -0.5714285714285714
541 549 0.5714285714285714
541 550 0.5714285714285714
541 594 -1.3571428571428572
541 602 1.7857142857142858
541 632 0.5714285714285714
541 641 0.9285714285714286
542 543 0.9285714285714286
542 550 1.7857142857142858
542 551 1.7857142857142858
542 668 -0.5714285714285714
542 675 -0.9285714285714286
543 551 -1.7857142857142858
543 552 2.0
544 545 0.9285714285714286
546 547 -1.7857142857142858
547 548 1.7857142857142858
548 549 0.5714285714285714
549 550 0.9285714285714286
549 560 -2.0
549 568 1.3571428571428572
549 602 -1.3571428571428572
550 551 -2.0
550 632 0.9285714285714286
550 641 0.5714285714285714
550 668 0.9285714285714286
550 675 -2.0
551 552 -2.0
553 554 -1.3571428571428572
553 561 1.7857142857142858
554 561 -2.0
554 562 1.7857142857142858
555 556 0.5714285714285714
555 563 1.3571428571428572
555 564 0.9285714285714286
556 557 -0.9285714285714286
556 564 -2.0
556 565 2.0
557 558 0.9285714285714286
557 565 0.9285714285714286
557 566 -1.3571428571428572
558 559 -2.0
558 566 -0.9285714285714286
558 567 0.5714285714285714
559 560 0.5714285714285714
559 567 -2.0
559 568 2.0
560 568 1.7857142857142858
560 569 -1.7857142857142858
560 576 -1.7857142857142858
561 562 -1.3571428571428572
562 563 -1.3571428571428572
563 564 -0.9285714285714286
564 565 -2.0
566 567 1.7857142857142858
567 568 1.7857142857142858
568 569 0.5714285714285714
569 570 1.7857142857142858
569 576 -0.5714285714285714
569 621 -0.5714285714285714
570 649 -1.3571428571428572
570 683 2.0
570 691 -1.7857142857142858
572 573 -2.0
572 580 1.3571428571428572
572 581 0.9285714285714286
573 574 1.7857142857142858
573 581 1.7857142857142858
573 582 0.9285714285714286
574 575 -2.0
574 582 -2.0
574 583 -1.3571428571428572
575 576 0.5714285714285714
575 583 1.3571428571428572
576 577 -0.9285714285714286
576 584 0.9285714285714286
577 578 -2.0
577 585 1.7857142857142858
577 594 1.3571428571428572
577 603 1.3571428571428572
577 632 -2.0
578 579 -1.7857142857142858
578 585 1.3571428571428572
578 586 0.5714285714285714
578 668 -0.9285714285714286
578 676 -0.9285714285714286
579 586 2.0
579 587 2.0
580 581 -2.0
581 582 0.5714285714285714
582 583 -0.9285714285714286
583 584 0.5714285714285714
585 586 -0.5714285714285714
585 632 1.3571428571428572
585 668 0.9285714285714286
585 676 -1.3571428571428572
586 587 -1.7857142857142858
588 589 0.5714285714285714
588 595 2.0
588 596 0.9285714285714286
589 590 0.9285714285714286
589 596 -0.9285714285714286
589 597 -2.0
590 597 -2.0
590 598 -0.5714285714285714
591 592 -1.3571428571428572
591 599 -0.9285714285714286
591 600 -0.9285714285714286
592 593 -0.9285714285714286
592 600 -0.5714285714285714
592 601 2.0
593 594 -1.7857142857142858
593 601 0.9285714285714286
593 602 -1.7857142857142858
594 602 0.5714285714285714
594 603 -0.5714285714285714
595 596 1.3571428571428572
596 597 -0.9285714285714286
597 598 -1.3571428571428572
598 599 0.9285714285714286
599 600 -2.0
600 601 -0.9285714285714286
601 602 -2.0
602 603 -0.9285714285714286
603 604 2.0
603 612 -2.0
603 621 2.0
604 650 1.7857142857142858
604 684 1.7857142857142858
604 691 2.0
605 606 -1.7857142857142858
605 615 -2.0
606 607 -1.3571428571428572
606 615 -0.5714285714285714
606 616 -2.0
607 608 2.0
607 617 -0.5714285714285714
608 609 -0.5714285714285714
608 617 0.5714285714285714
608 618 -0.9285714285714286
609 610 -0.9285714285714286
609 618 -0.5714285714285714
609 619 -1.3571428571428572
610 611 0.5714285714285714
610 619 1.3571428571428572
610 620 1.3571428571428572
611 612 -0.5714285714285714
611 620 1.7857142857142858
611 621 -1.3571428571428572
612 613 -0.9285714285714286
612 621 -1.7857142857142858
612 622 1.7857142857142858
612 633 -0.9285714285714286
613 614 1.7857142857142858
613 622 -1.7857142857142858
613 623 0.9285714285714286
613 676 -0.5714285714285714
614 623 1.7857142857142858
614 624 0.9285714285714286
615 616 -0.5714285714285714
616 617 -0.9285714285714286
617 618 0.9285714285714286
618 619 0.5714285714285714
619 620 0.9285714285714286
620 621 -1.3571428571428572
621 622 -0.9285714285714286
622 623 0.5714285714285714
622 633 -0.9285714285714286
622 676 -0.5714285714285714
623 624 -0.5714285714285714
625 626 0.9285714285714286
625 634 2.0
625 635 2.0
626 627 -2.0
626 635 -0.5714285714285714
626 636 -1.3571428571428572
627 628 1.3571428571428572
627 636 -1.7857142857142858
627 637 -1.7857142857142858
628 629 -0.9285714285714286
628 637 2.0
628 638 -0.9285714285714286
629 630 1.7857142857142858
629 638 1.7857142857142858
630 631 2.0
630 639 0.9285714285714286
630 640 1.3571428571428572
631 632 -1.7857142857142858
631 640 -0.5714285714285714
631 641 0.5714285714285714
632 633 0.5714285714285714
632 641 -1.3571428571428572
633 642 -1.7857142857142858
633 650 0.5714285714285714
633 658 1.7857142857142858
634 635 -2.0
635 636 2.0
636 637 0.5714285714285714
637 638 1.7857142857142858
638 639 -0.5714285714285714
639 640 1.7857142857142858
640 641 -0.9285714285714286
642 650 -1.7857142857142858
642 658 -1.7857142857142858
642 684 1.3571428571428572
642 692 0.5714285714285714
643 644 -1.7857142857142858
643 653 0.5714285714285714
644 645 -1.7857142857142858
644 653 -1.3571428571428572
644 654 1.7857142857142858
645 646 2.0
645 654 -1.3571428571428572
645 655 0.9285714285714286
646 647 1.7857142857142858
646 655 -1.3571428571428572
646 656 -0.5714285714285714
647 648 0.9285714285714286
647 656 1.3571428571428572
647 657 0.9285714285714286
648 649 2.0
648 657 2.0
649 650 -1.7857142857142858
650 651 0.5714285714285714
650 658 -2.0
651 652 1.3571428571428572
651 658 1.3571428571428572
651 659 -0.5714285714285714
651 677 -0.5714285714285714
652 659 0.9285714285714286
652 660 0.9285714285714286
653 654 0.9285714285714286
654 655 2.0
655 656 -0.5714285714285714
656 657 -0.5714285714285714
658 659 -0.9285714285714286
658 677 -1.7857142857142858
661 669 -0.9285714285714286
662 663 0.5714285714285714
662 670 -0.9285714285714286
663 664 -1.3571428571428572
663 670 -1.7857142857142858
663 671 -0.9285714285714286
664 665 -0.9285714285714286
664 671 -0.9285714285714286
664 672 1.3571428571428572
665 666 0.5714285714285714
665 672 2.0
665 673 1.7857142857142858
666 667 -1.3571428571428572
666 673 -1.3571428571428572
667 668 2.0
667 674 -0.5714285714285714
667 675 0.5714285714285714
668 675 0.5714285714285714
668 676 -2.0
670 671 -0.9285714285714286
671 672 -2.0
672 673 -2.0
673 674 -0.5714285714285714
674 675 -0.9285714285714286
675 676 -2.0
676 677 -2.0
677 685 -0.9285714285714286
677 692 1.7857142857142858
679 680 -1.7857142857142858
679 687 -2.0
680 681 -1.7857142857142858
680 687 0.5714285714285714
680 688 -1.3571428571428572
681 682 2.0
681 688 0.9285714285714286
681 689 1.7857142857142858
682 683 -1.3571428571428572
682 690 0.5714285714285714
683 684 1.3571428571428572
683 690 2.0
683 691 1.3571428571428572
684 685 -2.0
684 691 -1.7857142857142858
684 692 2.0
685 686 -1.7857142857142858
685 692 1.7857142857142858
685 693 1.3571428571428572
686 694 -2.0
687 688 2.0
688 689 0.5714285714285714
689 690 -1.7857142857142858
690 691 -0.5714285714285714
691 692 1.7857142857142858
692 693 0.5714285714285714
693 694 -0.5714285714285714
