839 3401
1 1 -1.9285714285714286
2 2 -0.6428571428571421
3 3 -2.220446049250313e-16
4 4 -7.785714285714286
5 5 -7.285714285714286
6 6 -3.7857142857142856
7 7 4.571428571428571
8 8 -6.0
9 9 0.357142857142857
10 10 1.2857142857142865
11 11 1.1428571428571428
12 12 -8.428571428571429
13 13 -0.9285714285714286
14 14 -3.7142857142857144
15 15 -4.428571428571429
16 16 3.2142857142857144
17 17 -1.0714285714285714
18 18 -2.1428571428571423
19 19 2.9285714285714284
20 20 -0.5
21 21 -3.3571428571428577
22 22 1.1428571428571428
23 23 0.0714285714285714
24 24 -5.428571428571429
25 25 -4.2857142857142865
26 26 3.928571428571429
27 27 -4.642857142857143
28 28 4.428571428571429
29 29 3.7142857142857144
30 30 1.4285714285714282
31 31 -3.7857142857142856
32 32 1.4285714285714282
33 33 -2.7142857142857144
34 34 -0.5000000000000002
35 35 -0.9285714285714288
36 36 -1.7857142857142856
37 37 -4.857142857142858
38 38 3.5
39 39 1.928571428571429
40 40 -3.428571428571429
41 41 -2.4285714285714284
42 42 -3.5714285714285716
43 43 -0.357142857142857
44 44 -5.928571428571429
45 45 -2.2857142857142856
46 46 1.6428571428571435
47 47 0.9285714285714286
48 48 -1.2857142857142858
49 49 -2.2857142857142856
50 50 1.2142857142857142
51 51 0.5714285714285712
53 53 0.2142857142857142
54 54 -0.5714285714285714
55 55 2.0
56 56 -2.642857142857143
57 57 -0.0714285714285714
58 58 6.857142857142858
59 59 -0.9285714285714288
60 60 -0.5714285714285712
61 61 2.220446049250313e-16
62 62 8.428571428571429
63 63 7.571428571428571
64 64 -0.8571428571428577
65 65 5.071428571428572
66 66 0.4285714285714284
67 67 5.5
68 68 -0.1428571428571428
69 69 -2.5714285714285716
70 70 -3.857142857142857
71 71 -2.0
72 72 0.4285714285714288
73 73 -1.357142857142857
74 74 1.1428571428571432
75 75 0.2142857142857142
76 76 3.3571428571428577
77 77 -2.785714285714286
78 78 0.7857142857142858
79 79 -6.357142857142858
80 80 -1.2142857142857137
81 81 0.2142857142857144
82 82 1.5
83 83 2.571428571428571
84 84 -0.4285714285714284
85 85 -1.5
86 86 -4.571428571428571
87 87 -9.428571428571429
88 88 -2.428571428571429
89 89 2.2857142857142856
90 90 -2.5714285714285716
91 91 5.142857142857143
92 92 0.6428571428571435
93 93 -2.8571428571428568
95 95 1.5000000000000002
96 96 1.1428571428571428
97 97 -1.0
98 98 -5.642857142857143
99 99 -3.285714285714286
100 100 2.428571428571429
101 101 -2.7857142857142856
102 102 1.0714285714285716
103 103 0.2857142857142858
104 104 3.7142857142857144
105 105 -5.2857142857142865
106 106 1.785714285714286
107 107 2.928571428571429
108 108 -1.2142857142857144
109 109 -0.07142857142857162
110 110 1.2142857142857142
111 111 -1.0
112 112 -4.2857142857142865
113 113 2.428571428571429
114 114 -1.2857142857142856
115 115 0.07142857142857162
116 116 -1.2142857142857144
117 117 0.5714285714285714
118 118 1.5
119 119 -2.928571428571429
120 120 1.0714285714285712
121 121 5.571428571428571
122 122 4.857142857142858
123 123 -4.714285714285714
124 124 -3.0
125 125 1.7857142857142856
126 126 -0.785714285714286
127 127 -2.4285714285714284
128 128 -1.8571428571428574
129 129 0.8571428571428572
130 130 9.714285714285715
131 131 -0.6428571428571426
132 132 1.4285714285714286
133 133 -2.357142857142857
134 134 3.6428571428571423
135 135 -5.7142857142857135
136 136 0.5
137 137 -2.714285714285714
138 138 2.5
139 139 -3.571428571428571
140 140 1.4285714285714284
141 141 -1.642857142857143
142 142 -0.14285714285714302
143 143 3.928571428571429
144 144 -0.3571428571428572
145 145 -4.142857142857143
146 146 3.428571428571429
147 147 -0.7857142857142858
148 148 3.428571428571429
149 149 -4.428571428571429
150 150 -3.2857142857142856
151 151 -0.7142857142857142
152 152 5.428571428571429
153 153 1.142857142857143
154 154 -2.642857142857143
155 155 -0.2142857142857142
156 156 4.5
157 157 7.5
158 158 1.0714285714285714
159 159 1.0714285714285714
160 160 -4.357142857142858
161 161 0.5714285714285714
162 162 -4.2857142857142865
163 163 5.5
164 164 -3.7142857142857144
165 165 -9.428571428571429
166 166 0.2857142857142858
167 167 -0.5714285714285716
168 168 2.071428571428571
169 169 6.142857142857143
170 170 6.142857142857143
171 171 -4.285714285714286
172 172 -2.428571428571429
173 173 -1.0714285714285718
174 174 1.4999999999999998
175 175 -0.642857142857143
176 176 4.571428571428571
177 177 -1.2857142857142858
178 178 2.5
179 179 -2.0
180 180 -0.42857142857142816
181 181 -4.440892098500626e-16
182 182 -2.3571428571428577
183 183 -1.4285714285714288
184 184 -1.3571428571428572
185 185 -2.2857142857142856
186 186 -5.142857142857143
187 187 -2.0
188 188 -1.5000000000000002
189 189 3.071428571428571
190 190 1.142857142857143
191 191 -0.7857142857142856
192 192 5.642857142857142
193 193 -0.1428571428571428
194 194 -2.2857142857142856
195 195 2.428571428571429
196 196 0.7142857142857142
197 197 -0.4285714285714286
198 198 0.1428571428571428
199 199 -1.428571428571429
200 200 1.6428571428571428
201 201 4.7857142857142865
202 202 1.0714285714285716
203 203 2.2142857142857144
204 204 2.2857142857142856
205 205 1.0714285714285714
206 206 -0.2142857142857142
207 207 5.428571428571429
208 208 -3.5000000000000004
209 209 -2.357142857142857
210 210 -1.285714285714286
211 211 4.571428571428571
212 212 1.2857142857142858
213 213 3.5
214 214 1.7142857142857142
215 215 -6.071428571428572
216 216 8.642857142857142
217 217 4.142857142857143
218 218 2.857142857142857
220 220 -0.5714285714285716
221 221 -4.7857142857142865
222 222 -0.35714285714285676
223 223 -1.357142857142857
224 224 0.3571428571428572
225 225 -4.2142857142857135
226 226 -4.428571428571429
227 227 -5.0
228 228 4.428571428571429
229 229 2.428571428571429
230 230 -0.785714285714286
231 231 1.1428571428571432
232 232 -1.7857142857142858
233 233 3.1428571428571432
234 234 1.214285714285714
235 235 -5.714285714285715
236 236 -3.1428571428571432
237 237 -1.7857142857142858
238 238 -9.857142857142858
239 239 -3.4285714285714284
240 240 -2.2142857142857144
241 241 -1.5
242 242 -1.7857142857142858
243 243 3.2142857142857144
244 244 -0.4285714285714286
245 245 -2.0
246 246 1.857142857142857
247 247 -0.6428571428571432
248 248 0.2857142857142858
249 249 1.5714285714285716
250 250 1.8571428571428572
251 251 -0.7857142857142854
252 252 -1.642857142857143
253 253 6.214285714285714
254 254 -3.214285714285714
255 255 0.7857142857142858
256 256 -1.4999999999999998
257 257 -6.499999999999999
258 258 -3.5
259 259 -4.0
260 260 0.5714285714285714
261 261 2.571428571428571
262 262 2.0
263 263 -1.5714285714285714
264 264 1.5000000000000002
265 265 5.571428571428572
266 266 -3.2857142857142856
267 267 -1.6428571428571428
268 268 -0.2142857142857144
269 269 3.7857142857142856
270 270 1.0714285714285714
271 271 -1.9285714285714295
272 272 4.5
273 273 2.857142857142857
274 274 3.928571428571429
275 275 7.357142857142858
276 276 0.642857142857143
277 277 0.5714285714285714
278 278 1.3571428571428572
279 279 -2.071428571428572
280 280 2.0714285714285716
281 281 -5.928571428571429
282 282 -3.357142857142857
283 283 -5.642857142857143
284 284 -6.714285714285714
285 285 0.7857142857142856
286 286 0.857142857142857
287 287 -1.5000000000000002
288 288 5.499999999999999
289 289 -0.6428571428571428
290 290 0.7857142857142858
291 291 0.07142857142857117
292 292 -2.2857142857142856
293 293 -4.928571428571429
294 294 2.285714285714286
295 295 -1.5714285714285714
296 296 0.2857142857142856
297 297 6.714285714285714
298 298 -1.5000000000000004
299 299 -5.071428571428571
300 300 0.7142857142857142
301 301 -7.642857142857143
302 302 2.857142857142857
303 303 1.4285714285714286
304 304 2.8571428571428568
305 305 0.6428571428571432
306 306 -0.5000000000000002
307 307 0.357142857142857
308 308 3.357142857142857
309 309 -1.0714285714285714
310 310 -0.9285714285714286
311 311 1.5
312 312 1.6428571428571428
313 313 5.357142857142858
314 314 -1.785714285714286
315 315 0.7857142857142858
316 316 0.9285714285714288
317 317 -2.7142857142857144
318 318 -5.357142857142858
319 319 0.4285714285714284
320 320 2.5
321 321 -1.4285714285714286
322 322 -0.3571428571428572
323 323 1.785714285714286
324 324 -0.9285714285714284
325 325 -5.928571428571429
326 326 4.214285714285714
327 327 1.4285714285714286
328 328 3.7857142857142865
329 329 3.142857142857143
330 330 0.5714285714285714
331 331 -4.857142857142857
332 332 0.35714285714285676
333 333 5.2857142857142865
334 334 5.285714285714286
335 335 1.5000000000000002
336 336 -2.571428571428571
337 337 -6.5
338 338 -6.928571428571429
339 339 -3.5000000000000004
340 340 -3.0714285714285716
341 341 -4.571428571428571
342 342 -2.6428571428571432
343 343 -5.214285714285715
344 344 1.7142857142857144
345 345 -6.142857142857143
346 346 -1.2142857142857144
347 347 -1.7142857142857149
348 348 -7.857142857142858
349 349 -1.0
350 350 3.2857142857142856
351 351 -4.071428571428572
352 352 0.1428571428571428
353 353 0.1428571428571428
354 354 -6.642857142857142
355 355 2.2142857142857144
356 356 -2.9285714285714284
357 357 -1.5714285714285714
358 358 -0.1428571428571428
359 359 7.428571428571429
360 360 0.9285714285714286
361 361 -5.714285714285714
362 362 4.428571428571429
363 363 -5.071428571428572
364 364 -1.5000000000000002
365 365 -3.6428571428571432
366 366 -2.0
367 367 2.8571428571428568
368 368 3.357142857142857
369 369 -3.7857142857142856
370 370 -2.3571428571428568
371 371 3.571428571428571
372 372 -0.9285714285714284
374 374 0.21428571428571463
375 375 -3.071428571428571
376 376 -3.5
377 377 3.5
378 378 4.500000000000001
379 379 2.428571428571429
380 380 1.6428571428571432
381 381 0.14285714285714324
382 382 -1.357142857142857
383 383 3.8571428571428568
384 384 0.6428571428571426
385 385 -1.9285714285714286
386 386 4.5
387 387 -3.2857142857142856
388 388 -6.214285714285714
389 389 -3.8571428571428577
390 390 -2.7857142857142856
391 391 -0.4285714285714286
392 392 -0.8571428571428572
393 393 5.5
394 394 4.571428571428571
395 395 1.3571428571428574
396 396 -4.2857142857142865
397 397 3.142857142857143
398 398 1.2857142857142856
399 399 -0.5
400 400 0.4999999999999998
401 401 -5.357142857142858
402 402 -4.5
403 403 0.3571428571428572
404 404 -2.428571428571429
405 405 -2.1428571428571432
406 406 1.2857142857142856
407 407 1.6428571428571428
408 408 -1.142857142857143
409 409 -1.2142857142857146
410 410 -1.928571428571429
411 411 -5.5
412 412 -3.571428571428571
413 413 -0.2857142857142858
414 414 -5.2857142857142865
415 415 -0.5714285714285714
416 416 3.3571428571428577
417 417 -9.928571428571429
418 418 3.2142857142857144
419 419 6.571428571428571
420 420 -4.214285714285714
421 421 -6.285714285714286
422 422 -0.5000000000000002
423 423 -0.14285714285714324
424 424 0.714285714285714
425 425 2.5
426 426 3.4285714285714284
427 427 -7.428571428571429
428 428 -3.642857142857143
429 429 3.1428571428571432
430 430 -3.357142857142857
431 431 -2.5714285714285716
432 432 1.2857142857142863
433 433 4.142857142857142
434 434 -2.2857142857142856
435 435 -3.2857142857142865
436 436 -0.6428571428571428
437 437 2.3571428571428577
439 439 0.6428571428571428
440 440 0.21428571428571486
441 441 2.1428571428571432
442 442 -1.9285714285714284
443 443 -5.214285714285715
444 444 4.428571428571429
445 445 5.2857142857142865
446 446 -0.35714285714285765
447 447 -2.7857142857142865
448 448 -1.9285714285714286
449 449 4.440892098500626e-16
450 450 3.7142857142857144
451 451 1.5
452 452 -0.1428571428571428
453 453 -2.428571428571429
454 454 -1.9999999999999996
455 455 2.928571428571429
456 456 -1.357142857142857
457 457 -1.571428571428572
458 458 -0.7142857142857144
459 459 3.5
460 460 -0.1428571428571428
461 461 -0.2857142857142858
462 462 -1.5714285714285714
463 463 0.9285714285714284
464 464 3.857142857142857
465 465 -7.0
466 466 2.1428571428571423
467 467 -3.428571428571429
468 468 1.7857142857142858
469 469 -1.4999999999999998
470 470 -2.8571428571428568
471 471 -0.857142857142857
472 472 -1.7142857142857144
473 473 3.5000000000000004
474 474 1.3571428571428572
475 475 -0.857142857142857
476 476 1.9999999999999996
477 477 -2.357142857142857
478 478 -2.928571428571429
479 479 -0.3571428571428572
480 480 -1.5
481 481 2.928571428571429
482 482 -3.1428571428571432
483 483 2.7857142857142856
484 484 4.142857142857143
485 485 -3.071428571428571
486 486 -2.2142857142857144
487 487 0.3571428571428572
488 488 4.928571428571429
489 489 3.0
490 490 -6.642857142857142
491 491 3.4999999999999996
492 492 11.0
493 493 1.5
494 494 0.7857142857142858
495 495 -1.2142857142857142
496 496 -3.6428571428571432
497 497 3.071428571428571
498 498 -2.2142857142857135
499 499 -3.5
500 500 -5.714285714285714
501 501 1.0714285714285714
502 502 -0.3571428571428572
503 503 0.5
504 504 -2.9285714285714284
505 505 -2.7142857142857144
506 506 2.428571428571429
507 507 0.2142857142857142
508 508 -2.3571428571428577
509 509 -1.7857142857142865
510 510 3.7857142857142856
511 511 7.428571428571429
512 512 -8.214285714285714
513 513 -4.928571428571429
514 514 -3.0
515 515 1.214285714285715
516 516 1.2142857142857142
517 517 -4.5
518 518 -2.928571428571429
519 519 2.1428571428571423
520 520 -2.1428571428571423
521 521 1.1428571428571432
522 522 -2.571428571428571
523 523 6.2142857142857135
524 524 1.0714285714285712
525 525 -1.9285714285714286
526 526 -3.7142857142857144
527 527 0.9999999999999998
528 528 2.642857142857143
529 529 -2.857142857142857
530 530 -2.2142857142857144
531 531 -5.928571428571428
532 532 -0.5714285714285714
533 533 2.2142857142857144
534 534 -6.357142857142857
535 535 -0.1428571428571428
536 536 1.3571428571428572
537 537 -3.0
538 538 -1.9285714285714286
539 539 -2.7142857142857144
540 540 4.142857142857143
541 541 1.7857142857142858
542 542 5.142857142857143
543 543 2.6428571428571432
544 544 0.7857142857142856
545 545 1.0714285714285714
546 546 2.571428571428571
547 547 7.214285714285714
548 548 0.0714285714285714
549 549 3.428571428571428
550 550 -2.2142857142857144
551 551 -0.7857142857142856
552 552 6.714285714285714
553 553 -3.2857142857142856
554 554 3.928571428571429
555 555 1.2857142857142858
556 556 0.9999999999999996
557 557 2.0
558 558 0.1428571428571428
559 559 0.7142857142857142
560 560 2.0
561 561 0.8571428571428568
562 562 -0.8571428571428572
563 563 1.4285714285714286
564 564 0.8571428571428572
565 565 2.0714285714285716
566 566 0.5714285714285714
567 567 -3.0
568 568 -5.714285714285714
569 569 -8.428571428571429
570 570 -5.214285714285714
571 571 -3.7857142857142856
572 572 2.1428571428571432
573 573 3.571428571428572
574 574 2.857142857142857
575 575 0.2142857142857144
576 576 -3.2857142857142847
577 577 -1.7857142857142858
578 578 -0.785714285714286
579 579 -1.3571428571428572
580 580 -3.1428571428571432
581 581 1.6428571428571428
582 582 1.071428571428572
583 583 6.357142857142858
584 584 2.2857142857142856
585 585 3.357142857142857
586 586 -3.2857142857142856
587 587 1.142857142857143
588 588 -0.2857142857142856
589 589 1.9285714285714284
590 590 5.714285714285714
591 591 2.857142857142857
592 592 -0.5
593 593 -0.3571428571428572
594 594 7.571428571428571
595 595 6.2857142857142865
596 596 -2.5
597 597 -3.0
598 598 -6.500000000000001
599 599 -1.7142857142857146
600 600 7.5
601 601 2.0
602 602 3.0
603 603 -2.785714285714286
604 604 -0.2142857142857142
605 605 0.5
606 606 2.357142857142857
607 607 -6.928571428571428
608 608 0.2857142857142858
609 609 -6.714285714285714
610 610 0.8571428571428574
611 611 5.571428571428571
612 612 -3.571428571428571
613 613 -0.7857142857142851
614 614 -2.071428571428571
615 615 1.2142857142857142
616 616 3.0
617 617 -4.2857142857142865
618 618 0.9285714285714286
619 619 5.2142857142857135
620 620 -5.714285714285714
621 621 -8.142857142857142
622 622 -1.5714285714285714
623 623 2.9285714285714284
624 624 0.2857142857142858
625 625 -1.357142857142857
626 626 -1.8571428571428572
627 627 -4.714285714285714
628 628 1.571428571428571
629 629 3.7857142857142856
630 630 2.428571428571429
631 631 -0.9285714285714286
632 632 -3.357142857142857
633 633 2.857142857142857
634 634 -3.0
635 635 1.785714285714286
636 636 3.1428571428571432
637 637 0.3571428571428572
638 638 -4.0
639 639 -2.0
640 640 7.7142857142857135
641 641 1.8571428571428572
642 642 -0.5714285714285716
643 643 -0.857142857142857
644 644 -2.8571428571428568
645 645 -4.357142857142857
646 646 -0.07142857142857117
647 647 2.642857142857143
648 648 4.714285714285714
649 649 0.3571428571428572
650 650 -5.214285714285714
651 651 0.2857142857142856
652 652 -0.5714285714285712
653 653 5.2142857142857135
654 654 4.142857142857144
655 655 -7.142857142857142
656 656 -5.7142857142857135
657 657 2.0
658 658 -4.642857142857142
659 659 -6.2857142857142865
660 660 5.2142857142857135
661 661 8.5
662 662 3.0
663 663 0.6428571428571432
664 664 -3.3571428571428568
665 665 0.3571428571428572
666 666 3.428571428571429
667 667 -7.357142857142858
668 668 3.6428571428571432
669 669 -2.2857142857142856
670 670 -2.0000000000000004
671 671 -3.8571428571428577
672 672 -5.7857142857142865
673 673 2.9999999999999996
674 674 0.642857142857143
675 675 -1.2857142857142858
676 676 0.3571428571428572
677 677 -5.071428571428571
678 678 -0.357142857142857
679 679 6.714285714285714
680 680 -3.2142857142857144
681 681 -3.857142857142857
682 682 -7.0
683 683 -3.7857142857142856
684 684 -2.857142857142857
685 685 0.7857142857142856
686 686 1.7857142857142854
687 687 1.2857142857142856
688 688 0.5714285714285712
689 689 5.357142857142858
690 690 -3.5
691 691 0.5714285714285712
692 692 -0.642857142857143
693 693 -2.7857142857142856
694 694 -1.8571428571428572
695 695 -1.2142857142857144
696 696 -4.928571428571429
697 697 3.0000000000000004
698 698 -3.5714285714285716
699 699 1.3571428571428572
700 700 -2.8571428571428568
701 701 -0.7142857142857142
702 702 3.7857142857142856
703 703 4.142857142857143
704 704 -1.9285714285714284
705 705 -1.9285714285714286
706 706 -3.1428571428571423
707 707 -8.571428571428571
708 708 -5.7857142857142865
709 709 8.0
710 710 -1.0714285714285714
711 711 1.2857142857142856
712 712 -2.8571428571428568
713 713 -1.3571428571428572
714 714 3.1428571428571432
715 715 -0.6428571428571432
716 716 0.35714285714285654
717 717 -5.071428571428571
718 718 6.142857142857144
719 719 -1.6428571428571428
720 720 -2.785714285714286
721 721 1.3571428571428572
722 722 -2.357142857142857
723 723 4.5
724 724 1.0
725 725 -0.4285714285714297
726 726 -3.857142857142857
727 727 -0.7857142857142858
728 728 1.7142857142857144
729 729 8.142857142857142
730 730 -0.2857142857142856
731 731 -8.285714285714286
732 732 1.3571428571428572
733 733 0.2857142857142858
734 734 3.7857142857142856
735 735 1.142857142857143
736 736 -5.142857142857142
737 737 2.2142857142857144
738 738 -0.2857142857142858
739 739 2.928571428571429
740 740 -1.285714285714286
741 741 3.5
742 742 2.928571428571429
743 743 -1.8571428571428568
744 744 0.6428571428571426
745 745 0.14285714285714324
746 746 2.928571428571429
747 747 0.7857142857142858
748 748 0.857142857142857
749 749 -0.9285714285714286
750 750 5.285714285714286
751 751 3.857142857142857
752 752 0.5000000000000002
753 753 -2.7142857142857144
754 754 1.4999999999999996
755 755 -4.0
756 756 3.8571428571428568
757 757 -0.7857142857142865
758 758 6.571428571428571
759 759 0.7857142857142858
760 760 -1.5714285714285714
761 761 3.2857142857142856
762 762 0.9285714285714286
763 763 -6.214285714285714
764 764 -5.571428571428572
765 765 -1.5
766 766 -1.1428571428571428
767 767 -8.785714285714286
768 768 -0.6428571428571423
769 769 1.3571428571428568
770 770 -0.2857142857142856
771 771 1.7857142857142856
772 772 -4.857142857142858
773 773 4.285714285714286
774 774 2.0
775 775 -4.357142857142857
776 776 2.357142857142858
777 777 1.071428571428572
778 778 4.071428571428571
779 779 2.928571428571429
780 780 -2.428571428571429
781 781 2.0
782 782 -2.071428571428571
783 783 -2.7142857142857144
784 784 8.0
785 785 -0.642857142857143
786 786 2.7142857142857144
787 787 1.4999999999999996
788 788 5.857142857142857
789 789 -0.9285714285714286
790 790 -3.0
791 791 0.07142857142857184
792 792 -0.8571428571428572
793 793 1.0
794 794 4.214285714285714
795 795 -0.2857142857142856
796 796 5.214285714285714
797 797 1.1428571428571428
798 798 -1.1428571428571423
799 799 -1.0
800 800 -3.7857142857142856
801 801 0.2857142857142858
802 802 0.3571428571428572
803 803 -2.571428571428571
804 804 -2.428571428571429
805 805 0.8571428571428568
806 806 -2.7142857142857144
807 807 -1.2857142857142858
808 808 4.714285714285714
809 809 6.714285714285714
810 810 -9.0
811 811 3.6428571428571432
812 812 2.7142857142857144
813 813 2.428571428571429
814 814 -0.7142857142857146
815 815 -4.857142857142858
816 816 -1.5714285714285714
817 817 0.357142857142857
818 818 1.642857142857143
819 819 -0.3571428571428572
820 820 3.0
821 821 -3.071428571428571
822 822 0.9285714285714286
823 823 1.3571428571428572
824 824 4.285714285714285
825 825 -1.428571428571429
826 826 2.2142857142857144
827 827 -0.4285714285714286
828 828 2.071428571428571
829 829 2.3571428571428577
830 830 -2.428571428571429
831 831 -6.214285714285714
832 832 -6.857142857142856
833 833 0.5
834 834 -7.928571428571429
835 835 -2.357142857142857
836 836 -4.285714285714286
837 837 1.7857142857142854
838 838 -6.857142857142857
839 839 -2.7142857142857144
1 2 -1.7857142857142858
1 10 2.0
1 44 1.7857142857142858
1 53 1.7857142857142858
1 97 -0.9285714285714286
1 107 -0.9285714285714286
2 3 2.0
2 10 0.5714285714285714
2 11 1.7857142857142858
2 136 1.3571428571428572
2 145 -1.7857142857142858
2 169 -0.9285714285714286
2 174 -0.5714285714285714
3 12 1.7857142857142858
3 223 -1.7857142857142858
3 230 -0.5714285714285714
3 272 -2.0
3 280 0.5714285714285714
4 5 2.0
4 376 1.7857142857142858
4 385 2.0
4 412 2.0
5 6 2.0
5 452 1.3571428571428572
5 461 1.3571428571428572
5 491 0.5714285714285714
6 7 -0.5714285714285714
6 13 0.9285714285714286
6 524 0.5714285714285714
6 533 -0.9285714285714286
6 556 1.7857142857142858
7 8 -1.7857142857142858
7 13 0.9285714285714286
7 14 -0.9285714285714286
7 591 -1.3571428571428572
7 630 -1.7857142857142858
7 641 0.9285714285714286
8 9 1.7857142857142858
8 14 0.5714285714285714
8 15 2.0
8 672 0.5714285714285714
8 682 0.9285714285714286
8 712 0.5714285714285714
8 720 1.3571428571428572
9 15 -1.7857142857142858
9 16 1.3571428571428572
9 749 0.5714285714285714
9 791 -1.3571428571428572
9 800 -0.9285714285714286
10 11 -1.3571428571428572
10 97 -1.7857142857142858
10 107 -1.7857142857142858
10 136 -0.9285714285714286
10 145 2.0
11 12 1.7857142857142858
11 169 -2.0
11 174 2.0
11 223 -1.3571428571428572
11 230 -2.0
12 272 2.0
12 280 1.3571428571428572
12 305 0.5714285714285714
12 313 0.9285714285714286
13 14 0.5714285714285714
13 556 -0.9285714285714286
13 591 -0.5714285714285714
14 15 2.0
14 630 0.5714285714285714
14 641 -0.5714285714285714
14 672 0.5714285714285714
14 682 0.9285714285714286
15 16 -1.3571428571428572
15 712 1.3571428571428572
15 720 2.0
15 749 -1.7857142857142858
15 760 2.0
16 17 0.5714285714285714
16 791 -2.0
16 800 -0.9285714285714286
16 829 0.9285714285714286
16 837 -1.7857142857142858
17 35 1.3571428571428572
17 78 -1.7857142857142858
17 87 0.9285714285714286
18 19 1.3571428571428572
18 27 0.9285714285714286
18 205 0.5714285714285714
18 215 2.0
18 258 -1.3571428571428572
18 267 -1.3571428571428572
19 27 -2.0
19 28 0.9285714285714286
19 290 -1.3571428571428572
19 298 -0.9285714285714286
19 320 -0.9285714285714286
20 21 1.7857142857142858
20 29 -0.5714285714285714
20 30 -1.7857142857142858
20 434 -1.7857142857142858
20 444 0.9285714285714286
20 474 0.5714285714285714
20 482 1.3571428571428572
21 22 -0.5714285714285714
21 30 0.9285714285714286
21 31 1.7857142857142858
21 508 -0.5714285714285714
21 515 -1.7857142857142858
21 548 1.7857142857142858
22 23 -0.5714285714285714
22 31 -1.3571428571428572
22 32 1.7857142857142858
22 572 -1.7857142857142858
22 583 -2.0
22 612 1.3571428571428572
22 621 2.0
23 24 1.7857142857142858
23 32 -2.0
23 33 -0.5714285714285714
23 653 -1.7857142857142858
23 664 2.0
23 693 -0.9285714285714286
23 704 2.0
24 33 0.5714285714285714
24 34 1.3571428571428572
24 729 -2.0
24 740 1.3571428571428572
24 772 0.5714285714285714
24 782 1.7857142857142858
25 26 -1.7857142857142858
25 35 2.0
25 36 0.9285714285714286
25 69 1.7857142857142858
25 118 1.3571428571428572
26 36 -1.3571428571428572
26 37 0.5714285714285714
26 154 -0.5714285714285714
26 162 0.5714285714285714
26 194 -1.3571428571428572
27 28 -0.5714285714285714
27 258 1.7857142857142858
27 267 1.7857142857142858
27 290 0.9285714285714286
27 298 1.7857142857142858
28 29 -1.3571428571428572
28 320 -2.0
28 358 0.5714285714285714
28 368 -2.0
29 30 1.3571428571428572
29 395 -1.7857142857142858
29 444 -1.3571428571428572
30 31 1.7857142857142858
30 474 -0.5714285714285714
30 482 -0.5714285714285714
30 508 -2.0
30 515 -0.5714285714285714
31 32 1.3571428571428572
31 548 -0.9285714285714286
31 572 0.5714285714285714
31 583 0.5714285714285714
32 612 -0.5714285714285714
32 621 1.7857142857142858
32 653 -2.0
32 664 -1.7857142857142858
33 34 -2.0
33 693 1.7857142857142858
33 704 1.7857142857142858
33 729 0.5714285714285714
33 740 0.5714285714285714
34 35 1.3571428571428572
34 772 1.7857142857142858
34 782 -2.0
34 811 -1.7857142857142858
34 821 1.7857142857142858
35 36 -2.0
35 69 -1.7857142857142858
36 37 1.7857142857142858
36 118 -1.3571428571428572
36 154 2.0
36 162 1.7857142857142858
37 194 0.5714285714285714
37 243 1.3571428571428572
37 250 0.5714285714285714
38 39 -1.7857142857142858
38 47 -0.9285714285714286
38 195 -1.3571428571428572
38 251 0.5714285714285714
39 40 -0.9285714285714286
39 47 -0.5714285714285714
39 48 -0.9285714285714286
39 283 0.9285714285714286
39 314 1.3571428571428572
40 41 1.3571428571428572
40 48 0.9285714285714286
40 49 0.5714285714285714
40 349 0.5714285714285714
40 387 0.9285714285714286
41 49 0.9285714285714286
41 50 1.3571428571428572
41 424 -1.7857142857142858
41 464 0.5714285714285714
42 43 2.0
42 51 -1.3571428571428572
42 565 0.9285714285714286
42 603 2.0
43 51 -1.7857142857142858
43 52 0.5714285714285714
43 644 0.9285714285714286
43 685 -1.3571428571428572
44 45 1.7857142857142858
44 53 1.7857142857142858
44 803 0.5714285714285714
45 46 0.9285714285714286
45 53 -1.7857142857142858
45 55 1.3571428571428572
46 54 0.5714285714285714
46 147 -1.7857142857142858
46 177 -1.3571428571428572
47 48 -0.9285714285714286
47 251 0.5714285714285714
47 283 0.9285714285714286
48 49 1.3571428571428572
48 314 1.7857142857142858
48 349 -0.9285714285714286
49 50 -0.5714285714285714
49 387 0.9285714285714286
49 424 -0.9285714285714286
50 464 -2.0
51 52 -0.5714285714285714
51 603 1.3571428571428572
51 644 1.7857142857142858
53 55 -2.0
54 177 2.0
54 233 -2.0
55 61 -1.7857142857142858
55 98 1.3571428571428572
55 107 -0.9285714285714286
56 62 -0.9285714285714286
56 63 0.9285714285714286
56 230 2.0
56 273 2.0
56 280 -1.3571428571428572
57 58 0.5714285714285714
57 64 -0.9285714285714286
57 385 -1.3571428571428572
57 413 1.7857142857142858
58 64 -1.3571428571428572
58 65 -1.3571428571428572
58 453 -2.0
58 461 -1.3571428571428572
58 492 -1.3571428571428572
59 60 -2.0
59 66 0.9285714285714286
59 67 -0.9285714285714286
59 592 0.9285714285714286
59 631 2.0
60 67 2.0
60 673 -0.5714285714285714
60 682 2.0
60 713 0.9285714285714286
60 720 -1.7857142857142858
61 62 -0.5714285714285714
61 98 -0.9285714285714286
61 107 0.9285714285714286
61 137 0.5714285714285714
61 145 1.7857142857142858
62 63 -2.0
62 170 -1.7857142857142858
62 174 -1.7857142857142858
62 230 -1.3571428571428572
63 273 -1.7857142857142858
63 280 -2.0
63 306 -1.3571428571428572
63 313 -1.3571428571428572
64 65 -0.5714285714285714
64 413 0.5714285714285714
64 453 1.3571428571428572
64 461 1.7857142857142858
65 66 2.0
65 492 -1.7857142857142858
65 525 -1.3571428571428572
65 533 -2.0
66 67 -2.0
66 592 -1.3571428571428572
67 631 -2.0
67 641 -0.5714285714285714
67 673 -2.0
68 69 1.3571428571428572
68 792 -0.9285714285714286
68 800 0.9285714285714286
68 830 0.5714285714285714
68 837 -1.7857142857142858
69 79 -0.5714285714285714
69 87 1.7857142857142858
70 71 1.3571428571428572
70 81 0.5714285714285714
70 215 1.3571428571428572
70 267 0.5714285714285714
71 72 -1.3571428571428572
71 298 2.0
72 73 0.9285714285714286
72 82 1.3571428571428572
72 368 -1.3571428571428572
73 74 2.0
73 82 -1.7857142857142858
73 83 -0.9285714285714286
73 444 0.5714285714285714
73 482 0.5714285714285714
74 75 0.9285714285714286
74 83 -1.3571428571428572
74 515 -1.7857142857142858
74 548 -0.9285714285714286
75 76 -0.5714285714285714
75 84 -0.5714285714285714
75 583 -2.0
75 621 2.0
76 77 -1.3571428571428572
76 84 -1.7857142857142858
76 85 -2.0
76 664 1.7857142857142858
76 704 0.5714285714285714
77 78 -0.9285714285714286
77 85 0.5714285714285714
77 86 1.7857142857142858
77 740 0.9285714285714286
77 782 1.7857142857142858
78 79 2.0
78 86 -2.0
78 87 1.3571428571428572
78 821 0.5714285714285714
79 80 1.7857142857142858
79 87 1.3571428571428572
79 88 1.7857142857142858
80 88 -1.7857142857142858
80 89 -1.3571428571428572
80 162 0.5714285714285714
80 194 2.0
81 267 -1.3571428571428572
81 298 0.5714285714285714
82 83 0.9285714285714286
82 444 -2.0
83 482 -1.7857142857142858
83 515 0.5714285714285714
84 85 2.0
84 621 -0.5714285714285714
84 664 1.3571428571428572
85 86 0.9285714285714286
85 704 -1.7857142857142858
85 740 1.7857142857142858
86 87 2.0
86 782 0.9285714285714286
86 821 0.9285714285714286
87 88 2.0
88 89 -0.9285714285714286
88 162 1.3571428571428572
89 194 -0.9285714285714286
89 250 0.9285714285714286
90 100 0.9285714285714286
90 206 2.0
90 251 -0.9285714285714286
90 259 0.5714285714285714
91 92 -1.7857142857142858
91 101 -1.7857142857142858
91 349 1.3571428571428572
91 359 -2.0
91 387 -0.9285714285714286
92 93 1.3571428571428572
92 101 2.0
92 102 0.9285714285714286
92 424 -1.3571428571428572
92 464 -1.7857142857142858
93 94 1.7857142857142858
93 102 0.9285714285714286
93 103 0.5714285714285714
93 543 -1.7857142857142858
94 95 -1.3571428571428572
94 103 0.9285714285714286
94 104 -1.3571428571428572
94 565 1.3571428571428572
94 573 -1.7857142857142858
94 603 -0.9285714285714286
94 613 1.3571428571428572
95 96 -1.3571428571428572
95 104 -0.5714285714285714
95 105 1.7857142857142858
95 644 1.3571428571428572
95 654 -1.3571428571428572
95 685 1.7857142857142858
95 694 -1.7857142857142858
96 97 -0.5714285714285714
96 105 0.9285714285714286
96 106 -0.5714285714285714
96 730 -0.9285714285714286
96 773 1.3571428571428572
97 98 0.5714285714285714
97 106 1.3571428571428572
97 107 0.9285714285714286
97 803 2.0
97 812 -0.5714285714285714
98 99 1.7857142857142858
98 107 -0.9285714285714286
98 108 2.0
98 119 1.7857142857142858
99 108 -0.5714285714285714
99 109 1.7857142857142858
99 147 1.7857142857142858
99 155 -0.9285714285714286
99 177 -0.5714285714285714
100 251 -2.0
100 259 -2.0
100 283 2.0
100 291 -1.3571428571428572
101 387 0.5714285714285714
101 424 2.0
102 103 -0.9285714285714286
102 464 -2.0
103 104 2.0
103 543 -1.7857142857142858
103 565 -2.0
103 573 0.9285714285714286
104 105 0.9285714285714286
104 603 -0.5714285714285714
104 613 -0.5714285714285714
104 644 -1.7857142857142858
104 654 -1.7857142857142858
105 106 1.7857142857142858
105 685 -0.5714285714285714
105 694 1.3571428571428572
105 730 -0.9285714285714286
106 107 -2.0
106 773 -1.7857142857142858
106 803 -0.5714285714285714
107 108 1.7857142857142858
108 109 -2.0
108 147 -0.5714285714285714
108 155 0.5714285714285714
109 177 -0.5714285714285714
109 233 1.7857142857142858
109 244 -0.9285714285714286
110 111 -1.3571428571428572
110 119 -2.0
110 120 2.0
110 137 0.9285714285714286
110 170 -1.3571428571428572
110 175 0.5714285714285714
111 112 2.0
111 120 -0.9285714285714286
111 231 -0.5714285714285714
111 273 0.9285714285714286
111 281 0.9285714285714286
112 113 0.9285714285714286
112 121 -1.7857142857142858
112 306 1.7857142857142858
112 347 1.3571428571428572
113 114 -0.5714285714285714
113 121 -1.7857142857142858
113 122 0.5714285714285714
113 386 -1.3571428571428572
113 413 -2.0
113 422 1.7857142857142858
114 115 0.5714285714285714
114 122 -0.9285714285714286
114 123 -0.5714285714285714
114 453 2.0
114 462 2.0
114 492 -1.7857142857142858
114 500 0.5714285714285714
115 123 0.5714285714285714
115 124 -0.5714285714285714
115 525 0.5714285714285714
115 534 0.5714285714285714
115 563 -1.7857142857142858
116 117 1.7857142857142858
116 125 0.9285714285714286
116 126 0.9285714285714286
116 673 -0.5714285714285714
116 683 -0.9285714285714286
116 713 -0.9285714285714286
117 118 -1.3571428571428572
117 126 -0.9285714285714286
117 127 -0.9285714285714286
117 750 -2.0
117 761 1.7857142857142858
117 792 2.0
117 801 -0.9285714285714286
118 127 0.9285714285714286
118 830 0.9285714285714286
118 838 -2.0
119 120 1.3571428571428572
119 137 1.7857142857142858
120 170 -0.9285714285714286
120 175 -2.0
120 231 -0.5714285714285714
121 122 -1.7857142857142858
121 347 1.7857142857142858
121 386 -2.0
122 123 0.5714285714285714
122 413 -0.9285714285714286
122 422 -1.7857142857142858
122 462 -0.5714285714285714
123 124 0.5714285714285714
123 492 -1.3571428571428572
123 500 2.0
123 525 0.9285714285714286
123 534 2.0
124 125 1.7857142857142858
124 563 -0.5714285714285714
124 592 1.7857142857142858
125 126 -1.3571428571428572
125 631 -0.5714285714285714
125 642 -1.3571428571428572
125 673 -1.7857142857142858
125 683 0.5714285714285714
126 127 1.3571428571428572
126 713 -2.0
126 721 1.3571428571428572
126 750 2.0
126 761 -0.5714285714285714
127 792 0.9285714285714286
127 801 -1.7857142857142858
127 830 1.3571428571428572
127 838 0.5714285714285714
128 129 1.3571428571428572
128 139 -0.5714285714285714
128 196 1.3571428571428572
128 206 -1.7857142857142858
128 252 0.5714285714285714
128 259 0.9285714285714286
129 130 -1.7857142857142858
129 139 1.3571428571428572
129 140 -1.7857142857142858
129 291 -0.9285714285714286
129 321 0.9285714285714286
130 131 0.5714285714285714
130 140 -1.7857142857142858
130 141 -2.0
130 350 -1.3571428571428572
130 359 -2.0
130 388 -1.3571428571428572
131 132 -1.3571428571428572
131 141 1.3571428571428572
131 142 0.9285714285714286
131 425 -1.7857142857142858
131 465 0.9285714285714286
132 133 -1.3571428571428572
132 142 -0.5714285714285714
132 502 0.9285714285714286
132 543 0.9285714285714286
133 134 0.9285714285714286
133 143 -0.5714285714285714
133 566 -0.9285714285714286
133 573 0.9285714285714286
133 604 1.3571428571428572
133 613 2.0
134 135 0.5714285714285714
134 143 -1.7857142857142858
134 654 -2.0
134 694 -1.3571428571428572
135 136 0.9285714285714286
135 144 1.3571428571428572
135 722 2.0
135 730 -0.5714285714285714
135 763 2.0
135 773 -0.5714285714285714
136 137 -0.9285714285714286
136 144 -1.3571428571428572
136 145 1.7857142857142858
136 812 -1.3571428571428572
137 138 0.9285714285714286
137 145 -0.5714285714285714
138 146 -2.0
138 155 0.5714285714285714
138 178 -2.0
139 140 1.7857142857142858
139 252 -0.9285714285714286
139 259 0.5714285714285714
139 291 1.3571428571428572
140 141 2.0
140 321 0.9285714285714286
140 350 -2.0
140 359 -0.5714285714285714
141 142 -0.5714285714285714
141 388 -0.9285714285714286
141 425 1.7857142857142858
142 465 0.9285714285714286
142 502 -0.5714285714285714
143 604 -2.0
143 613 1.3571428571428572
143 654 -0.9285714285714286
144 145 0.9285714285714286
144 763 1.3571428571428572
144 773 -0.5714285714285714
144 812 -1.3571428571428572
146 178 -1.7857142857142858
146 234 -0.5714285714285714
146 244 0.9285714285714286
147 155 1.3571428571428572
148 149 1.7857142857142858
148 156 -2.0
148 157 -1.7857142857142858
148 224 0.5714285714285714
148 231 -1.7857142857142858
148 274 -2.0
148 281 1.7857142857142858
149 150 2.0
149 157 -0.5714285714285714
149 158 -0.5714285714285714
149 307 1.7857142857142858
149 338 2.0
149 347 -2.0
150 151 0.9285714285714286
150 158 0.9285714285714286
150 159 -2.0
150 377 -0.5714285714285714
150 386 2.0
150 414 1.7857142857142858
150 422 -1.7857142857142858
151 159 0.9285714285714286
151 462 -0.9285714285714286
151 493 -2.0
151 500 1.7857142857142858
152 153 -1.3571428571428572
152 160 -0.5714285714285714
152 593 -2.0
152 632 -0.5714285714285714
152 642 -0.9285714285714286
153 160 0.9285714285714286
153 674 -1.3571428571428572
153 683 2.0
153 721 -1.3571428571428572
154 161 -1.3571428571428572
154 162 0.5714285714285714
154 838 2.0
155 156 -1.3571428571428572
156 157 -0.9285714285714286
156 175 1.7857142857142858
156 224 -2.0
157 158 -1.7857142857142858
157 274 1.3571428571428572
157 281 -1.7857142857142858
157 307 -2.0
158 159 2.0
158 338 1.7857142857142858
158 347 -2.0
158 377 0.5714285714285714
158 386 -2.0
159 414 0.9285714285714286
159 422 -2.0
159 462 -0.9285714285714286
160 632 0.5714285714285714
160 642 2.0
160 674 2.0
160 683 -0.5714285714285714
161 162 -0.5714285714285714
161 793 -0.9285714285714286
161 801 0.9285714285714286
161 838 1.3571428571428572
163 196 -2.0
163 207 -2.0
163 252 -0.9285714285714286
163 260 -0.5714285714285714
164 165 1.7857142857142858
164 292 0.5714285714285714
164 322 1.3571428571428572
165 171 0.9285714285714286
165 350 2.0
165 360 0.9285714285714286
165 388 2.0
165 396 1.7857142857142858
166 167 0.9285714285714286
166 566 0.9285714285714286
166 574 -0.9285714285714286
166 604 -1.7857142857142858
166 614 0.5714285714285714
167 168 -0.5714285714285714
167 655 -0.5714285714285714
167 686 -0.5714285714285714
167 695 1.3571428571428572
168 169 -1.7857142857142858
168 173 -2.0
168 722 -0.5714285714285714
168 731 1.7857142857142858
168 763 2.0
168 774 -0.9285714285714286
169 170 -0.5714285714285714
169 173 0.9285714285714286
169 174 -1.7857142857142858
170 174 -0.5714285714285714
170 175 -0.9285714285714286
171 388 2.0
171 396 1.3571428571428572
171 425 -0.9285714285714286
171 435 0.9285714285714286
172 604 1.3571428571428572
172 614 -0.9285714285714286
172 655 2.0
173 174 -0.5714285714285714
173 763 1.7857142857142858
173 774 0.9285714285714286
174 175 1.7857142857142858
175 176 -0.5714285714285714
176 178 -2.0
176 234 -2.0
177 178 1.7857142857142858
178 179 0.5714285714285714
178 186 0.9285714285714286
179 180 -1.7857142857142858
179 186 1.7857142857142858
179 187 -0.5714285714285714
179 224 -0.5714285714285714
179 232 1.7857142857142858
179 274 -0.5714285714285714
179 282 1.3571428571428572
180 181 0.9285714285714286
180 187 0.5714285714285714
180 188 -0.9285714285714286
180 307 -0.9285714285714286
180 338 0.5714285714285714
180 348 2.0
181 182 1.7857142857142858
181 188 1.3571428571428572
181 189 -0.9285714285714286
181 377 -2.0
181 414 -0.5714285714285714
181 423 -0.5714285714285714
182 183 2.0
182 189 -2.0
182 190 -1.7857142857142858
182 463 -0.5714285714285714
182 493 2.0
182 501 0.9285714285714286
183 190 -0.9285714285714286
183 191 -1.7857142857142858
183 526 0.9285714285714286
183 535 1.7857142857142858
183 564 -0.5714285714285714
184 185 -0.9285714285714286
184 192 0.9285714285714286
184 684 1.3571428571428572
185 193 -1.3571428571428572
185 751 -0.5714285714285714
185 762 1.7857142857142858
185 793 1.3571428571428572
185 802 2.0
186 187 1.7857142857142858
186 224 2.0
186 232 -1.3571428571428572
187 188 1.7857142857142858
187 274 -0.9285714285714286
187 282 -2.0
187 307 1.3571428571428572
188 189 -0.5714285714285714
188 338 -0.5714285714285714
188 348 1.3571428571428572
188 377 -0.9285714285714286
189 190 0.9285714285714286
189 414 0.5714285714285714
189 423 0.9285714285714286
189 463 -2.0
190 191 2.0
190 493 -0.5714285714285714
190 501 -1.3571428571428572
190 526 0.5714285714285714
191 192 0.5714285714285714
191 593 2.0
191 602 -2.0
192 632 -2.0
192 643 -2.0
192 674 -1.3571428571428572
192 684 -1.7857142857142858
193 194 2.0
193 793 0.5714285714285714
193 802 -2.0
193 839 0.9285714285714286
195 196 -2.0
195 206 0.9285714285714286
196 197 1.3571428571428572
196 207 0.5714285714285714
197 198 -0.9285714285714286
197 207 -2.0
197 208 2.0
197 216 -2.0
197 268 2.0
198 199 -0.5714285714285714
198 208 0.9285714285714286
198 209 1.3571428571428572
198 330 -0.9285714285714286
199 200 -1.3571428571428572
199 209 1.3571428571428572
199 210 -0.9285714285714286
199 369 2.0
199 405 0.9285714285714286
200 201 1.7857142857142858
200 210 -0.5714285714285714
200 211 -0.9285714285714286
200 483 -0.5714285714285714
201 202 -1.7857142857142858
201 211 -0.9285714285714286
201 212 -0.9285714285714286
201 516 -2.0
201 549 -0.9285714285714286
202 203 0.9285714285714286
202 212 0.5714285714285714
202 584 -1.3571428571428572
202 622 0.5714285714285714
203 204 -1.7857142857142858
203 213 -0.5714285714285714
203 665 -1.3571428571428572
203 705 0.5714285714285714
204 205 -2.0
204 213 -1.3571428571428572
204 214 1.3571428571428572
204 741 0.9285714285714286
204 783 0.5714285714285714
205 214 -2.0
205 215 1.7857142857142858
205 822 0.5714285714285714
206 207 -0.9285714285714286
207 208 0.9285714285714286
207 216 -2.0
208 209 -0.9285714285714286
208 268 0.5714285714285714
209 210 -0.5714285714285714
209 330 0.5714285714285714
209 369 0.5714285714285714
210 211 1.3571428571428572
210 405 2.0
211 212 -1.3571428571428572
211 483 -1.3571428571428572
211 516 -1.3571428571428572
212 549 -1.3571428571428572
212 584 1.7857142857142858
213 214 -2.0
213 705 1.7857142857142858
213 741 -1.3571428571428572
214 215 0.9285714285714286
214 783 0.5714285714285714
214 822 -0.5714285714285714
216 217 -0.5714285714285714
216 225 -1.3571428571428572
216 253 -1.7857142857142858
216 260 -0.9285714285714286
217 218 -1.7857142857142858
217 225 0.9285714285714286
217 226 1.3571428571428572
217 292 -0.9285714285714286
217 315 -1.7857142857142858
217 322 -1.3571428571428572
218 226 -1.7857142857142858
218 227 1.3571428571428572
218 351 1.3571428571428572
218 360 -1.3571428571428572
218 389 1.3571428571428572
218 396 -2.0
219 227 2.0
219 228 -2.0
219 426 0.9285714285714286
219 435 2.0
219 466 -2.0
219 475 -0.9285714285714286
220 221 1.3571428571428572
220 574 -0.5714285714285714
220 605 -2.0
220 614 1.7857142857142858
221 222 1.3571428571428572
221 229 -0.5714285714285714
221 645 1.7857142857142858
221 655 1.7857142857142858
221 695 -0.9285714285714286
222 223 1.7857142857142858
222 229 -1.7857142857142858
222 723 -1.7857142857142858
222 731 2.0
222 764 0.5714285714285714
222 774 -1.7857142857142858
223 230 1.3571428571428572
223 804 1.3571428571428572
224 231 -0.9285714285714286
224 232 0.5714285714285714
225 226 1.7857142857142858
225 253 -0.9285714285714286
225 260 2.0
225 292 1.7857142857142858
226 227 -1.3571428571428572
226 315 2.0
226 322 -0.9285714285714286
226 351 1.3571428571428572
226 360 2.0
227 228 1.3571428571428572
227 389 1.3571428571428572
227 396 1.3571428571428572
227 426 -2.0
227 435 0.9285714285714286
228 466 -1.7857142857142858
228 475 -2.0
229 695 -0.9285714285714286
229 723 -0.9285714285714286
229 731 1.7857142857142858
230 231 1.3571428571428572
231 232 1.3571428571428572
232 235 -0.5714285714285714
233 234 -2.0
233 244 -0.9285714285714286
234 235 2.0
234 244 1.3571428571428572
235 236 0.9285714285714286
235 245 1.3571428571428572
235 282 2.0
236 237 1.7857142857142858
236 245 -1.3571428571428572
236 348 1.7857142857142858
237 238 2.0
237 423 -2.0
238 239 1.3571428571428572
238 246 0.9285714285714286
238 247 1.7857142857142858
238 463 2.0
238 501 1.7857142857142858
239 240 2.0
239 247 1.7857142857142858
239 248 -0.9285714285714286
239 535 -1.3571428571428572
239 564 0.5714285714285714
240 241 0.9285714285714286
240 248 2.0
240 602 -1.7857142857142858
240 643 -0.9285714285714286
241 684 0.5714285714285714
242 243 -1.3571428571428572
242 249 1.7857142857142858
242 802 1.3571428571428572
243 249 -0.9285714285714286
243 250 -1.3571428571428572
243 839 -0.9285714285714286
245 282 2.0
246 247 -0.9285714285714286
246 423 -0.9285714285714286
246 463 -0.9285714285714286
247 248 -0.9285714285714286
247 501 -2.0
247 535 0.9285714285714286
248 564 -1.7857142857142858
248 602 1.3571428571428572
249 250 -2.0
249 802 -1.3571428571428572
249 839 0.9285714285714286
251 252 2.0
251 259 0.5714285714285714
252 253 -2.0
252 259 2.0
252 260 0.9285714285714286
253 254 -1.3571428571428572
253 260 -1.3571428571428572
253 261 -1.3571428571428572
253 268 2.0
253 275 0.5714285714285714
254 261 1.3571428571428572
254 262 -0.5714285714285714
254 330 1.7857142857142858
254 339 2.0
255 256 0.9285714285714286
255 265 -1.7857142857142858
255 584 1.7857142857142858
255 594 -0.9285714285714286
255 622 0.5714285714285714
255 633 -1.3571428571428572
256 257 1.7857142857142858
256 266 1.3571428571428572
256 665 -1.3571428571428572
256 675 0.5714285714285714
256 705 -1.7857142857142858
257 258 2.0
257 266 0.5714285714285714
257 741 0.5714285714285714
257 752 0.9285714285714286
257 783 2.0
257 794 -1.3571428571428572
258 267 2.0
258 822 -0.9285714285714286
259 260 1.3571428571428572
260 261 -2.0
261 262 0.5714285714285714
261 268 -0.5714285714285714
261 275 -0.5714285714285714
262 263 2.0
262 330 -2.0
262 339 0.5714285714285714
262 369 -0.5714285714285714
262 378 -2.0
263 264 0.9285714285714286
263 415 -1.3571428571428572
264 265 -1.3571428571428572
264 483 0.9285714285714286
264 494 -1.7857142857142858
264 516 1.7857142857142858
264 527 -2.0
265 549 -0.5714285714285714
265 584 -0.9285714285714286
265 594 -0.9285714285714286
266 705 1.3571428571428572
266 741 -1.3571428571428572
266 752 1.3571428571428572
268 269 -2.0
268 275 -1.7857142857142858
269 275 -2.0
269 276 2.0
269 293 0.5714285714285714
269 315 -1.7857142857142858
269 323 -0.5714285714285714
270 278 -2.0
270 575 0.9285714285714286
270 605 -1.7857142857142858
270 615 1.7857142857142858
271 279 -0.5714285714285714
271 723 -1.7857142857142858
271 732 2.0
271 764 0.9285714285714286
271 775 1.3571428571428572
272 273 -2.0
272 279 -2.0
272 280 -0.9285714285714286
272 804 -0.9285714285714286
272 813 1.3571428571428572
273 274 -1.3571428571428572
273 280 -2.0
273 281 1.3571428571428572
274 281 0.9285714285714286
274 282 -1.3571428571428572
275 276 -1.7857142857142858
275 293 -1.7857142857142858
276 315 -0.9285714285714286
276 323 -1.7857142857142858
276 351 0.9285714285714286
276 361 0.9285714285714286
277 466 -0.5714285714285714
278 605 -1.3571428571428572
278 615 1.7857142857142858
278 645 -1.7857142857142858
278 656 2.0
279 280 0.9285714285714286
279 764 0.9285714285714286
279 775 1.3571428571428572
279 804 2.0
279 813 -0.5714285714285714
280 281 1.3571428571428572
281 282 1.3571428571428572
283 291 1.7857142857142858
284 285 0.9285714285714286
284 293 2.0
284 294 -0.9285714285714286
284 299 0.9285714285714286
284 331 2.0
284 339 1.7857142857142858
285 286 0.9285714285714286
285 294 -2.0
285 378 -2.0
285 415 1.3571428571428572
286 287 2.0
286 295 0.9285714285714286
286 445 -1.7857142857142858
286 484 -2.0
286 494 -0.9285714285714286
287 288 -0.5714285714285714
287 295 0.5714285714285714
287 517 1.7857142857142858
287 527 -1.3571428571428572
287 550 -0.9285714285714286
288 585 -2.0
288 594 -0.5714285714285714
288 623 -1.7857142857142858
288 633 -0.5714285714285714
289 290 2.0
289 296 0.9285714285714286
289 297 -1.3571428571428572
289 742 -0.9285714285714286
289 784 0.5714285714285714
289 794 -0.5714285714285714
290 297 -1.7857142857142858
290 298 -0.5714285714285714
291 292 -0.9285714285714286
292 293 1.7857142857142858
293 294 1.7857142857142858
293 299 0.5714285714285714
294 331 2.0
294 339 -1.7857142857142858
294 378 -1.3571428571428572
295 484 -1.3571428571428572
295 494 1.7857142857142858
295 517 -0.9285714285714286
295 527 0.5714285714285714
296 297 -2.0
296 742 1.3571428571428572
296 752 -0.5714285714285714
297 298 -1.3571428571428572
297 784 -2.0
297 794 1.7857142857142858
299 300 -1.3571428571428572
299 308 2.0
299 316 0.9285714285714286
299 323 2.0
300 301 1.7857142857142858
300 308 -1.3571428571428572
300 309 -0.5714285714285714
300 352 -2.0
300 361 2.0
300 390 1.3571428571428572
300 397 -0.5714285714285714
301 302 1.3571428571428572
301 309 0.9285714285714286
301 310 1.7857142857142858
301 427 1.7857142857142858
301 436 -2.0
301 467 2.0
302 303 -2.0
302 310 -1.7857142857142858
302 503 0.9285714285714286
302 536 -1.3571428571428572
303 311 -0.5714285714285714
303 567 0.5714285714285714
303 575 0.5714285714285714
304 305 -1.7857142857142858
304 312 -2.0
304 724 -0.5714285714285714
304 765 0.9285714285714286
304 775 0.5714285714285714
305 306 2.0
305 312 1.7857142857142858
305 313 -1.7857142857142858
305 805 0.5714285714285714
305 813 -2.0
306 307 -0.5714285714285714
306 313 -1.3571428571428572
308 309 0.5714285714285714
308 316 0.5714285714285714
308 323 -1.7857142857142858
308 352 -2.0
308 361 -1.3571428571428572
309 310 0.5714285714285714
309 390 -0.9285714285714286
309 397 0.9285714285714286
309 427 0.9285714285714286
309 436 -1.3571428571428572
310 467 0.9285714285714286
310 503 -0.5714285714285714
311 606 -1.3571428571428572
311 615 -1.3571428571428572
311 656 1.7857142857142858
312 313 -1.7857142857142858
312 765 -2.0
312 805 1.7857142857142858
312 813 0.5714285714285714
314 321 -1.3571428571428572
315 316 0.9285714285714286
315 322 -0.5714285714285714
315 323 1.3571428571428572
316 317 -1.7857142857142858
316 323 -1.3571428571428572
316 324 -1.3571428571428572
316 331 0.5714285714285714
316 340 0.5714285714285714
317 324 1.7857142857142858
317 325 1.3571428571428572
317 379 -1.3571428571428572
317 406 0.9285714285714286
317 416 1.7857142857142858
318 326 0.5714285714285714
318 327 -0.5714285714285714
318 517 1.7857142857142858
318 528 1.7857142857142858
318 550 1.7857142857142858
319 320 1.3571428571428572
319 329 -1.3571428571428572
319 742 -1.7857142857142858
319 753 1.7857142857142858
319 784 -1.7857142857142858
319 795 1.3571428571428572
320 329 -0.9285714285714286
321 322 0.9285714285714286
322 323 0.9285714285714286
323 324 -0.5714285714285714
324 325 2.0
324 331 -2.0
324 340 2.0
324 379 -0.9285714285714286
325 326 1.3571428571428572
325 406 1.7857142857142858
325 416 -1.7857142857142858
325 445 -0.5714285714285714
325 454 1.7857142857142858
326 327 -1.7857142857142858
326 484 -1.7857142857142858
326 495 -1.7857142857142858
326 517 0.5714285714285714
326 528 -1.3571428571428572
327 328 0.5714285714285714
327 550 0.5714285714285714
327 585 1.7857142857142858
327 595 -2.0
328 623 -2.0
328 634 0.5714285714285714
328 666 -2.0
328 676 -0.9285714285714286
329 784 -1.7857142857142858
329 795 0.9285714285714286
330 331 -0.9285714285714286
330 339 0.9285714285714286
331 332 0.9285714285714286
331 339 1.3571428571428572
331 340 0.9285714285714286
332 333 -1.3571428571428572
332 340 0.9285714285714286
332 341 -0.9285714285714286
332 352 1.7857142857142858
332 362 -0.5714285714285714
332 390 -0.5714285714285714
332 398 -0.5714285714285714
333 334 -0.9285714285714286
333 341 -0.5714285714285714
333 342 -0.9285714285714286
333 427 1.3571428571428572
333 437 -1.7857142857142858
333 467 0.9285714285714286
333 476 -2.0
334 335 -1.7857142857142858
334 342 -0.5714285714285714
334 343 1.7857142857142858
334 503 -1.3571428571428572
334 509 -1.3571428571428572
334 536 -2.0
334 544 0.9285714285714286
335 336 0.5714285714285714
335 343 1.3571428571428572
335 344 0.9285714285714286
335 576 0.5714285714285714
335 606 -1.7857142857142858
335 616 -1.3571428571428572
336 337 2.0
336 646 2.0
336 657 -0.5714285714285714
336 687 -2.0
336 697 0.5714285714285714
337 345 2.0
337 724 1.3571428571428572
337 733 -1.7857142857142858
337 765 0.9285714285714286
337 776 2.0
338 347 1.7857142857142858
338 348 1.3571428571428572
339 340 -1.3571428571428572
340 341 2.0
340 362 -2.0
341 342 1.7857142857142858
341 390 1.7857142857142858
341 398 0.9285714285714286
341 427 1.3571428571428572
341 437 -1.7857142857142858
342 343 0.9285714285714286
342 467 2.0
342 476 -0.5714285714285714
342 503 0.9285714285714286
342 509 -0.9285714285714286
343 344 -1.7857142857142858
343 536 1.3571428571428572
343 544 -1.7857142857142858
343 567 1.3571428571428572
343 576 2.0
344 606 0.9285714285714286
344 616 -1.7857142857142858
345 346 1.7857142857142858
345 765 -2.0
345 776 0.5714285714285714
345 805 1.7857142857142858
345 814 2.0
346 347 -0.5714285714285714
347 348 1.3571428571428572
349 350 0.9285714285714286
349 359 -0.9285714285714286
350 351 -1.3571428571428572
350 359 -0.5714285714285714
350 360 -0.9285714285714286
351 352 1.7857142857142858
351 360 -2.0
351 361 2.0
352 353 1.7857142857142858
352 361 -0.5714285714285714
352 362 -0.9285714285714286
353 354 2.0
353 362 -2.0
353 363 1.7857142857142858
353 370 0.5714285714285714
353 379 -0.9285714285714286
353 407 -1.3571428571428572
353 416 -2.0
354 363 0.5714285714285714
354 364 -2.0
354 446 2.0
354 454 0.9285714285714286
354 485 1.7857142857142858
354 495 1.3571428571428572
355 356 0.9285714285714286
355 366 -0.5714285714285714
355 586 0.5714285714285714
355 595 -1.3571428571428572
355 624 -1.7857142857142858
356 357 2.0
356 366 -0.5714285714285714
356 367 -1.3571428571428572
356 667 2.0
356 676 0.5714285714285714
356 706 1.3571428571428572
356 714 -2.0
357 358 0.9285714285714286
357 367 -0.9285714285714286
357 743 0.9285714285714286
357 753 2.0
357 785 -2.0
357 795 -1.3571428571428572
358 823 -1.3571428571428572
359 360 -1.3571428571428572
360 361 1.7857142857142858
361 362 0.9285714285714286
362 363 0.5714285714285714
362 370 -1.7857142857142858
362 379 1.3571428571428572
363 364 1.7857142857142858
363 407 0.5714285714285714
363 416 0.5714285714285714
363 446 -1.3571428571428572
363 454 0.5714285714285714
364 365 0.9285714285714286
364 485 -0.5714285714285714
364 495 1.3571428571428572
364 518 0.5714285714285714
364 528 -0.5714285714285714
365 366 1.7857142857142858
365 551 -1.7857142857142858
365 586 0.9285714285714286
365 595 1.7857142857142858
366 367 -1.3571428571428572
366 624 0.9285714285714286
366 634 1.3571428571428572
366 667 1.7857142857142858
366 676 -1.3571428571428572
367 706 0.9285714285714286
367 714 -1.3571428571428572
367 743 1.7857142857142858
367 753 -0.5714285714285714
369 378 1.7857142857142858
370 371 -1.3571428571428572
370 379 0.9285714285714286
370 380 2.0
370 398 2.0
371 372 -1.3571428571428572
371 380 -0.9285714285714286
371 381 -1.7857142857142858
371 428 0.9285714285714286
371 437 0.9285714285714286
371 468 0.5714285714285714
371 476 -0.5714285714285714
372 373 1.3571428571428572
372 381 -0.9285714285714286
372 504 1.7857142857142858
372 509 2.0
372 537 -1.3571428571428572
372 544 -0.5714285714285714
373 374 -0.5714285714285714
373 382 -1.3571428571428572
373 576 -0.9285714285714286
373 607 0.5714285714285714
373 616 0.9285714285714286
374 375 -2.0
374 382 0.9285714285714286
374 383 -1.3571428571428572
374 647 1.7857142857142858
374 657 1.3571428571428572
374 688 0.5714285714285714
374 697 -0.9285714285714286
375 376 2.0
375 383 -2.0
375 384 1.7857142857142858
375 733 1.3571428571428572
375 766 1.3571428571428572
375 776 0.5714285714285714
376 384 1.3571428571428572
376 385 0.9285714285714286
376 806 -0.5714285714285714
376 814 -2.0
377 386 -0.5714285714285714
378 379 -0.9285714285714286
379 380 -0.5714285714285714
380 391 -0.9285714285714286
380 398 -2.0
380 428 1.3571428571428572
380 437 -0.5714285714285714
381 468 -1.7857142857142858
381 476 2.0
381 504 0.5714285714285714
381 509 1.7857142857142858
382 383 0.5714285714285714
382 607 2.0
382 647 -1.3571428571428572
382 657 0.5714285714285714
383 384 -2.0
383 688 1.3571428571428572
383 697 -1.7857142857142858
383 733 1.3571428571428572
384 385 0.9285714285714286
384 766 -1.7857142857142858
384 776 -0.9285714285714286
384 806 0.5714285714285714
384 814 -0.5714285714285714
385 386 -0.5714285714285714
387 388 1.7857142857142858
388 389 0.9285714285714286
388 396 1.7857142857142858
389 390 0.5714285714285714
389 396 0.5714285714285714
389 397 -0.9285714285714286
390 398 0.5714285714285714
391 392 -0.5714285714285714
391 398 1.7857142857142858
391 399 0.5714285714285714
391 407 -1.7857142857142858
391 417 1.3571428571428572
392 393 -2.0
392 399 1.3571428571428572
392 400 0.5714285714285714
392 446 2.0
392 455 -0.9285714285714286
392 485 1.3571428571428572
392 496 -0.9285714285714286
393 400 -0.5714285714285714
393 401 1.7857142857142858
393 518 -1.3571428571428572
393 551 -1.3571428571428572
393 557 -2.0
394 395 -1.3571428571428572
394 403 -2.0
394 404 -1.3571428571428572
394 743 -2.0
394 754 -0.5714285714285714
394 785 1.3571428571428572
394 796 1.3571428571428572
395 404 1.3571428571428572
395 823 -1.3571428571428572
395 831 1.7857142857142858
396 397 -0.5714285714285714
397 398 -2.0
398 399 -2.0
399 400 -0.5714285714285714
399 407 0.5714285714285714
399 417 0.5714285714285714
399 446 1.7857142857142858
399 455 -1.7857142857142858
400 401 -1.7857142857142858
400 485 0.9285714285714286
400 496 1.7857142857142858
400 518 0.9285714285714286
400 529 -1.7857142857142858
401 402 1.7857142857142858
401 551 1.3571428571428572
401 557 1.7857142857142858
401 586 -0.9285714285714286
401 596 1.3571428571428572
402 403 0.9285714285714286
402 624 0.9285714285714286
402 635 -0.9285714285714286
402 667 1.7857142857142858
403 404 -1.7857142857142858
403 706 1.7857142857142858
403 715 0.9285714285714286
403 743 1.7857142857142858
403 754 -2.0
404 785 1.3571428571428572
404 796 -0.9285714285714286
404 823 1.7857142857142858
404 831 2.0
405 406 -1.3571428571428572
405 415 0.5714285714285714
406 407 -2.0
406 415 1.3571428571428572
406 416 -2.0
407 408 0.9285714285714286
407 416 -0.5714285714285714
407 417 2.0
408 409 -0.9285714285714286
408 417 2.0
408 418 0.9285714285714286
408 428 -2.0
408 438 -1.7857142857142858
408 468 2.0
409 410 1.7857142857142858
409 418 1.3571428571428572
409 504 0.9285714285714286
409 510 -1.3571428571428572
409 537 -0.5714285714285714
410 419 -2.0
410 577 -0.5714285714285714
410 607 1.7857142857142858
410 617 0.9285714285714286
411 412 0.5714285714285714
411 420 0.9285714285714286
411 421 1.7857142857142858
411 734 1.7857142857142858
411 766 1.7857142857142858
411 777 -1.3571428571428572
412 413 -0.5714285714285714
412 421 2.0
412 806 0.9285714285714286
412 815 -1.3571428571428572
413 414 -0.5714285714285714
413 422 2.0
414 422 1.3571428571428572
414 423 1.7857142857142858
415 416 -1.3571428571428572
416 417 2.0
417 418 -1.7857142857142858
417 428 2.0
417 438 1.7857142857142858
418 468 -0.5714285714285714
418 504 -1.7857142857142858
418 510 -1.3571428571428572
419 420 -0.9285714285714286
419 607 -1.3571428571428572
419 617 -0.9285714285714286
419 647 -1.3571428571428572
420 421 0.9285714285714286
420 688 0.9285714285714286
420 698 1.7857142857142858
420 734 0.5714285714285714
421 766 -1.3571428571428572
421 806 2.0
421 815 0.9285714285714286
422 423 0.9285714285714286
424 425 1.3571428571428572
425 426 -2.0
425 435 -0.9285714285714286
426 427 -1.7857142857142858
426 435 -0.5714285714285714
426 436 2.0
427 436 2.0
427 437 1.7857142857142858
428 429 2.0
428 437 -2.0
428 438 1.3571428571428572
429 430 -1.3571428571428572
429 438 -2.0
429 439 -1.3571428571428572
429 447 -1.3571428571428572
429 455 0.9285714285714286
429 486 1.7857142857142858
429 496 -1.7857142857142858
430 431 1.3571428571428572
430 439 -0.5714285714285714
430 440 2.0
430 519 0.9285714285714286
430 529 1.3571428571428572
430 552 -0.9285714285714286
430 557 0.5714285714285714
431 432 1.7857142857142858
431 440 -1.3571428571428572
431 441 0.9285714285714286
431 596 1.3571428571428572
431 625 -0.5714285714285714
431 635 -0.9285714285714286
432 433 -0.9285714285714286
432 441 -1.7857142857142858
432 442 0.5714285714285714
432 668 -0.9285714285714286
432 707 2.0
432 715 -2.0
433 434 1.3571428571428572
433 442 -2.0
433 443 1.3571428571428572
433 754 -0.5714285714285714
433 786 -2.0
433 796 -1.3571428571428572
434 443 1.7857142857142858
434 444 -0.5714285714285714
434 824 0.9285714285714286
434 831 0.5714285714285714
435 436 0.9285714285714286
436 437 -0.9285714285714286
437 438 2.0
438 439 -0.9285714285714286
438 447 1.3571428571428572
438 455 -1.7857142857142858
439 440 2.0
439 486 -1.7857142857142858
439 496 0.9285714285714286
439 519 -0.9285714285714286
439 529 2.0
440 441 0.5714285714285714
440 552 -2.0
440 557 0.5714285714285714
440 596 -2.0
441 442 -0.9285714285714286
441 625 0.5714285714285714
441 635 -0.5714285714285714
441 668 -0.9285714285714286
442 443 1.7857142857142858
442 707 2.0
442 715 -0.5714285714285714
442 744 -0.9285714285714286
442 754 2.0
443 444 -2.0
443 786 1.3571428571428572
443 796 -2.0
443 824 2.0
443 831 0.9285714285714286
445 446 -2.0
445 454 -0.9285714285714286
446 447 -0.5714285714285714
446 454 -0.9285714285714286
446 455 -0.5714285714285714
447 448 1.3571428571428572
447 455 2.0
447 456 1.7857142857142858
447 469 -1.7857142857142858
448 449 0.5714285714285714
448 456 -1.3571428571428572
448 457 -0.5714285714285714
448 505 1.3571428571428572
448 510 0.5714285714285714
449 450 0.5714285714285714
449 457 -1.3571428571428572
449 458 -0.5714285714285714
449 577 0.5714285714285714
449 608 -1.7857142857142858
449 617 2.0
450 451 -1.3571428571428572
450 458 -1.3571428571428572
450 459 -1.7857142857142858
450 648 -1.7857142857142858
450 658 1.3571428571428572
450 689 2.0
450 698 -1.3571428571428572
451 452 -0.5714285714285714
451 460 -0.9285714285714286
451 725 2.0
451 767 1.3571428571428572
451 777 -2.0
452 453 -0.9285714285714286
452 460 0.5714285714285714
452 461 -0.9285714285714286
452 807 2.0
452 815 -1.3571428571428572
453 462 2.0
454 455 0.5714285714285714
455 456 -1.3571428571428572
456 457 0.9285714285714286
456 469 -1.3571428571428572
456 505 1.7857142857142858
456 510 0.9285714285714286
457 458 -0.5714285714285714
457 538 1.7857142857142858
457 577 1.3571428571428572
458 459 1.3571428571428572
458 608 -0.5714285714285714
458 617 2.0
458 648 -0.9285714285714286
458 658 1.3571428571428572
459 460 -0.9285714285714286
459 689 -1.3571428571428572
459 698 1.7857142857142858
459 725 -0.5714285714285714
459 734 -2.0
460 767 -0.5714285714285714
460 777 0.9285714285714286
460 807 2.0
460 815 -0.9285714285714286
461 462 -0.5714285714285714
462 463 0.5714285714285714
464 465 1.3571428571428572
465 466 1.7857142857142858
465 475 2.0
466 467 -1.3571428571428572
466 475 1.7857142857142858
467 468 -2.0
467 476 0.9285714285714286
468 469 1.7857142857142858
468 476 -1.7857142857142858
469 470 2.0
469 477 1.7857142857142858
469 486 -0.9285714285714286
470 471 0.5714285714285714
470 477 -1.7857142857142858
470 478 0.5714285714285714
470 519 1.3571428571428572
470 530 0.5714285714285714
470 552 -1.7857142857142858
470 558 1.3571428571428572
471 472 0.5714285714285714
471 478 1.3571428571428572
471 479 0.9285714285714286
471 597 -1.7857142857142858
471 625 0.5714285714285714
471 636 -1.3571428571428572
472 473 1.3571428571428572
472 479 1.7857142857142858
472 480 -2.0
472 668 2.0
472 677 1.3571428571428572
472 707 -2.0
472 716 -1.3571428571428572
473 474 -1.3571428571428572
473 480 -0.9285714285714286
473 481 -0.9285714285714286
473 744 -1.3571428571428572
473 755 -1.3571428571428572
473 786 -0.9285714285714286
473 797 2.0
474 481 -0.5714285714285714
474 482 1.7857142857142858
474 824 -1.7857142857142858
474 832 0.5714285714285714
477 478 0.5714285714285714
477 530 1.7857142857142858
478 479 -1.3571428571428572
478 597 1.7857142857142858
479 480 -0.5714285714285714
479 625 -1.3571428571428572
479 636 0.9285714285714286
479 668 -1.3571428571428572
479 677 1.3571428571428572
480 481 -1.3571428571428572
480 707 1.7857142857142858
480 716 0.5714285714285714
480 744 2.0
480 755 2.0
481 482 1.7857142857142858
481 786 -0.9285714285714286
481 797 -2.0
481 824 -0.9285714285714286
481 832 2.0
483 494 -1.7857142857142858
484 485 -0.9285714285714286
484 494 1.3571428571428572
484 495 0.5714285714285714
485 486 1.3571428571428572
485 495 -1.7857142857142858
485 496 0.9285714285714286
486 496 1.7857142857142858
487 488 1.7857142857142858
487 505 0.5714285714285714
487 511 -1.3571428571428572
487 538 -1.3571428571428572
488 489 -0.9285714285714286
488 497 -1.7857142857142858
488 578 -2.0
488 608 -2.0
489 490 1.3571428571428572
489 497 -0.5714285714285714
489 498 -0.9285714285714286
489 648 -2.0
489 659 -0.5714285714285714
489 689 -1.3571428571428572
489 699 2.0
490 491 0.5714285714285714
490 498 -0.9285714285714286
490 499 0.5714285714285714
490 725 2.0
490 735 2.0
490 767 2.0
490 778 -0.9285714285714286
491 492 -2.0
491 499 1.3571428571428572
491 807 -2.0
491 816 -2.0
492 493 -1.3571428571428572
492 500 -1.3571428571428572
493 500 1.7857142857142858
493 501 -1.3571428571428572
494 495 0.5714285714285714
495 496 0.9285714285714286
497 498 -0.5714285714285714
497 608 0.9285714285714286
497 648 -2.0
497 659 0.9285714285714286
498 499 1.3571428571428572
498 689 0.5714285714285714
498 725 1.3571428571428572
498 735 1.3571428571428572
499 767 0.9285714285714286
499 778 -0.9285714285714286
499 807 -1.7857142857142858
499 816 2.0
500 501 0.9285714285714286
503 504 -1.7857142857142858
503 509 1.3571428571428572
504 505 0.9285714285714286
504 509 0.9285714285714286
504 510 1.3571428571428572
505 510 -1.3571428571428572
505 511 -0.5714285714285714
506 507 -1.7857142857142858
506 512 2.0
506 513 -1.7857142857142858
506 587 -0.9285714285714286
506 597 -1.3571428571428572
506 626 -0.5714285714285714
506 636 2.0
507 513 1.7857142857142858
507 669 -1.3571428571428572
507 677 1.7857142857142858
507 708 1.3571428571428572
507 716 -2.0
508 514 0.5714285714285714
508 515 0.5714285714285714
508 825 2.0
508 832 1.7857142857142858
509 510 -2.0
510 511 -0.5714285714285714
511 512 -1.3571428571428572
511 520 -1.7857142857142858
511 530 -1.7857142857142858
512 513 1.7857142857142858
512 558 2.0
512 587 2.0
512 597 1.7857142857142858
513 626 0.9285714285714286
513 636 -1.3571428571428572
513 669 1.7857142857142858
513 677 1.7857142857142858
514 515 1.7857142857142858
514 787 0.9285714285714286
514 797 -1.7857142857142858
514 825 0.9285714285714286
514 832 0.5714285714285714
516 517 0.9285714285714286
516 527 -0.5714285714285714
517 518 1.7857142857142858
517 527 0.5714285714285714
517 528 -2.0
518 519 0.5714285714285714
518 528 -1.3571428571428572
518 529 1.7857142857142858
519 520 -1.3571428571428572
519 529 -1.3571428571428572
519 530 -1.3571428571428572
520 521 2.0
520 530 1.7857142857142858
520 531 0.9285714285714286
520 539 0.5714285714285714
521 531 0.9285714285714286
521 532 -0.9285714285714286
521 568 -1.3571428571428572
521 578 -1.7857142857142858
522 523 -2.0
522 532 1.7857142857142858
522 649 1.7857142857142858
522 659 1.7857142857142858
522 690 0.5714285714285714
522 699 -1.3571428571428572
523 524 0.9285714285714286
523 726 -1.3571428571428572
523 735 -1.7857142857142858
523 778 -2.0
524 525 -0.5714285714285714
524 533 -2.0
524 808 0.9285714285714286
524 816 -0.9285714285714286
525 526 2.0
525 533 0.9285714285714286
525 534 -0.5714285714285714
526 534 2.0
526 535 -1.7857142857142858
527 528 1.7857142857142858
528 529 -0.9285714285714286
529 530 1.7857142857142858
530 531 -0.5714285714285714
531 532 0.9285714285714286
531 539 0.5714285714285714
531 568 1.3571428571428572
531 578 1.7857142857142858
532 649 -1.7857142857142858
532 659 0.5714285714285714
533 534 1.7857142857142858
534 535 0.5714285714285714
536 537 2.0
536 544 -1.3571428571428572
537 538 0.9285714285714286
537 544 2.0
538 539 0.5714285714285714
539 540 -1.3571428571428572
539 545 0.5714285714285714
539 559 1.7857142857142858
540 541 0.9285714285714286
540 545 -2.0
540 546 -1.3571428571428572
540 587 -1.7857142857142858
540 598 1.7857142857142858
540 626 0.5714285714285714
540 637 -0.9285714285714286
541 546 -2.0
541 547 -1.3571428571428572
541 669 -1.3571428571428572
541 678 2.0
541 708 -0.9285714285714286
541 717 0.9285714285714286
542 547 -1.3571428571428572
542 745 -1.7857142857142858
542 756 -1.3571428571428572
542 787 -2.0
542 798 1.3571428571428572
545 546 -0.5714285714285714
545 559 -0.9285714285714286
545 587 0.9285714285714286
545 598 0.9285714285714286
546 547 -1.7857142857142858
546 626 -0.5714285714285714
546 637 1.3571428571428572
546 669 1.7857142857142858
546 678 0.5714285714285714
547 708 0.9285714285714286
547 717 -1.3571428571428572
547 745 -1.3571428571428572
547 756 -0.9285714285714286
549 550 -0.5714285714285714
550 551 1.3571428571428572
551 552 1.7857142857142858
551 557 -0.5714285714285714
552 557 -1.7857142857142858
552 558 -2.0
553 554 0.5714285714285714
553 559 -1.3571428571428572
553 560 0.9285714285714286
553 568 1.3571428571428572
553 579 1.7857142857142858
554 555 -2.0
554 649 -1.3571428571428572
554 660 -1.3571428571428572
554 690 2.0
554 700 -1.7857142857142858
555 556 1.7857142857142858
555 561 -2.0
555 562 -1.3571428571428572
555 726 1.3571428571428572
555 736 0.9285714285714286
555 768 0.9285714285714286
555 779 -0.9285714285714286
556 562 -1.3571428571428572
556 808 -1.3571428571428572
556 817 -0.9285714285714286
557 558 -0.5714285714285714
558 559 -0.9285714285714286
559 560 -2.0
559 568 0.9285714285714286
559 579 1.7857142857142858
560 561 -1.7857142857142858
560 649 1.7857142857142858
560 660 -0.9285714285714286
561 562 2.0
561 690 -0.5714285714285714
561 726 0.9285714285714286
561 736 0.5714285714285714
562 768 1.3571428571428572
562 779 1.3571428571428572
562 808 -0.5714285714285714
562 817 -0.5714285714285714
563 564 0.9285714285714286
565 566 -0.5714285714285714
565 573 -1.7857142857142858
566 573 -0.9285714285714286
566 574 0.9285714285714286
567 575 -0.9285714285714286
567 576 2.0
568 569 2.0
568 578 2.0
568 579 -0.5714285714285714
569 570 1.3571428571428572
569 579 -1.3571428571428572
569 580 0.9285714285714286
569 588 0.5714285714285714
569 598 1.7857142857142858
569 627 1.7857142857142858
569 637 1.3571428571428572
570 571 1.7857142857142858
570 580 -1.3571428571428572
570 581 -0.5714285714285714
570 670 1.3571428571428572
570 678 -1.3571428571428572
570 709 2.0
570 717 2.0
571 572 2.0
571 581 -0.5714285714285714
571 582 2.0
571 746 0.9285714285714286
571 756 -0.5714285714285714
571 788 -1.7857142857142858
572 582 1.3571428571428572
572 583 -0.9285714285714286
572 826 -2.0
572 833 -1.3571428571428572
573 574 -0.9285714285714286
574 575 -1.3571428571428572
575 576 0.5714285714285714
576 577 -0.9285714285714286
577 578 1.3571428571428572
578 579 -0.5714285714285714
579 580 1.3571428571428572
579 588 -2.0
579 598 0.9285714285714286
580 581 0.9285714285714286
580 627 0.9285714285714286
580 637 0.5714285714285714
580 670 1.7857142857142858
580 678 -2.0
581 582 0.9285714285714286
581 709 -1.7857142857142858
581 717 1.3571428571428572
581 746 -1.3571428571428572
581 756 -0.5714285714285714
582 583 -2.0
582 788 -1.3571428571428572
582 798 0.9285714285714286
582 826 -2.0
582 833 -0.9285714285714286
584 585 -1.7857142857142858
584 594 -1.7857142857142858
585 586 1.7857142857142858
585 594 -1.3571428571428572
585 595 -1.7857142857142858
586 596 0.9285714285714286
587 588 -1.3571428571428572
587 597 -0.5714285714285714
587 598 0.5714285714285714
588 589 1.3571428571428572
588 598 0.9285714285714286
588 599 -0.5714285714285714
588 609 1.3571428571428572
589 590 -2.0
589 599 0.9285714285714286
589 600 -2.0
589 650 1.7857142857142858
589 660 -2.0
589 691 -1.7857142857142858
589 700 1.7857142857142858
590 591 1.7857142857142858
590 600 -1.7857142857142858
590 601 -0.5714285714285714
590 727 -1.7857142857142858
590 736 2.0
590 769 -2.0
590 779 -1.3571428571428572
591 592 -1.7857142857142858
591 601 -0.9285714285714286
591 809 -1.7857142857142858
591 817 1.7857142857142858
592 593 0.9285714285714286
593 602 -0.5714285714285714
594 595 -2.0
595 596 -0.9285714285714286
596 597 1.7857142857142858
597 598 1.3571428571428572
598 599 -1.7857142857142858
599 600 -0.9285714285714286
599 609 1.3571428571428572
599 650 1.3571428571428572
599 660 1.3571428571428572
600 601 -1.7857142857142858
600 691 -2.0
600 700 0.5714285714285714
600 727 1.3571428571428572
600 736 -0.9285714285714286
601 769 1.3571428571428572
601 779 -2.0
601 809 0.5714285714285714
601 817 1.3571428571428572
603 604 0.9285714285714286
604 605 1.7857142857142858
604 613 -2.0
604 614 0.5714285714285714
605 606 1.7857142857142858
605 614 2.0
605 615 -0.9285714285714286
606 607 -0.5714285714285714
606 615 -1.3571428571428572
607 608 1.7857142857142858
607 616 1.7857142857142858
607 617 0.9285714285714286
608 617 1.3571428571428572
609 610 1.7857142857142858
609 618 -0.9285714285714286
609 627 1.3571428571428572
609 638 1.7857142857142858
610 611 -1.3571428571428572
610 618 -0.9285714285714286
610 619 -0.5714285714285714
610 670 2.0
610 679 -1.7857142857142858
610 709 -1.3571428571428572
610 718 1.3571428571428572
611 612 -1.7857142857142858
611 619 -1.3571428571428572
611 620 0.9285714285714286
611 746 -2.0
611 757 0.5714285714285714
611 788 -0.5714285714285714
612 620 0.9285714285714286
612 621 0.9285714285714286
612 826 1.7857142857142858
612 834 0.9285714285714286
613 614 -1.3571428571428572
614 615 -0.5714285714285714
615 616 -0.5714285714285714
616 617 -2.0
618 619 0.5714285714285714
618 627 1.3571428571428572
618 638 1.3571428571428572
618 670 -1.7857142857142858
618 679 -0.5714285714285714
619 620 -0.9285714285714286
619 709 -1.3571428571428572
619 718 -0.9285714285714286
619 746 -2.0
619 757 1.3571428571428572
620 621 2.0
620 788 -0.5714285714285714
620 826 2.0
620 834 1.3571428571428572
622 623 1.3571428571428572
622 633 -0.9285714285714286
623 624 -0.9285714285714286
623 633 1.3571428571428572
623 634 -0.9285714285714286
624 625 0.5714285714285714
624 634 1.3571428571428572
624 635 -1.3571428571428572
625 626 0.9285714285714286
625 635 2.0
625 636 -1.3571428571428572
626 627 0.5714285714285714
626 636 1.3571428571428572
626 637 -1.3571428571428572
627 628 -0.9285714285714286
627 637 -0.9285714285714286
627 638 0.5714285714285714
628 629 -1.7857142857142858
628 639 -0.5714285714285714
628 650 2.0
628 661 -0.9285714285714286
628 691 2.0
628 701 -1.3571428571428572
629 630 -0.9285714285714286
629 639 0.5714285714285714
629 640 -1.3571428571428572
629 727 -0.5714285714285714
629 737 1.7857142857142858
629 769 -0.5714285714285714
629 780 -0.9285714285714286
630 631 1.3571428571428572
630 640 -0.9285714285714286
630 641 2.0
630 809 -1.7857142857142858
630 818 -0.9285714285714286
631 632 2.0
631 641 -0.9285714285714286
631 642 -0.9285714285714286
632 642 1.3571428571428572
632 643 2.0
633 634 -1.3571428571428572
634 635 2.0
635 636 -2.0
636 637 -1.3571428571428572
637 638 0.9285714285714286
638 650 1.3571428571428572
638 661 -2.0
639 640 -1.7857142857142858
639 691 2.0
639 701 1.3571428571428572
639 727 1.7857142857142858
639 737 -1.3571428571428572
640 641 -1.3571428571428572
640 769 -0.9285714285714286
640 780 1.3571428571428572
640 809 -1.3571428571428572
640 818 -1.3571428571428572
641 642 -1.3571428571428572
642 643 1.7857142857142858
644 654 0.5714285714285714
645 646 1.7857142857142858
645 655 2.0
645 656 0.5714285714285714
646 647 -1.3571428571428572
646 656 -0.5714285714285714
646 657 -1.7857142857142858
647 657 -0.9285714285714286
647 658 0.5714285714285714
648 649 -1.3571428571428572
648 658 1.3571428571428572
648 659 2.0
649 650 1.3571428571428572
649 659 -1.3571428571428572
649 660 0.5714285714285714
650 651 -1.7857142857142858
650 660 -1.7857142857142858
650 661 0.9285714285714286
651 652 0.5714285714285714
651 661 -0.9285714285714286
651 662 0.9285714285714286
651 679 0.9285714285714286
651 710 2.0
651 718 -2.0
652 653 -1.7857142857142858
652 662 2.0
652 663 -1.7857142857142858
652 747 0.9285714285714286
652 757 2.0
652 789 -1.3571428571428572
653 663 -0.5714285714285714
653 664 -0.5714285714285714
653 827 0.5714285714285714
653 834 0.9285714285714286
654 655 1.3571428571428572
655 656 0.5714285714285714
656 657 1.3571428571428572
657 658 -2.0
658 659 2.0
659 660 0.9285714285714286
660 661 -2.0
661 662 -1.7857142857142858
661 679 -1.7857142857142858
662 663 -0.5714285714285714
662 710 -1.7857142857142858
662 718 -1.7857142857142858
662 747 0.5714285714285714
662 757 -0.5714285714285714
663 664 0.5714285714285714
663 789 1.3571428571428572
663 827 0.9285714285714286
663 834 -0.5714285714285714
665 666 0.5714285714285714
665 675 1.7857142857142858
666 667 1.3571428571428572
666 675 -2.0
666 676 -1.3571428571428572
667 668 -1.3571428571428572
667 676 1.7857142857142858
668 669 0.9285714285714286
668 677 -2.0
669 670 -1.7857142857142858
669 677 1.3571428571428572
669 678 0.9285714285714286
670 678 1.3571428571428572
670 679 -0.9285714285714286
671 672 1.3571428571428572
671 680 2.0
671 681 -0.5714285714285714
671 728 2.0
671 737 -0.9285714285714286
671 770 -0.5714285714285714
671 780 0.5714285714285714
672 673 -0.9285714285714286
672 681 1.7857142857142858
672 682 1.7857142857142858
672 810 -1.3571428571428572
672 818 2.0
673 674 0.9285714285714286
673 682 0.5714285714285714
673 683 1.3571428571428572
674 683 -1.7857142857142858
674 684 0.9285714285714286
675 676 0.9285714285714286
677 678 -0.5714285714285714
678 679 -0.5714285714285714
679 680 -2.0
680 681 1.3571428571428572
680 692 -0.5714285714285714
680 701 1.7857142857142858
680 728 -1.3571428571428572
680 737 2.0
681 682 -0.5714285714285714
681 770 1.7857142857142858
681 780 -0.5714285714285714
681 810 2.0
681 818 -1.3571428571428572
682 683 1.3571428571428572
683 684 1.7857142857142858
685 686 -2.0
685 694 1.3571428571428572
686 694 1.3571428571428572
686 695 -0.5714285714285714
687 688 0.9285714285714286
687 696 1.7857142857142858
687 697 -2.0
688 689 -1.7857142857142858
688 697 -2.0
688 698 -0.5714285714285714
689 690 -2.0
689 698 0.5714285714285714
689 699 -2.0
690 691 2.0
690 699 0.5714285714285714
690 700 0.9285714285714286
691 692 -1.3571428571428572
691 700 0.5714285714285714
691 701 -2.0
692 701 1.3571428571428572
692 702 1.7857142857142858
692 710 -0.5714285714285714
693 703 0.5714285714285714
693 704 1.3571428571428572
693 827 -1.7857142857142858
693 835 1.7857142857142858
694 695 0.9285714285714286
695 696 1.3571428571428572
696 697 1.7857142857142858
697 698 1.3571428571428572
699 700 -0.5714285714285714
700 701 1.3571428571428572
701 702 -1.7857142857142858
702 703 -1.7857142857142858
702 710 1.3571428571428572
702 747 -1.3571428571428572
702 758 -2.0
703 704 -2.0
703 789 1.3571428571428572
703 827 -0.9285714285714286
703 835 -1.3571428571428572
706 707 1.7857142857142858
706 714 -1.7857142857142858
706 715 -0.9285714285714286
707 708 1.7857142857142858
707 715 1.7857142857142858
707 716 -0.5714285714285714
708 709 -0.9285714285714286
708 716 1.7857142857142858
708 717 1.7857142857142858
709 710 -0.5714285714285714
709 717 -2.0
709 718 -2.0
710 711 2.0
710 718 -1.3571428571428572
711 712 -1.3571428571428572
711 719 -1.7857142857142858
711 728 -1.3571428571428572
711 738 -0.5714285714285714
711 770 1.7857142857142858
712 713 2.0
712 719 -0.5714285714285714
712 720 -0.5714285714285714
712 810 2.0
712 819 -0.5714285714285714
713 720 1.3571428571428572
714 715 2.0
715 716 -0.5714285714285714
716 717 1.7857142857142858
717 718 0.5714285714285714
719 720 1.7857142857142858
719 770 -1.3571428571428572
719 810 1.7857142857142858
719 819 1.7857142857142858
720 721 -1.3571428571428572
722 723 -1.7857142857142858
722 730 1.7857142857142858
722 731 0.9285714285714286
723 724 -1.3571428571428572
723 731 1.7857142857142858
723 732 1.3571428571428572
724 732 -1.7857142857142858
724 733 1.3571428571428572
725 726 -0.5714285714285714
725 734 -1.7857142857142858
725 735 -2.0
726 727 0.5714285714285714
726 735 2.0
726 736 0.9285714285714286
727 728 -0.5714285714285714
727 736 2.0
727 737 -2.0
728 737 -1.3571428571428572
728 738 0.9285714285714286
729 739 -1.7857142857142858
729 740 -2.0
729 828 -0.9285714285714286
729 835 -2.0
730 731 0.9285714285714286
731 732 -0.9285714285714286
732 733 -2.0
733 734 -0.5714285714285714
734 735 -1.7857142857142858
735 736 -0.9285714285714286
736 737 0.5714285714285714
737 738 -0.9285714285714286
738 739 2.0
738 748 -0.5714285714285714
738 758 -0.5714285714285714
739 740 -1.3571428571428572
739 790 1.3571428571428572
739 828 -1.3571428571428572
739 835 -1.7857142857142858
741 742 -0.9285714285714286
741 752 -1.3571428571428572
742 743 0.5714285714285714
742 752 -1.7857142857142858
742 753 0.5714285714285714
743 744 -1.7857142857142858
743 754 0.5714285714285714
744 745 0.5714285714285714
744 754 -0.9285714285714286
744 755 1.7857142857142858
745 746 1.7857142857142858
745 755 -1.3571428571428572
745 756 2.0
746 747 -0.9285714285714286
746 756 -1.3571428571428572
746 757 2.0
747 748 0.5714285714285714
747 757 -0.5714285714285714
748 749 1.3571428571428572
748 758 -2.0
748 759 -2.0
748 771 1.7857142857142858
749 750 -2.0
749 759 2.0
749 760 1.3571428571428572
749 819 -0.5714285714285714
750 751 -0.5714285714285714
750 760 -1.7857142857142858
750 761 -0.9285714285714286
751 761 -1.7857142857142858
751 762 -0.9285714285714286
752 753 0.9285714285714286
753 754 -2.0
754 755 2.0
755 756 0.9285714285714286
756 757 -2.0
757 758 -2.0
759 771 0.5714285714285714
759 819 -1.3571428571428572
761 762 -1.7857142857142858
763 764 -2.0
763 773 -0.9285714285714286
763 774 2.0
764 765 2.0
764 774 1.3571428571428572
764 775 1.7857142857142858
765 766 0.5714285714285714
765 775 2.0
765 776 -0.9285714285714286
766 767 0.9285714285714286
766 776 -0.9285714285714286
766 777 0.5714285714285714
767 768 1.7857142857142858
767 777 0.5714285714285714
767 778 1.7857142857142858
768 769 -2.0
768 778 -2.0
768 779 0.5714285714285714
769 770 2.0
769 779 -0.5714285714285714
769 780 1.3571428571428572
770 771 -2.0
770 780 -1.3571428571428572
771 772 1.3571428571428572
771 781 -2.0
771 790 -0.9285714285714286
771 799 -0.5714285714285714
772 781 1.3571428571428572
772 782 -1.3571428571428572
772 828 0.5714285714285714
772 836 0.5714285714285714
773 774 -1.7857142857142858
774 775 -1.7857142857142858
775 776 -0.9285714285714286
776 777 -1.7857142857142858
777 778 2.0
778 779 -2.0
779 780 2.0
781 782 0.9285714285714286
781 790 1.7857142857142858
781 799 -1.3571428571428572
781 828 -1.3571428571428572
781 836 -1.3571428571428572
783 784 0.9285714285714286
783 794 -1.3571428571428572
784 785 -0.5714285714285714
784 794 -1.3571428571428572
784 795 -2.0
785 786 1.3571428571428572
785 795 0.9285714285714286
785 796 -1.7857142857142858
786 787 -2.0
786 796 -1.3571428571428572
786 797 1.7857142857142858
787 788 -2.0
787 797 1.7857142857142858
787 798 1.7857142857142858
788 789 1.3571428571428572
788 798 -0.9285714285714286
789 790 -1.7857142857142858
790 791 2.0
790 799 0.5714285714285714
791 792 -0.9285714285714286
791 799 2.0
791 800 2.0
791 820 -1.7857142857142858
792 793 -2.0
792 800 1.7857142857142858
793 801 0.9285714285714286
793 802 -0.9285714285714286
794 795 -1.3571428571428572
795 796 1.7857142857142858
796 797 -0.9285714285714286
797 798 -2.0
799 800 0.9285714285714286
799 820 -0.5714285714285714
801 802 0.5714285714285714
803 812 0.5714285714285714
804 805 0.5714285714285714
804 813 -0.5714285714285714
805 806 -1.7857142857142858
805 813 -1.7857142857142858
805 814 -2.0
806 807 -1.3571428571428572
806 814 0.9285714285714286
806 815 2.0
807 808 -1.3571428571428572
807 815 1.7857142857142858
807 816 2.0
808 809 -1.7857142857142858
808 816 -0.5714285714285714
809 810 2.0
809 817 -2.0
809 818 -0.5714285714285714
810 818 0.5714285714285714
810 819 2.0
811 820 -1.7857142857142858
811 821 -2.0
811 829 1.3571428571428572
811 836 0.5714285714285714
813 814 0.5714285714285714
814 815 1.7857142857142858
815 816 2.0
816 817 -0.9285714285714286
817 818 0.9285714285714286
818 819 -0.9285714285714286
820 821 1.7857142857142858
820 829 -2.0
820 836 1.3571428571428572
823 824 -1.3571428571428572
823 831 0.9285714285714286
824 825 -0.5714285714285714
824 831 -0.5714285714285714
824 832 -2.0
825 826 -2.0
825 832 2.0
825 833 -0.9285714285714286
826 827 -0.5714285714285714
826 834 0.5714285714285714
827 828 -0.9285714285714286
827 834 1.3571428571428572
827 835 1.7857142857142858
828 829 0.5714285714285714
828 835 1.3571428571428572
829 830 -1.7857142857142858
829 836 0.5714285714285714
829 837 -2.0
830 838 1.3571428571428572
831 832 0.5714285714285714
832 833 1.3571428571428572
833 834 1.3571428571428572
834 835 2.0
835 836 0.5714285714285714
836 837 2.0
837 838 1.7857142857142858
838 839 1.7857142857142858
