989 4011
1 1 4.142857142857143
2 2 -1.2142857142857146
3 3 -2.357142857142857
4 4 -0.8571428571428568
5 5 -1.1428571428571428
6 6 3.2142857142857144
7 7 -8.071428571428571
8 8 -7.142857142857143
9 9 -5.857142857142857
10 10 1.428571428571429
11 11 -0.642857142857143
12 12 -0.07142857142857206
13 13 0.2857142857142858
14 14 1.6428571428571428
15 15 4.5
16 16 5.428571428571429
17 17 7.0
18 18 2.2857142857142856
19 19 -2.6428571428571432
20 20 3.428571428571429
21 21 3.5714285714285716
22 22 4.357142857142858
23 23 -0.7857142857142858
24 24 2.928571428571429
25 25 2.357142857142857
26 26 -1.857142857142857
27 27 -1.7857142857142858
28 28 11.000000000000002
29 29 -0.8571428571428574
30 30 3.3571428571428577
31 31 -1.5
32 32 -1.6428571428571435
33 33 1.5714285714285714
34 34 3.7142857142857144
35 35 2.1428571428571432
36 36 -2.642857142857143
37 37 -3.428571428571429
38 38 3.1428571428571423
39 39 2.3571428571428577
40 40 1.0714285714285716
41 41 2.214285714285714
42 42 -1.3571428571428572
43 43 2.7142857142857144
44 44 -1.3571428571428572
46 46 -0.5
47 47 3.1428571428571432
48 48 1.2142857142857144
49 49 -2.7857142857142856
50 50 2.2857142857142856
51 51 -0.4285714285714286
52 52 -2.5
53 53 -3.142857142857143
54 54 -0.5
55 55 0.5714285714285714
56 56 -3.5
57 57 1.9285714285714288
58 58 1.1428571428571428
59 59 -4.142857142857142
60 60 6.428571428571429
61 61 -2.142857142857143
62 62 -0.7857142857142856
63 63 -4.214285714285714
64 64 -5.0
65 65 0.7142857142857142
66 66 -0.857142857142857
67 67 1.2857142857142858
68 68 -2.0
69 69 -0.8571428571428568
70 70 -1.857142857142857
71 71 4.214285714285714
72 72 -2.2142857142857144
73 73 -2.5
74 74 -2.428571428571429
75 75 3.7142857142857144
76 76 0.5714285714285712
77 77 -0.9999999999999998
78 78 -3.571428571428571
79 79 -0.4285714285714286
80 80 -1.8571428571428574
81 81 4.0
82 82 5.0
83 83 -6.357142857142858
84 84 0.357142857142857
85 85 -0.07142857142857162
86 86 -0.1428571428571428
87 87 -4.5
88 88 -5.571428571428571
89 89 -2.5714285714285716
90 90 -3.7142857142857144
91 91 0.14285714285714302
92 92 -0.5
93 93 -1.8571428571428572
94 94 -4.428571428571429
95 95 -0.7142857142857142
96 96 -0.14285714285714302
97 97 0.8571428571428572
98 98 -1.8571428571428572
99 99 -1.9285714285714286
100 100 -2.7857142857142856
101 101 -3.2857142857142856
102 102 2.2142857142857144
103 103 1.857142857142857
104 104 -6.571428571428571
105 105 -3.5
106 106 -5.785714285714286
107 107 2.928571428571429
108 108 -1.2857142857142858
109 109 -2.6428571428571432
110 110 -4.500000000000001
111 111 5.857142857142857
112 112 -6.5
113 113 -0.4285714285714288
114 114 -0.8571428571428572
115 115 8.357142857142858
116 116 1.785714285714286
117 117 -0.14285714285714235
118 118 2.857142857142857
119 119 0.4285714285714284
120 120 -0.35714285714285676
121 121 -1.2142857142857144
122 122 -0.2857142857142849
123 123 -1.7142857142857137
124 124 -10.928571428571429
125 125 -4.071428571428572
126 126 0.1428571428571428
127 127 -2.7142857142857144
128 128 -0.5714285714285712
129 129 5.214285714285715
130 130 6.285714285714286
131 131 3.571428571428571
132 132 6.0
133 133 -0.0714285714285714
134 134 1.3571428571428572
135 135 -4.642857142857142
136 136 -6.357142857142858
137 137 -0.4285714285714286
138 138 -4.857142857142857
139 139 -2.2142857142857144
140 140 1.2142857142857144
141 141 2.2142857142857144
142 142 2.857142857142857
143 143 7.428571428571429
144 144 -2.8571428571428577
145 145 -2.928571428571429
146 146 -2.071428571428571
147 147 -3.357142857142857
148 148 -6.7142857142857135
149 149 -5.357142857142858
150 150 -0.7857142857142856
151 151 2.3571428571428568
152 152 0.07142857142857162
153 153 -1.8571428571428572
154 154 -4.0
155 155 4.5
156 156 -0.0714285714285714
157 157 3.571428571428571
158 158 2.7142857142857144
159 159 2.2857142857142856
160 160 -1.9285714285714288
161 161 2.0000000000000004
162 162 3.7142857142857144
163 163 6.285714285714286
164 164 2.7142857142857144
165 165 -2.2857142857142856
166 166 1.1428571428571428
167 167 -5.642857142857142
168 168 -4.142857142857143
169 169 3.571428571428571
170 170 6.785714285714286
171 171 -2.928571428571429
172 172 -1.3571428571428572
173 173 1.5714285714285714
174 174 1.8571428571428574
175 175 -2.6428571428571432
176 176 -3.857142857142857
177 177 1.5714285714285714
178 178 -1.7857142857142858
179 179 -3.2142857142857144
180 180 3.6428571428571423
181 181 -2.7857142857142865
182 182 0.9285714285714286
183 183 -2.357142857142857
184 184 0.2142857142857144
185 185 1.0
186 186 -3.1428571428571432
187 187 1.5000000000000004
188 188 -1.4285714285714284
189 189 -7.2857142857142865
190 190 0.2142857142857144
191 191 2.714285714285714
192 192 -3.8571428571428577
193 193 -1.0714285714285718
194 194 -3.928571428571429
195 195 4.714285714285714
196 196 -3.1428571428571432
197 197 -1.0
198 198 -2.220446049250313e-16
199 199 0.9285714285714286
200 200 8.214285714285715
201 201 1.142857142857143
202 202 5.142857142857143
203 203 -6.2857142857142865
205 205 -3.928571428571429
206 206 0.4285714285714286
207 207 2.7142857142857144
208 208 -2.071428571428571
209 209 -2.928571428571429
210 210 -0.5
211 211 -1.4285714285714286
212 212 1.0
213 213 -2.357142857142857
214 214 -1.0714285714285716
215 215 -3.5
216 216 -0.4285714285714286
217 217 1.1428571428571428
218 218 -3.2857142857142856
219 219 -7.071428571428571
220 220 -2.857142857142857
221 221 -1.9285714285714284
222 222 -0.4999999999999998
223 223 2.6428571428571432
224 224 -1.0714285714285714
225 225 0.1428571428571428
226 226 -1.7857142857142858
227 227 -1.7142857142857144
228 228 3.3571428571428577
229 229 1.9285714285714284
230 230 3.0
231 231 -1.1428571428571428
232 232 -1.2142857142857142
233 233 0.35714285714285743
234 234 -2.0
235 235 0.1428571428571428
236 236 4.571428571428571
237 237 2.0
238 238 5.714285714285714
239 239 -3.2857142857142856
240 240 -0.2142857142857142
241 241 -10.428571428571429
242 242 -1.3571428571428572
243 243 4.714285714285714
244 244 -1.7857142857142856
245 245 0.3571428571428572
246 246 3.642857142857143
247 247 1.1428571428571432
248 248 5.857142857142857
249 249 3.928571428571429
250 250 -0.5
251 251 1.1428571428571423
252 252 -7.142857142857142
253 253 -2.928571428571429
254 254 -3.1428571428571432
255 255 -2.5
256 256 0.6428571428571428
257 257 -4.928571428571429
258 258 4.285714285714286
259 259 5.2857142857142865
260 260 0.9285714285714288
261 261 -3.428571428571429
262 262 -2.928571428571429
263 263 0.5
264 264 -1.9285714285714284
265 265 2.0
266 266 -3.928571428571429
267 267 2.0
268 268 1.8571428571428574
269 269 5.2857142857142865
270 270 1.3571428571428572
271 271 -0.4285714285714284
272 272 -3.0
273 273 6.428571428571429
274 274 2.2857142857142856
275 275 -2.2142857142857144
276 276 1.2857142857142858
277 277 -3.3571428571428577
278 278 0.4285714285714286
279 279 -3.4285714285714284
280 280 -2.1428571428571432
281 281 1.4285714285714286
282 282 -1.2142857142857146
283 283 -0.9285714285714279
284 284 -3.785714285714286
285 285 4.571428571428572
286 286 3.071428571428571
287 287 -0.5
288 288 5.5
289 289 -1.3571428571428574
290 290 5.928571428571429
291 291 0.14285714285714302
292 292 -0.2857142857142856
293 293 3.2142857142857144
294 294 2.357142857142857
295 295 2.928571428571429
296 296 -3.2142857142857144
297 297 2.5
298 298 4.5
299 299 -0.8571428571428572
300 300 4.5
301 301 -0.8571428571428572
302 302 -3.928571428571429
303 303 3.5000000000000004
304 304 -2.428571428571429
305 305 -1.2857142857142856
306 306 4.142857142857143
307 307 7.071428571428572
308 308 -1.2857142857142858
309 309 2.571428571428571
310 310 1.7857142857142858
311 311 -4.571428571428571
312 312 -1.5714285714285714
313 313 2.928571428571429
314 314 -1.0714285714285716
315 315 -1.2142857142857142
316 316 -6.071428571428571
317 317 2.428571428571428
318 318 3.7857142857142856
319 319 -4.928571428571428
320 320 1.6428571428571421
321 321 -6.0
322 322 -2.7142857142857144
323 323 0.14285714285714235
324 324 -0.4285714285714286
325 325 1.7142857142857137
326 326 4.7857142857142865
327 327 1.7857142857142856
328 328 -4.071428571428571
329 329 -0.2142857142857144
330 330 -2.928571428571429
331 331 5.142857142857143
332 332 -0.3571428571428572
333 333 -3.2142857142857144
334 334 -6.785714285714286
335 335 -2.3571428571428568
336 336 -1.9999999999999998
337 337 -2.142857142857143
338 338 1.8571428571428568
339 339 -1.3571428571428572
340 340 -1.3571428571428572
341 341 2.428571428571429
342 342 -0.1428571428571428
343 343 -2.6428571428571423
344 344 -3.714285714285715
345 345 -4.5
346 346 -2.2142857142857144
347 347 5.0
348 348 1.2142857142857142
349 349 -6.642857142857144
350 350 -3.8571428571428577
351 351 -2.7142857142857144
352 352 5.857142857142858
353 353 4.214285714285714
354 354 -1.3571428571428572
355 355 2.857142857142857
356 356 -2.8571428571428577
357 357 -2.571428571428572
358 358 0.2142857142857144
359 359 4.357142857142858
360 360 0.6428571428571428
361 361 1.0
362 362 0.4285714285714286
363 363 -6.857142857142858
364 364 -3.928571428571429
365 365 1.7142857142857146
366 366 2.7142857142857144
367 367 -4.5
368 368 3.7857142857142865
369 369 -2.571428571428571
370 370 -2.220446049250313e-16
371 371 -6.5
372 372 1.2857142857142856
373 373 -6.7857142857142865
374 374 0.5714285714285714
375 375 1.5714285714285714
376 376 3.928571428571429
377 377 3.6428571428571432
378 378 0.14285714285714302
379 379 -4.142857142857143
380 380 -0.9285714285714288
381 381 -1.9999999999999996
382 382 5.0
383 383 -1.285714285714286
384 384 8.0
385 385 -1.3571428571428572
386 386 2.785714285714286
387 387 -1.7857142857142856
388 388 1.5
389 389 0.4285714285714286
390 390 -2.071428571428571
391 391 -2.8571428571428568
392 392 -3.785714285714286
393 393 -2.2142857142857144
394 394 8.5
395 395 4.071428571428572
396 396 4.5
397 397 -1.0
398 398 -3.8571428571428577
399 399 0.9285714285714286
400 400 2.928571428571429
401 401 0.7857142857142854
402 402 0.5
403 403 -1.5714285714285716
404 404 2.5
405 405 2.642857142857143
406 406 -1.857142857142857
407 407 0.0714285714285714
408 408 -0.5714285714285714
409 409 -0.8571428571428572
410 410 2.571428571428571
411 411 -4.5
412 412 3.071428571428571
413 413 2.220446049250313e-16
414 414 -1.3571428571428572
415 415 2.0
416 416 -1.9285714285714286
417 417 3.928571428571429
418 418 -2.2857142857142856
419 419 -1.5
420 420 -5.428571428571429
421 421 0.4285714285714286
422 422 -1.8571428571428572
423 423 0.9285714285714286
424 424 4.142857142857143
425 425 -0.8571428571428572
426 426 2.428571428571429
427 427 0.7142857142857144
428 428 -4.142857142857143
429 429 2.5000000000000004
430 430 -0.2142857142857144
431 431 0.5
432 432 -2.0
433 433 -3.1428571428571432
434 434 -5.7857142857142865
435 435 3.7857142857142856
436 436 2.6428571428571432
437 437 -4.0
438 438 -1.1428571428571428
439 439 -0.4285714285714284
440 440 -0.2142857142857144
441 441 -2.7142857142857144
442 442 -0.1428571428571428
443 443 -1.285714285714286
444 444 2.1428571428571432
445 445 4.642857142857143
446 446 -0.07142857142857162
447 447 2.2142857142857144
448 448 0.5000000000000002
449 449 -1.7857142857142863
450 450 1.142857142857143
451 451 -2.7142857142857144
452 452 -1.928571428571428
453 453 -3.5714285714285716
454 454 -6.571428571428572
455 455 1.3571428571428572
456 456 -0.4285714285714286
457 457 0.1428571428571428
458 458 1.9285714285714286
459 459 -1.8571428571428572
460 460 3.0000000000000004
461 461 -0.9285714285714284
462 462 2.285714285714286
463 463 -2.571428571428572
464 464 1.1428571428571426
465 465 5.142857142857143
466 466 0.3571428571428572
467 467 -2.2142857142857144
468 468 3.2142857142857135
469 469 2.642857142857143
470 470 -1.9285714285714286
471 471 -0.6428571428571426
472 472 -2.214285714285714
473 473 -5.571428571428571
474 474 3.285714285714286
475 475 7.0
476 476 -1.142857142857143
477 477 1.7857142857142858
478 478 -7.071428571428571
479 479 5.214285714285715
480 480 5.642857142857142
481 481 4.714285714285714
482 482 3.071428571428572
483 483 -5.0
484 484 -3.8571428571428568
485 485 -3.0
486 486 -2.5
487 487 0.2142857142857144
488 488 -4.714285714285714
489 489 3.5
490 490 -0.642857142857143
491 491 -2.0
492 492 -3.2857142857142856
493 493 -0.4285714285714286
494 494 4.642857142857143
495 495 -1.4285714285714286
496 496 -4.714285714285714
497 497 -0.642857142857143
498 498 -0.7857142857142856
499 499 -3.2142857142857144
500 500 -5.928571428571429
501 501 -0.7142857142857142
502 502 0.4285714285714284
503 503 1.0
504 504 -4.785714285714286
505 505 1.3571428571428572
506 506 -3.7857142857142856
507 507 -4.285714285714286
508 508 -0.0714285714285714
509 509 5.928571428571429
510 510 1.642857142857143
511 511 6.642857142857143
512 512 -1.6428571428571432
513 513 -5.357142857142858
514 514 -5.5
515 515 -4.142857142857142
516 516 -6.214285714285714
517 517 -0.9999999999999996
518 518 -5.285714285714286
519 519 -11.0
520 520 -3.928571428571428
521 521 2.5
522 522 4.214285714285714
523 523 -3.5714285714285716
524 524 2.5
525 525 -2.785714285714285
526 526 3.7142857142857144
527 527 -1.9285714285714284
528 528 4.714285714285714
529 529 4.357142857142858
530 530 3.0714285714285716
531 531 -3.7857142857142856
532 532 4.5
533 533 5.285714285714286
534 534 -4.785714285714286
535 535 1.3571428571428563
536 536 -0.7142857142857142
537 537 2.1428571428571432
538 538 -2.857142857142857
539 539 2.928571428571429
540 540 -2.5
541 541 4.7857142857142865
542 542 10.785714285714285
543 543 6.928571428571429
544 544 1.0714285714285712
545 545 -1.6428571428571426
546 546 -4.5
547 547 9.785714285714286
548 548 -0.8571428571428572
549 549 -7.714285714285714
550 550 4.2857142857142865
551 551 -3.2142857142857144
552 552 1.5714285714285714
553 553 7.428571428571429
554 554 -0.9285714285714284
555 555 0.1428571428571428
556 556 0.4285714285714286
557 557 6.642857142857142
558 558 3.0
559 559 0.21428571428571463
560 560 -2.1428571428571423
561 561 -5.714285714285714
562 562 2.1428571428571432
563 563 7.0
564 564 -2.928571428571428
565 565 0.7142857142857142
566 566 0.8571428571428572
567 567 0.9285714285714288
568 568 0.1428571428571428
569 569 -2.357142857142857
570 570 0.5714285714285714
571 571 2.0714285714285716
572 572 5.285714285714286
573 573 3.785714285714286
574 574 2.5000000000000004
575 575 4.642857142857143
576 576 0.7857142857142856
577 577 -3.0
578 578 -3.7142857142857144
579 579 -5.142857142857142
580 580 2.142857142857143
581 581 -1.8571428571428572
582 582 2.5714285714285716
583 583 1.5714285714285716
584 584 7.857142857142858
585 585 -1.7857142857142858
586 586 -4.071428571428571
587 587 -1.2142857142857144
588 588 1.1428571428571426
589 589 5.642857142857143
590 590 0.14285714285714324
591 591 5.214285714285714
592 592 -0.6428571428571423
593 593 1.142857142857143
594 594 0.357142857142857
595 595 -1.3571428571428572
596 596 1.9285714285714286
597 597 -2.428571428571429
598 598 -1.0714285714285716
599 599 5.7857142857142865
600 600 7.7857142857142865
601 601 -1.857142857142857
602 602 -0.6428571428571428
603 603 -9.428571428571429
604 604 -10.142857142857142
605 605 0.21428571428571397
606 606 1.6428571428571428
607 607 1.3571428571428572
608 608 11.0
609 609 9.642857142857142
610 610 1.8571428571428572
611 611 2.7857142857142856
612 612 -3.0714285714285716
613 613 -0.0714285714285714
614 614 -3.2857142857142856
615 615 4.5
617 617 -0.5714285714285714
618 618 5.285714285714286
619 619 -2.2857142857142865
620 620 1.9285714285714286
621 621 -0.0714285714285714
622 622 2.357142857142857
623 623 -4.214285714285714
624 624 -3.714285714285715
625 625 3.857142857142857
626 626 2.571428571428572
628 628 -3.2142857142857144
629 629 1.7857142857142858
630 630 -5.2857142857142865
631 631 2.571428571428571
632 632 2.7857142857142856
633 633 0.3571428571428572
634 634 -1.2857142857142856
635 635 -2.571428571428571
636 636 -0.07142857142857117
637 637 6.142857142857143
638 638 2.7142857142857144
639 639 -0.7142857142857144
640 640 -3.428571428571429
641 641 4.2857142857142865
642 642 -1.5714285714285714
643 643 5.2857142857142865
644 644 -1.571428571428571
645 645 -1.7857142857142858
646 646 2.8571428571428577
647 647 5.214285714285714
649 649 4.785714285714285
650 650 3.2142857142857144
651 651 4.071428571428571
652 652 2.6428571428571432
653 653 -1.285714285714286
654 654 2.714285714285714
655 655 -0.6428571428571432
656 656 0.2857142857142858
657 657 2.142857142857143
658 658 3.0
659 659 5.571428571428572
660 660 2.357142857142857
661 661 1.0714285714285714
662 662 3.428571428571429
663 663 -0.8571428571428574
664 664 -2.7142857142857144
665 665 -5.071428571428571
666 666 -1.1428571428571426
667 667 1.3571428571428572
668 668 -1.4285714285714286
669 669 1.2857142857142858
670 670 -6.071428571428571
671 671 -3.0714285714285716
672 672 -0.8571428571428572
673 673 -3.0714285714285716
674 674 1.357142857142857
675 675 -4.428571428571429
676 676 -0.4285714285714286
677 677 5.285714285714286
678 678 -3.071428571428571
679 679 -6.428571428571429
680 680 1.357142857142857
681 681 -2.2142857142857144
682 682 -3.2142857142857144
683 683 1.2142857142857142
684 684 2.4285714285714284
685 685 -3.5
686 686 -0.7857142857142856
687 687 -7.428571428571429
688 688 1.4285714285714286
689 689 7.928571428571428
690 690 -0.0714285714285714
691 691 -2.1428571428571432
692 692 1.642857142857143
693 693 -2.571428571428571
694 694 -2.5
695 695 1.8571428571428572
696 696 -3.7857142857142856
697 697 -5.0
698 698 3.928571428571429
699 699 -3.2142857142857144
700 700 0.2857142857142856
701 701 -2.3571428571428577
702 702 -2.428571428571429
703 703 -2.6428571428571432
704 704 1.5714285714285714
705 705 0.2142857142857144
706 706 7.357142857142858
707 707 2.928571428571428
708 708 2.0
709 709 -0.4285714285714288
710 710 -6.857142857142858
712 712 1.1428571428571428
713 713 1.7142857142857142
714 714 -0.5
715 715 0.28571428571428537
716 716 1.5
717 717 4.571428571428571
718 718 -0.8571428571428574
719 719 -2.1428571428571432
720 720 2.357142857142857
721 721 2.357142857142857
722 722 8.785714285714286
723 723 2.0
724 724 1.6428571428571426
725 725 -2.9285714285714293
726 726 0.5714285714285712
727 727 0.7857142857142858
728 728 -1.3571428571428572
729 729 -7.642857142857142
730 730 -2.571428571428571
731 731 -3.0
732 732 3.2142857142857144
733 733 -1.5714285714285714
734 734 2.3571428571428568
735 735 -4.714285714285714
736 736 -4.5
737 737 2.5
738 738 -0.8571428571428572
739 739 1.7142857142857146
740 740 -5.071428571428571
741 741 -3.428571428571429
742 742 0.0714285714285714
743 743 -3.7857142857142856
744 744 6.357142857142858
745 745 -0.07142857142857117
746 746 2.220446049250313e-16
747 747 2.142857142857143
748 748 1.7857142857142858
749 749 -1.5714285714285714
750 750 0.8571428571428568
751 751 -0.07142857142857117
752 752 -2.4285714285714284
753 753 3.7857142857142856
754 754 -2.285714285714286
755 755 2.0000000000000004
756 756 0.2857142857142858
757 757 -0.4285714285714286
758 758 6.928571428571428
759 759 -2.071428571428571
760 760 -5.2857142857142865
761 761 -0.07142857142857117
762 762 -1.5714285714285716
763 763 1.5714285714285718
764 764 -7.142857142857142
765 765 0.9285714285714286
766 766 1.7857142857142856
767 767 4.071428571428572
768 768 -4.714285714285714
769 769 -4.571428571428572
770 770 4.5
771 771 0.9285714285714286
772 772 -3.928571428571429
773 773 4.7142857142857135
774 774 2.8571428571428568
775 775 -1.0714285714285714
776 776 -0.28571428571428514
777 777 2.2142857142857144
778 778 0.2857142857142856
779 779 -0.8571428571428572
780 780 5.142857142857143
781 781 -3.2142857142857144
782 782 1.8571428571428572
783 783 -0.42857142857142794
784 784 1.5
785 785 2.571428571428572
786 786 3.642857142857143
787 787 1.1428571428571428
788 788 -0.3571428571428572
789 789 -1.4285714285714286
790 790 -0.5714285714285718
791 791 4.5
792 792 -1.9999999999999998
793 793 3.785714285714286
794 794 -3.2857142857142856
795 795 4.071428571428571
796 796 -3.2142857142857144
797 797 -6.642857142857142
798 798 2.7142857142857135
799 799 -1.857142857142857
800 800 -4.0
801 801 -0.9285714285714286
802 802 4.214285714285714
803 803 -3.5
804 804 -6.142857142857143
805 805 -9.071428571428571
806 806 3.928571428571429
807 807 2.571428571428571
808 808 -3.571428571428572
809 809 0.3571428571428572
810 810 1.7142857142857142
811 811 -1.0714285714285716
812 812 2.0714285714285716
813 813 -2.8571428571428568
814 814 0.6428571428571432
815 815 -0.7142857142857144
816 816 6.7142857142857135
817 817 -1.785714285714286
818 818 -6.928571428571428
819 819 2.5
820 820 8.428571428571429
821 821 -3.928571428571429
822 822 1.4285714285714286
823 823 -0.0714285714285714
824 824 1.4285714285714284
825 825 6.428571428571429
826 826 5.357142857142857
827 827 8.5
828 828 -1.357142857142857
829 829 -0.5714285714285714
830 830 -3.7142857142857144
831 831 -3.1428571428571432
832 832 -5.142857142857143
833 833 1.3571428571428572
834 834 2.7857142857142856
835 835 0.21428571428571397
836 836 4.7142857142857135
837 837 2.6428571428571432
838 838 0.642857142857143
839 839 -3.071428571428571
840 840 0.7857142857142858
841 841 2.5
842 842 -0.3571428571428572
843 843 1.7142857142857144
844 844 -7.714285714285714
845 845 -4.2857142857142865
846 846 -0.4285714285714286
847 847 2.7142857142857144
848 848 -2.6428571428571432
849 849 -4.214285714285714
850 850 -2.5
851 851 2.5714285714285716
852 852 1.4285714285714284
853 853 -2.0714285714285716
854 854 -12.500000000000002
855 855 -6.8571428571428585
856 856 -2.3571428571428568
857 857 4.214285714285714
858 858 -2.571428571428571
859 859 -4.571428571428571
860 860 1.2142857142857146
861 861 -0.1428571428571428
862 862 -3.071428571428571
863 863 0.5714285714285714
864 864 -3.2142857142857144
865 865 -1.3571428571428568
866 866 0.2857142857142858
867 867 -8.357142857142858
868 868 0.6428571428571426
869 869 4.071428571428571
870 870 0.4285714285714286
871 871 0.07142857142857162
872 872 -1.2142857142857146
874 874 1.0714285714285712
875 875 -4.571428571428571
876 876 2.7857142857142856
877 877 1.857142857142857
878 878 -2.5
879 879 3.785714285714286
880 880 -5.785714285714286
881 881 -1.3571428571428572
882 882 -2.0
883 883 -6.428571428571429
884 884 3.928571428571428
885 885 2.785714285714285
886 886 -2.2142857142857144
887 887 3.5714285714285716
888 888 0.07142857142857162
889 889 -4.440892098500626e-16
890 890 2.0714285714285716
891 891 -1.8571428571428574
892 892 6.5
893 893 2.857142857142857
894 894 -0.8571428571428572
895 895 -1.9285714285714286
896 896 6.428571428571428
897 897 2.857142857142857
898 898 4.0
899 899 5.857142857142857
900 900 -2.2142857142857144
901 901 -2.0714285714285716
902 902 0.9999999999999996
903 903 3.071428571428571
904 904 6.928571428571428
905 905 -5.928571428571429
906 906 -0.5714285714285718
907 907 -2.8571428571428568
908 908 3.7857142857142856
909 909 -3.142857142857143
910 910 0.928571428571429
912 912 6.071428571428571
913 913 -1.7142857142857142
914 914 -5.857142857142858
915 915 6.42857142857143
916 916 1.4285714285714288
917 917 2.0
918 918 -2.5714285714285716
919 919 -1.0714285714285716
920 920 3.2857142857142856
921 921 -3.3571428571428577
922 922 3.000000000000001
923 923 1.6428571428571435
924 924 -4.285714285714286
925 925 -1.4285714285714288
926 926 0.571428571428571
927 927 -5.0
928 928 0.2142857142857144
929 929 0.8571428571428574
930 930 2.2142857142857144
931 931 0.0714285714285714
932 932 -5.5
933 933 -2.0
934 934 -0.5714285714285712
935 935 2.7142857142857144
936 936 3.857142857142857
937 937 0.9285714285714286
939 939 -3.2142857142857144
940 940 3.2857142857142856
941 941 4.785714285714285
942 942 -1.3571428571428572
943 943 0.9285714285714288
944 944 2.142857142857143
945 945 2.2857142857142856
946 946 5.142857142857143
947 947 -0.21428571428571463
948 948 2.7142857142857144
949 949 -4.214285714285714
950 950 -1.9285714285714286
951 951 1.2142857142857142
952 952 0.8571428571428572
953 953 0.2142857142857144
954 954 2.7857142857142856
955 955 4.214285714285714
956 956 -2.428571428571429
957 957 6.428571428571429
958 958 0.3571428571428572
959 959 5.642857142857143
960 960 -3.5714285714285716
961 961 -3.5000000000000004
962 962 0.14285714285714302
963 963 -8.428571428571429
964 964 -1.5714285714285716
965 965 1.4285714285714286
966 966 2.285714285714285
967 967 0.0714285714285714
968 968 -3.0714285714285716
969 969 -7.071428571428571
970 970 -0.5714285714285714
971 971 1.3571428571428572
972 972 2.0
973 973 0.9285714285714282
974 974 -4.357142857142858
975 975 -4.000000000000002
976 976 3.1428571428571432
977 977 3.7142857142857144
978 978 2.7857142857142856
979 979 -3.7857142857142856
980 980 4.0
981 981 -2.3571428571428577
982 982 -0.642857142857143
983 983 -2.7857142857142856
984 984 2.7857142857142856
985 985 3.6428571428571432
986 986 -2.785714285714286
987 987 4.5
988 988 -6.0
989 989 0.3571428571428572
1 2 -0.9285714285714286
1 11 0.9285714285714286
1 47 0.5714285714285714
1 57 -1.3571428571428572
1 103 -1.3571428571428572
1 114 -2.0
2 3 2.0
2 11 0.9285714285714286
2 12 -1.7857142857142858
2 166 -0.5714285714285714
2 175 0.9285714285714286
2 220 -1.3571428571428572
2 226 2.0
3 12 -1.3571428571428572
3 13 -2.0
3 280 2.0
3 288 -0.5714285714285714
3 334 1.3571428571428572
3 343 0.9285714285714286
4 5 2.0
4 486 1.7857142857142858
4 496 -0.9285714285714286
4 524 -2.0
5 6 -1.3571428571428572
5 568 0.9285714285714286
5 578 -1.7857142857142858
5 610 1.3571428571428572
6 7 1.3571428571428572
6 14 -2.0
6 645 1.3571428571428572
6 655 -2.0
6 681 -0.5714285714285714
7 8 2.0
7 14 2.0
7 15 0.9285714285714286
7 719 1.7857142857142858
7 761 0.9285714285714286
7 773 -0.9285714285714286
8 9 1.7857142857142858
8 15 -2.0
8 16 -0.9285714285714286
8 807 1.7857142857142858
8 818 1.7857142857142858
8 850 1.3571428571428572
8 859 1.3571428571428572
9 16 1.7857142857142858
9 17 -0.9285714285714286
9 890 2.0
9 902 -0.5714285714285714
9 936 1.7857142857142858
10 18 0.5714285714285714
10 19 2.0
10 83 -1.7857142857142858
10 92 0.9285714285714286
10 143 -1.7857142857142858
10 154 -1.3571428571428572
11 103 -0.9285714285714286
11 114 -1.3571428571428572
11 166 -0.9285714285714286
11 175 2.0
12 13 1.3571428571428572
12 220 0.9285714285714286
12 226 2.0
12 280 0.9285714285714286
12 288 -2.0
13 334 0.9285714285714286
13 343 1.3571428571428572
13 390 -0.5714285714285714
13 399 -1.3571428571428572
14 15 -2.0
14 681 0.9285714285714286
14 719 -0.5714285714285714
15 16 -1.7857142857142858
15 761 0.5714285714285714
15 773 -0.5714285714285714
15 807 0.9285714285714286
15 818 -0.5714285714285714
16 17 -0.9285714285714286
16 850 -2.0
16 859 1.7857142857142858
16 890 -1.3571428571428572
16 902 -2.0
17 18 -0.9285714285714286
17 936 -1.3571428571428572
17 946 -0.9285714285714286
17 978 -0.5714285714285714
17 987 -1.3571428571428572
18 19 -0.9285714285714286
18 38 -0.5714285714285714
18 83 1.3571428571428572
18 92 -1.7857142857142858
19 143 -1.3571428571428572
19 154 0.9285714285714286
19 210 2.0
20 21 -2.0
20 30 1.7857142857142858
20 260 -1.3571428571428572
20 271 -0.9285714285714286
20 318 -0.9285714285714286
21 30 -2.0
21 31 -0.9285714285714286
21 373 1.3571428571428572
21 382 -0.5714285714285714
21 425 0.5714285714285714
22 23 0.5714285714285714
22 32 -0.9285714285714286
22 33 -0.5714285714285714
22 548 -0.5714285714285714
22 559 0.9285714285714286
22 591 -1.7857142857142858
22 600 -2.0
23 24 -1.3571428571428572
23 33 0.9285714285714286
23 34 -0.9285714285714286
23 628 2.0
23 636 0.9285714285714286
23 672 -1.3571428571428572
24 25 -1.3571428571428572
24 34 -0.5714285714285714
24 35 -1.3571428571428572
24 698 -1.3571428571428572
24 710 2.0
24 742 -0.9285714285714286
24 752 2.0
25 26 -1.7857142857142858
25 35 0.5714285714285714
25 36 2.0
25 786 -0.5714285714285714
25 798 -2.0
25 829 -0.5714285714285714
25 841 1.3571428571428572
26 36 2.0
26 37 1.3571428571428572
26 869 0.5714285714285714
26 880 0.9285714285714286
26 915 -1.7857142857142858
26 926 0.5714285714285714
27 28 -1.7857142857142858
27 38 -2.0
27 39 2.0
27 74 1.7857142857142858
27 125 1.7857142857142858
28 29 -1.7857142857142858
28 39 -1.7857142857142858
28 40 -1.7857142857142858
28 184 -0.9285714285714286
28 193 -0.9285714285714286
28 248 -2.0
29 40 2.0
29 302 -0.5714285714285714
29 309 -0.5714285714285714
29 354 1.7857142857142858
30 31 0.5714285714285714
30 318 -0.5714285714285714
30 328 -1.7857142857142858
30 382 -1.3571428571428572
31 32 1.3571428571428572
31 425 -0.5714285714285714
31 466 -0.9285714285714286
31 477 2.0
32 33 -1.3571428571428572
32 506 1.7857142857142858
32 548 1.3571428571428572
32 559 -0.5714285714285714
33 34 1.7857142857142858
33 591 -0.9285714285714286
33 600 0.9285714285714286
33 628 -1.7857142857142858
33 636 -0.5714285714285714
34 35 -1.3571428571428572
34 672 1.3571428571428572
34 698 -2.0
34 710 -2.0
35 742 0.9285714285714286
35 752 0.5714285714285714
35 786 -0.9285714285714286
35 798 -0.5714285714285714
36 37 2.0
36 829 -1.3571428571428572
36 841 -1.3571428571428572
36 869 -2.0
36 880 1.3571428571428572
37 38 -0.5714285714285714
37 915 -1.3571428571428572
37 926 -0.9285714285714286
37 958 0.9285714285714286
37 969 2.0
38 39 0.9285714285714286
38 74 -0.9285714285714286
39 40 -1.3571428571428572
39 125 0.5714285714285714
39 184 -1.3571428571428572
39 193 -1.3571428571428572
40 248 -0.5714285714285714
40 302 2.0
40 309 -1.3571428571428572
41 42 -2.0
41 51 -0.5714285714285714
41 250 0.9285714285714286
41 311 -0.5714285714285714
42 51 2.0
42 52 1.3571428571428572
42 366 -0.9285714285714286
42 419 0.9285714285714286
43 44 -1.3571428571428572
43 52 -2.0
43 53 -0.5714285714285714
43 457 -0.5714285714285714
43 498 1.7857142857142858
44 53 0.5714285714285714
44 54 -0.5714285714285714
44 538 0.9285714285714286
44 581 1.7857142857142858
45 46 0.9285714285714286
45 55 -0.9285714285714286
45 691 -0.5714285714285714
45 733 0.5714285714285714
46 55 -0.5714285714285714
46 56 0.5714285714285714
46 777 -1.3571428571428572
46 821 0.9285714285714286
47 48 -1.7857142857142858
47 57 -0.5714285714285714
47 950 -1.3571428571428572
48 49 2.0
48 57 -2.0
48 59 0.5714285714285714
49 50 -0.9285714285714286
49 58 1.3571428571428572
49 177 -0.5714285714285714
49 230 0.9285714285714286
50 58 -0.5714285714285714
50 292 0.5714285714285714
50 347 -1.3571428571428572
51 52 -0.5714285714285714
51 311 1.3571428571428572
51 366 -1.7857142857142858
52 53 1.7857142857142858
52 419 0.5714285714285714
52 457 1.3571428571428572
53 54 -0.9285714285714286
53 498 1.3571428571428572
53 538 0.9285714285714286
54 581 2.0
55 56 0.9285714285714286
55 733 0.9285714285714286
55 777 -0.9285714285714286
56 821 2.0
57 59 2.0
58 230 -1.3571428571428572
58 292 -0.5714285714285714
59 66 -1.7857142857142858
59 104 2.0
59 114 1.3571428571428572
60 67 -0.5714285714285714
60 68 -1.3571428571428572
60 288 -1.7857142857142858
60 335 -1.3571428571428572
60 343 -1.3571428571428572
61 62 -0.9285714285714286
61 69 -0.9285714285714286
61 496 2.0
61 525 2.0
62 69 -2.0
62 70 2.0
62 569 0.5714285714285714
62 578 0.5714285714285714
62 611 0.5714285714285714
63 64 1.7857142857142858
63 71 0.9285714285714286
63 72 -1.7857142857142858
63 720 0.5714285714285714
63 762 0.9285714285714286
63 773 1.7857142857142858
64 72 2.0
64 818 2.0
64 851 -1.3571428571428572
64 859 0.5714285714285714
65 74 1.3571428571428572
65 84 -0.5714285714285714
65 92 -0.5714285714285714
65 154 -0.9285714285714286
66 67 -1.3571428571428572
66 104 2.0
66 114 0.5714285714285714
66 167 2.0
66 175 -0.5714285714285714
67 68 2.0
67 221 1.3571428571428572
67 226 -1.7857142857142858
67 288 -0.9285714285714286
68 343 0.9285714285714286
68 391 1.3571428571428572
68 399 -0.9285714285714286
69 70 1.7857142857142858
69 525 1.7857142857142858
69 569 -1.7857142857142858
69 578 2.0
70 71 -1.3571428571428572
70 611 0.9285714285714286
70 646 -0.9285714285714286
70 655 -0.5714285714285714
71 72 -1.7857142857142858
71 720 -2.0
72 762 1.7857142857142858
72 773 -1.3571428571428572
72 808 2.0
72 818 1.3571428571428572
73 74 1.3571428571428572
73 937 -0.5714285714285714
73 946 0.9285714285714286
73 979 1.3571428571428572
73 987 -0.5714285714285714
74 84 -0.5714285714285714
74 92 -0.5714285714285714
75 76 -0.9285714285714286
75 86 -1.3571428571428572
75 261 -0.5714285714285714
75 271 -2.0
75 319 0.5714285714285714
75 328 0.5714285714285714
76 77 -1.7857142857142858
76 374 1.7857142857142858
76 382 -0.5714285714285714
76 426 0.9285714285714286
77 78 0.9285714285714286
77 87 1.7857142857142858
77 467 0.9285714285714286
77 477 -1.7857142857142858
77 507 0.9285714285714286
78 79 -1.3571428571428572
78 87 2.0
78 88 1.3571428571428572
78 549 2.0
78 559 -1.3571428571428572
78 592 1.7857142857142858
78 600 -1.7857142857142858
79 80 -0.5714285714285714
79 88 0.9285714285714286
79 629 1.7857142857142858
79 636 -1.7857142857142858
79 666 2.0
79 672 -0.5714285714285714
80 81 0.5714285714285714
80 89 0.9285714285714286
80 699 0.9285714285714286
80 710 2.0
80 752 -2.0
81 82 -1.7857142857142858
81 89 -1.7857142857142858
81 90 1.7857142857142858
81 787 -1.7857142857142858
81 798 -0.5714285714285714
81 830 1.3571428571428572
81 841 -1.7857142857142858
82 83 1.7857142857142858
82 90 -1.7857142857142858
82 91 -1.7857142857142858
82 880 0.9285714285714286
82 916 -1.7857142857142858
82 926 -0.5714285714285714
83 84 0.5714285714285714
83 91 2.0
83 92 2.0
83 959 -0.9285714285714286
83 969 1.3571428571428572
84 85 1.3571428571428572
84 92 -0.5714285714285714
84 93 -0.5714285714285714
85 93 -0.9285714285714286
85 94 1.3571428571428572
85 185 -1.3571428571428572
85 193 -1.7857142857142858
85 239 -0.5714285714285714
85 248 2.0
86 319 1.7857142857142858
86 328 2.0
86 374 -1.3571428571428572
86 382 -0.9285714285714286
87 88 -0.9285714285714286
87 507 -0.9285714285714286
87 549 0.5714285714285714
87 559 2.0
88 592 1.7857142857142858
88 600 1.3571428571428572
88 629 -0.9285714285714286
88 636 2.0
89 90 1.7857142857142858
89 743 1.7857142857142858
89 752 -0.9285714285714286
89 787 -0.5714285714285714
89 798 1.3571428571428572
90 91 1.3571428571428572
90 830 2.0
90 841 -2.0
90 880 0.5714285714285714
91 92 -0.9285714285714286
91 916 -1.7857142857142858
91 926 -1.3571428571428572
91 959 0.5714285714285714
91 969 1.7857142857142858
92 93 2.0
93 94 1.3571428571428572
93 185 -0.5714285714285714
93 193 0.5714285714285714
94 95 0.5714285714285714
94 239 1.7857142857142858
94 248 -2.0
94 309 1.3571428571428572
95 355 0.9285714285714286
95 408 0.5714285714285714
95 417 -1.3571428571428572
96 107 -0.5714285714285714
96 262 1.7857142857142858
96 311 0.9285714285714286
96 320 -2.0
97 98 0.5714285714285714
97 108 0.9285714285714286
97 457 0.5714285714285714
97 468 -2.0
97 498 -0.9285714285714286
98 99 0.9285714285714286
98 108 -2.0
98 109 1.7857142857142858
98 538 0.5714285714285714
99 100 2.0
99 109 -0.5714285714285714
99 110 0.9285714285714286
99 667 -1.3571428571428572
100 101 2.0
100 110 -2.0
100 111 0.5714285714285714
100 691 2.0
100 700 -2.0
100 733 2.0
100 744 -1.7857142857142858
101 111 -1.7857142857142858
101 112 2.0
101 777 0.9285714285714286
101 788 0.9285714285714286
101 821 -1.3571428571428572
101 831 0.5714285714285714
102 103 -0.9285714285714286
102 112 0.5714285714285714
102 113 -0.9285714285714286
102 870 -0.9285714285714286
103 104 1.7857142857142858
103 113 -1.3571428571428572
103 114 2.0
103 950 0.9285714285714286
103 960 -2.0
104 105 2.0
104 114 1.3571428571428572
104 115 -2.0
104 126 -0.5714285714285714
105 106 2.0
105 115 -0.5714285714285714
105 116 -0.9285714285714286
105 177 -1.3571428571428572
105 186 1.7857142857142858
105 230 0.5714285714285714
106 116 -0.5714285714285714
106 117 2.0
106 292 0.5714285714285714
106 303 -0.9285714285714286
106 347 0.9285714285714286
106 356 1.7857142857142858
107 311 -0.9285714285714286
107 320 -1.7857142857142858
107 366 -0.5714285714285714
107 375 0.9285714285714286
108 498 0.5714285714285714
108 538 1.7857142857142858
109 110 2.0
109 581 -0.5714285714285714
110 111 -0.5714285714285714
110 667 0.5714285714285714
110 691 1.7857142857142858
110 700 1.7857142857142858
111 112 1.3571428571428572
111 733 -1.3571428571428572
111 744 -0.9285714285714286
111 777 -1.7857142857142858
111 788 -1.3571428571428572
112 113 -0.5714285714285714
112 831 1.3571428571428572
112 870 1.7857142857142858
113 114 0.9285714285714286
113 917 1.7857142857142858
113 950 0.5714285714285714
114 115 -2.0
115 116 -0.9285714285714286
115 126 -0.9285714285714286
115 177 -0.5714285714285714
115 186 -1.3571428571428572
116 117 2.0
116 230 -1.3571428571428572
116 292 0.5714285714285714
116 303 -0.5714285714285714
117 347 -2.0
117 356 -0.9285714285714286
117 400 -0.9285714285714286
118 126 1.3571428571428572
118 127 -1.7857142857142858
118 167 1.3571428571428572
118 221 -1.7857142857142858
118 227 -2.0
119 120 -2.0
119 128 -1.3571428571428572
119 391 0.9285714285714286
119 454 2.0
120 121 1.7857142857142858
120 128 -1.7857142857142858
120 129 -0.9285714285714286
120 497 1.3571428571428572
120 525 1.3571428571428572
120 535 0.5714285714285714
121 122 0.5714285714285714
121 129 -0.5714285714285714
121 130 -1.7857142857142858
121 569 1.7857142857142858
121 579 2.0
121 611 -2.0
121 619 -0.5714285714285714
122 130 -1.7857142857142858
122 131 -1.3571428571428572
122 646 0.5714285714285714
122 656 1.3571428571428572
122 688 0.9285714285714286
123 124 -0.9285714285714286
123 132 -0.9285714285714286
123 133 0.5714285714285714
123 808 1.7857142857142858
123 819 2.0
123 851 0.5714285714285714
123 860 -1.3571428571428572
124 125 2.0
124 133 1.3571428571428572
124 134 1.7857142857142858
124 891 1.7857142857142858
124 903 1.7857142857142858
124 937 1.3571428571428572
124 947 1.7857142857142858
125 134 -1.7857142857142858
125 979 0.9285714285714286
125 988 0.5714285714285714
127 221 1.7857142857142858
127 227 1.3571428571428572
127 289 1.3571428571428572
128 129 1.3571428571428572
128 454 0.5714285714285714
128 497 1.7857142857142858
129 130 -0.9285714285714286
129 525 -0.5714285714285714
129 535 -1.7857142857142858
129 579 -1.7857142857142858
130 131 -0.5714285714285714
130 611 -1.7857142857142858
130 619 0.5714285714285714
130 646 -0.9285714285714286
130 656 0.9285714285714286
131 132 -2.0
131 688 -0.5714285714285714
131 720 0.9285714285714286
132 133 -2.0
132 762 -0.9285714285714286
132 774 -0.9285714285714286
132 808 -0.5714285714285714
132 819 1.3571428571428572
133 134 2.0
133 851 -0.9285714285714286
133 860 -1.3571428571428572
133 891 1.7857142857142858
133 903 -1.3571428571428572
134 937 -0.9285714285714286
134 947 -2.0
134 979 -1.7857142857142858
134 988 1.3571428571428572
135 144 2.0
135 155 2.0
135 202 -1.3571428571428572
135 211 2.0
136 137 -1.3571428571428572
136 147 2.0
136 261 1.7857142857142858
136 272 0.5714285714285714
136 319 1.3571428571428572
136 329 2.0
137 138 1.7857142857142858
137 147 -1.3571428571428572
137 374 1.3571428571428572
137 383 1.3571428571428572
137 426 -1.3571428571428572
138 139 0.9285714285714286
138 148 -1.3571428571428572
138 467 0.5714285714285714
138 478 2.0
138 507 0.9285714285714286
139 140 -1.3571428571428572
139 148 0.9285714285714286
139 149 0.9285714285714286
139 549 1.3571428571428572
139 560 -0.9285714285714286
139 592 -0.5714285714285714
139 601 0.9285714285714286
140 149 0.9285714285714286
140 150 0.5714285714285714
140 629 -2.0
140 666 2.0
140 673 -1.3571428571428572
141 142 -1.7857142857142858
141 151 0.9285714285714286
141 152 -1.7857142857142858
141 787 1.3571428571428572
141 799 1.7857142857142858
141 830 -0.9285714285714286
141 842 -1.7857142857142858
142 143 -2.0
142 152 -2.0
142 153 2.0
142 881 0.5714285714285714
142 916 -0.5714285714285714
142 927 0.9285714285714286
143 144 0.9285714285714286
143 153 -2.0
143 959 0.5714285714285714
143 970 -1.7857142857142858
144 145 0.5714285714285714
144 154 1.3571428571428572
144 155 -2.0
145 146 1.7857142857142858
145 155 -2.0
145 156 1.3571428571428572
145 185 -0.5714285714285714
145 194 1.7857142857142858
145 239 2.0
145 249 -2.0
146 156 1.3571428571428572
146 157 1.3571428571428572
146 310 0.9285714285714286
146 355 -2.0
146 365 -1.3571428571428572
147 319 1.3571428571428572
147 329 0.9285714285714286
147 374 -0.9285714285714286
147 383 1.3571428571428572
148 149 2.0
148 507 1.3571428571428572
148 549 1.7857142857142858
148 560 2.0
149 150 0.9285714285714286
149 592 -0.9285714285714286
149 601 0.9285714285714286
149 629 0.5714285714285714
150 151 -1.7857142857142858
150 666 -0.9285714285714286
150 673 2.0
150 699 0.9285714285714286
150 711 -0.9285714285714286
151 152 0.5714285714285714
151 743 -0.5714285714285714
151 787 -0.9285714285714286
151 799 -0.5714285714285714
152 153 -1.3571428571428572
152 830 1.7857142857142858
152 842 1.3571428571428572
152 881 1.3571428571428572
153 154 2.0
153 916 -0.5714285714285714
153 927 1.7857142857142858
153 959 -1.3571428571428572
153 970 1.3571428571428572
154 155 2.0
155 156 -1.7857142857142858
155 185 -1.3571428571428572
155 194 -1.3571428571428572
156 157 -1.3571428571428572
156 239 2.0
156 249 -0.5714285714285714
156 310 -0.9285714285714286
157 355 0.9285714285714286
157 365 -1.7857142857142858
157 408 -0.9285714285714286
157 418 -1.7857142857142858
158 159 0.5714285714285714
158 169 -1.3571428571428572
158 251 -1.3571428571428572
158 262 1.7857142857142858
158 312 -1.7857142857142858
158 320 -0.5714285714285714
159 160 -2.0
159 169 -2.0
159 170 -1.7857142857142858
159 375 0.9285714285714286
159 427 2.0
160 161 1.3571428571428572
160 170 -0.5714285714285714
160 171 1.3571428571428572
160 458 -1.7857142857142858
160 468 1.7857142857142858
160 499 1.7857142857142858
161 162 0.5714285714285714
161 171 -1.3571428571428572
161 172 0.5714285714285714
161 539 -1.7857142857142858
161 582 -1.3571428571428572
162 163 -0.5714285714285714
162 172 -1.3571428571428572
162 622 -1.7857142857142858
162 667 -0.5714285714285714
163 164 -1.3571428571428572
163 173 -0.5714285714285714
163 692 0.9285714285714286
163 700 -1.7857142857142858
163 734 -2.0
163 744 -0.9285714285714286
164 165 2.0
164 173 1.3571428571428572
164 788 -1.3571428571428572
164 822 -2.0
164 831 -1.3571428571428572
165 166 0.5714285714285714
165 174 -0.9285714285714286
165 862 2.0
165 870 -0.9285714285714286
165 906 -1.3571428571428572
165 917 0.9285714285714286
166 167 0.9285714285714286
166 174 -0.9285714285714286
166 175 -2.0
166 960 1.7857142857142858
167 175 1.3571428571428572
168 176 1.3571428571428572
168 293 -0.9285714285714286
168 303 0.5714285714285714
168 348 1.7857142857142858
168 356 1.3571428571428572
169 170 -0.9285714285714286
169 312 1.7857142857142858
169 320 0.9285714285714286
169 375 -2.0
170 171 -1.7857142857142858
170 427 -1.3571428571428572
170 458 0.5714285714285714
170 468 -0.9285714285714286
171 172 1.7857142857142858
171 499 0.9285714285714286
171 539 2.0
172 582 0.9285714285714286
172 622 -0.5714285714285714
173 734 -1.7857142857142858
173 788 -0.5714285714285714
174 175 0.9285714285714286
174 906 -0.9285714285714286
174 917 -2.0
174 960 2.0
176 231 1.3571428571428572
176 293 0.5714285714285714
176 303 0.5714285714285714
177 186 0.9285714285714286
178 179 2.0
178 187 -0.9285714285714286
178 188 1.7857142857142858
178 281 0.5714285714285714
178 289 -0.5714285714285714
178 336 -2.0
178 344 0.9285714285714286
179 180 -0.5714285714285714
179 188 -0.9285714285714286
179 189 1.3571428571428572
179 392 1.7857142857142858
179 444 -1.3571428571428572
179 454 0.9285714285714286
180 181 -2.0
180 189 1.7857142857142858
180 190 -2.0
180 487 -0.5714285714285714
180 497 -0.9285714285714286
180 526 2.0
180 535 -1.3571428571428572
181 190 0.9285714285714286
181 579 0.9285714285714286
181 612 0.9285714285714286
181 619 2.0
182 183 1.3571428571428572
182 191 -0.9285714285714286
182 721 -0.9285714285714286
182 763 0.9285714285714286
182 774 -1.3571428571428572
183 191 1.7857142857142858
183 809 -1.3571428571428572
183 819 0.5714285714285714
184 185 1.3571428571428572
184 192 -2.0
184 193 0.9285714285714286
184 988 1.7857142857142858
185 193 0.9285714285714286
185 194 0.5714285714285714
186 187 1.7857142857142858
187 188 -2.0
187 227 -0.9285714285714286
187 281 0.5714285714285714
188 189 2.0
188 336 0.5714285714285714
188 344 1.7857142857142858
188 392 -1.7857142857142858
189 190 1.7857142857142858
189 444 -0.5714285714285714
189 454 0.9285714285714286
189 487 2.0
189 497 -2.0
190 526 -0.9285714285714286
190 535 -2.0
190 579 2.0
191 763 -2.0
191 774 -1.7857142857142858
191 809 2.0
191 819 -1.7857142857142858
192 193 1.7857142857142858
192 938 1.3571428571428572
192 947 1.7857142857142858
192 988 0.9285714285714286
193 194 0.9285714285714286
194 211 2.0
195 204 -2.0
195 272 -0.9285714285714286
195 329 -1.7857142857142858
196 205 1.3571428571428572
196 478 1.7857142857142858
197 198 0.5714285714285714
197 206 -1.3571428571428572
197 673 1.7857142857142858
198 199 -0.5714285714285714
198 207 -2.0
198 711 2.0
199 200 -2.0
199 207 -1.7857142857142858
199 208 2.0
199 799 2.0
199 842 -0.5714285714285714
200 201 -1.3571428571428572
200 208 -2.0
200 209 0.9285714285714286
200 881 -2.0
200 927 -1.7857142857142858
201 202 -1.7857142857142858
201 209 0.5714285714285714
201 210 -0.5714285714285714
201 970 2.0
202 211 -2.0
203 212 1.3571428571428572
203 213 1.7857142857142858
203 310 1.3571428571428572
203 365 1.7857142857142858
204 205 2.0
204 329 -0.9285714285714286
204 383 0.9285714285714286
205 478 0.5714285714285714
206 601 0.9285714285714286
207 208 2.0
207 799 -0.9285714285714286
208 209 2.0
208 842 -1.3571428571428572
208 881 -0.5714285714285714
209 210 -0.9285714285714286
209 927 0.9285714285714286
209 970 -0.5714285714285714
211 212 -0.5714285714285714
212 213 -0.9285714285714286
212 249 0.9285714285714286
212 310 -1.7857142857142858
213 365 0.5714285714285714
213 418 0.9285714285714286
214 215 -0.5714285714285714
214 251 -0.9285714285714286
214 263 -0.5714285714285714
214 312 1.3571428571428572
214 321 1.7857142857142858
215 216 1.7857142857142858
215 376 0.9285714285714286
215 428 1.3571428571428572
216 223 0.9285714285714286
216 458 1.7857142857142858
216 469 -1.3571428571428572
216 499 -1.3571428571428572
216 508 -1.3571428571428572
217 218 1.3571428571428572
217 224 -0.9285714285714286
217 692 -1.3571428571428572
217 701 0.9285714285714286
217 734 -0.5714285714285714
217 745 -0.5714285714285714
218 219 1.3571428571428572
218 789 0.9285714285714286
218 822 0.5714285714285714
218 832 -0.9285714285714286
219 220 2.0
219 225 1.7857142857142858
219 862 -0.9285714285714286
219 871 2.0
219 906 1.7857142857142858
219 918 -0.9285714285714286
220 221 0.9285714285714286
220 225 -0.5714285714285714
220 226 0.9285714285714286
221 226 -0.9285714285714286
221 227 0.5714285714285714
222 228 2.0
222 229 -2.0
222 293 1.3571428571428572
222 348 -1.7857142857142858
222 357 0.9285714285714286
223 499 0.9285714285714286
223 508 -1.3571428571428572
223 539 -1.7857142857142858
223 550 -1.3571428571428572
224 734 2.0
224 745 -0.9285714285714286
224 789 0.9285714285714286
225 226 -1.3571428571428572
225 906 -1.3571428571428572
225 918 1.3571428571428572
226 227 0.9285714285714286
227 228 1.7857142857142858
228 229 -1.7857142857142858
228 231 -1.7857142857142858
228 240 -1.7857142857142858
228 293 -1.7857142857142858
229 348 0.9285714285714286
229 357 0.9285714285714286
229 401 -0.5714285714285714
229 409 0.5714285714285714
230 231 -1.7857142857142858
231 232 2.0
231 240 1.3571428571428572
232 240 -0.9285714285714286
232 241 0.5714285714285714
232 281 -1.3571428571428572
232 290 -2.0
232 336 2.0
232 345 0.9285714285714286
233 234 1.3571428571428572
233 241 1.3571428571428572
233 242 -0.9285714285714286
233 392 -0.9285714285714286
233 444 0.5714285714285714
233 455 -1.7857142857142858
234 235 1.7857142857142858
234 242 2.0
234 243 -2.0
234 487 -1.3571428571428572
234 526 -1.7857142857142858
234 536 2.0
235 236 -1.7857142857142858
235 243 -1.3571428571428572
235 244 0.5714285714285714
235 580 -0.5714285714285714
235 612 -0.5714285714285714
235 620 1.7857142857142858
236 244 0.5714285714285714
236 245 -1.3571428571428572
236 647 -0.9285714285714286
236 657 0.9285714285714286
236 689 -2.0
237 238 0.5714285714285714
237 246 -0.5714285714285714
237 820 -2.0
238 247 -0.5714285714285714
238 892 -2.0
238 904 -1.7857142857142858
238 938 -1.3571428571428572
238 948 -0.5714285714285714
239 248 -0.5714285714285714
239 249 -1.3571428571428572
240 241 1.3571428571428572
240 281 -1.7857142857142858
240 290 2.0
241 242 1.7857142857142858
241 336 2.0
241 345 1.3571428571428572
241 392 2.0
242 243 -0.5714285714285714
242 444 -1.3571428571428572
242 455 1.3571428571428572
242 487 -0.9285714285714286
243 244 0.5714285714285714
243 526 -1.7857142857142858
243 536 -0.9285714285714286
243 580 1.3571428571428572
244 245 -0.5714285714285714
244 612 2.0
244 620 -0.9285714285714286
244 647 0.9285714285714286
244 657 -1.3571428571428572
245 246 0.9285714285714286
245 721 -1.3571428571428572
245 731 2.0
246 763 0.9285714285714286
246 775 -1.7857142857142858
246 809 -1.7857142857142858
246 820 -1.3571428571428572
247 248 -1.7857142857142858
247 938 0.5714285714285714
247 948 2.0
247 989 -1.3571428571428572
248 249 -0.9285714285714286
250 251 -1.7857142857142858
250 262 1.3571428571428572
251 252 2.0
251 263 0.9285714285714286
252 253 1.7857142857142858
252 263 0.9285714285714286
252 264 1.3571428571428572
252 273 -0.9285714285714286
252 330 2.0
253 254 1.3571428571428572
253 264 0.9285714285714286
253 265 -0.5714285714285714
253 436 -0.5714285714285714
254 255 0.5714285714285714
254 265 0.9285714285714286
254 266 0.9285714285714286
254 479 -2.0
254 517 1.3571428571428572
255 256 -2.0
255 266 0.5714285714285714
255 267 1.3571428571428572
255 602 2.0
256 257 1.7857142857142858
256 267 -1.3571428571428572
256 268 0.9285714285714286
256 637 -1.7857142857142858
256 674 1.7857142857142858
257 258 1.7857142857142858
257 268 1.3571428571428572
257 712 -0.5714285714285714
257 753 0.5714285714285714
258 259 -1.7857142857142858
258 269 -0.9285714285714286
258 800 -1.3571428571428572
258 843 -2.0
259 260 -2.0
259 269 -2.0
259 270 -1.3571428571428572
259 882 0.9285714285714286
259 928 0.9285714285714286
260 261 2.0
260 271 1.7857142857142858
260 971 -1.3571428571428572
261 271 -1.7857142857142858
261 272 2.0
262 263 -2.0
263 264 2.0
263 273 -1.7857142857142858
264 265 -1.7857142857142858
264 330 -0.5714285714285714
265 266 0.9285714285714286
265 436 -0.5714285714285714
265 479 -0.9285714285714286
266 267 0.5714285714285714
266 517 0.9285714285714286
267 268 -1.7857142857142858
267 602 -1.3571428571428572
267 637 0.5714285714285714
268 674 -0.5714285714285714
268 712 -1.7857142857142858
269 270 -2.0
269 843 -0.9285714285714286
269 882 0.5714285714285714
270 271 2.0
270 928 -0.9285714285714286
270 971 0.9285714285714286
271 272 1.3571428571428572
273 274 -2.0
273 283 0.5714285714285714
273 313 -1.3571428571428572
273 321 -0.9285714285714286
274 275 1.3571428571428572
274 283 -1.7857142857142858
274 284 1.3571428571428572
274 376 -2.0
274 420 1.3571428571428572
274 428 -0.5714285714285714
275 284 1.7857142857142858
275 285 -2.0
275 459 0.9285714285714286
275 469 -1.7857142857142858
275 500 0.5714285714285714
275 508 1.3571428571428572
276 285 0.5714285714285714
276 286 -1.3571428571428572
276 540 1.7857142857142858
276 583 -1.3571428571428572
276 593 -0.9285714285714286
277 278 -0.9285714285714286
277 701 2.0
277 735 0.9285714285714286
277 745 1.3571428571428572
278 279 -1.3571428571428572
278 287 0.9285714285714286
278 778 0.9285714285714286
278 789 -1.7857142857142858
278 832 1.7857142857142858
279 280 1.7857142857142858
279 287 2.0
279 863 1.3571428571428572
279 871 -1.7857142857142858
279 907 2.0
279 918 -0.5714285714285714
280 288 -2.0
280 951 -0.5714285714285714
281 282 1.7857142857142858
281 289 0.5714285714285714
281 290 -1.7857142857142858
282 290 -2.0
282 291 -0.5714285714285714
282 294 0.5714285714285714
282 349 -0.5714285714285714
282 357 2.0
283 284 -1.3571428571428572
283 313 0.5714285714285714
283 321 2.0
283 376 0.9285714285714286
284 285 2.0
284 420 0.9285714285714286
284 428 2.0
284 459 -2.0
284 469 -0.9285714285714286
285 286 -0.9285714285714286
285 500 1.7857142857142858
285 508 -2.0
285 540 -2.0
285 550 -2.0
286 583 -1.3571428571428572
286 593 0.5714285714285714
287 832 0.9285714285714286
287 863 -2.0
287 871 -1.3571428571428572
288 289 1.7857142857142858
289 290 -1.7857142857142858
290 291 -0.9285714285714286
290 294 0.5714285714285714
291 349 1.3571428571428572
291 357 0.9285714285714286
291 409 -0.9285714285714286
292 293 0.9285714285714286
292 303 -1.7857142857142858
293 294 -2.0
293 303 -1.3571428571428572
294 295 -2.0
294 304 2.0
294 337 -0.9285714285714286
294 345 -0.5714285714285714
295 296 1.7857142857142858
295 304 -1.3571428571428572
295 393 -0.9285714285714286
295 445 -1.7857142857142858
295 455 1.3571428571428572
296 297 -2.0
296 305 0.5714285714285714
296 488 1.7857142857142858
296 527 2.0
296 536 -0.9285714285714286
297 298 1.3571428571428572
297 305 -0.5714285714285714
297 306 -0.5714285714285714
297 570 2.0
297 580 -0.9285714285714286
297 620 -1.7857142857142858
298 299 0.9285714285714286
298 306 -1.7857142857142858
298 307 -1.7857142857142858
298 648 0.5714285714285714
298 657 -2.0
298 689 -1.7857142857142858
299 300 -0.5714285714285714
299 307 0.5714285714285714
299 722 -1.3571428571428572
299 731 0.9285714285714286
299 764 -0.5714285714285714
299 775 0.9285714285714286
300 810 -0.5714285714285714
300 820 -1.3571428571428572
300 852 -2.0
301 302 1.3571428571428572
301 308 -1.7857142857142858
301 893 0.9285714285714286
301 904 -2.0
301 939 0.5714285714285714
301 948 1.7857142857142858
302 308 1.7857142857142858
302 309 -2.0
302 989 1.3571428571428572
304 337 0.5714285714285714
304 345 -0.5714285714285714
304 393 1.7857142857142858
305 306 0.9285714285714286
305 527 0.9285714285714286
305 536 1.3571428571428572
305 570 -0.5714285714285714
305 580 -1.3571428571428572
306 307 -1.7857142857142858
306 620 0.5714285714285714
306 648 -0.9285714285714286
306 657 -0.5714285714285714
307 689 -1.7857142857142858
307 722 -1.3571428571428572
307 731 -0.9285714285714286
308 309 1.3571428571428572
308 939 1.7857142857142858
308 948 -0.9285714285714286
308 989 -0.9285714285714286
309 310 -1.3571428571428572
311 312 2.0
311 320 1.7857142857142858
312 313 -1.3571428571428572
312 320 -1.7857142857142858
312 321 1.3571428571428572
313 314 1.3571428571428572
313 321 -1.3571428571428572
313 322 -0.5714285714285714
313 330 1.7857142857142858
313 338 -2.0
314 322 1.3571428571428572
314 323 -0.5714285714285714
314 436 -2.0
314 446 0.9285714285714286
315 316 1.3571428571428572
315 326 0.9285714285714286
315 712 1.7857142857142858
315 723 -1.3571428571428572
315 753 -0.5714285714285714
315 765 -0.9285714285714286
316 317 -1.7857142857142858
316 327 1.3571428571428572
316 800 2.0
316 811 1.3571428571428572
316 843 1.7857142857142858
317 318 -1.7857142857142858
317 327 -2.0
317 882 1.3571428571428572
317 894 1.7857142857142858
317 928 0.5714285714285714
317 940 -0.5714285714285714
318 319 -0.9285714285714286
318 328 1.3571428571428572
318 971 -0.9285714285714286
319 328 1.3571428571428572
319 329 -0.5714285714285714
320 321 1.7857142857142858
321 322 1.3571428571428572
322 323 -2.0
322 330 2.0
322 338 0.5714285714285714
323 324 0.9285714285714286
323 436 0.9285714285714286
323 446 0.5714285714285714
323 479 -1.3571428571428572
323 489 1.3571428571428572
324 325 0.9285714285714286
324 517 0.5714285714285714
324 528 -2.0
325 326 -1.7857142857142858
325 602 2.0
325 613 -1.3571428571428572
325 637 -0.9285714285714286
325 649 -0.5714285714285714
326 674 -2.0
326 712 -0.5714285714285714
326 723 -1.3571428571428572
327 843 -0.5714285714285714
327 894 -0.5714285714285714
328 329 0.5714285714285714
330 331 -0.9285714285714286
330 338 -1.3571428571428572
331 338 -2.0
331 339 0.9285714285714286
331 377 -1.7857142857142858
331 429 -1.3571428571428572
332 341 -2.0
332 702 0.9285714285714286
332 735 -0.5714285714285714
332 746 2.0
333 334 -0.9285714285714286
333 342 1.7857142857142858
333 863 -0.9285714285714286
333 872 1.7857142857142858
333 907 0.5714285714285714
333 919 0.9285714285714286
334 335 0.9285714285714286
334 342 0.5714285714285714
334 343 2.0
334 951 1.3571428571428572
334 961 0.5714285714285714
335 336 -0.5714285714285714
335 343 1.3571428571428572
335 344 2.0
336 344 -1.7857142857142858
336 345 1.7857142857142858
337 345 -1.7857142857142858
337 346 2.0
337 349 1.3571428571428572
337 358 0.9285714285714286
338 339 2.0
338 377 0.9285714285714286
339 420 -1.3571428571428572
339 429 0.5714285714285714
339 459 0.5714285714285714
339 470 -1.3571428571428572
340 583 1.3571428571428572
341 735 1.3571428571428572
341 746 -1.7857142857142858
341 778 0.5714285714285714
341 790 -0.5714285714285714
342 343 -2.0
342 907 -2.0
342 919 0.5714285714285714
342 951 -0.5714285714285714
342 961 1.7857142857142858
343 344 -0.5714285714285714
344 345 1.3571428571428572
345 346 2.0
346 349 2.0
346 358 -1.7857142857142858
346 410 -2.0
347 348 -2.0
347 356 -0.5714285714285714
348 349 -1.3571428571428572
348 356 1.7857142857142858
348 357 -0.5714285714285714
349 350 0.9285714285714286
349 357 0.9285714285714286
349 358 2.0
350 358 2.0
350 359 -1.7857142857142858
350 445 0.9285714285714286
350 456 1.7857142857142858
351 360 -0.5714285714285714
351 361 0.9285714285714286
351 570 0.5714285714285714
351 621 1.7857142857142858
352 353 -2.0
352 362 -1.3571428571428572
352 722 -1.7857142857142858
352 732 -1.3571428571428572
352 764 2.0
352 776 -1.3571428571428572
353 362 1.3571428571428572
353 363 1.3571428571428572
353 810 -1.3571428571428572
353 852 -1.7857142857142858
353 861 -1.7857142857142858
354 355 -1.7857142857142858
354 364 1.3571428571428572
355 365 -0.9285714285714286
356 357 -0.5714285714285714
357 358 -2.0
358 359 -1.3571428571428572
359 360 -0.9285714285714286
359 445 -1.7857142857142858
359 456 0.5714285714285714
359 488 0.9285714285714286
360 361 -0.9285714285714286
360 527 1.7857142857142858
360 537 0.5714285714285714
360 570 -0.5714285714285714
361 621 -0.5714285714285714
361 648 0.9285714285714286
361 658 -1.3571428571428572
362 363 0.5714285714285714
362 764 1.3571428571428572
362 776 -1.7857142857142858
362 810 -0.5714285714285714
363 364 0.5714285714285714
363 852 1.7857142857142858
363 861 1.3571428571428572
363 893 -0.5714285714285714
363 905 1.7857142857142858
364 949 2.0
366 375 0.5714285714285714
367 368 0.5714285714285714
367 377 1.3571428571428572
367 378 0.5714285714285714
367 384 -0.9285714285714286
367 437 2.0
367 446 0.9285714285714286
368 369 -1.7857142857142858
368 378 0.5714285714285714
368 489 -1.3571428571428572
368 528 -1.7857142857142858
369 370 -0.9285714285714286
369 379 0.9285714285714286
369 561 2.0
369 603 1.7857142857142858
369 613 0.5714285714285714
370 371 2.0
370 379 2.0
370 638 -2.0
370 649 -2.0
370 675 0.9285714285714286
371 713 1.7857142857142858
371 754 0.9285714285714286
371 765 1.7857142857142858
372 373 1.7857142857142858
372 380 -2.0
372 381 0.9285714285714286
372 883 1.3571428571428572
372 929 -2.0
372 940 -1.3571428571428572
373 374 0.9285714285714286
373 381 1.3571428571428572
373 382 1.3571428571428572
374 382 -0.5714285714285714
374 383 -1.7857142857142858
375 376 -2.0
376 377 -1.7857142857142858
377 378 -1.7857142857142858
377 384 -0.5714285714285714
378 437 2.0
378 446 -0.9285714285714286
378 489 -0.5714285714285714
379 603 1.7857142857142858
379 613 1.3571428571428572
379 638 -1.3571428571428572
379 649 -0.5714285714285714
380 381 0.5714285714285714
380 883 1.7857142857142858
380 894 0.5714285714285714
381 382 -1.7857142857142858
381 929 0.9285714285714286
382 383 -0.5714285714285714
384 385 -2.0
384 394 -1.7857142857142858
384 421 -1.3571428571428572
384 429 -1.3571428571428572
385 386 -1.7857142857142858
385 394 -0.9285714285714286
385 395 0.5714285714285714
385 460 0.5714285714285714
385 470 2.0
385 501 2.0
385 509 0.9285714285714286
386 387 2.0
386 395 -1.3571428571428572
386 396 -1.3571428571428572
386 541 -0.9285714285714286
386 551 2.0
386 584 -1.3571428571428572
387 388 -1.3571428571428572
387 396 0.9285714285714286
387 623 2.0
387 659 -1.7857142857142858
388 397 -2.0
388 693 0.9285714285714286
388 702 0.9285714285714286
389 390 0.5714285714285714
389 398 -0.5714285714285714
389 864 1.3571428571428572
389 872 1.3571428571428572
389 908 -1.7857142857142858
389 919 -1.3571428571428572
390 391 0.5714285714285714
390 398 0.5714285714285714
390 399 0.9285714285714286
390 952 1.3571428571428572
390 961 -1.3571428571428572
391 392 1.3571428571428572
391 399 -1.3571428571428572
392 393 1.3571428571428572
394 395 0.5714285714285714
394 421 -2.0
394 429 -2.0
394 460 -1.7857142857142858
394 470 -0.5714285714285714
395 396 -1.7857142857142858
395 501 -0.9285714285714286
395 509 -1.7857142857142858
395 541 2.0
395 551 -1.3571428571428572
396 584 -1.3571428571428572
396 623 -0.9285714285714286
397 736 1.7857142857142858
397 746 -0.5714285714285714
397 790 1.7857142857142858
398 399 1.7857142857142858
398 908 1.3571428571428572
398 919 1.3571428571428572
398 952 -2.0
398 961 1.3571428571428572
400 401 -2.0
401 409 1.7857142857142858
402 410 -0.9285714285714286
402 411 1.7857142857142858
402 456 -1.3571428571428572
403 404 1.7857142857142858
403 412 -2.0
403 621 1.7857142857142858
404 405 -1.3571428571428572
404 412 1.3571428571428572
404 413 -2.0
404 658 -0.9285714285714286
404 690 -1.3571428571428572
405 406 -0.9285714285714286
405 413 -0.9285714285714286
405 414 -0.9285714285714286
405 732 0.9285714285714286
405 776 0.5714285714285714
406 414 1.3571428571428572
406 415 -0.5714285714285714
406 861 2.0
407 408 1.3571428571428572
407 416 0.5714285714285714
407 417 -2.0
408 417 -1.7857142857142858
408 418 1.3571428571428572
409 410 -0.5714285714285714
410 411 0.9285714285714286
411 456 1.7857142857142858
412 413 1.3571428571428572
412 621 -2.0
412 658 -1.7857142857142858
413 414 0.9285714285714286
413 690 2.0
413 732 -1.3571428571428572
414 415 -1.7857142857142858
414 776 1.7857142857142858
415 416 0.5714285714285714
415 861 -2.0
415 905 1.7857142857142858
416 417 -0.5714285714285714
416 949 1.3571428571428572
417 418 1.7857142857142858
420 421 1.7857142857142858
420 428 0.9285714285714286
420 429 1.7857142857142858
421 422 0.9285714285714286
421 429 -1.3571428571428572
421 430 -1.7857142857142858
421 437 1.3571428571428572
421 447 2.0
422 430 1.7857142857142858
422 431 -1.3571428571428572
422 490 -0.5714285714285714
422 518 2.0
422 529 -0.9285714285714286
423 432 1.3571428571428572
423 433 -1.3571428571428572
423 638 -0.9285714285714286
423 650 -1.3571428571428572
423 675 1.3571428571428572
424 425 0.5714285714285714
424 435 -1.3571428571428572
424 883 1.3571428571428572
424 895 -2.0
424 929 -1.3571428571428572
424 941 -1.3571428571428572
425 426 -2.0
425 435 0.9285714285714286
425 980 1.3571428571428572
427 428 -1.3571428571428572
428 429 1.7857142857142858
429 430 -0.5714285714285714
430 431 1.3571428571428572
430 437 -1.3571428571428572
430 447 -0.5714285714285714
430 490 1.3571428571428572
431 432 -0.9285714285714286
431 518 -1.3571428571428572
431 529 -2.0
431 561 1.7857142857142858
431 571 2.0
432 433 -1.3571428571428572
432 603 1.7857142857142858
432 614 0.9285714285714286
432 638 2.0
432 650 -1.7857142857142858
433 434 1.3571428571428572
433 675 0.9285714285714286
433 713 1.7857142857142858
433 724 1.7857142857142858
434 754 2.0
434 766 1.3571428571428572
434 801 -0.9285714285714286
434 812 2.0
435 941 -1.3571428571428572
435 980 -2.0
436 437 -1.3571428571428572
436 446 0.9285714285714286
437 438 1.7857142857142858
437 446 -1.7857142857142858
437 447 1.3571428571428572
438 439 2.0
438 447 -2.0
438 448 2.0
438 460 0.5714285714285714
438 471 -1.3571428571428572
438 501 -0.9285714285714286
438 510 -0.9285714285714286
439 440 -2.0
439 448 -1.3571428571428572
439 449 0.9285714285714286
439 541 -2.0
439 552 0.9285714285714286
439 584 0.5714285714285714
439 594 1.3571428571428572
440 441 2.0
440 449 1.7857142857142858
440 450 0.9285714285714286
440 623 -2.0
440 630 1.7857142857142858
440 659 -1.3571428571428572
440 668 -0.9285714285714286
441 442 1.3571428571428572
441 451 -0.9285714285714286
441 703 -0.9285714285714286
441 736 1.7857142857142858
441 747 -0.5714285714285714
442 443 2.0
442 779 -0.5714285714285714
442 791 -1.7857142857142858
442 823 0.9285714285714286
442 834 -1.7857142857142858
443 452 -2.0
443 864 1.3571428571428572
443 873 -0.9285714285714286
443 908 -0.9285714285714286
443 920 1.7857142857142858
444 445 0.5714285714285714
444 454 -0.5714285714285714
444 455 0.5714285714285714
445 455 -2.0
445 456 -0.5714285714285714
446 447 -0.5714285714285714
447 448 0.9285714285714286
447 460 -2.0
447 471 -1.3571428571428572
448 449 -0.5714285714285714
448 501 -2.0
448 510 2.0
448 541 -0.9285714285714286
448 552 -0.5714285714285714
449 450 -0.9285714285714286
449 584 -1.7857142857142858
449 594 -0.5714285714285714
449 623 2.0
449 630 0.9285714285714286
450 451 1.7857142857142858
450 659 -2.0
450 668 0.5714285714285714
450 693 -0.9285714285714286
450 703 -0.5714285714285714
451 736 0.9285714285714286
451 747 0.9285714285714286
452 453 1.7857142857142858
452 908 2.0
452 920 0.5714285714285714
452 952 -1.3571428571428572
452 962 0.9285714285714286
453 454 1.7857142857142858
454 455 0.9285714285714286
455 456 -1.7857142857142858
457 458 -0.5714285714285714
457 468 -0.9285714285714286
458 468 -0.5714285714285714
458 469 -1.3571428571428572
459 460 0.9285714285714286
459 469 2.0
459 470 -0.5714285714285714
460 461 0.5714285714285714
460 470 -0.9285714285714286
460 471 -0.9285714285714286
461 462 1.3571428571428572
461 471 1.7857142857142858
461 472 0.5714285714285714
461 480 -2.0
461 490 -1.3571428571428572
461 519 1.7857142857142858
461 529 -1.7857142857142858
462 472 0.5714285714285714
462 473 -1.7857142857142858
462 571 -0.9285714285714286
462 604 -0.9285714285714286
462 614 -0.5714285714285714
463 464 0.9285714285714286
463 474 1.7857142857142858
463 475 -0.5714285714285714
463 714 0.5714285714285714
463 724 -1.3571428571428572
463 755 -0.5714285714285714
463 766 1.7857142857142858
464 465 -2.0
464 475 -0.5714285714285714
464 476 2.0
464 802 -1.7857142857142858
464 812 -2.0
464 844 0.9285714285714286
464 853 1.3571428571428572
465 466 0.5714285714285714
465 476 -2.0
465 884 -1.3571428571428572
465 895 2.0
465 930 -0.5714285714285714
465 941 -1.7857142857142858
466 467 0.9285714285714286
466 477 -0.9285714285714286
466 972 1.3571428571428572
466 980 -1.3571428571428572
467 477 -2.0
467 478 1.7857142857142858
468 469 -0.5714285714285714
469 470 1.3571428571428572
470 471 2.0
471 472 0.9285714285714286
471 480 -1.3571428571428572
471 490 0.9285714285714286
472 473 0.9285714285714286
472 519 0.5714285714285714
472 529 1.7857142857142858
472 562 -1.7857142857142858
472 571 -1.3571428571428572
473 474 0.5714285714285714
473 604 2.0
473 614 2.0
473 639 0.9285714285714286
473 650 0.9285714285714286
474 475 -2.0
474 676 -1.3571428571428572
474 714 -0.9285714285714286
474 724 -1.3571428571428572
475 476 1.7857142857142858
475 755 -0.9285714285714286
475 766 -1.7857142857142858
475 802 -2.0
475 812 -0.9285714285714286
476 844 1.3571428571428572
476 853 -2.0
476 884 -0.9285714285714286
476 895 0.9285714285714286
477 478 0.9285714285714286
479 489 -0.9285714285714286
480 481 -0.9285714285714286
480 490 1.3571428571428572
480 491 -0.9285714285714286
480 510 -1.7857142857142858
481 482 -0.5714285714285714
481 491 -1.3571428571428572
481 492 2.0
481 542 -0.5714285714285714
481 552 -0.5714285714285714
481 585 -0.9285714285714286
481 594 -1.7857142857142858
482 483 1.3571428571428572
482 492 0.5714285714285714
482 624 0.9285714285714286
482 630 -2.0
482 660 -2.0
482 668 -1.3571428571428572
483 484 1.7857142857142858
483 493 0.5714285714285714
483 703 0.9285714285714286
483 737 0.9285714285714286
483 747 -0.5714285714285714
484 485 2.0
484 493 0.9285714285714286
484 494 -1.3571428571428572
484 780 -0.9285714285714286
484 791 -0.9285714285714286
484 824 1.7857142857142858
484 834 0.5714285714285714
485 486 -1.7857142857142858
485 494 0.9285714285714286
485 495 0.9285714285714286
485 873 2.0
485 909 0.9285714285714286
485 920 -2.0
486 495 0.9285714285714286
486 496 0.9285714285714286
486 953 2.0
486 962 -1.3571428571428572
487 488 2.0
487 497 -1.3571428571428572
489 490 -2.0
490 491 0.9285714285714286
491 502 0.9285714285714286
491 510 1.7857142857142858
491 542 -1.3571428571428572
491 552 2.0
492 585 0.9285714285714286
492 594 -0.5714285714285714
492 624 -0.5714285714285714
492 630 0.9285714285714286
493 494 -2.0
493 737 1.3571428571428572
493 780 -1.7857142857142858
493 791 1.3571428571428572
494 495 -2.0
494 824 -0.5714285714285714
494 834 -0.5714285714285714
494 873 0.9285714285714286
495 496 0.9285714285714286
495 909 -1.3571428571428572
495 920 2.0
495 953 0.5714285714285714
495 962 -0.5714285714285714
496 497 1.7857142857142858
498 499 -2.0
499 500 0.9285714285714286
499 508 2.0
500 501 2.0
500 508 2.0
500 509 -1.3571428571428572
501 502 1.3571428571428572
501 509 -1.3571428571428572
501 510 0.5714285714285714
502 503 -2.0
502 510 -0.5714285714285714
502 511 -0.5714285714285714
502 519 1.3571428571428572
502 530 -0.9285714285714286
503 504 0.5714285714285714
503 511 -2.0
503 512 1.7857142857142858
503 562 2.0
503 572 -2.0
503 604 2.0
503 615 -1.3571428571428572
504 512 1.3571428571428572
504 513 1.7857142857142858
504 639 -1.3571428571428572
504 651 1.7857142857142858
504 676 2.0
504 682 -1.3571428571428572
505 506 -1.7857142857142858
505 515 -0.9285714285714286
505 516 1.3571428571428572
505 884 -2.0
505 896 -1.3571428571428572
505 930 1.3571428571428572
505 942 2.0
506 507 2.0
506 516 1.7857142857142858
506 972 -1.7857142857142858
506 981 1.7857142857142858
508 509 -0.5714285714285714
509 510 -1.7857142857142858
510 511 -0.9285714285714286
511 512 -1.7857142857142858
511 519 2.0
511 530 -1.3571428571428572
511 572 -2.0
512 513 -1.7857142857142858
512 604 1.3571428571428572
512 615 1.3571428571428572
512 639 1.3571428571428572
512 651 -2.0
513 514 0.9285714285714286
513 676 -1.3571428571428572
513 682 1.7857142857142858
513 714 2.0
513 725 2.0
514 515 2.0
514 755 2.0
514 802 0.5714285714285714
515 516 0.5714285714285714
515 844 0.9285714285714286
515 854 2.0
515 884 0.9285714285714286
515 896 -1.3571428571428572
516 930 -2.0
516 942 1.3571428571428572
516 972 1.7857142857142858
516 981 1.3571428571428572
517 518 -0.9285714285714286
517 528 -0.9285714285714286
518 519 1.7857142857142858
518 528 2.0
518 529 1.7857142857142858
519 520 0.9285714285714286
519 529 0.5714285714285714
519 530 2.0
520 521 -1.3571428571428572
520 530 0.5714285714285714
520 531 1.7857142857142858
520 542 -1.3571428571428572
520 553 2.0
520 585 1.3571428571428572
521 531 -0.5714285714285714
521 624 -0.5714285714285714
521 631 0.9285714285714286
521 660 -0.9285714285714286
522 532 -1.7857142857142858
522 704 -2.0
522 737 -1.7857142857142858
522 748 1.3571428571428572
523 524 -0.5714285714285714
523 533 -1.3571428571428572
523 534 0.5714285714285714
523 874 0.9285714285714286
523 909 2.0
523 921 2.0
524 525 -0.9285714285714286
524 534 0.5714285714285714
524 953 -1.3571428571428572
524 963 1.7857142857142858
525 526 -1.7857142857142858
525 535 0.9285714285714286
526 527 -0.9285714285714286
526 535 0.9285714285714286
526 536 0.5714285714285714
527 536 -0.9285714285714286
527 537 -0.9285714285714286
528 529 -2.0
529 530 -1.7857142857142858
530 531 2.0
530 542 -1.7857142857142858
530 553 -1.7857142857142858
531 585 2.0
531 624 0.5714285714285714
531 631 -2.0
532 533 -0.9285714285714286
532 737 -1.3571428571428572
532 748 -1.3571428571428572
532 780 0.9285714285714286
533 534 -0.5714285714285714
533 824 -2.0
533 835 1.3571428571428572
533 874 -1.7857142857142858
534 909 2.0
534 921 -1.3571428571428572
534 953 1.7857142857142858
534 963 1.7857142857142858
535 536 1.3571428571428572
536 537 -1.7857142857142858
538 539 -1.3571428571428572
539 540 1.3571428571428572
539 550 -1.3571428571428572
540 541 -1.7857142857142858
540 550 1.7857142857142858
540 551 1.3571428571428572
541 542 -1.7857142857142858
541 551 2.0
541 552 -1.3571428571428572
542 543 -2.0
542 552 -0.5714285714285714
542 553 -1.3571428571428572
543 544 1.3571428571428572
543 553 -1.7857142857142858
543 554 -1.3571428571428572
543 563 -1.3571428571428572
543 572 2.0
543 605 -2.0
543 615 -1.7857142857142858
544 545 -0.9285714285714286
544 554 -0.5714285714285714
544 555 1.3571428571428572
544 640 1.7857142857142858
544 651 -1.3571428571428572
544 677 -1.7857142857142858
544 682 -0.9285714285714286
545 546 2.0
545 555 -0.9285714285714286
545 556 0.5714285714285714
545 725 0.9285714285714286
546 547 0.5714285714285714
546 556 1.3571428571428572
546 557 -1.7857142857142858
546 803 -0.5714285714285714
546 845 0.9285714285714286
546 854 2.0
547 548 -0.9285714285714286
547 557 -2.0
547 558 -0.9285714285714286
547 885 -2.0
547 896 -1.3571428571428572
547 931 -1.7857142857142858
547 942 -1.3571428571428572
548 549 0.9285714285714286
548 558 -0.5714285714285714
548 559 2.0
548 981 -1.3571428571428572
549 559 -0.9285714285714286
549 560 2.0
550 551 -1.3571428571428572
551 552 0.5714285714285714
552 553 -2.0
553 554 -0.5714285714285714
553 563 -1.3571428571428572
553 572 -0.5714285714285714
554 555 0.9285714285714286
554 605 -0.5714285714285714
554 615 -0.9285714285714286
554 640 2.0
554 651 2.0
555 556 -0.9285714285714286
555 677 1.3571428571428572
555 682 -0.5714285714285714
555 725 -1.3571428571428572
556 557 -2.0
556 756 -1.3571428571428572
556 767 1.3571428571428572
556 803 0.5714285714285714
557 558 0.5714285714285714
557 845 0.5714285714285714
557 854 1.3571428571428572
557 885 -2.0
557 896 -1.3571428571428572
558 559 -1.3571428571428572
558 931 0.9285714285714286
558 942 -0.5714285714285714
558 973 0.9285714285714286
558 981 -2.0
559 560 -0.9285714285714286
561 562 1.3571428571428572
561 571 0.5714285714285714
562 563 -1.7857142857142858
562 571 -0.5714285714285714
562 572 -1.3571428571428572
563 564 -0.9285714285714286
563 572 1.3571428571428572
563 573 -2.0
563 586 -0.9285714285714286
564 565 0.9285714285714286
564 573 0.5714285714285714
564 574 1.7857142857142858
564 625 1.3571428571428572
564 631 -1.3571428571428572
564 661 0.5714285714285714
565 566 2.0
565 574 -1.3571428571428572
565 575 -0.9285714285714286
565 704 0.9285714285714286
565 738 -0.9285714285714286
565 748 -1.3571428571428572
566 567 -1.3571428571428572
566 575 -1.7857142857142858
566 576 0.9285714285714286
566 781 1.3571428571428572
566 792 1.3571428571428572
566 825 -2.0
566 835 -1.3571428571428572
567 568 -0.5714285714285714
567 577 -1.7857142857142858
567 865 -0.5714285714285714
567 910 2.0
567 921 1.3571428571428572
568 569 1.7857142857142858
568 577 0.5714285714285714
568 578 -1.7857142857142858
568 954 -2.0
568 963 0.9285714285714286
569 578 1.3571428571428572
569 579 -1.3571428571428572
570 580 -2.0
571 572 -1.7857142857142858
572 573 -0.9285714285714286
573 574 0.9285714285714286
573 586 0.5714285714285714
573 625 -0.9285714285714286
573 631 -2.0
574 575 -0.9285714285714286
574 661 -2.0
574 704 -0.9285714285714286
575 576 1.7857142857142858
575 738 -0.5714285714285714
575 748 -1.3571428571428572
575 781 -1.7857142857142858
575 792 0.9285714285714286
576 577 0.9285714285714286
576 825 -1.7857142857142858
576 835 -2.0
576 865 1.3571428571428572
576 874 -2.0
577 578 1.3571428571428572
577 910 -0.9285714285714286
577 921 0.9285714285714286
577 954 0.5714285714285714
577 963 1.3571428571428572
578 579 2.0
579 580 1.3571428571428572
581 582 -1.3571428571428572
582 583 0.5714285714285714
582 593 -1.3571428571428572
583 584 -1.3571428571428572
583 593 0.5714285714285714
584 585 -2.0
584 594 -0.5714285714285714
585 586 -1.3571428571428572
585 594 1.7857142857142858
586 587 1.7857142857142858
586 595 2.0
586 605 2.0
587 588 -0.9285714285714286
587 595 1.3571428571428572
587 596 -0.9285714285714286
587 640 0.9285714285714286
587 652 1.3571428571428572
587 677 -1.7857142857142858
587 683 -0.5714285714285714
588 589 -2.0
588 596 -0.9285714285714286
588 597 0.9285714285714286
588 726 -0.5714285714285714
588 756 0.5714285714285714
588 768 1.7857142857142858
589 590 2.0
589 597 -2.0
589 598 -0.9285714285714286
589 803 -1.3571428571428572
589 813 -2.0
589 845 -1.3571428571428572
589 855 2.0
590 591 -0.9285714285714286
590 598 1.7857142857142858
590 599 -1.7857142857142858
590 885 0.9285714285714286
590 897 0.5714285714285714
590 931 -0.9285714285714286
590 943 -1.7857142857142858
591 592 0.5714285714285714
591 599 -0.5714285714285714
591 600 -2.0
591 973 1.7857142857142858
591 982 -1.3571428571428572
592 600 -2.0
595 596 -2.0
595 605 0.9285714285714286
595 652 -0.9285714285714286
596 597 0.5714285714285714
596 726 1.3571428571428572
597 598 1.3571428571428572
597 756 -0.5714285714285714
597 768 1.7857142857142858
597 803 0.9285714285714286
597 813 -0.5714285714285714
598 599 -2.0
598 845 -2.0
598 855 1.3571428571428572
598 885 0.9285714285714286
598 897 0.5714285714285714
599 600 -1.3571428571428572
599 931 0.9285714285714286
599 943 0.9285714285714286
599 973 -0.5714285714285714
599 982 -1.3571428571428572
600 601 -0.9285714285714286
602 613 -2.0
603 604 1.3571428571428572
603 613 0.9285714285714286
603 614 1.7857142857142858
604 605 1.7857142857142858
604 614 0.5714285714285714
604 615 2.0
605 606 -0.5714285714285714
605 615 -1.7857142857142858
606 607 -2.0
606 625 -1.7857142857142858
606 632 0.9285714285714286
606 661 1.7857142857142858
607 608 -1.3571428571428572
607 616 -1.7857142857142858
607 705 2.0
607 738 1.7857142857142858
608 609 -2.0
608 616 -0.9285714285714286
608 617 -1.3571428571428572
608 793 -2.0
608 825 -1.3571428571428572
608 836 -2.0
609 610 -2.0
609 617 0.9285714285714286
609 618 -0.9285714285714286
609 865 -0.9285714285714286
609 875 -1.7857142857142858
609 910 -0.9285714285714286
609 922 -2.0
610 611 0.5714285714285714
610 618 -1.3571428571428572
610 954 -1.3571428571428572
610 964 0.9285714285714286
611 612 -2.0
611 619 0.9285714285714286
612 619 1.3571428571428572
612 620 1.3571428571428572
613 614 0.5714285714285714
614 615 -2.0
616 617 1.7857142857142858
616 738 -0.9285714285714286
616 781 0.9285714285714286
616 793 0.9285714285714286
617 618 -1.7857142857142858
617 825 0.5714285714285714
617 865 -1.3571428571428572
617 875 1.7857142857142858
618 910 -0.9285714285714286
618 922 -1.3571428571428572
618 954 -0.9285714285714286
618 964 2.0
619 620 -2.0
620 621 -0.9285714285714286
623 624 1.7857142857142858
623 630 1.3571428571428572
624 625 -1.3571428571428572
624 630 0.9285714285714286
624 631 2.0
625 631 -0.5714285714285714
625 632 -0.5714285714285714
626 627 -1.7857142857142858
626 633 1.7857142857142858
626 634 -1.7857142857142858
626 715 -1.3571428571428572
626 726 1.3571428571428572
626 757 0.5714285714285714
626 768 -1.3571428571428572
627 634 1.7857142857142858
627 804 -2.0
627 813 2.0
627 846 -0.5714285714285714
627 855 0.5714285714285714
628 629 -1.7857142857142858
628 635 2.0
628 636 0.9285714285714286
628 974 0.9285714285714286
628 982 0.9285714285714286
629 636 0.5714285714285714
630 631 1.3571428571428572
631 632 -0.9285714285714286
632 633 -1.7857142857142858
632 641 0.9285714285714286
632 652 -1.3571428571428572
633 634 0.5714285714285714
633 683 1.3571428571428572
633 715 -0.9285714285714286
633 726 -1.3571428571428572
634 757 -0.9285714285714286
634 768 -0.9285714285714286
634 804 2.0
634 813 0.5714285714285714
635 636 -2.0
635 932 1.7857142857142858
635 943 0.5714285714285714
635 974 2.0
635 982 -1.7857142857142858
637 638 -2.0
637 649 -2.0
638 639 2.0
638 649 0.9285714285714286
638 650 -1.3571428571428572
639 640 -1.3571428571428572
639 650 0.9285714285714286
639 651 -1.7857142857142858
640 641 -0.5714285714285714
640 651 -1.3571428571428572
640 652 2.0
641 642 -0.9285714285714286
641 652 -1.7857142857142858
641 653 -1.3571428571428572
641 662 -0.5714285714285714
642 653 2.0
642 654 -1.3571428571428572
642 694 0.9285714285714286
642 705 0.9285714285714286
643 644 -1.7857142857142858
643 654 -0.5714285714285714
643 782 0.9285714285714286
643 793 -0.9285714285714286
643 826 -2.0
643 836 -0.9285714285714286
644 645 1.3571428571428572
644 866 1.7857142857142858
644 875 2.0
644 922 -1.7857142857142858
645 655 1.7857142857142858
645 955 -1.7857142857142858
645 964 -0.9285714285714286
646 647 -1.7857142857142858
646 655 2.0
646 656 -1.7857142857142858
647 648 -2.0
647 656 -2.0
647 657 0.5714285714285714
648 657 -0.5714285714285714
648 658 2.0
649 650 -0.5714285714285714
651 652 -1.3571428571428572
652 653 -0.5714285714285714
653 654 1.7857142857142858
653 662 0.9285714285714286
653 694 -0.5714285714285714
653 705 -0.9285714285714286
654 782 -2.0
654 793 -0.5714285714285714
655 656 -0.5714285714285714
656 657 1.7857142857142858
657 658 -0.9285714285714286
659 660 -1.7857142857142858
659 668 1.3571428571428572
660 661 0.5714285714285714
660 668 1.7857142857142858
661 662 -2.0
662 663 -1.7857142857142858
662 669 2.0
662 684 -2.0
663 664 1.7857142857142858
663 669 -1.3571428571428572
663 670 -0.9285714285714286
663 715 1.7857142857142858
663 727 -0.9285714285714286
663 757 0.9285714285714286
663 769 1.3571428571428572
664 665 -2.0
664 670 2.0
664 671 0.9285714285714286
664 804 0.9285714285714286
664 814 1.3571428571428572
664 846 -0.9285714285714286
664 856 -1.3571428571428572
665 671 0.9285714285714286
665 886 1.7857142857142858
665 898 2.0
665 932 0.5714285714285714
665 944 1.7857142857142858
666 672 -0.5714285714285714
666 673 -1.3571428571428572
669 670 0.9285714285714286
669 684 -0.5714285714285714
669 715 -1.3571428571428572
669 727 -0.9285714285714286
670 671 -0.5714285714285714
670 757 1.3571428571428572
670 769 1.7857142857142858
670 804 0.5714285714285714
670 814 0.9285714285714286
671 856 1.7857142857142858
671 886 -0.9285714285714286
671 898 0.9285714285714286
672 673 2.0
674 675 -0.5714285714285714
675 676 1.7857142857142858
676 677 -2.0
676 682 1.3571428571428572
677 682 0.9285714285714286
677 683 -2.0
678 679 0.5714285714285714
678 684 1.7857142857142858
678 685 1.7857142857142858
678 694 0.9285714285714286
678 706 -2.0
679 680 -0.5714285714285714
679 685 0.5714285714285714
679 782 1.7857142857142858
679 794 1.3571428571428572
679 826 1.7857142857142858
679 837 0.9285714285714286
680 681 0.9285714285714286
680 686 2.0
680 687 1.3571428571428572
680 866 -1.7857142857142858
680 876 -1.3571428571428572
680 911 -0.5714285714285714
680 923 -1.3571428571428572
681 687 1.3571428571428572
681 955 0.9285714285714286
681 965 -1.3571428571428572
682 683 2.0
683 684 -2.0
684 685 0.5714285714285714
684 694 1.7857142857142858
684 706 -2.0
685 686 -0.5714285714285714
685 782 0.5714285714285714
685 794 0.5714285714285714
686 687 1.7857142857142858
686 826 0.9285714285714286
686 866 -1.3571428571428572
686 876 -2.0
687 911 0.9285714285714286
687 923 1.3571428571428572
687 955 -1.3571428571428572
687 965 2.0
688 689 -1.7857142857142858
689 690 -0.5714285714285714
691 692 -2.0
691 700 0.9285714285714286
692 700 1.3571428571428572
692 701 -0.5714285714285714
693 702 0.5714285714285714
693 703 2.0
694 695 -0.5714285714285714
694 705 -1.7857142857142858
694 706 1.7857142857142858
695 706 -1.3571428571428572
695 707 0.9285714285714286
695 716 -1.7857142857142858
695 727 0.9285714285714286
695 758 -1.7857142857142858
695 769 1.7857142857142858
696 697 1.3571428571428572
696 707 2.0
696 805 1.7857142857142858
696 814 -1.3571428571428572
696 847 -1.7857142857142858
696 856 1.7857142857142858
697 698 -1.3571428571428572
697 708 1.3571428571428572
697 709 -0.5714285714285714
697 887 1.3571428571428572
697 898 2.0
697 933 1.7857142857142858
697 944 -0.9285714285714286
698 699 1.3571428571428572
698 709 -1.3571428571428572
698 710 0.5714285714285714
698 975 2.0
698 983 -1.7857142857142858
699 710 2.0
699 711 -2.0
700 701 -0.5714285714285714
701 702 0.5714285714285714
702 703 -0.5714285714285714
703 704 1.7857142857142858
704 705 -1.3571428571428572
705 706 0.9285714285714286
706 707 -2.0
706 716 -1.7857142857142858
706 727 -0.9285714285714286
707 708 -0.9285714285714286
707 758 -2.0
707 769 -0.9285714285714286
707 805 1.7857142857142858
707 814 -1.7857142857142858
708 709 -0.5714285714285714
708 847 0.9285714285714286
708 856 0.5714285714285714
708 887 -1.3571428571428572
708 898 -2.0
709 710 1.3571428571428572
709 933 1.7857142857142858
709 944 -0.5714285714285714
709 975 0.9285714285714286
709 983 -0.5714285714285714
710 711 0.9285714285714286
712 713 -1.7857142857142858
712 723 1.7857142857142858
713 714 -0.9285714285714286
713 723 -2.0
713 724 -0.5714285714285714
714 724 -2.0
714 725 1.7857142857142858
715 716 -1.3571428571428572
715 726 0.9285714285714286
715 727 2.0
716 717 0.9285714285714286
716 727 1.3571428571428572
716 728 0.5714285714285714
716 739 0.5714285714285714
717 718 -0.9285714285714286
717 728 -0.5714285714285714
717 729 -2.0
717 783 0.5714285714285714
717 794 0.5714285714285714
717 827 -1.3571428571428572
717 837 -1.7857142857142858
718 719 2.0
718 729 2.0
718 730 1.3571428571428572
718 867 0.9285714285714286
718 876 -1.7857142857142858
718 912 -0.9285714285714286
718 923 -1.7857142857142858
719 720 -0.9285714285714286
719 730 1.7857142857142858
719 956 -0.5714285714285714
719 965 -1.3571428571428572
720 721 -0.9285714285714286
721 722 -0.9285714285714286
721 731 1.7857142857142858
722 731 -1.3571428571428572
722 732 -2.0
723 724 0.9285714285714286
724 725 0.9285714285714286
725 726 -1.3571428571428572
726 727 -0.9285714285714286
727 728 -1.3571428571428572
728 729 0.5714285714285714
728 739 1.3571428571428572
728 783 -0.5714285714285714
728 794 1.3571428571428572
729 730 1.7857142857142858
729 827 0.5714285714285714
729 837 0.9285714285714286
729 867 1.7857142857142858
729 876 2.0
730 912 0.5714285714285714
730 923 -1.7857142857142858
730 956 -0.5714285714285714
730 965 -0.5714285714285714
731 732 0.5714285714285714
733 734 -0.5714285714285714
734 735 0.5714285714285714
734 744 -1.7857142857142858
734 745 1.7857142857142858
735 736 -0.9285714285714286
735 745 1.3571428571428572
735 746 2.0
736 737 -1.3571428571428572
736 746 0.9285714285714286
736 747 1.3571428571428572
737 738 0.5714285714285714
737 747 -1.7857142857142858
737 748 0.9285714285714286
738 748 0.9285714285714286
739 740 -0.9285714285714286
739 749 -1.3571428571428572
739 758 -1.3571428571428572
740 741 2.0
740 749 0.9285714285714286
740 750 2.0
740 805 -0.5714285714285714
740 815 2.0
740 847 -0.9285714285714286
740 857 0.5714285714285714
741 742 0.9285714285714286
741 750 1.3571428571428572
741 751 0.9285714285714286
741 887 -1.3571428571428572
741 899 -1.3571428571428572
741 933 0.9285714285714286
742 743 0.5714285714285714
742 751 -1.7857142857142858
742 752 -0.5714285714285714
742 975 1.3571428571428572
742 984 -0.5714285714285714
743 752 2.0
744 745 -0.9285714285714286
745 746 -2.0
746 747 -0.5714285714285714
747 748 -0.9285714285714286
749 750 1.3571428571428572
749 758 -1.7857142857142858
749 770 2.0
749 805 1.7857142857142858
749 815 -1.3571428571428572
750 751 -1.7857142857142858
750 847 -0.5714285714285714
750 857 -0.9285714285714286
750 887 -1.3571428571428572
750 899 -0.9285714285714286
751 752 1.3571428571428572
751 933 -1.3571428571428572
751 975 0.9285714285714286
751 984 1.7857142857142858
753 754 -2.0
753 765 -1.7857142857142858
754 755 -1.3571428571428572
754 765 1.7857142857142858
754 766 0.9285714285714286
755 756 2.0
755 766 -1.3571428571428572
755 767 -1.7857142857142858
756 757 -0.9285714285714286
756 767 -1.7857142857142858
756 768 1.7857142857142858
757 758 -0.5714285714285714
757 768 0.5714285714285714
757 769 -0.5714285714285714
758 759 0.5714285714285714
758 769 0.9285714285714286
758 770 -0.9285714285714286
759 760 1.3571428571428572
759 771 -1.3571428571428572
759 783 0.9285714285714286
759 795 -2.0
759 827 0.5714285714285714
759 838 2.0
760 761 0.5714285714285714
760 771 2.0
760 772 -2.0
760 867 1.7857142857142858
760 877 1.7857142857142858
760 912 -2.0
760 924 1.7857142857142858
761 762 -0.9285714285714286
761 772 0.9285714285714286
761 773 -2.0
761 956 1.3571428571428572
761 966 -1.3571428571428572
762 763 0.9285714285714286
762 773 -2.0
762 774 1.7857142857142858
763 764 0.5714285714285714
763 774 -2.0
763 775 -0.9285714285714286
764 775 1.7857142857142858
764 776 2.0
765 766 -1.7857142857142858
766 767 -0.9285714285714286
767 768 -0.9285714285714286
768 769 2.0
769 770 -1.7857142857142858
770 783 -1.7857142857142858
770 795 -2.0
771 772 1.3571428571428572
771 827 -2.0
771 838 -0.9285714285714286
771 867 2.0
771 877 -2.0
772 773 0.9285714285714286
772 912 1.3571428571428572
772 924 0.9285714285714286
772 956 1.3571428571428572
772 966 -0.9285714285714286
773 774 -0.5714285714285714
774 775 2.0
775 776 -0.9285714285714286
777 788 0.9285714285714286
778 779 2.0
778 789 -1.7857142857142858
778 790 -2.0
779 780 -1.7857142857142858
779 790 1.7857142857142858
779 791 -0.5714285714285714
780 781 1.7857142857142858
780 791 -1.3571428571428572
780 792 -2.0
781 782 -0.5714285714285714
781 792 0.5714285714285714
781 793 0.9285714285714286
782 783 -1.7857142857142858
782 793 -1.3571428571428572
782 794 0.5714285714285714
783 784 -0.9285714285714286
783 794 2.0
783 795 2.0
784 785 -0.9285714285714286
784 795 0.5714285714285714
784 796 -0.9285714285714286
784 815 1.7857142857142858
784 848 -2.0
784 857 0.9285714285714286
785 786 -2.0
785 796 0.5714285714285714
785 797 0.9285714285714286
785 888 -1.3571428571428572
785 899 -1.7857142857142858
785 934 2.0
786 797 1.7857142857142858
786 798 -0.5714285714285714
786 984 -1.3571428571428572
787 798 -0.5714285714285714
787 799 1.3571428571428572
788 789 1.7857142857142858
789 790 1.3571428571428572
790 791 -1.7857142857142858
791 792 0.5714285714285714
792 793 0.5714285714285714
793 794 -1.3571428571428572
794 795 -1.7857142857142858
795 796 0.9285714285714286
795 815 -1.7857142857142858
796 797 1.3571428571428572
796 848 1.7857142857142858
796 857 0.5714285714285714
796 888 -2.0
796 899 0.9285714285714286
797 798 2.0
797 934 0.5714285714285714
797 976 1.3571428571428572
797 984 -1.3571428571428572
798 799 -1.7857142857142858
800 801 1.3571428571428572
800 811 2.0
801 802 -0.5714285714285714
801 811 -0.9285714285714286
801 812 2.0
802 803 1.3571428571428572
802 812 -1.7857142857142858
803 804 0.5714285714285714
803 813 2.0
804 805 1.3571428571428572
804 813 1.7857142857142858
804 814 0.9285714285714286
805 814 2.0
805 815 0.9285714285714286
806 807 -2.0
806 816 -0.5714285714285714
806 817 2.0
806 868 -1.3571428571428572
806 877 -2.0
806 913 0.9285714285714286
806 924 -0.9285714285714286
807 808 -0.5714285714285714
807 817 -0.5714285714285714
807 818 0.5714285714285714
807 957 -1.7857142857142858
807 966 -0.9285714285714286
808 809 1.7857142857142858
808 818 0.9285714285714286
808 819 -1.7857142857142858
809 810 1.3571428571428572
809 819 -0.5714285714285714
809 820 -1.7857142857142858
810 820 -0.5714285714285714
811 812 -1.3571428571428572
813 814 -0.9285714285714286
814 815 -1.7857142857142858
815 816 0.9285714285714286
816 817 -1.7857142857142858
816 828 -0.5714285714285714
816 838 -0.9285714285714286
816 868 -2.0
816 877 -1.7857142857142858
817 818 1.7857142857142858
817 913 -2.0
817 924 2.0
817 957 -0.5714285714285714
817 966 0.9285714285714286
818 819 -0.9285714285714286
819 820 -1.3571428571428572
821 822 0.5714285714285714
821 831 1.7857142857142858
822 831 -0.5714285714285714
823 824 0.5714285714285714
823 833 -2.0
823 834 0.5714285714285714
824 825 1.3571428571428572
824 834 -2.0
824 835 -0.5714285714285714
825 826 -2.0
825 835 0.5714285714285714
825 836 -1.7857142857142858
826 827 -1.3571428571428572
826 836 -1.3571428571428572
826 837 -1.3571428571428572
827 828 -1.3571428571428572
827 837 -1.7857142857142858
827 838 -1.7857142857142858
828 838 1.3571428571428572
828 839 0.5714285714285714
828 848 1.3571428571428572
829 830 0.5714285714285714
829 840 0.5714285714285714
829 841 0.9285714285714286
829 976 -1.3571428571428572
829 985 1.7857142857142858
830 841 -2.0
830 842 0.9285714285714286
831 832 1.3571428571428572
832 833 2.0
833 834 -1.3571428571428572
834 835 1.7857142857142858
836 837 1.3571428571428572
837 838 -0.9285714285714286
838 839 0.5714285714285714
839 840 -1.3571428571428572
839 848 0.9285714285714286
839 888 1.7857142857142858
839 900 0.5714285714285714
840 841 0.5714285714285714
840 934 -1.7857142857142858
840 976 1.7857142857142858
840 985 -0.5714285714285714
841 842 1.7857142857142858
844 845 1.7857142857142858
844 853 0.9285714285714286
844 854 1.7857142857142858
845 846 0.5714285714285714
845 854 1.7857142857142858
845 855 2.0
846 847 -0.9285714285714286
846 855 0.9285714285714286
846 856 1.3571428571428572
847 848 0.5714285714285714
847 856 1.7857142857142858
847 857 -1.7857142857142858
848 849 1.7857142857142858
848 857 -1.7857142857142858
849 850 1.7857142857142858
849 858 -1.7857142857142858
849 868 1.3571428571428572
849 878 2.0
849 913 -0.9285714285714286
850 851 0.5714285714285714
850 858 0.5714285714285714
850 859 0.5714285714285714
850 957 0.5714285714285714
850 967 -0.9285714285714286
851 859 -2.0
851 860 0.5714285714285714
852 861 0.5714285714285714
853 854 1.7857142857142858
854 855 1.7857142857142858
855 856 -1.7857142857142858
856 857 -1.7857142857142858
858 859 1.3571428571428572
858 913 2.0
858 957 -1.3571428571428572
858 967 1.7857142857142858
859 860 0.9285714285714286
862 863 2.0
862 870 -0.9285714285714286
862 871 0.9285714285714286
863 864 -1.7857142857142858
863 871 1.3571428571428572
863 872 -0.5714285714285714
864 872 1.3571428571428572
864 873 0.9285714285714286
865 866 2.0
865 874 1.7857142857142858
865 875 -0.9285714285714286
866 867 -0.9285714285714286
866 875 0.5714285714285714
866 876 -0.5714285714285714
867 868 -0.5714285714285714
867 876 1.3571428571428572
867 877 2.0
868 877 0.5714285714285714
868 878 1.3571428571428572
869 879 -0.9285714285714286
869 880 0.5714285714285714
869 977 -0.9285714285714286
869 985 -1.3571428571428572
870 871 0.5714285714285714
871 872 -1.7857142857142858
872 873 -0.9285714285714286
873 874 -2.0
874 875 2.0
875 876 0.9285714285714286
876 877 -1.3571428571428572
877 878 0.9285714285714286
878 879 0.5714285714285714
878 889 -1.7857142857142858
878 900 -0.5714285714285714
879 880 -0.5714285714285714
879 935 -2.0
879 977 0.9285714285714286
879 985 -1.7857142857142858
880 881 2.0
882 883 0.9285714285714286
882 894 -1.7857142857142858
883 884 -1.3571428571428572
883 894 1.7857142857142858
883 895 0.5714285714285714
884 885 1.3571428571428572
884 896 -0.5714285714285714
885 897 -2.0
886 887 0.9285714285714286
886 897 1.7857142857142858
886 898 -1.3571428571428572
887 888 0.9285714285714286
887 898 -1.7857142857142858
887 899 -0.9285714285714286
888 889 -2.0
888 899 0.5714285714285714
888 900 2.0
889 890 -0.9285714285714286
889 900 1.3571428571428572
889 901 1.3571428571428572
889 914 2.0
890 901 -0.9285714285714286
890 902 0.9285714285714286
890 967 -1.7857142857142858
891 892 -0.5714285714285714
891 902 -0.5714285714285714
891 903 -0.5714285714285714
892 893 -2.0
892 903 -0.5714285714285714
892 904 -1.3571428571428572
893 904 -1.7857142857142858
893 905 0.5714285714285714
894 895 -0.9285714285714286
895 896 1.3571428571428572
896 897 -1.7857142857142858
897 898 -2.0
898 899 -1.7857142857142858
899 900 -0.5714285714285714
900 901 -0.5714285714285714
901 902 1.7857142857142858
901 914 1.3571428571428572
901 967 -0.9285714285714286
902 903 -0.5714285714285714
903 904 -1.7857142857142858
904 905 1.7857142857142858
906 907 2.0
906 917 -0.9285714285714286
906 918 1.3571428571428572
907 908 -2.0
907 918 1.3571428571428572
907 919 0.9285714285714286
908 909 1.3571428571428572
908 919 -1.7857142857142858
908 920 -2.0
909 910 -1.7857142857142858
909 920 -1.3571428571428572
909 921 1.3571428571428572
910 911 -0.9285714285714286
910 921 2.0
910 922 0.5714285714285714
911 912 -1.7857142857142858
911 922 1.7857142857142858
911 923 0.5714285714285714
912 913 -0.5714285714285714
912 923 -1.3571428571428572
912 924 -1.3571428571428572
913 914 1.3571428571428572
913 924 0.9285714285714286
914 915 0.5714285714285714
914 925 -1.3571428571428572
914 935 1.3571428571428572
914 945 0.5714285714285714
915 916 0.5714285714285714
915 925 -0.9285714285714286
915 926 -2.0
915 977 -0.9285714285714286
915 986 -0.5714285714285714
916 926 1.3571428571428572
916 927 1.3571428571428572
917 918 -1.7857142857142858
918 919 1.7857142857142858
919 920 -1.3571428571428572
920 921 -0.9285714285714286
921 922 -2.0
922 923 1.7857142857142858
923 924 0.9285714285714286
925 926 0.5714285714285714
925 935 1.7857142857142858
925 945 1.3571428571428572
925 977 -1.7857142857142858
925 986 1.7857142857142858
926 927 1.7857142857142858
928 929 0.5714285714285714
928 940 -1.3571428571428572
929 930 0.5714285714285714
929 940 -0.9285714285714286
929 941 1.3571428571428572
930 931 1.3571428571428572
930 941 -2.0
930 942 -0.9285714285714286
931 932 1.7857142857142858
931 942 -0.5714285714285714
931 943 -1.7857142857142858
932 933 -0.9285714285714286
932 943 0.9285714285714286
932 944 1.3571428571428572
933 934 1.7857142857142858
933 944 -2.0
934 935 -2.0
935 936 -0.9285714285714286
935 945 -0.9285714285714286
936 937 -1.7857142857142858
936 945 -0.9285714285714286
936 946 -2.0
936 968 1.3571428571428572
937 938 1.7857142857142858
937 946 -1.3571428571428572
937 947 0.5714285714285714
938 947 -0.5714285714285714
938 948 -1.7857142857142858
939 948 -0.9285714285714286
939 949 1.7857142857142858
940 941 0.9285714285714286
941 942 -0.5714285714285714
942 943 2.0
943 944 -1.7857142857142858
945 946 -1.7857142857142858
945 968 -0.5714285714285714
947 948 -1.3571428571428572
948 949 -0.9285714285714286
950 960 1.7857142857142858
951 952 0.5714285714285714
951 961 -2.0
952 953 -1.7857142857142858
952 961 1.7857142857142858
952 962 0.5714285714285714
953 962 -2.0
953 963 0.5714285714285714
954 955 -2.0
954 963 2.0
954 964 0.9285714285714286
955 956 -0.9285714285714286
955 964 0.9285714285714286
956 957 -0.5714285714285714
956 965 1.7857142857142858
956 966 0.5714285714285714
957 966 -1.3571428571428572
957 967 -1.3571428571428572
958 959 -0.9285714285714286
958 968 -0.9285714285714286
958 969 1.7857142857142858
958 978 -1.7857142857142858
958 986 0.5714285714285714
959 969 -1.7857142857142858
959 970 -1.7857142857142858
961 962 1.3571428571428572
962 963 0.9285714285714286
963 964 -0.9285714285714286
964 965 -1.3571428571428572
965 966 -0.5714285714285714
966 967 1.3571428571428572
967 968 1.7857142857142858
968 969 0.5714285714285714
968 978 1.7857142857142858
968 986 -0.9285714285714286
969 970 1.3571428571428572
972 973 -1.3571428571428572
972 980 -2.0
973 974 -1.3571428571428572
973 981 0.5714285714285714
973 982 -0.9285714285714286
974 975 -0.5714285714285714
974 982 1.3571428571428572
974 983 2.0
975 976 -2.0
975 984 1.3571428571428572
976 984 -2.0
976 985 -0.9285714285714286
977 978 -1.3571428571428572
977 985 -0.5714285714285714
977 986 0.9285714285714286
978 979 0.5714285714285714
978 986 0.5714285714285714
978 987 -2.0
979 987 1.3571428571428572
979 988 1.3571428571428572
981 982 2.0
982 983 1.7857142857142858
983 984 1.3571428571428572
984 985 -2.0
985 986 1.7857142857142858
986 987 -1.3571428571428572
987 988 -0.5714285714285714
988 989 0.5714285714285714
