449 1783
1 1 2.571428571428571
2 2 -1.2857142857142858
3 3 -0.9285714285714286
4 4 -6.214285714285715
5 5 -1.714285714285714
6 6 2.428571428571429
7 7 2.428571428571429
8 8 2.428571428571429
9 9 -3.7857142857142856
10 10 -4.357142857142857
11 11 -6.857142857142858
12 12 0.3571428571428572
13 13 3.3571428571428568
14 14 0.9285714285714284
15 15 -3.2857142857142856
16 16 -0.9285714285714286
17 17 7.357142857142858
18 18 -0.42857142857142816
19 19 0.8571428571428572
20 20 -1.785714285714286
21 21 1.2142857142857142
22 22 -2.642857142857143
23 23 0.2142857142857144
24 24 2.428571428571428
25 25 2.7142857142857144
26 26 2.571428571428571
27 27 -1.1428571428571428
28 28 -2.2857142857142856
29 29 0.9285714285714286
30 30 3.571428571428572
31 31 3.500000000000001
32 32 1.142857142857143
33 33 -2.7857142857142856
34 34 6.857142857142858
35 35 -2.928571428571429
36 36 -3.0714285714285716
37 37 0.6428571428571432
38 38 4.928571428571429
39 39 -3.6428571428571432
40 40 5.0
41 41 1.7142857142857142
42 42 1.0
43 43 0.7142857142857144
44 44 3.0
45 45 1.8571428571428568
46 46 -3.0
47 47 -1.7857142857142858
48 48 5.857142857142858
49 49 -0.5714285714285714
50 50 6.0
51 51 1.5714285714285714
52 52 1.7142857142857142
53 53 -0.8571428571428572
54 54 3.7857142857142856
55 55 3.2857142857142856
56 56 -1.5714285714285714
57 57 1.5
58 58 2.928571428571429
59 59 5.0
60 60 1.7857142857142856
61 61 -0.9285714285714286
62 62 3.1428571428571432
63 63 -2.2857142857142856
64 64 1.0
65 65 -0.5714285714285714
66 66 3.0
67 67 -2.2142857142857144
68 68 3.071428571428572
69 69 4.214285714285714
70 70 4.642857142857143
71 71 2.0714285714285716
72 72 -0.642857142857143
73 73 -0.6428571428571428
74 74 -3.7857142857142856
75 75 -0.2142857142857142
76 76 3.857142857142857
77 77 -7.428571428571429
78 78 -4.285714285714286
79 79 0.14285714285714302
80 80 -0.7142857142857144
81 81 -2.3571428571428577
82 82 0.5
83 83 2.1428571428571432
84 84 1.642857142857143
85 85 -2.6428571428571432
86 86 0.7857142857142858
87 87 0.7857142857142856
88 88 2.928571428571429
89 89 -3.5714285714285716
90 90 1.2857142857142856
91 91 0.4285714285714288
92 92 2.857142857142857
93 93 -3.428571428571429
94 94 4.785714285714286
95 95 -1.7857142857142858
96 96 5.0
97 97 2.0
98 98 0.8571428571428572
99 99 0.21428571428571397
100 100 -1.8571428571428572
101 101 -2.5
102 102 -0.14285714285714235
103 103 -7.071428571428571
104 104 -0.2857142857142858
105 105 2.928571428571429
106 106 -3.5714285714285716
107 107 -0.14285714285714324
108 108 -3.785714285714286
109 109 -3.0
110 110 -3.2142857142857153
111 111 -0.2142857142857142
112 112 -2.8571428571428568
113 113 -0.7142857142857142
114 114 4.214285714285715
115 115 -2.8571428571428568
116 116 -1.2857142857142858
117 117 2.2142857142857144
118 118 4.285714285714286
119 119 3.571428571428571
120 120 5.357142857142858
121 121 1.0
122 122 1.357142857142857
123 123 -0.8571428571428572
124 124 6.714285714285714
125 125 -0.0714285714285714
126 126 -3.428571428571428
127 127 -0.7857142857142858
128 128 2.3571428571428568
129 129 3.4285714285714293
130 130 -2.357142857142857
131 131 6.7857142857142865
132 132 1.9999999999999998
133 133 -1.9285714285714288
134 134 -0.2857142857142856
135 135 -4.928571428571429
136 136 -0.21428571428571463
137 137 3.0
138 138 4.7857142857142865
139 139 -5.142857142857143
140 140 3.2142857142857144
141 141 -0.42857142857142905
142 142 -0.5714285714285714
143 143 1.714285714285714
144 144 9.857142857142858
145 145 -2.5
146 146 -1.214285714285714
147 147 0.5
148 148 -6.428571428571429
149 149 1.642857142857143
150 150 -7.071428571428571
152 152 -0.1428571428571428
153 153 -0.9285714285714284
154 154 -0.7142857142857142
155 155 0.7142857142857144
156 156 -2.2142857142857144
157 157 -2.7142857142857144
158 158 -1.642857142857143
159 159 0.5714285714285716
160 160 1.7857142857142856
161 161 4.928571428571429
162 162 -3.7142857142857144
163 163 2.5
164 164 6.285714285714286
165 165 -4.571428571428571
166 166 -1.2857142857142856
167 167 -5.357142857142858
168 168 3.5
169 169 -0.5
170 170 -1.7142857142857146
171 171 0.6428571428571428
172 172 4.0
173 173 3.7857142857142856
174 174 -2.2142857142857144
175 175 -8.428571428571429
176 176 -4.071428571428571
177 177 -2.2142857142857144
178 178 3.7142857142857153
179 179 -2.6428571428571423
180 180 2.3571428571428577
181 181 -4.071428571428571
182 182 -1.9285714285714284
183 183 -6.071428571428571
184 184 1.4285714285714286
185 185 4.7142857142857135
186 186 -0.21428571428571397
187 187 -1.7857142857142856
188 188 3.928571428571429
189 189 0.2142857142857142
190 190 3.5
191 191 0.7142857142857144
192 192 -3.2857142857142856
193 193 -2.928571428571429
194 194 -0.3571428571428572
195 195 2.6428571428571432
196 196 -5.5
197 197 3.7142857142857144
198 198 -1.3571428571428568
199 199 5.7857142857142865
200 200 2.071428571428571
201 201 4.071428571428571
202 202 -1.0714285714285714
203 203 -6.571428571428572
204 204 -3.1428571428571432
205 205 9.928571428571429
206 206 2.571428571428572
208 208 3.3571428571428577
209 209 -3.3571428571428568
210 210 6.142857142857142
211 211 -0.4285714285714286
212 212 3.2142857142857144
213 213 3.3571428571428568
214 214 3.5714285714285716
215 215 10.357142857142858
216 216 4.0
217 217 -0.3571428571428572
218 218 -4.857142857142858
219 219 3.642857142857143
220 220 -0.2142857142857144
221 221 1.5714285714285714
222 222 -2.4285714285714284
223 223 3.0714285714285716
224 224 -3.2857142857142856
225 225 6.642857142857143
226 226 4.428571428571429
227 227 -1.0714285714285716
228 228 5.714285714285714
229 229 -4.428571428571429
230 230 -2.285714285714286
231 231 -2.428571428571429
232 232 1.4285714285714286
233 233 -1.5
234 234 0.8571428571428572
235 235 4.071428571428571
236 236 2.6428571428571432
237 237 -0.2142857142857142
238 238 -2.928571428571429
239 239 0.8571428571428572
240 240 -2.642857142857143
241 241 0.9285714285714286
242 242 -3.642857142857143
243 243 -8.857142857142858
245 245 -1.0714285714285714
246 246 0.8571428571428568
247 247 -0.6428571428571428
248 248 4.642857142857143
249 249 6.142857142857144
250 250 3.8571428571428577
251 251 -0.5714285714285714
252 252 -0.6428571428571428
253 253 9.142857142857142
254 254 8.714285714285715
255 255 -4.714285714285714
256 256 3.7142857142857144
257 257 6.428571428571429
258 258 7.7857142857142865
259 259 3.2142857142857144
260 260 3.7857142857142856
261 261 2.0
262 262 2.2142857142857144
263 263 0.3571428571428572
264 264 -2.428571428571429
265 265 3.142857142857144
266 266 -7.642857142857142
267 267 1.357142857142857
268 268 -1.4285714285714286
269 269 -6.357142857142858
270 270 -2.7857142857142856
271 271 1.8571428571428572
272 272 1.0714285714285716
273 273 0.7857142857142863
274 274 -2.0
275 275 0.7857142857142858
276 276 0.5
277 277 -3.428571428571429
278 278 0.642857142857143
279 279 -3.5
280 280 -2.8571428571428577
281 281 -1.6428571428571432
282 282 -4.2857142857142865
283 283 -4.000000000000001
284 284 5.785714285714286
285 285 0.6428571428571426
286 286 -1.357142857142857
287 287 0.2142857142857142
288 288 -3.7857142857142856
289 289 0.6428571428571428
290 290 -2.714285714285714
291 291 7.071428571428571
292 292 3.142857142857143
293 293 -1.1428571428571428
294 294 -0.1428571428571428
295 295 -4.571428571428571
296 296 -1.4999999999999998
297 297 -2.4285714285714284
298 298 -8.357142857142858
299 299 -2.5
300 300 0.7142857142857142
301 301 -2.928571428571429
302 302 -1.9999999999999998
303 303 2.0000000000000004
304 304 -6.571428571428571
305 305 -7.071428571428572
306 306 -1.642857142857143
307 307 2.0714285714285716
308 308 -2.2142857142857144
309 309 -0.8571428571428568
310 310 9.714285714285715
311 311 3.6428571428571432
312 312 -2.7142857142857144
313 313 -6.661338147750939e-16
314 314 -4.142857142857142
315 315 -4.357142857142858
316 316 1.714285714285714
317 317 8.142857142857144
318 318 2.2857142857142856
319 319 4.857142857142858
320 320 2.428571428571429
321 321 -3.7142857142857144
322 322 1.1428571428571428
323 323 0.5000000000000002
324 324 -2.5
325 325 6.142857142857142
326 326 1.8571428571428574
327 327 -0.3571428571428572
328 328 1.4285714285714286
329 329 5.428571428571429
330 330 1.8571428571428577
331 331 2.357142857142857
332 332 -0.8571428571428572
333 333 4.214285714285714
334 334 3.0714285714285716
335 335 -1.285714285714286
336 336 -3.3571428571428568
337 337 -3.2857142857142856
338 338 0.2142857142857144
339 339 -1.5000000000000007
340 340 3.6428571428571423
341 341 -3.142857142857143
342 342 1.1428571428571432
343 343 5.500000000000001
344 344 1.1428571428571428
345 345 -0.9285714285714286
346 346 3.2142857142857144
347 347 7.642857142857144
348 348 -3.1428571428571432
349 349 -6.428571428571428
350 350 -4.2142857142857135
351 351 -2.5
352 352 6.5
353 353 0.5
354 354 -3.0
355 355 -3.857142857142857
356 356 -2.571428571428571
357 357 -2.2142857142857144
358 358 1.4285714285714286
359 359 -6.142857142857142
360 360 2.220446049250313e-16
361 361 -0.1428571428571428
362 362 0.1428571428571428
363 363 2.7142857142857144
364 364 -5.071428571428571
365 365 -2.7142857142857144
366 366 -4.357142857142857
367 367 1.4999999999999998
368 368 2.220446049250313e-16
369 369 -0.9285714285714279
370 370 0.2857142857142858
371 371 2.0714285714285716
372 372 4.928571428571429
373 373 -1.9285714285714286
374 374 1.1428571428571428
375 375 3.0
376 376 -0.9285714285714284
377 377 -2.428571428571429
378 378 2.571428571428571
379 379 4.714285714285714
380 380 1.5
381 381 2.4285714285714284
382 382 7.428571428571429
383 383 3.2142857142857144
384 384 -1.2142857142857144
385 385 1.9999999999999998
386 386 -1.7857142857142858
387 387 -3.2142857142857144
388 388 0.5714285714285721
389 389 -2.0
390 390 1.214285714285714
391 391 2.7142857142857144
392 392 2.571428571428571
393 393 -1.7857142857142858
394 394 -3.142857142857143
395 395 -6.142857142857143
396 396 -1.8571428571428568
397 397 -6.571428571428571
398 398 0.9285714285714288
399 399 3.7142857142857144
400 400 -1.928571428571429
401 401 -3.7142857142857144
402 402 -2.7857142857142856
403 403 -6.357142857142858
404 404 -1.5714285714285714
405 405 -7.857142857142858
406 406 1.642857142857143
407 407 0.2857142857142858
408 408 -6.071428571428571
409 409 2.0000000000000004
410 410 -6.5
411 411 4.785714285714286
412 412 -0.5000000000000004
413 413 1.142857142857143
414 414 -4.0
415 415 -1.8571428571428565
416 416 4.857142857142857
417 417 -0.6428571428571428
418 418 3.2142857142857144
419 419 0.4285714285714286
420 420 -7.142857142857143
421 421 2.6428571428571423
422 422 -1.3571428571428572
423 423 -4.571428571428571
424 424 -3.3571428571428568
425 425 2.1428571428571432
426 426 -2.928571428571428
427 427 4.285714285714286
428 428 0.4285714285714286
429 429 -0.7857142857142858
430 430 -2.7857142857142856
431 431 -4.7857142857142865
432 432 0.3571428571428572
433 433 1.785714285714286
434 434 3.0000000000000004
435 435 0.8571428571428574
436 436 2.7142857142857144
437 437 4.071428571428571
438 438 2.928571428571429
439 439 0.7857142857142858
440 440 3.000000000000001
441 441 -2.0
442 442 2.7857142857142856
443 443 2.2857142857142856
444 444 0.7857142857142856
445 445 -2.928571428571429
446 446 -0.7142857142857142
447 447 -3.142857142857143
448 448 0.9285714285714288
449 449 0.14285714285714302
1 2 -0.5714285714285714
1 7 -1.7857142857142858
1 50 -2.0
1 77 1.7857142857142858
2 3 0.5714285714285714
2 7 1.3571428571428572
2 8 0.5714285714285714
2 98 -2.0
2 121 1.3571428571428572
3 4 0.5714285714285714
3 8 -2.0
3 9 -0.9285714285714286
3 147 1.3571428571428572
3 176 1.3571428571428572
4 9 0.9285714285714286
4 10 2.0
4 203 1.3571428571428572
4 231 1.3571428571428572
5 6 0.5714285714285714
5 11 2.0
5 307 0.9285714285714286
5 335 -1.7857142857142858
6 11 1.3571428571428572
6 12 -1.7857142857142858
6 364 -0.5714285714285714
6 392 -2.0
7 8 -1.7857142857142858
7 77 1.7857142857142858
7 98 -2.0
8 9 2.0
8 121 -1.7857142857142858
8 147 0.5714285714285714
9 10 1.7857142857142858
9 176 -2.0
9 203 2.0
10 231 0.5714285714285714
11 12 2.0
11 335 0.5714285714285714
11 364 0.9285714285714286
12 392 -0.5714285714285714
13 20 -1.3571428571428572
13 58 -0.5714285714285714
13 77 0.5714285714285714
13 82 -2.0
14 15 1.3571428571428572
14 21 -2.0
14 147 -1.3571428571428572
14 154 -0.9285714285714286
14 176 2.0
15 16 0.5714285714285714
15 22 0.9285714285714286
15 203 1.7857142857142858
15 231 -1.3571428571428572
16 17 -1.3571428571428572
16 22 1.3571428571428572
16 23 -0.5714285714285714
16 287 0.9285714285714286
17 18 0.9285714285714286
17 23 -1.3571428571428572
17 24 -2.0
17 307 -1.7857142857142858
17 312 1.3571428571428572
17 335 -1.7857142857142858
17 342 -1.3571428571428572
18 19 0.9285714285714286
18 24 -1.7857142857142858
18 25 -1.7857142857142858
18 364 0.9285714285714286
18 371 0.5714285714285714
18 392 2.0
18 399 -1.3571428571428572
19 26 -2.0
19 413 2.0
19 428 -1.7857142857142858
20 77 1.3571428571428572
20 82 -1.7857142857142858
20 98 1.7857142857142858
20 104 1.7857142857142858
21 176 1.3571428571428572
21 203 -0.5714285714285714
22 23 -0.5714285714285714
22 231 0.9285714285714286
23 24 0.9285714285714286
23 287 -0.5714285714285714
23 307 0.5714285714285714
23 312 1.3571428571428572
24 25 -0.5714285714285714
24 335 1.3571428571428572
24 342 -1.7857142857142858
24 364 2.0
24 371 -0.5714285714285714
25 26 1.7857142857142858
25 392 -1.3571428571428572
25 399 0.5714285714285714
25 413 -1.3571428571428572
26 428 -0.5714285714285714
26 436 -1.7857142857142858
27 28 -1.7857142857142858
27 35 -0.5714285714285714
27 51 0.5714285714285714
27 58 0.5714285714285714
27 78 1.7857142857142858
27 82 0.5714285714285714
28 29 -0.9285714285714286
28 35 2.0
28 36 1.7857142857142858
28 104 -0.5714285714285714
28 127 1.7857142857142858
29 30 -0.9285714285714286
29 36 1.7857142857142858
29 37 -0.5714285714285714
29 148 0.9285714285714286
29 154 0.5714285714285714
29 177 -1.7857142857142858
30 31 1.7857142857142858
30 37 -1.7857142857142858
30 38 -1.7857142857142858
30 204 0.9285714285714286
30 232 -1.7857142857142858
31 32 -0.9285714285714286
31 38 -2.0
31 260 -1.7857142857142858
31 287 -0.5714285714285714
32 33 0.5714285714285714
32 39 2.0
32 308 -0.5714285714285714
32 312 -1.3571428571428572
32 336 0.9285714285714286
32 342 -1.7857142857142858
33 34 -1.7857142857142858
33 39 1.3571428571428572
33 371 -0.9285714285714286
33 393 1.7857142857142858
33 399 1.7857142857142858
34 40 -0.9285714285714286
34 407 -2.0
34 413 -1.7857142857142858
34 421 0.5714285714285714
34 428 -0.9285714285714286
35 36 -1.3571428571428572
35 78 2.0
35 82 1.7857142857142858
35 104 -0.9285714285714286
36 37 -1.3571428571428572
36 127 -1.7857142857142858
36 148 2.0
36 154 2.0
37 38 -0.9285714285714286
37 177 2.0
37 204 2.0
38 232 1.7857142857142858
38 260 -2.0
39 336 0.9285714285714286
39 342 1.3571428571428572
39 371 -2.0
40 421 -1.7857142857142858
40 428 -0.9285714285714286
40 443 -1.3571428571428572
41 42 -0.5714285714285714
41 51 -0.5714285714285714
41 59 1.3571428571428572
41 78 -0.5714285714285714
41 83 -1.3571428571428572
42 43 1.3571428571428572
42 105 -1.7857142857142858
43 47 -0.5714285714285714
43 148 -1.3571428571428572
43 155 0.9285714285714286
43 177 -2.0
43 183 0.9285714285714286
44 45 -2.0
44 48 -1.7857142857142858
44 308 2.0
44 313 -0.5714285714285714
44 336 1.3571428571428572
44 343 -2.0
45 46 0.9285714285714286
45 372 -2.0
45 393 -0.5714285714285714
45 400 1.7857142857142858
46 49 0.5714285714285714
46 407 0.5714285714285714
46 414 0.9285714285714286
46 421 -1.7857142857142858
46 429 1.7857142857142858
47 177 1.7857142857142858
47 183 0.5714285714285714
47 204 -1.7857142857142858
47 211 1.7857142857142858
48 336 -0.9285714285714286
48 343 -1.3571428571428572
48 372 -1.7857142857142858
49 421 -0.5714285714285714
49 429 0.5714285714285714
50 51 -2.0
50 58 -2.0
51 52 1.7857142857142858
51 59 -1.3571428571428572
52 53 -0.9285714285714286
52 59 -0.9285714285714286
52 60 -2.0
52 65 -0.5714285714285714
52 89 0.9285714285714286
53 54 1.7857142857142858
53 60 -0.9285714285714286
53 134 0.9285714285714286
54 55 -1.7857142857142858
54 61 0.9285714285714286
54 62 -0.9285714285714286
54 161 -1.7857142857142858
54 190 -2.0
55 56 -0.9285714285714286
55 62 0.5714285714285714
55 63 -0.5714285714285714
55 244 -0.5714285714285714
56 57 -0.5714285714285714
56 63 1.3571428571428572
56 64 -0.5714285714285714
56 269 1.3571428571428572
56 293 0.9285714285714286
57 64 -1.3571428571428572
57 320 -1.3571428571428572
57 348 1.7857142857142858
58 59 -0.9285714285714286
59 60 -1.7857142857142858
59 65 -1.3571428571428572
60 61 0.9285714285714286
60 89 2.0
61 62 -0.9285714285714286
61 134 0.5714285714285714
61 161 -0.5714285714285714
62 63 -0.9285714285714286
62 190 -0.9285714285714286
63 64 -1.3571428571428572
63 244 2.0
63 269 1.7857142857142858
64 293 1.3571428571428572
64 320 0.9285714285714286
65 66 0.9285714285714286
65 72 0.9285714285714286
65 79 -1.3571428571428572
65 83 2.0
66 67 1.3571428571428572
66 72 -2.0
66 73 0.5714285714285714
66 105 -0.9285714285714286
66 122 -2.0
66 128 -0.9285714285714286
67 73 -0.9285714285714286
67 74 -0.5714285714285714
67 149 1.3571428571428572
67 155 -0.9285714285714286
67 178 0.5714285714285714
67 183 1.3571428571428572
68 74 0.5714285714285714
68 75 -1.7857142857142858
68 205 -2.0
68 211 -0.9285714285714286
68 233 -0.9285714285714286
68 239 2.0
69 70 -1.7857142857142858
69 313 -2.0
69 337 1.3571428571428572
69 343 -1.7857142857142858
70 71 -1.7857142857142858
70 76 -1.3571428571428572
70 365 0.9285714285714286
70 372 -2.0
70 400 1.3571428571428572
71 76 -0.5714285714285714
71 408 0.5714285714285714
71 414 2.0
71 422 -0.9285714285714286
71 429 -1.3571428571428572
72 73 1.7857142857142858
72 79 1.3571428571428572
72 83 -2.0
72 105 0.5714285714285714
73 74 0.5714285714285714
73 122 1.7857142857142858
73 128 -1.3571428571428572
73 155 -1.7857142857142858
74 75 0.9285714285714286
74 178 0.9285714285714286
74 183 1.7857142857142858
74 205 -1.7857142857142858
74 211 1.3571428571428572
75 233 2.0
75 239 -0.9285714285714286
76 400 -1.3571428571428572
76 408 -0.5714285714285714
77 78 1.3571428571428572
77 82 0.5714285714285714
78 79 -1.7857142857142858
78 82 0.9285714285714286
78 83 0.5714285714285714
79 80 -2.0
79 83 0.5714285714285714
79 84 -0.9285714285714286
79 89 2.0
79 93 2.0
80 84 0.9285714285714286
80 85 1.7857142857142858
80 134 -1.3571428571428572
80 141 1.3571428571428572
81 88 -1.7857142857142858
81 320 -0.5714285714285714
81 327 1.3571428571428572
81 348 1.3571428571428572
81 356 2.0
82 83 -0.5714285714285714
83 84 -1.3571428571428572
84 85 -0.9285714285714286
84 89 -1.3571428571428572
84 93 2.0
85 86 1.7857142857142858
85 134 0.5714285714285714
85 141 1.7857142857142858
85 161 -0.5714285714285714
85 168 -1.7857142857142858
86 87 -1.3571428571428572
86 190 -1.7857142857142858
86 196 0.5714285714285714
87 88 1.3571428571428572
87 244 0.5714285714285714
87 252 -1.3571428571428572
87 269 2.0
87 276 -2.0
88 293 -0.5714285714285714
88 320 -0.5714285714285714
88 327 -1.3571428571428572
89 90 -0.5714285714285714
89 93 0.5714285714285714
90 93 -0.5714285714285714
90 94 -0.5714285714285714
90 106 1.3571428571428572
90 122 -0.9285714285714286
91 96 -0.9285714285714286
91 314 -1.7857142857142858
91 337 1.3571428571428572
91 344 0.9285714285714286
92 97 -1.7857142857142858
92 408 0.9285714285714286
92 415 -2.0
92 422 -0.5714285714285714
92 430 0.5714285714285714
93 106 -0.5714285714285714
94 122 0.9285714285714286
94 129 -2.0
94 149 -1.7857142857142858
94 156 -1.3571428571428572
95 233 1.7857142857142858
96 337 -1.3571428571428572
96 344 -0.9285714285714286
96 365 -1.7857142857142858
97 422 1.7857142857142858
97 430 1.7857142857142858
97 437 -1.7857142857142858
97 444 -2.0
98 104 1.3571428571428572
99 100 1.3571428571428572
99 106 -1.3571428571428572
99 107 1.7857142857142858
99 109 1.3571428571428572
99 135 -1.3571428571428572
99 141 -2.0
100 101 1.7857142857142858
100 107 -0.9285714285714286
100 168 -0.9285714285714286
100 196 0.5714285714285714
101 108 -0.9285714285714286
101 218 0.5714285714285714
101 245 -0.9285714285714286
101 252 2.0
102 103 1.7857142857142858
102 108 0.9285714285714286
102 270 -1.7857142857142858
102 276 0.5714285714285714
102 294 -1.3571428571428572
103 321 0.5714285714285714
103 327 0.9285714285714286
103 349 2.0
103 356 1.7857142857142858
104 105 -1.3571428571428572
105 106 0.5714285714285714
106 107 1.7857142857142858
106 109 1.7857142857142858
107 135 -1.3571428571428572
107 141 -0.5714285714285714
107 168 -0.5714285714285714
108 245 -0.9285714285714286
108 252 2.0
108 270 1.7857142857142858
108 276 0.9285714285714286
109 110 -1.7857142857142858
109 115 2.0
109 123 0.5714285714285714
109 129 -0.9285714285714286
110 111 -1.7857142857142858
110 115 2.0
110 116 1.7857142857142858
110 150 1.3571428571428572
110 156 0.5714285714285714
110 179 -0.9285714285714286
110 184 2.0
111 112 0.5714285714285714
111 116 0.5714285714285714
111 117 2.0
111 206 -0.9285714285714286
111 212 -2.0
111 234 1.7857142857142858
112 113 2.0
112 117 -2.0
112 261 1.3571428571428572
112 282 0.9285714285714286
113 118 -0.9285714285714286
113 309 -0.9285714285714286
113 314 0.5714285714285714
114 119 0.9285714285714286
114 120 -1.7857142857142858
114 409 -0.9285714285714286
114 415 -0.9285714285714286
114 423 -0.5714285714285714
114 430 -0.9285714285714286
115 116 -1.7857142857142858
115 123 -1.3571428571428572
115 129 -0.5714285714285714
115 150 0.5714285714285714
115 156 2.0
116 117 1.3571428571428572
116 179 2.0
116 184 -2.0
116 206 -2.0
116 212 1.3571428571428572
117 234 -1.7857142857142858
117 261 -1.7857142857142858
118 338 -2.0
118 344 -1.3571428571428572
119 120 -1.3571428571428572
119 394 -1.3571428571428572
119 401 0.9285714285714286
119 409 -1.7857142857142858
119 415 -0.9285714285714286
120 423 -0.5714285714285714
120 430 0.9285714285714286
120 438 -2.0
120 444 -0.5714285714285714
121 127 -0.5714285714285714
122 123 1.7857142857142858
122 128 -2.0
122 129 -0.9285714285714286
123 124 -0.5714285714285714
123 129 -0.9285714285714286
123 130 1.3571428571428572
123 135 1.7857142857142858
123 142 -1.7857142857142858
124 130 -1.7857142857142858
124 131 -2.0
124 169 -0.5714285714285714
124 197 -1.7857142857142858
125 126 -1.7857142857142858
125 132 0.9285714285714286
125 133 1.3571428571428572
125 270 -0.5714285714285714
125 277 0.9285714285714286
125 294 0.5714285714285714
125 300 -1.3571428571428572
126 133 -0.9285714285714286
126 321 1.7857142857142858
126 328 1.7857142857142858
126 349 0.5714285714285714
126 357 2.0
127 128 1.3571428571428572
128 129 0.5714285714285714
129 130 1.3571428571428572
130 131 -2.0
130 135 2.0
130 142 -0.5714285714285714
130 169 2.0
131 132 -2.0
131 191 -0.9285714285714286
131 197 0.5714285714285714
131 218 1.3571428571428572
131 224 -1.7857142857142858
132 133 1.3571428571428572
132 245 0.9285714285714286
132 253 -2.0
132 270 0.5714285714285714
132 277 -1.7857142857142858
133 294 0.9285714285714286
133 300 1.7857142857142858
133 321 -0.5714285714285714
133 328 -2.0
134 135 0.9285714285714286
134 141 -1.3571428571428572
135 136 0.5714285714285714
135 141 1.7857142857142858
135 142 0.5714285714285714
136 137 -0.5714285714285714
136 142 0.9285714285714286
136 143 0.5714285714285714
136 150 -0.5714285714285714
136 157 2.0
136 179 -0.9285714285714286
136 185 -1.7857142857142858
137 138 -1.3571428571428572
137 143 1.3571428571428572
137 144 -1.3571428571428572
137 206 -2.0
137 213 -1.3571428571428572
137 234 0.9285714285714286
137 240 1.3571428571428572
138 139 0.9285714285714286
138 144 -2.0
138 145 0.5714285714285714
138 261 -2.0
138 264 -1.3571428571428572
138 282 -0.9285714285714286
138 288 1.3571428571428572
139 145 2.0
139 315 1.7857142857142858
139 338 -1.3571428571428572
139 345 1.7857142857142858
140 146 -1.3571428571428572
140 409 0.5714285714285714
140 416 -1.7857142857142858
140 423 1.3571428571428572
140 431 -2.0
141 142 -0.5714285714285714
142 143 0.9285714285714286
142 150 2.0
142 157 -0.9285714285714286
143 144 -2.0
143 179 0.5714285714285714
143 185 -1.7857142857142858
143 213 -1.3571428571428572
144 145 -0.5714285714285714
144 234 -1.7857142857142858
144 240 -1.3571428571428572
144 261 -1.3571428571428572
144 264 0.5714285714285714
145 282 1.3571428571428572
145 288 0.5714285714285714
145 309 -2.0
145 315 0.5714285714285714
146 423 0.5714285714285714
146 431 -2.0
146 438 2.0
146 445 2.0
147 148 0.9285714285714286
147 154 -2.0
148 149 0.5714285714285714
148 154 2.0
148 155 1.3571428571428572
149 150 0.9285714285714286
149 155 -1.3571428571428572
149 156 -1.3571428571428572
150 151 0.9285714285714286
150 156 0.9285714285714286
150 157 0.9285714285714286
151 152 2.0
151 157 -2.0
151 158 -0.9285714285714286
151 162 2.0
151 169 -0.5714285714285714
151 192 -2.0
151 197 0.5714285714285714
152 158 1.7857142857142858
152 159 -1.7857142857142858
152 219 -2.0
152 224 1.3571428571428572
152 246 0.5714285714285714
152 253 -1.7857142857142858
153 160 -1.3571428571428572
153 322 1.3571428571428572
153 328 0.5714285714285714
153 350 0.9285714285714286
153 357 -0.5714285714285714
154 155 -0.9285714285714286
155 156 2.0
156 157 -0.5714285714285714
157 158 1.3571428571428572
157 162 1.3571428571428572
157 169 0.5714285714285714
158 159 0.9285714285714286
158 192 1.3571428571428572
158 197 -1.7857142857142858
158 219 -2.0
158 224 0.9285714285714286
159 160 -2.0
159 246 0.9285714285714286
159 253 -0.5714285714285714
159 271 0.5714285714285714
159 277 1.3571428571428572
160 295 1.7857142857142858
160 300 -0.5714285714285714
160 322 -0.5714285714285714
160 328 0.9285714285714286
161 168 -2.0
162 163 1.3571428571428572
162 169 -1.7857142857142858
162 170 -0.5714285714285714
162 185 1.3571428571428572
163 164 -2.0
163 170 0.5714285714285714
163 171 -1.3571428571428572
163 207 0.9285714285714286
163 213 1.3571428571428572
163 235 -2.0
163 240 -1.3571428571428572
164 165 -0.9285714285714286
164 171 -2.0
164 172 -1.3571428571428572
164 264 -0.9285714285714286
164 283 0.9285714285714286
165 166 2.0
165 172 1.3571428571428572
165 173 -1.7857142857142858
165 315 1.3571428571428572
165 339 2.0
165 345 0.5714285714285714
166 167 2.0
166 173 -0.9285714285714286
166 174 1.3571428571428572
166 367 -1.3571428571428572
166 373 -1.3571428571428572
166 395 0.9285714285714286
166 402 -1.3571428571428572
167 174 0.5714285714285714
167 175 0.5714285714285714
167 416 -0.9285714285714286
167 424 1.7857142857142858
167 431 1.3571428571428572
168 169 1.7857142857142858
169 170 -0.9285714285714286
170 180 2.0
170 185 -0.5714285714285714
170 207 -0.5714285714285714
170 213 1.7857142857142858
171 172 -2.0
171 235 0.9285714285714286
171 240 2.0
171 264 1.7857142857142858
172 283 1.7857142857142858
172 288 -2.0
172 315 -1.7857142857142858
173 174 -2.0
173 339 2.0
173 367 -2.0
173 373 0.9285714285714286
174 175 2.0
174 395 1.7857142857142858
174 402 -0.9285714285714286
174 416 -0.5714285714285714
175 424 1.7857142857142858
175 431 0.9285714285714286
175 439 1.7857142857142858
175 445 1.3571428571428572
176 177 1.3571428571428572
177 178 -0.9285714285714286
177 183 1.7857142857142858
178 179 -1.3571428571428572
178 183 -0.9285714285714286
178 184 -2.0
179 180 0.5714285714285714
179 184 1.3571428571428572
179 185 1.3571428571428572
180 181 -1.3571428571428572
180 185 -1.3571428571428572
180 186 0.9285714285714286
180 192 -1.3571428571428572
180 198 -1.7857142857142858
181 182 2.0
181 186 -0.9285714285714286
181 187 2.0
181 219 -0.5714285714285714
181 246 2.0
181 254 0.9285714285714286
182 187 1.3571428571428572
182 188 0.9285714285714286
182 271 -1.7857142857142858
182 278 -1.3571428571428572
182 295 1.3571428571428572
182 301 -0.5714285714285714
183 184 0.5714285714285714
184 185 -1.3571428571428572
185 186 -0.5714285714285714
186 187 2.0
186 192 0.9285714285714286
186 198 0.5714285714285714
186 219 -0.9285714285714286
186 225 -1.7857142857142858
187 188 -0.9285714285714286
187 246 -1.7857142857142858
187 254 -1.7857142857142858
187 278 0.9285714285714286
188 189 -2.0
188 295 1.7857142857142858
188 301 -1.3571428571428572
188 322 -0.5714285714285714
188 329 -1.7857142857142858
189 350 1.3571428571428572
189 358 1.3571428571428572
189 380 -0.9285714285714286
190 191 -0.5714285714285714
190 196 1.7857142857142858
191 192 2.0
191 196 0.5714285714285714
191 197 -1.7857142857142858
192 193 0.9285714285714286
192 197 -0.5714285714285714
192 198 2.0
193 198 -0.5714285714285714
193 199 -1.7857142857142858
193 207 2.0
193 214 1.7857142857142858
193 235 0.5714285714285714
194 200 -0.5714285714285714
194 316 1.3571428571428572
194 339 -1.7857142857142858
194 346 1.3571428571428572
195 201 -1.7857142857142858
195 202 -0.5714285714285714
195 417 0.5714285714285714
195 424 -1.7857142857142858
195 432 0.9285714285714286
196 197 2.0
197 198 -0.9285714285714286
198 199 0.9285714285714286
198 207 0.5714285714285714
198 214 0.5714285714285714
199 200 -2.0
199 235 -2.0
199 265 -0.9285714285714286
200 283 0.9285714285714286
200 289 -1.7857142857142858
200 316 1.3571428571428572
201 202 0.9285714285714286
201 395 -0.9285714285714286
201 403 -1.3571428571428572
201 417 -0.9285714285714286
202 424 2.0
202 432 -0.9285714285714286
202 439 0.5714285714285714
202 446 -0.9285714285714286
203 204 2.0
204 205 -1.7857142857142858
204 211 1.7857142857142858
205 206 -2.0
205 211 -1.7857142857142858
205 212 -0.5714285714285714
206 207 0.5714285714285714
206 212 1.7857142857142858
206 213 2.0
207 208 -0.9285714285714286
207 213 -2.0
207 214 -0.5714285714285714
208 209 1.3571428571428572
208 214 -1.7857142857142858
208 215 -0.5714285714285714
208 220 0.5714285714285714
208 225 -2.0
208 247 2.0
208 254 -2.0
209 210 0.9285714285714286
209 215 -0.9285714285714286
209 216 -1.7857142857142858
209 272 2.0
209 278 -1.3571428571428572
209 296 1.3571428571428572
209 301 1.7857142857142858
210 216 -0.5714285714285714
210 217 -0.9285714285714286
210 329 -1.7857142857142858
210 351 -2.0
210 358 -1.7857142857142858
211 212 -1.7857142857142858
212 213 -2.0
213 214 -1.7857142857142858
214 215 -2.0
214 220 2.0
214 225 -1.7857142857142858
215 216 -1.7857142857142858
215 247 0.9285714285714286
215 254 -2.0
215 272 -2.0
215 278 -2.0
216 217 0.5714285714285714
216 296 0.9285714285714286
216 329 -1.3571428571428572
217 351 1.3571428571428572
217 358 -2.0
217 381 1.3571428571428572
218 219 0.9285714285714286
218 224 2.0
219 220 0.9285714285714286
219 224 1.3571428571428572
219 225 -1.3571428571428572
220 225 -0.9285714285714286
220 226 -1.7857142857142858
220 236 -0.5714285714285714
221 222 -1.3571428571428572
221 227 1.3571428571428572
221 228 -1.3571428571428572
221 316 0.9285714285714286
221 340 -0.5714285714285714
221 346 -0.5714285714285714
222 223 -1.7857142857142858
222 228 -0.5714285714285714
222 229 -0.5714285714285714
222 368 2.0
222 374 1.3571428571428572
222 396 1.3571428571428572
222 403 2.0
223 230 -1.7857142857142858
223 410 2.0
223 425 -0.9285714285714286
223 432 -0.5714285714285714
224 225 -0.5714285714285714
225 226 1.7857142857142858
226 227 -2.0
226 236 1.3571428571428572
226 262 -1.7857142857142858
226 265 -2.0
227 228 1.3571428571428572
227 284 0.5714285714285714
227 289 1.7857142857142858
227 316 -2.0
228 229 -2.0
228 340 1.7857142857142858
228 346 -2.0
228 368 -0.9285714285714286
228 374 -2.0
229 230 0.9285714285714286
229 396 2.0
229 403 1.7857142857142858
229 410 1.3571428571428572
229 417 0.9285714285714286
230 425 1.7857142857142858
230 432 0.9285714285714286
230 440 -1.3571428571428572
230 446 1.7857142857142858
231 232 0.9285714285714286
232 233 -1.7857142857142858
232 239 -0.5714285714285714
233 234 1.7857142857142858
233 239 -1.3571428571428572
234 235 -1.7857142857142858
235 236 -1.7857142857142858
235 240 2.0
236 237 -1.7857142857142858
236 241 -1.3571428571428572
236 247 0.5714285714285714
236 255 0.9285714285714286
237 238 1.7857142857142858
237 241 0.9285714285714286
237 242 1.3571428571428572
237 272 -1.3571428571428572
237 279 -1.3571428571428572
237 296 -1.3571428571428572
237 302 2.0
238 242 -0.9285714285714286
238 243 0.9285714285714286
238 330 2.0
238 351 -1.7857142857142858
238 359 0.9285714285714286
241 242 -0.5714285714285714
241 247 -1.3571428571428572
241 255 2.0
241 279 -0.5714285714285714
242 243 2.0
242 330 1.7857142857142858
243 351 2.0
243 359 1.3571428571428572
243 381 0.5714285714285714
243 387 2.0
244 252 -2.0
245 246 2.0
245 252 0.9285714285714286
245 253 -0.9285714285714286
246 247 -0.5714285714285714
246 253 -2.0
246 254 -2.0
247 248 -1.7857142857142858
247 254 -0.9285714285714286
247 255 1.7857142857142858
248 249 -1.3571428571428572
248 255 -2.0
248 262 0.9285714285714286
248 266 1.3571428571428572
248 284 -1.7857142857142858
249 250 -1.7857142857142858
249 256 -0.5714285714285714
249 257 -1.3571428571428572
249 317 0.9285714285714286
249 340 -2.0
250 251 -0.9285714285714286
250 257 -0.9285714285714286
250 258 -2.0
250 368 0.9285714285714286
250 375 -0.5714285714285714
250 396 -0.5714285714285714
250 404 2.0
251 258 1.3571428571428572
251 259 -0.9285714285714286
251 410 0.9285714285714286
251 418 0.5714285714285714
251 425 1.3571428571428572
251 433 -1.7857142857142858
252 253 -0.9285714285714286
253 254 -0.9285714285714286
255 256 1.3571428571428572
255 262 -1.3571428571428572
255 266 2.0
256 257 -0.5714285714285714
256 284 -2.0
256 290 -1.3571428571428572
256 317 -0.5714285714285714
257 258 -1.7857142857142858
257 340 -1.7857142857142858
257 368 0.5714285714285714
257 375 -0.5714285714285714
258 259 -1.3571428571428572
258 396 -0.9285714285714286
258 404 -2.0
258 410 0.9285714285714286
258 418 -2.0
259 425 -1.3571428571428572
259 433 -1.3571428571428572
259 447 1.7857142857142858
261 264 1.7857142857142858
262 265 -1.3571428571428572
262 266 1.3571428571428572
263 267 1.3571428571428572
263 268 1.3571428571428572
263 323 -1.7857142857142858
263 330 -0.9285714285714286
263 352 0.5714285714285714
263 359 -0.9285714285714286
264 265 0.5714285714285714
265 266 0.5714285714285714
266 267 0.5714285714285714
266 279 1.7857142857142858
267 268 -0.9285714285714286
267 302 0.5714285714285714
267 323 -0.9285714285714286
267 330 -2.0
268 352 -1.7857142857142858
268 359 2.0
268 382 -0.5714285714285714
268 387 1.3571428571428572
269 270 -0.5714285714285714
269 276 1.7857142857142858
270 271 2.0
270 277 1.3571428571428572
271 272 -2.0
271 277 1.3571428571428572
271 278 -2.0
272 278 1.3571428571428572
272 279 0.9285714285714286
273 280 0.5714285714285714
273 281 1.7857142857142858
273 310 -1.7857142857142858
273 317 -1.3571428571428572
274 275 -1.3571428571428572
274 281 0.5714285714285714
274 369 -0.9285714285714286
274 375 1.3571428571428572
274 397 1.7857142857142858
274 404 0.5714285714285714
275 411 -1.3571428571428572
275 418 0.5714285714285714
275 433 1.3571428571428572
276 277 -1.7857142857142858
277 278 2.0
278 279 1.7857142857142858
279 280 0.9285714285714286
280 281 2.0
280 285 1.7857142857142858
280 290 0.9285714285714286
280 310 -1.3571428571428572
280 317 -2.0
281 369 -1.3571428571428572
281 375 -1.3571428571428572
282 283 2.0
282 288 0.9285714285714286
283 284 -0.5714285714285714
283 288 0.9285714285714286
283 289 -2.0
284 285 -1.3571428571428572
284 289 -2.0
284 290 1.3571428571428572
285 286 -0.9285714285714286
285 290 1.7857142857142858
285 291 -0.5714285714285714
285 303 -1.3571428571428572
286 291 -2.0
286 292 -1.7857142857142858
286 323 2.0
286 331 1.3571428571428572
286 352 0.9285714285714286
286 360 1.7857142857142858
288 289 2.0
289 290 1.3571428571428572
290 291 -1.3571428571428572
291 292 0.9285714285714286
291 303 -1.7857142857142858
291 323 -0.9285714285714286
291 331 -1.3571428571428572
292 352 -0.9285714285714286
292 360 -1.3571428571428572
292 382 -0.5714285714285714
292 388 0.5714285714285714
293 294 -0.5714285714285714
294 295 0.5714285714285714
295 296 0.5714285714285714
295 300 -0.5714285714285714
295 301 -0.9285714285714286
296 301 2.0
296 302 -2.0
297 298 1.3571428571428572
297 303 2.0
297 304 1.7857142857142858
297 310 -0.9285714285714286
297 318 -1.7857142857142858
298 299 2.0
298 304 1.7857142857142858
298 369 -0.9285714285714286
298 376 0.5714285714285714
298 397 1.7857142857142858
298 405 1.7857142857142858
299 305 -0.5714285714285714
299 306 1.3571428571428572
299 411 -2.0
299 419 1.3571428571428572
299 426 0.9285714285714286
299 434 -0.5714285714285714
301 302 2.0
302 303 -0.5714285714285714
303 304 -1.3571428571428572
303 310 -0.9285714285714286
303 318 2.0
304 305 1.7857142857142858
304 369 0.5714285714285714
304 376 2.0
305 306 1.3571428571428572
305 397 1.3571428571428572
305 411 1.3571428571428572
305 419 1.7857142857142858
306 426 0.9285714285714286
306 434 -1.7857142857142858
306 441 1.7857142857142858
306 448 -2.0
307 312 -1.7857142857142858
308 312 1.3571428571428572
308 313 -0.5714285714285714
309 314 2.0
309 315 1.7857142857142858
310 311 -1.3571428571428572
310 317 -1.3571428571428572
310 318 -2.0
311 318 -2.0
311 319 -0.9285714285714286
311 324 1.7857142857142858
311 331 -2.0
311 353 1.7857142857142858
311 360 -0.9285714285714286
312 313 1.7857142857142858
313 314 1.3571428571428572
314 315 2.0
315 316 -1.3571428571428572
316 317 -2.0
317 318 -1.7857142857142858
318 319 0.9285714285714286
318 324 0.5714285714285714
318 331 1.7857142857142858
319 353 -0.9285714285714286
319 360 -0.5714285714285714
319 383 -1.3571428571428572
319 388 -2.0
320 321 0.9285714285714286
320 327 -1.7857142857142858
321 322 -1.3571428571428572
321 327 1.7857142857142858
321 328 0.5714285714285714
322 328 -1.7857142857142858
322 329 1.7857142857142858
323 324 0.5714285714285714
323 331 0.5714285714285714
324 325 -0.5714285714285714
324 331 -1.3571428571428572
324 332 0.9285714285714286
324 341 0.5714285714285714
325 326 -1.7857142857142858
325 332 -0.9285714285714286
325 333 -0.5714285714285714
325 370 -0.9285714285714286
325 376 -0.9285714285714286
325 398 -1.7857142857142858
325 405 1.3571428571428572
326 333 0.5714285714285714
326 334 0.5714285714285714
326 412 -1.3571428571428572
326 419 0.5714285714285714
326 427 1.3571428571428572
326 434 -1.7857142857142858
327 328 -0.5714285714285714
328 329 -0.9285714285714286
329 330 -1.3571428571428572
330 331 -1.3571428571428572
332 333 -0.5714285714285714
332 341 0.5714285714285714
332 370 -0.9285714285714286
332 376 1.7857142857142858
333 334 -0.9285714285714286
333 398 -0.9285714285714286
333 405 0.9285714285714286
333 412 -0.9285714285714286
333 419 -1.7857142857142858
334 427 -2.0
334 434 2.0
334 442 -1.7857142857142858
334 448 -0.9285714285714286
335 336 2.0
335 342 0.9285714285714286
336 337 -0.9285714285714286
336 342 0.9285714285714286
336 343 -0.9285714285714286
337 338 -0.9285714285714286
337 343 2.0
337 344 1.7857142857142858
338 339 0.9285714285714286
338 344 1.7857142857142858
338 345 1.3571428571428572
339 340 0.9285714285714286
339 345 -2.0
339 346 -0.5714285714285714
340 346 -2.0
341 347 -1.3571428571428572
341 353 2.0
341 361 1.3571428571428572
342 343 0.5714285714285714
343 344 -2.0
344 345 -1.3571428571428572
345 346 0.5714285714285714
347 353 -1.3571428571428572
347 361 -1.7857142857142858
347 383 -1.3571428571428572
347 389 -1.7857142857142858
348 349 0.5714285714285714
348 356 -0.5714285714285714
349 350 0.5714285714285714
349 356 1.3571428571428572
349 357 1.3571428571428572
350 351 1.3571428571428572
350 357 2.0
350 358 -2.0
351 352 -2.0
351 358 1.7857142857142858
351 359 1.7857142857142858
352 353 -0.5714285714285714
352 359 -1.3571428571428572
352 360 -1.3571428571428572
353 354 -1.7857142857142858
353 360 0.9285714285714286
353 361 -0.5714285714285714
354 355 2.0
354 362 -0.5714285714285714
354 370 2.0
354 377 1.3571428571428572
354 398 -0.9285714285714286
354 406 0.9285714285714286
355 362 -1.3571428571428572
355 363 -2.0
355 412 1.3571428571428572
355 420 2.0
355 427 0.9285714285714286
355 435 0.9285714285714286
356 357 -2.0
357 358 -0.5714285714285714
358 359 1.7857142857142858
359 360 0.5714285714285714
360 361 0.9285714285714286
361 370 -1.7857142857142858
361 377 2.0
362 363 1.7857142857142858
362 398 1.3571428571428572
362 406 -0.5714285714285714
362 412 -1.3571428571428572
362 420 0.5714285714285714
363 427 -0.9285714285714286
363 435 1.7857142857142858
363 442 -2.0
363 449 -1.3571428571428572
364 371 1.7857142857142858
365 366 1.7857142857142858
365 372 1.7857142857142858
366 367 0.5714285714285714
366 373 2.0
367 368 -0.5714285714285714
367 373 0.9285714285714286
367 374 0.9285714285714286
368 369 -2.0
368 374 0.9285714285714286
368 375 -0.9285714285714286
369 370 2.0
369 375 1.7857142857142858
369 376 1.7857142857142858
370 376 -2.0
370 377 1.3571428571428572
371 372 -0.9285714285714286
373 374 -0.5714285714285714
374 375 -1.7857142857142858
375 376 -0.9285714285714286
376 377 -1.3571428571428572
377 389 -0.9285714285714286
378 379 -0.5714285714285714
378 385 -2.0
379 380 -0.5714285714285714
379 385 -1.7857142857142858
379 386 -1.7857142857142858
380 381 -1.7857142857142858
380 386 1.7857142857142858
381 382 -2.0
381 387 -0.5714285714285714
382 383 -0.9285714285714286
382 387 -1.3571428571428572
382 388 -2.0
383 388 -0.9285714285714286
383 389 1.3571428571428572
384 390 -0.5714285714285714
384 391 -0.9285714285714286
384 420 1.3571428571428572
384 435 1.3571428571428572
385 386 1.7857142857142858
387 388 1.7857142857142858
388 389 2.0
389 390 1.3571428571428572
390 391 -2.0
390 406 -1.7857142857142858
390 420 1.7857142857142858
391 435 -1.7857142857142858
391 449 2.0
392 393 1.3571428571428572
392 399 -2.0
393 399 -1.3571428571428572
393 400 0.5714285714285714
394 395 1.7857142857142858
394 401 0.9285714285714286
394 402 1.7857142857142858
395 396 -0.5714285714285714
395 402 1.7857142857142858
395 403 1.3571428571428572
396 397 -2.0
396 403 2.0
396 404 0.5714285714285714
397 398 1.3571428571428572
397 404 1.3571428571428572
397 405 0.9285714285714286
398 405 2.0
398 406 -2.0
399 400 -1.3571428571428572
400 401 0.9285714285714286
401 402 0.9285714285714286
402 403 0.5714285714285714
404 405 -0.9285714285714286
405 406 1.7857142857142858
407 408 2.0
407 413 0.9285714285714286
407 414 -1.7857142857142858
408 409 0.5714285714285714
408 414 2.0
408 415 0.5714285714285714
409 415 1.3571428571428572
409 416 -1.7857142857142858
410 411 0.9285714285714286
410 417 0.9285714285714286
410 418 -0.5714285714285714
411 412 -0.5714285714285714
411 418 -1.3571428571428572
411 419 -1.7857142857142858
412 419 1.3571428571428572
412 420 2.0
413 414 -0.9285714285714286
414 415 1.7857142857142858
415 416 2.0
416 417 -1.7857142857142858
417 418 0.9285714285714286
418 419 -1.3571428571428572
419 420 -0.5714285714285714
421 422 0.9285714285714286
421 428 2.0
421 429 -2.0
422 423 2.0
422 429 -0.9285714285714286
422 430 -0.9285714285714286
423 424 1.3571428571428572
423 430 -1.3571428571428572
423 431 1.7857142857142858
424 425 -1.7857142857142858
424 431 0.9285714285714286
424 432 -0.9285714285714286
425 426 -1.7857142857142858
425 433 0.5714285714285714
426 427 -0.9285714285714286
426 433 1.7857142857142858
426 434 2.0
427 434 -0.9285714285714286
427 435 -1.7857142857142858
428 429 1.7857142857142858
429 430 0.9285714285714286
430 431 1.7857142857142858
431 432 2.0
432 433 -1.7857142857142858
433 434 -0.5714285714285714
434 435 -1.3571428571428572
436 443 -0.9285714285714286
437 438 -1.3571428571428572
437 444 -0.9285714285714286
438 439 -0.9285714285714286
438 444 1.3571428571428572
438 445 -2.0
439 440 0.9285714285714286
439 445 -1.7857142857142858
439 446 -1.3571428571428572
440 441 0.5714285714285714
440 446 -1.3571428571428572
440 447 -1.7857142857142858
441 442 -0.9285714285714286
441 447 0.5714285714285714
442 448 1.3571428571428572
442 449 0.5714285714285714
444 445 1.3571428571428572
445 446 2.0
446 447 0.5714285714285714
447 448 2.0
448 449 -1.3571428571428572
