340 1322
1 1 2.2142857142857144
2 2 -2.571428571428571
3 3 4.0
4 4 -3.642857142857143
5 5 -3.3571428571428577
6 6 1.2857142857142858
7 7 -0.7857142857142858
8 8 0.35714285714285743
9 9 -4.642857142857142
10 10 -1.5714285714285714
11 11 2.571428571428572
12 12 0.5
13 13 -4.0
14 14 -2.571428571428571
15 15 1.9285714285714288
16 16 -1.7857142857142858
17 17 5.5
18 18 -5.928571428571429
19 19 -6.2142857142857135
20 20 -2.5714285714285716
21 21 -5.714285714285714
22 22 2.0
23 23 4.928571428571429
24 24 -2.428571428571429
25 25 -4.0
26 26 -2.714285714285715
27 27 0.6428571428571432
28 28 1.4285714285714286
29 29 2.0714285714285716
30 30 -5.142857142857142
31 31 3.571428571428572
32 32 -3.7142857142857144
33 33 -6.428571428571429
34 34 0.2142857142857142
35 35 -1.5714285714285714
36 36 -10.928571428571427
37 37 4.7857142857142865
38 38 1.0714285714285714
39 39 3.428571428571429
40 40 0.8571428571428572
41 41 -5.428571428571429
42 42 2.571428571428571
43 43 0.2857142857142858
44 44 3.428571428571429
45 45 -1.9285714285714286
46 46 -2.5
47 47 -2.071428571428571
48 48 0.5
49 49 0.9285714285714286
50 50 -0.4285714285714286
51 51 -0.2142857142857144
52 52 2.214285714285714
53 53 -4.357142857142858
54 54 5.857142857142858
55 55 -0.0714285714285714
56 56 -0.4285714285714286
57 57 -1.3571428571428572
58 58 1.9285714285714286
59 59 -2.857142857142857
60 60 2.9285714285714284
61 61 1.5714285714285716
62 62 -1.4285714285714288
63 63 -0.8571428571428572
64 64 3.928571428571429
65 65 -5.928571428571429
66 66 1.9285714285714286
67 67 0.642857142857143
68 68 -2.0
69 69 1.0
70 70 0.7142857142857144
71 71 1.3571428571428572
72 72 0.9285714285714288
73 73 -0.357142857142857
74 74 2.857142857142857
75 75 2.571428571428571
76 76 -5.785714285714286
77 77 -3.0
78 78 -2.5714285714285716
79 79 -3.2142857142857144
80 80 3.7857142857142856
81 81 -0.7142857142857144
82 82 1.8571428571428572
83 83 3.928571428571429
84 84 0.9285714285714286
85 85 -0.0714285714285714
86 86 -0.2142857142857142
87 87 -1.8571428571428574
88 88 4.142857142857142
89 89 -2.3571428571428577
90 90 2.571428571428571
91 91 2.0714285714285716
92 92 -3.2142857142857144
93 93 -4.0
94 94 -1.2142857142857149
95 95 -2.2857142857142856
96 96 -3.1428571428571432
97 97 -3.5714285714285716
98 98 -2.7857142857142856
99 99 -1.9285714285714284
100 100 -2.8571428571428577
101 101 -3.4285714285714284
102 102 0.2142857142857142
103 103 -0.7142857142857142
104 104 1.214285714285714
105 105 0.5714285714285714
106 106 -4.714285714285714
107 107 0.14285714285714302
108 108 -2.785714285714285
109 109 9.0
110 110 -0.2142857142857144
111 111 -0.4285714285714286
112 112 -0.4285714285714286
113 113 -2.928571428571428
114 114 -0.4285714285714288
115 115 1.5714285714285714
116 116 0.2857142857142858
117 117 -0.785714285714286
118 118 -5.928571428571429
119 119 1.1428571428571428
120 120 4.785714285714286
121 121 2.3571428571428577
122 122 -1.642857142857143
123 123 -3.071428571428571
124 124 -1.7142857142857149
125 125 -0.21428571428571352
126 126 0.5
127 127 -1.9285714285714284
128 128 -4.571428571428571
129 129 -4.0
130 130 6.642857142857143
131 131 -3.0
132 132 -2.0000000000000004
133 133 1.0
134 134 -4.142857142857143
135 135 4.714285714285714
136 136 -2.1428571428571423
137 137 -1.7142857142857144
138 138 -4.785714285714286
139 139 0.9285714285714284
140 140 3.2142857142857144
141 141 -3.2857142857142865
142 142 5.714285714285714
143 143 -1.9285714285714286
144 144 9.928571428571429
145 145 3.928571428571429
146 146 -0.6428571428571432
147 147 -1.1428571428571432
148 148 5.7857142857142865
149 149 3.5714285714285716
150 150 -0.0714285714285714
151 151 -2.0
152 152 0.5714285714285714
153 153 -0.2857142857142858
154 154 -5.428571428571429
155 155 0.7142857142857146
156 156 -4.071428571428571
157 157 2.7857142857142856
158 158 0.2142857142857144
159 159 2.2857142857142856
160 160 -2.7857142857142856
161 161 -1.5714285714285712
162 162 0.4285714285714286
163 163 7.428571428571429
164 164 1.3571428571428574
165 165 6.928571428571429
166 166 0.8571428571428572
167 167 0.0714285714285714
168 168 4.571428571428571
169 169 -1.0
170 170 0.6428571428571428
171 171 2.5
172 172 4.214285714285714
173 173 7.5
174 174 0.7857142857142858
175 175 -4.142857142857143
176 176 3.6428571428571432
177 177 2.7142857142857144
178 178 -3.2857142857142856
179 179 3.0714285714285716
180 180 3.428571428571429
181 181 4.785714285714286
182 182 3.0714285714285716
183 183 -1.1428571428571428
184 184 -0.5714285714285714
185 185 1.2142857142857144
186 186 -0.7142857142857142
187 187 -5.071428571428571
188 188 -1.5000000000000004
189 189 -4.642857142857143
190 190 4.714285714285714
191 191 0.14285714285714324
192 192 3.9285714285714284
193 193 7.214285714285714
194 194 -4.571428571428571
195 195 7.285714285714286
196 196 3.714285714285715
197 197 2.571428571428572
198 198 6.2857142857142865
199 199 2.571428571428571
200 200 12.357142857142858
201 201 2.5
202 202 2.571428571428572
203 203 0.2857142857142858
204 204 -2.928571428571429
205 205 -5.357142857142857
206 206 -3.857142857142857
207 207 -4.285714285714286
208 208 0.0714285714285714
209 209 1.2142857142857144
210 210 -3.928571428571429
211 211 -2.357142857142857
212 212 4.2857142857142865
213 213 1.2142857142857144
214 214 0.7857142857142856
215 215 2.2857142857142856
216 216 -2.1428571428571423
217 217 10.571428571428571
218 218 1.142857142857143
219 219 1.4285714285714284
220 220 1.2142857142857144
221 221 4.7142857142857135
222 222 0.4285714285714288
223 223 -0.4285714285714286
224 224 1.6428571428571428
225 225 -2.928571428571429
226 226 -3.571428571428571
227 227 -2.0
228 228 1.7142857142857142
229 229 6.357142857142858
230 230 1.7857142857142858
231 231 0.4999999999999998
232 232 1.8571428571428574
233 233 -0.5714285714285714
234 234 3.714285714285715
235 235 1.9285714285714286
236 236 0.7857142857142856
237 237 -3.357142857142857
238 238 0.6428571428571428
239 239 0.9285714285714286
240 240 -1.8571428571428572
241 241 -4.7142857142857135
242 242 -2.0
243 243 2.3571428571428577
244 244 0.4285714285714286
245 245 -0.35714285714285765
246 246 7.214285714285714
247 247 1.8571428571428572
248 248 -0.9285714285714288
249 249 -6.428571428571429
250 250 -1.0
251 251 -0.5714285714285714
252 252 2.571428571428571
253 253 -3.714285714285715
254 254 -5.714285714285715
255 255 -5.7857142857142865
256 256 -0.07142857142857162
257 257 -0.857142857142857
258 258 1.5714285714285714
259 259 4.571428571428572
260 260 4.2857142857142865
261 261 -1.142857142857143
262 262 -0.9285714285714284
263 263 -1.7857142857142858
264 264 -4.2857142857142865
265 265 0.2857142857142858
266 266 -1.4285714285714284
267 267 -3.2857142857142856
268 268 -2.2142857142857144
269 269 1.3571428571428572
270 270 0.4285714285714286
271 271 0.5714285714285714
272 272 -3.1428571428571423
273 273 1.0
274 274 -4.2857142857142865
275 275 -0.6428571428571426
276 276 2.642857142857143
277 277 3.5
278 278 -2.6428571428571432
279 279 -4.571428571428572
280 280 1.2142857142857142
281 281 3.0000000000000004
282 282 -1.0
283 283 -1.3571428571428572
284 284 -5.142857142857142
285 285 -1.2142857142857144
286 286 -3.0
287 287 -1.2857142857142856
288 288 1.2142857142857144
289 289 -0.2142857142857144
290 290 2.5714285714285716
291 291 1.2142857142857146
292 292 1.2142857142857146
293 293 -3.5
294 294 0.21428571428571463
295 295 -0.2857142857142856
296 296 3.0714285714285716
297 297 -2.5
298 298 -8.42857142857143
299 299 -4.142857142857143
300 300 0.2142857142857142
301 301 3.7142857142857144
302 302 -2.2857142857142865
303 303 3.428571428571428
304 304 -7.0
305 305 1.4285714285714286
306 306 -0.8571428571428572
307 307 -6.285714285714286
308 308 7.428571428571429
309 309 6.5
310 310 6.928571428571429
311 311 2.357142857142857
312 312 -4.5
313 313 -1.4285714285714286
314 314 2.1428571428571432
315 315 -2.2857142857142856
316 316 -3.571428571428572
317 317 1.9999999999999998
318 318 0.5714285714285714
319 319 1.9285714285714288
320 320 -1.7857142857142856
321 321 1.3571428571428572
322 322 0.4285714285714286
323 323 1.9285714285714286
324 324 6.071428571428571
325 325 -4.428571428571428
326 326 1.642857142857143
327 327 4.428571428571429
328 328 0.7857142857142858
329 329 4.071428571428572
330 330 -0.1428571428571428
331 331 -2.2142857142857144
332 332 3.8571428571428577
333 333 0.5714285714285714
334 334 4.071428571428571
335 335 3.642857142857143
336 336 4.928571428571429
337 337 1.4285714285714286
338 338 -3.357142857142857
339 339 0.1428571428571428
340 340 0.2142857142857142
1 2 0.5714285714285714
1 7 -2.0
1 43 0.5714285714285714
1 69 -1.3571428571428572
2 3 -1.3571428571428572
2 7 1.3571428571428572
2 8 -0.9285714285714286
2 86 2.0
2 106 0.9285714285714286
3 4 -1.3571428571428572
3 8 -1.7857142857142858
3 9 -1.3571428571428572
3 128 0.9285714285714286
3 154 0.9285714285714286
4 9 1.7857142857142858
4 10 2.0
4 178 1.7857142857142858
4 202 -0.5714285714285714
5 6 0.9285714285714286
5 11 2.0
5 268 1.7857142857142858
5 292 -1.3571428571428572
6 11 0.5714285714285714
6 12 0.5714285714285714
6 303 -2.0
6 316 -1.3571428571428572
7 8 0.5714285714285714
7 69 1.7857142857142858
7 86 -0.9285714285714286
8 9 0.9285714285714286
8 106 1.7857142857142858
8 128 -0.9285714285714286
9 10 1.3571428571428572
9 154 1.3571428571428572
9 178 0.5714285714285714
10 202 -1.7857142857142858
11 12 -2.0
11 292 -1.3571428571428572
11 303 -1.7857142857142858
12 316 0.9285714285714286
13 19 1.3571428571428572
13 50 2.0
13 69 2.0
13 73 -1.3571428571428572
14 15 -2.0
14 20 1.7857142857142858
14 128 2.0
14 134 -0.5714285714285714
14 154 1.3571428571428572
15 16 1.3571428571428572
15 20 -0.5714285714285714
15 21 2.0
15 178 -1.3571428571428572
15 202 -1.3571428571428572
16 17 -1.3571428571428572
16 21 1.7857142857142858
16 22 -1.3571428571428572
16 250 1.3571428571428572
17 18 -0.5714285714285714
17 22 -2.0
17 23 -2.0
17 268 -0.9285714285714286
17 272 0.9285714285714286
17 292 -0.9285714285714286
17 298 1.3571428571428572
18 23 0.9285714285714286
18 24 2.0
18 303 0.9285714285714286
18 310 -0.9285714285714286
18 316 1.7857142857142858
18 322 1.7857142857142858
19 69 0.5714285714285714
19 73 2.0
19 86 0.9285714285714286
19 91 1.3571428571428572
20 178 1.3571428571428572
21 22 1.3571428571428572
21 202 0.5714285714285714
22 23 -1.3571428571428572
22 250 -0.9285714285714286
22 268 1.3571428571428572
22 272 0.9285714285714286
23 24 -1.3571428571428572
23 292 2.0
23 298 -0.5714285714285714
23 303 -0.5714285714285714
23 310 -2.0
24 316 1.7857142857142858
24 322 0.9285714285714286
24 334 -0.9285714285714286
25 26 -1.3571428571428572
25 32 -0.5714285714285714
25 44 0.5714285714285714
25 50 2.0
25 70 1.3571428571428572
25 73 2.0
26 27 1.3571428571428572
26 32 1.7857142857142858
26 33 2.0
26 91 0.9285714285714286
26 111 -2.0
27 28 0.5714285714285714
27 33 -0.9285714285714286
27 34 -1.7857142857142858
27 129 0.5714285714285714
27 134 1.3571428571428572
27 155 -1.7857142857142858
28 29 -1.7857142857142858
28 34 -2.0
28 35 1.7857142857142858
28 179 -2.0
28 203 2.0
29 30 -1.7857142857142858
29 35 0.9285714285714286
29 250 0.5714285714285714
30 31 -2.0
30 36 2.0
30 269 2.0
30 272 1.3571428571428572
30 293 1.7857142857142858
30 298 1.7857142857142858
31 36 1.7857142857142858
31 304 1.3571428571428572
31 310 -2.0
31 317 -0.9285714285714286
31 322 -1.7857142857142858
32 33 2.0
32 70 2.0
32 73 -0.9285714285714286
32 91 -0.5714285714285714
33 34 2.0
33 111 1.3571428571428572
33 129 -1.3571428571428572
33 134 1.3571428571428572
34 35 -1.3571428571428572
34 155 2.0
34 179 0.9285714285714286
35 203 -1.7857142857142858
35 227 2.0
36 293 1.7857142857142858
36 298 1.3571428571428572
36 304 2.0
36 310 2.0
37 38 -0.5714285714285714
37 44 -1.3571428571428572
37 51 -2.0
37 70 -1.7857142857142858
37 74 0.9285714285714286
38 39 -2.0
38 92 0.9285714285714286
38 112 0.5714285714285714
39 42 -0.5714285714285714
39 129 2.0
39 135 -0.9285714285714286
39 155 -1.3571428571428572
39 161 -0.5714285714285714
40 41 0.5714285714285714
40 269 0.5714285714285714
40 273 -1.7857142857142858
40 293 -2.0
40 299 1.7857142857142858
41 304 0.5714285714285714
41 311 1.3571428571428572
41 317 0.9285714285714286
41 323 2.0
42 155 -2.0
42 161 1.3571428571428572
42 185 -1.3571428571428572
43 44 0.9285714285714286
43 50 -1.7857142857142858
44 45 -1.7857142857142858
44 51 -1.7857142857142858
45 46 1.7857142857142858
45 51 2.0
45 52 -2.0
45 57 1.3571428571428572
45 80 0.5714285714285714
46 47 -1.7857142857142858
46 52 0.5714285714285714
46 53 1.3571428571428572
46 118 0.5714285714285714
47 48 -1.3571428571428572
47 53 2.0
47 54 -0.5714285714285714
47 141 2.0
47 167 1.7857142857142858
48 49 1.7857142857142858
48 54 -0.5714285714285714
48 55 0.5714285714285714
48 213 -0.9285714285714286
49 55 1.7857142857142858
49 56 -1.7857142857142858
49 234 -1.3571428571428572
49 256 -1.3571428571428572
50 51 -1.7857142857142858
51 52 1.7857142857142858
51 57 2.0
52 53 -0.5714285714285714
52 80 -2.0
53 54 -1.3571428571428572
53 118 2.0
53 141 0.9285714285714286
54 55 -1.3571428571428572
54 167 -2.0
55 56 1.7857142857142858
55 213 -0.9285714285714286
55 234 -1.7857142857142858
56 256 -0.9285714285714286
56 279 1.3571428571428572
57 58 -2.0
57 63 2.0
57 74 -2.0
58 59 0.9285714285714286
58 63 -1.7857142857142858
58 92 1.3571428571428572
58 107 -1.3571428571428572
58 112 0.9285714285714286
59 64 1.3571428571428572
59 65 0.5714285714285714
59 130 -0.5714285714285714
59 135 0.5714285714285714
59 156 -0.9285714285714286
59 161 0.9285714285714286
60 65 1.3571428571428572
60 66 -2.0
60 180 -1.7857142857142858
60 185 0.9285714285714286
60 204 -2.0
60 209 0.5714285714285714
61 62 2.0
61 67 -1.7857142857142858
61 273 1.3571428571428572
61 294 -1.3571428571428572
61 299 -1.7857142857142858
62 67 1.7857142857142858
62 68 1.3571428571428572
62 305 -1.7857142857142858
62 311 -1.3571428571428572
62 323 -0.5714285714285714
63 64 -1.3571428571428572
63 71 -0.9285714285714286
63 74 2.0
63 92 0.9285714285714286
64 65 -2.0
64 107 -0.5714285714285714
64 112 1.7857142857142858
64 130 -1.3571428571428572
64 135 -1.7857142857142858
65 66 0.9285714285714286
65 156 1.7857142857142858
65 161 0.5714285714285714
65 180 1.3571428571428572
65 185 1.3571428571428572
66 204 0.9285714285714286
66 209 -1.7857142857142858
67 68 -0.9285714285714286
67 294 0.5714285714285714
67 299 0.5714285714285714
67 305 0.9285714285714286
67 311 -1.7857142857142858
68 323 -1.7857142857142858
68 330 2.0
68 335 1.3571428571428572
69 70 -2.0
69 73 -2.0
70 71 -0.9285714285714286
70 73 2.0
70 74 -1.3571428571428572
71 72 -1.7857142857142858
71 74 0.9285714285714286
71 75 -0.5714285714285714
71 80 0.5714285714285714
71 82 1.3571428571428572
72 75 -2.0
72 76 0.5714285714285714
72 118 0.9285714285714286
72 123 1.3571428571428572
73 74 -1.3571428571428572
74 75 -2.0
75 76 2.0
75 80 -0.5714285714285714
75 82 0.5714285714285714
76 77 0.9285714285714286
76 118 -0.9285714285714286
76 123 2.0
76 141 -0.5714285714285714
76 147 1.7857142857142858
77 78 0.9285714285714286
77 167 0.5714285714285714
77 172 0.5714285714285714
78 79 -0.9285714285714286
78 213 2.0
78 220 0.5714285714285714
78 234 -0.9285714285714286
78 240 0.9285714285714286
79 256 0.5714285714285714
79 279 1.7857142857142858
79 285 1.7857142857142858
80 81 -0.5714285714285714
80 82 -1.7857142857142858
81 82 -0.5714285714285714
81 83 -1.3571428571428572
81 93 2.0
81 107 1.7857142857142858
81 113 -0.5714285714285714
82 83 0.5714285714285714
82 93 -2.0
83 107 -2.0
83 113 -0.9285714285714286
83 130 -2.0
83 136 1.7857142857142858
84 204 -0.9285714285714286
85 294 0.9285714285714286
85 300 -1.7857142857142858
85 305 0.9285714285714286
86 91 -1.7857142857142858
87 88 0.9285714285714286
87 93 2.0
87 94 0.9285714285714286
87 96 -2.0
87 119 -0.5714285714285714
87 123 0.5714285714285714
88 89 -0.5714285714285714
88 94 -1.7857142857142858
88 147 -0.9285714285714286
88 172 -1.7857142857142858
89 95 -2.0
89 191 2.0
89 214 2.0
89 220 0.9285714285714286
90 95 2.0
90 235 -2.0
90 240 -0.5714285714285714
90 257 -2.0
91 92 -2.0
92 93 2.0
93 94 -2.0
93 96 2.0
94 119 0.9285714285714286
94 123 1.7857142857142858
94 147 1.3571428571428572
95 214 1.3571428571428572
95 220 1.3571428571428572
95 235 0.9285714285714286
95 240 -1.3571428571428572
96 97 1.3571428571428572
96 100 0.9285714285714286
96 108 -0.9285714285714286
96 113 1.7857142857142858
97 98 1.7857142857142858
97 100 -1.3571428571428572
97 101 0.5714285714285714
97 131 -0.9285714285714286
97 136 0.9285714285714286
97 157 -0.5714285714285714
97 162 1.7857142857142858
98 101 1.3571428571428572
98 102 -0.5714285714285714
98 181 -0.9285714285714286
98 186 0.5714285714285714
98 205 0.5714285714285714
99 103 1.3571428571428572
99 104 -2.0
99 270 0.5714285714285714
99 274 2.0
100 101 1.3571428571428572
100 108 -0.9285714285714286
100 113 2.0
100 131 -0.9285714285714286
100 136 1.7857142857142858
101 102 2.0
101 157 -1.3571428571428572
101 162 0.9285714285714286
101 181 -2.0
101 186 0.5714285714285714
102 103 -2.0
102 205 0.9285714285714286
102 228 -0.5714285714285714
103 104 -0.5714285714285714
103 246 -1.3571428571428572
103 251 1.7857142857142858
103 270 0.5714285714285714
103 274 0.9285714285714286
104 105 -0.5714285714285714
104 295 0.5714285714285714
104 300 1.3571428571428572
105 318 -0.9285714285714286
105 324 -1.3571428571428572
105 331 1.3571428571428572
105 336 0.9285714285714286
106 111 2.0
107 108 2.0
107 112 -0.5714285714285714
107 113 0.5714285714285714
108 109 -2.0
108 113 2.0
108 114 1.7857142857142858
108 119 -0.9285714285714286
108 124 1.7857142857142858
109 114 -2.0
109 115 -1.3571428571428572
109 148 -1.7857142857142858
109 168 -0.9285714285714286
109 173 -0.9285714285714286
110 116 0.9285714285714286
110 117 2.0
110 235 1.3571428571428572
110 241 -1.7857142857142858
110 257 -0.9285714285714286
110 262 -1.3571428571428572
111 112 -0.9285714285714286
112 113 -1.3571428571428572
113 114 -0.5714285714285714
114 115 1.7857142857142858
114 119 -0.5714285714285714
114 124 1.7857142857142858
114 148 -1.7857142857142858
115 116 -1.3571428571428572
115 168 0.5714285714285714
115 173 -1.7857142857142858
115 191 0.5714285714285714
116 117 1.3571428571428572
116 214 0.5714285714285714
116 221 -1.3571428571428572
116 235 -1.3571428571428572
116 241 0.9285714285714286
117 257 2.0
117 262 -2.0
117 280 -2.0
117 286 -0.5714285714285714
118 119 2.0
118 123 1.3571428571428572
119 120 -0.5714285714285714
119 123 -2.0
119 124 0.5714285714285714
120 121 -1.3571428571428572
120 124 -0.5714285714285714
120 131 0.5714285714285714
120 137 -1.3571428571428572
120 157 -0.5714285714285714
120 163 -0.9285714285714286
121 125 -1.3571428571428572
121 126 -2.0
121 181 1.7857142857142858
121 187 0.5714285714285714
121 205 2.0
121 210 -2.0
122 127 1.3571428571428572
122 275 1.7857142857142858
122 295 -0.9285714285714286
122 301 -0.5714285714285714
123 124 -2.0
124 125 -1.7857142857142858
124 131 0.5714285714285714
124 137 1.3571428571428572
125 126 0.5714285714285714
125 157 2.0
125 163 -1.7857142857142858
125 181 0.5714285714285714
125 187 2.0
126 127 0.9285714285714286
126 205 -0.9285714285714286
126 210 0.9285714285714286
126 228 -0.5714285714285714
126 230 0.5714285714285714
127 246 -0.9285714285714286
127 252 0.5714285714285714
127 270 -0.9285714285714286
127 275 0.9285714285714286
128 129 0.5714285714285714
128 134 2.0
129 130 -1.7857142857142858
129 134 2.0
129 135 2.0
130 131 0.5714285714285714
130 135 -0.5714285714285714
130 136 -0.9285714285714286
131 132 1.3571428571428572
131 137 1.7857142857142858
132 133 0.9285714285714286
132 137 1.3571428571428572
132 138 1.7857142857142858
132 142 -0.5714285714285714
132 148 0.9285714285714286
132 169 -1.7857142857142858
132 173 -2.0
133 138 0.9285714285714286
133 139 -1.3571428571428572
133 192 0.5714285714285714
133 196 -0.5714285714285714
133 215 -0.5714285714285714
133 221 -0.9285714285714286
134 135 -2.0
135 136 -2.0
136 137 0.5714285714285714
137 138 -2.0
137 142 -1.7857142857142858
137 148 1.7857142857142858
138 139 1.3571428571428572
138 169 1.3571428571428572
138 173 1.7857142857142858
138 192 1.3571428571428572
138 196 -1.7857142857142858
139 140 0.5714285714285714
139 215 -0.9285714285714286
139 221 -1.3571428571428572
139 236 -0.5714285714285714
139 241 1.3571428571428572
140 258 -2.0
140 262 0.9285714285714286
140 281 -1.7857142857142858
140 286 -0.9285714285714286
141 147 0.9285714285714286
142 143 -0.5714285714285714
142 148 -2.0
142 149 -1.3571428571428572
142 163 0.5714285714285714
143 144 -0.9285714285714286
143 149 0.5714285714285714
143 150 0.5714285714285714
143 182 -2.0
143 187 1.3571428571428572
143 206 2.0
143 210 0.9285714285714286
144 145 -0.9285714285714286
144 150 -1.7857142857142858
144 151 -1.3571428571428572
144 230 -1.7857142857142858
144 247 -1.7857142857142858
144 252 -1.3571428571428572
145 146 -2.0
145 151 -0.5714285714285714
145 152 -0.5714285714285714
145 275 0.5714285714285714
145 296 1.3571428571428572
145 301 -1.7857142857142858
146 152 -1.3571428571428572
146 153 0.5714285714285714
146 307 -0.9285714285714286
146 312 1.7857142857142858
146 319 0.5714285714285714
146 325 2.0
147 148 -2.0
148 149 -0.9285714285714286
149 158 0.5714285714285714
149 163 -1.3571428571428572
149 182 0.9285714285714286
149 187 -2.0
150 151 1.7857142857142858
150 206 -0.9285714285714286
150 210 1.3571428571428572
150 230 -0.9285714285714286
151 152 2.0
151 247 1.3571428571428572
151 252 0.5714285714285714
151 275 -1.7857142857142858
152 153 -0.9285714285714286
152 296 -2.0
152 307 1.3571428571428572
152 312 0.9285714285714286
153 319 -0.5714285714285714
153 325 1.7857142857142858
153 337 -0.5714285714285714
154 155 1.7857142857142858
155 156 2.0
155 161 -1.3571428571428572
156 157 -1.3571428571428572
156 161 2.0
156 162 0.5714285714285714
157 158 -0.9285714285714286
157 162 -0.5714285714285714
157 163 0.5714285714285714
158 159 0.5714285714285714
158 163 -1.7857142857142858
158 164 1.3571428571428572
158 169 1.7857142857142858
158 174 -1.7857142857142858
159 160 -0.5714285714285714
159 164 1.3571428571428572
159 165 -0.9285714285714286
159 192 -1.7857142857142858
159 197 -1.3571428571428572
159 215 1.7857142857142858
159 222 -1.3571428571428572
160 165 -1.7857142857142858
160 166 -1.7857142857142858
160 236 1.3571428571428572
160 242 1.7857142857142858
160 258 2.0
160 263 1.7857142857142858
161 162 -1.3571428571428572
162 163 -1.7857142857142858
163 164 -0.9285714285714286
164 165 1.7857142857142858
164 169 -0.5714285714285714
164 174 -1.7857142857142858
164 192 -2.0
164 197 -0.5714285714285714
165 166 0.9285714285714286
165 215 -1.7857142857142858
165 222 -1.3571428571428572
165 236 -2.0
165 242 -1.7857142857142858
166 258 1.7857142857142858
166 263 -1.3571428571428572
166 281 -1.7857142857142858
166 287 1.3571428571428572
167 168 1.3571428571428572
167 172 -1.7857142857142858
168 169 -1.7857142857142858
168 172 -1.7857142857142858
168 173 -2.0
169 170 2.0
169 173 -1.7857142857142858
169 174 1.7857142857142858
170 174 1.7857142857142858
170 175 1.3571428571428572
170 182 -2.0
170 188 -2.0
170 206 -1.7857142857142858
171 176 -0.9285714285714286
171 276 -1.3571428571428572
171 296 -2.0
171 302 1.7857142857142858
172 173 0.5714285714285714
173 174 -1.3571428571428572
174 175 1.3571428571428572
174 182 0.5714285714285714
174 188 -1.3571428571428572
175 176 -0.9285714285714286
175 206 1.7857142857142858
175 231 0.5714285714285714
176 247 0.9285714285714286
176 253 -1.3571428571428572
176 276 -1.3571428571428572
177 319 -1.3571428571428572
177 326 -1.3571428571428572
178 179 0.9285714285714286
179 180 -2.0
179 185 -0.9285714285714286
180 181 1.3571428571428572
180 185 -1.7857142857142858
180 186 -0.5714285714285714
181 182 -1.7857142857142858
181 186 -1.7857142857142858
181 187 -2.0
182 183 -1.3571428571428572
182 187 2.0
182 188 0.5714285714285714
183 184 1.3571428571428572
183 188 0.9285714285714286
183 189 -0.9285714285714286
183 193 -2.0
183 197 0.5714285714285714
183 216 0.5714285714285714
183 222 2.0
184 189 1.3571428571428572
184 190 -1.3571428571428572
184 237 -1.7857142857142858
184 242 0.5714285714285714
184 259 -1.3571428571428572
184 263 1.7857142857142858
185 186 0.5714285714285714
186 187 1.3571428571428572
187 188 1.7857142857142858
188 189 2.0
188 193 -1.3571428571428572
188 197 0.9285714285714286
189 190 1.3571428571428572
189 216 0.9285714285714286
189 222 0.5714285714285714
189 237 1.3571428571428572
189 242 -2.0
190 259 -0.9285714285714286
190 263 -2.0
190 287 -1.7857142857142858
191 192 -0.9285714285714286
191 196 -1.7857142857142858
192 193 -0.9285714285714286
192 196 1.7857142857142858
192 197 -2.0
193 197 -0.5714285714285714
193 198 -1.7857142857142858
193 207 -0.5714285714285714
194 195 -0.5714285714285714
194 199 0.9285714285714286
194 200 -0.9285714285714286
194 276 1.7857142857142858
194 297 2.0
194 302 1.3571428571428572
195 200 -0.9285714285714286
195 201 -2.0
195 308 -2.0
195 313 -1.7857142857142858
195 320 -0.9285714285714286
195 326 0.9285714285714286
196 197 -1.3571428571428572
197 198 1.7857142857142858
198 199 -2.0
198 207 -0.9285714285714286
198 229 -1.3571428571428572
198 231 -2.0
199 200 -2.0
199 248 0.9285714285714286
199 253 0.9285714285714286
199 276 -1.3571428571428572
200 201 -2.0
200 297 -2.0
200 302 -1.3571428571428572
200 308 -1.7857142857142858
200 313 -1.3571428571428572
201 320 2.0
201 326 1.7857142857142858
201 332 -1.3571428571428572
201 338 -0.9285714285714286
202 203 0.5714285714285714
203 204 0.9285714285714286
203 209 -2.0
204 205 2.0
204 209 2.0
205 206 -0.5714285714285714
205 210 1.3571428571428572
206 207 2.0
206 210 1.3571428571428572
207 208 -0.9285714285714286
207 211 0.9285714285714286
207 216 2.0
207 223 1.7857142857142858
208 211 1.7857142857142858
208 212 -2.0
208 237 2.0
208 243 -1.3571428571428572
208 259 -0.9285714285714286
208 264 1.3571428571428572
211 212 -0.9285714285714286
211 216 1.7857142857142858
211 223 -1.7857142857142858
211 243 0.5714285714285714
212 288 -1.3571428571428572
213 220 -1.3571428571428572
214 215 -1.7857142857142858
214 220 -0.9285714285714286
214 221 -2.0
215 216 -1.3571428571428572
215 221 1.7857142857142858
215 222 0.5714285714285714
216 217 -0.5714285714285714
216 222 -1.7857142857142858
216 223 0.5714285714285714
217 218 -1.7857142857142858
217 223 -0.5714285714285714
217 224 -1.3571428571428572
217 229 -1.3571428571428572
217 232 -0.9285714285714286
217 248 -2.0
217 254 -2.0
218 224 -0.9285714285714286
218 225 1.3571428571428572
218 277 -1.7857142857142858
218 297 2.0
219 225 1.3571428571428572
219 226 2.0
219 308 -2.0
219 314 -1.3571428571428572
219 320 0.5714285714285714
219 327 -2.0
220 221 -1.7857142857142858
221 222 0.9285714285714286
223 229 -0.9285714285714286
223 232 1.3571428571428572
224 225 2.0
224 248 -0.9285714285714286
224 254 1.3571428571428572
224 277 -1.7857142857142858
225 226 1.3571428571428572
225 297 -0.5714285714285714
225 308 -2.0
225 314 -0.5714285714285714
226 320 -1.3571428571428572
226 327 1.3571428571428572
226 332 -1.7857142857142858
226 339 2.0
228 230 -0.5714285714285714
229 231 -1.7857142857142858
229 232 -0.9285714285714286
230 231 0.9285714285714286
231 232 1.7857142857142858
232 233 -1.3571428571428572
232 243 -1.7857142857142858
233 264 1.3571428571428572
233 282 0.5714285714285714
234 235 -0.5714285714285714
234 240 0.9285714285714286
235 236 -1.7857142857142858
235 240 0.5714285714285714
235 241 0.9285714285714286
236 237 1.7857142857142858
236 241 1.3571428571428572
236 242 -0.9285714285714286
237 242 1.7857142857142858
237 243 -1.7857142857142858
238 244 -2.0
238 245 0.5714285714285714
238 271 1.3571428571428572
238 277 -0.5714285714285714
239 245 0.5714285714285714
239 309 0.9285714285714286
239 314 1.3571428571428572
239 321 -1.7857142857142858
239 327 -2.0
240 241 1.3571428571428572
241 242 0.5714285714285714
242 243 2.0
244 245 1.7857142857142858
244 249 2.0
244 254 0.9285714285714286
244 271 -1.3571428571428572
244 277 -1.7857142857142858
245 309 -0.5714285714285714
245 314 -2.0
246 247 -1.3571428571428572
246 251 -1.7857142857142858
246 252 -1.7857142857142858
247 248 -1.7857142857142858
247 252 -0.5714285714285714
247 253 1.3571428571428572
248 249 0.9285714285714286
248 253 2.0
248 254 1.7857142857142858
249 254 0.9285714285714286
249 255 2.0
249 265 0.5714285714285714
251 252 0.5714285714285714
252 253 -0.5714285714285714
253 254 1.3571428571428572
254 255 1.3571428571428572
255 265 0.5714285714285714
255 282 0.9285714285714286
255 289 0.9285714285714286
256 257 1.7857142857142858
257 258 -2.0
257 262 2.0
258 259 -0.9285714285714286
258 262 1.3571428571428572
258 263 -1.7857142857142858
259 263 1.3571428571428572
259 264 -1.7857142857142858
260 261 -0.5714285714285714
260 265 -1.7857142857142858
260 266 -1.3571428571428572
260 271 -0.5714285714285714
261 266 0.9285714285714286
261 309 -1.3571428571428572
261 315 0.9285714285714286
261 321 -0.5714285714285714
261 328 1.7857142857142858
263 264 2.0
264 265 1.3571428571428572
265 266 0.9285714285714286
265 271 -1.3571428571428572
265 278 -0.5714285714285714
266 267 0.9285714285714286
266 309 -1.3571428571428572
266 315 1.3571428571428572
267 321 0.5714285714285714
267 340 1.7857142857142858
268 269 -1.3571428571428572
268 272 1.3571428571428572
269 272 -2.0
269 273 -0.5714285714285714
270 274 1.3571428571428572
270 275 -2.0
271 277 1.3571428571428572
272 273 0.5714285714285714
273 274 -0.5714285714285714
274 275 0.5714285714285714
275 276 0.5714285714285714
276 277 -0.9285714285714286
277 278 2.0
278 283 1.7857142857142858
278 289 -0.5714285714285714
279 280 2.0
279 285 -0.5714285714285714
280 281 -0.5714285714285714
280 285 -2.0
280 286 1.3571428571428572
281 286 0.5714285714285714
281 287 0.5714285714285714
282 283 -2.0
282 288 0.9285714285714286
282 289 0.5714285714285714
283 284 1.3571428571428572
283 289 2.0
283 290 -1.7857142857142858
284 290 0.9285714285714286
284 291 1.3571428571428572
284 315 0.9285714285714286
284 328 0.5714285714285714
285 286 2.0
286 287 0.5714285714285714
287 288 0.5714285714285714
288 289 -1.3571428571428572
289 290 -1.3571428571428572
290 291 0.5714285714285714
290 315 -0.9285714285714286
291 328 -1.3571428571428572
291 340 -1.7857142857142858
292 293 -0.9285714285714286
292 298 1.3571428571428572
293 294 0.5714285714285714
293 298 1.3571428571428572
293 299 0.9285714285714286
294 295 2.0
294 299 -0.9285714285714286
294 300 -2.0
295 296 2.0
295 300 -1.3571428571428572
295 301 -2.0
296 297 -0.9285714285714286
296 301 -0.5714285714285714
296 302 -0.9285714285714286
297 302 2.0
298 299 1.7857142857142858
299 300 1.7857142857142858
300 301 1.7857142857142858
301 302 -0.5714285714285714
303 304 2.0
303 310 -2.0
304 305 -0.9285714285714286
304 311 2.0
305 311 -0.5714285714285714
306 307 1.7857142857142858
306 312 -0.9285714285714286
307 308 1.3571428571428572
307 312 1.7857142857142858
307 313 0.9285714285714286
308 309 -0.5714285714285714
308 313 0.9285714285714286
308 314 -1.3571428571428572
309 314 -1.7857142857142858
309 315 -1.7857142857142858
310 311 -2.0
312 313 0.9285714285714286
313 314 1.7857142857142858
314 315 1.7857142857142858
316 317 1.7857142857142858
316 322 -1.3571428571428572
317 322 -1.7857142857142858
317 323 -2.0
318 319 0.5714285714285714
318 324 -2.0
318 325 1.7857142857142858
319 320 -1.3571428571428572
319 325 2.0
319 326 -1.7857142857142858
320 321 1.3571428571428572
320 326 0.5714285714285714
320 327 0.9285714285714286
321 327 -0.9285714285714286
322 323 1.7857142857142858
323 324 -1.3571428571428572
324 325 -1.3571428571428572
325 326 -1.7857142857142858
327 328 -1.7857142857142858
329 330 -0.9285714285714286
329 334 -1.7857142857142858
329 335 -1.3571428571428572
330 331 1.7857142857142858
330 335 -0.9285714285714286
330 336 -1.7857142857142858
331 336 -0.9285714285714286
332 333 -1.7857142857142858
332 338 2.0
332 339 -0.9285714285714286
333 339 -0.5714285714285714
333 340 1.7857142857142858
334 335 -1.3571428571428572
335 336 -1.3571428571428572
336 337 -1.7857142857142858
337 338 0.9285714285714286
338 339 1.3571428571428572
339 340 -2.0
