449 1782
1 1 3.0714285714285716
2 2 -4.857142857142857
3 3 0.4285714285714286
4 4 -0.642857142857143
5 5 2.3571428571428577
6 6 -3.9285714285714284
7 7 -3.5
8 8 -0.49999999999999956
9 9 3.0
10 10 0.1428571428571428
11 11 -5.357142857142858
12 12 -2.7857142857142856
13 13 -3.785714285714286
14 14 -2.785714285714286
15 15 0.6428571428571426
16 16 1.5714285714285714
17 17 2.2857142857142856
18 18 -1.2857142857142854
19 19 -7.071428571428572
20 20 -1.7857142857142858
21 21 -3.5714285714285716
22 22 -0.8571428571428577
23 23 -3.071428571428572
24 24 -1.9285714285714282
25 25 -5.2142857142857135
26 26 -1.0
27 27 -6.357142857142858
28 28 1.4999999999999996
29 29 4.5
30 30 2.857142857142857
31 31 -0.1428571428571428
32 32 1.7857142857142858
33 33 -9.5
34 34 -6.857142857142857
35 35 4.714285714285714
36 36 -1.0714285714285714
37 37 3.071428571428572
38 38 0.7142857142857144
39 39 -0.5714285714285716
40 40 1.7857142857142863
41 41 1.0714285714285714
42 42 1.2142857142857146
43 43 2.1428571428571432
44 44 -0.4285714285714284
45 45 5.714285714285714
46 46 3.357142857142857
47 47 0.35714285714285743
48 48 2.7142857142857144
50 50 2.1428571428571432
51 51 5.7857142857142865
52 52 0.9285714285714286
53 53 -1.142857142857143
54 54 5.642857142857143
55 55 -6.142857142857143
56 56 -5.857142857142858
57 57 -1.0714285714285716
58 58 -3.071428571428571
59 59 -1.3571428571428574
60 60 -0.9285714285714286
61 61 3.9285714285714284
62 62 5.571428571428571
63 63 2.928571428571429
64 64 0.3571428571428572
65 65 -0.5
66 66 -4.428571428571429
67 67 5.857142857142858
68 68 -2.9999999999999996
69 69 -0.7142857142857142
70 70 -1.2142857142857146
71 71 1.7857142857142858
72 72 -1.642857142857143
73 73 1.2857142857142858
74 74 -2.2857142857142856
75 75 -0.2142857142857144
76 76 4.428571428571429
77 77 -1.0714285714285714
78 78 0.642857142857143
79 79 6.7142857142857135
80 80 -4.714285714285714
81 81 -0.4285714285714286
82 82 1.7142857142857144
83 83 -4.571428571428572
84 84 -5.000000000000001
85 85 -4.785714285714286
86 86 -3.1428571428571423
87 87 -2.7857142857142856
88 88 -1.7857142857142858
89 89 1.357142857142857
90 90 7.642857142857142
91 91 3.3571428571428577
92 92 4.5
93 93 2.642857142857143
94 94 2.9285714285714284
95 95 0.9285714285714286
96 96 3.0
97 97 -1.8571428571428577
98 98 -3.1428571428571432
99 99 6.714285714285714
100 100 5.142857142857143
101 101 2.2142857142857144
102 102 3.714285714285715
103 103 -3.857142857142857
104 104 4.071428571428571
105 105 -0.14285714285714257
106 106 5.5
107 107 2.928571428571429
108 108 -0.5714285714285714
109 109 1.4999999999999998
110 110 5.2857142857142865
111 111 -5.0
112 112 -2.2142857142857144
113 113 -5.928571428571429
115 115 1.8571428571428577
116 116 3.5
117 117 -2.928571428571429
118 118 0.3571428571428572
119 119 4.0
120 120 -1.8571428571428574
121 121 0.5
122 122 -5.5
123 123 -6.928571428571429
124 124 0.6428571428571428
125 125 -4.071428571428571
126 126 -3.0
127 127 2.7857142857142856
128 128 2.1428571428571432
129 129 -3.500000000000001
130 130 -6.642857142857142
131 131 -4.142857142857143
132 132 -1.9285714285714286
133 133 -0.9285714285714286
134 134 -3.3571428571428568
135 135 4.642857142857143
136 136 -1.5
137 137 2.428571428571429
138 138 -2.8571428571428568
139 139 1.7857142857142858
140 140 -2.928571428571428
141 141 2.785714285714286
142 142 4.357142857142858
143 143 -1.2142857142857146
144 144 -2.0
145 145 3.8571428571428568
146 146 2.571428571428572
147 147 -0.8571428571428572
148 148 -2.2142857142857144
149 149 0.5714285714285714
150 150 -0.9285714285714284
151 151 1.4285714285714284
152 152 1.8571428571428574
153 153 -0.642857142857143
154 154 -4.2142857142857135
155 155 -3.428571428571429
156 156 -4.214285714285714
157 157 -2.7142857142857144
158 158 -1.0
159 159 -2.857142857142857
160 160 5.357142857142857
161 161 4.857142857142858
162 162 -4.5
163 163 -5.0
164 164 -2.428571428571429
165 165 2.3571428571428577
166 166 3.2142857142857144
167 167 1.6428571428571423
168 168 -4.357142857142857
169 169 -0.3571428571428572
170 170 2.428571428571429
171 171 -5.714285714285714
172 172 -0.2857142857142858
173 173 3.8571428571428577
174 174 2.142857142857143
175 175 4.857142857142858
176 176 1.142857142857143
177 177 -1.9285714285714288
178 178 1.5
179 179 2.928571428571429
180 180 2.7142857142857144
181 181 2.3571428571428568
182 182 2.5714285714285716
183 183 1.5000000000000002
184 184 4.571428571428571
185 185 -0.14285714285714235
186 186 -1.4999999999999998
187 187 7.214285714285715
188 188 3.285714285714285
189 189 3.571428571428571
190 190 5.642857142857142
191 191 0.8571428571428572
192 192 -4.714285714285715
193 193 -2.7142857142857144
194 194 0.9285714285714284
195 195 0.14285714285714324
196 196 0.4999999999999998
197 197 0.357142857142857
198 198 -2.071428571428571
199 199 -4.857142857142858
200 200 -5.642857142857142
201 201 0.9285714285714288
202 202 -1.4999999999999998
203 203 -0.642857142857143
204 204 1.0714285714285716
205 205 4.142857142857143
206 206 0.4285714285714286
207 207 -11.714285714285715
208 208 -3.7857142857142865
209 209 -0.5714285714285721
210 210 5.357142857142857
211 211 4.714285714285714
212 212 0.5000000000000002
213 213 3.5
214 214 -0.6428571428571428
215 215 4.928571428571429
216 216 5.928571428571429
217 217 4.357142857142857
218 218 -2.0
219 219 -1.0714285714285714
220 220 -3.928571428571429
221 221 5.285714285714286
222 222 -5.285714285714286
223 223 0.0714285714285714
224 224 -0.2857142857142858
225 225 -0.14285714285714324
226 226 2.928571428571429
227 227 1.0714285714285716
228 228 0.6428571428571426
229 229 -1.5714285714285714
230 230 -0.3571428571428572
231 231 -1.3571428571428574
232 232 -6.071428571428571
233 233 0.8571428571428572
234 234 1.285714285714286
235 235 -2.857142857142857
236 236 2.928571428571428
237 237 3.4999999999999996
238 238 5.714285714285714
239 239 -1.8571428571428572
240 240 9.071428571428571
241 241 3.071428571428571
242 242 1.5714285714285714
243 243 3.7857142857142856
244 244 1.8571428571428572
245 245 -3.214285714285715
246 246 1.7142857142857144
247 247 0.7857142857142858
248 248 0.7857142857142858
249 249 4.0
250 250 -0.4285714285714286
251 251 -4.142857142857142
253 253 -6.714285714285715
254 254 0.2857142857142849
255 255 6.642857142857143
256 256 2.1428571428571437
257 257 -2.0
258 258 -3.0
259 259 4.428571428571428
260 260 -1.8571428571428572
261 261 -4.7857142857142865
262 262 3.4285714285714284
263 263 5.142857142857142
264 264 -3.0
265 265 -3.1428571428571423
266 266 4.428571428571429
267 267 -0.4285714285714284
268 268 4.2857142857142865
269 269 -1.6428571428571428
270 270 1.8571428571428572
271 271 -4.285714285714286
272 272 -0.5714285714285712
273 273 -2.7142857142857144
274 274 2.5
275 275 -0.8571428571428572
276 276 -6.071428571428571
277 277 4.142857142857142
278 278 1.2857142857142858
279 279 3.7142857142857153
280 280 -3.5
281 281 5.785714285714286
282 282 8.285714285714285
283 283 3.071428571428571
284 284 -5.7142857142857135
285 285 -4.214285714285714
286 286 -1.7857142857142858
287 287 -4.142857142857143
288 288 -2.0714285714285716
289 289 3.571428571428571
290 290 5.571428571428572
291 291 2.3571428571428568
292 292 -6.071428571428572
293 293 0.7857142857142858
294 294 -0.6428571428571432
295 295 -1.7857142857142856
296 296 2.5714285714285716
297 297 1.0
298 298 -5.142857142857143
299 299 2.2142857142857144
300 300 -4.071428571428572
301 301 9.142857142857142
302 302 1.7142857142857146
303 303 -1.7857142857142856
304 304 -0.2857142857142858
305 305 1.5000000000000004
306 306 5.5
307 307 -1.642857142857143
308 308 1.3571428571428574
309 309 -2.7142857142857144
310 310 0.7142857142857144
311 311 -0.5000000000000002
312 312 -1.5
313 313 -3.8571428571428577
314 314 -1.8571428571428572
315 315 -2.0
316 316 4.214285714285714
317 317 2.2857142857142856
318 318 1.5714285714285714
319 319 -0.3571428571428572
320 320 3.642857142857143
321 321 0.21428571428571352
322 322 5.7142857142857135
323 323 2.7857142857142856
324 324 1.7857142857142856
325 325 7.428571428571429
326 326 0.5714285714285714
327 327 -4.428571428571429
328 328 -4.428571428571429
329 329 -1.4285714285714284
330 330 -3.0
331 331 -6.2142857142857135
332 332 -4.714285714285714
333 333 -0.857142857142857
334 334 -2.428571428571429
335 335 -3.5714285714285716
336 336 1.0714285714285712
337 337 1.0714285714285714
338 338 0.2142857142857142
339 339 3.142857142857143
340 340 1.5000000000000002
341 341 -0.6428571428571428
342 342 3.4285714285714284
343 343 -5.2857142857142865
344 344 -0.0714285714285714
345 345 -5.785714285714286
346 346 -0.2142857142857144
347 347 -2.428571428571429
348 348 0.1428571428571428
349 349 -0.6428571428571423
350 350 1.214285714285714
351 351 6.285714285714286
352 352 -8.5
353 353 -0.1428571428571419
354 354 -1.2142857142857142
355 355 1.071428571428572
356 356 1.0
357 357 -2.7857142857142856
358 358 5.571428571428571
359 359 7.428571428571427
360 360 -1.0714285714285716
362 362 2.7857142857142856
363 363 -0.7142857142857144
364 364 1.4285714285714286
365 365 -0.4285714285714286
366 366 -3.1428571428571423
367 367 -4.714285714285714
368 368 -8.857142857142858
369 369 -2.142857142857143
370 370 4.357142857142858
371 371 2.2857142857142856
372 372 1.357142857142857
373 373 -5.428571428571429
374 374 -4.714285714285714
375 375 0.6428571428571426
376 376 0.4285714285714284
377 377 0.7142857142857142
378 378 0.5714285714285714
379 379 1.2142857142857142
380 380 3.7857142857142856
381 381 -3.7142857142857144
382 382 0.642857142857143
383 383 -2.928571428571429
384 384 2.142857142857143
385 385 -1.3571428571428572
386 386 1.9999999999999998
387 387 2.1428571428571432
388 388 -0.8571428571428572
389 389 2.0
390 390 2.428571428571429
391 391 1.4285714285714286
392 392 -2.2857142857142856
393 393 -4.142857142857143
394 394 2.2857142857142856
395 395 -0.9285714285714288
396 396 2.7142857142857144
397 397 6.642857142857142
398 398 4.714285714285714
399 399 -7.571428571428573
400 400 -5.857142857142858
401 401 1.1428571428571428
402 402 -0.5714285714285716
403 403 -2.7857142857142856
404 404 -4.571428571428571
405 405 -0.4285714285714286
406 406 1.3571428571428572
407 407 -1.9999999999999998
408 408 -1.7142857142857144
409 409 0.714285714285714
410 410 -6.357142857142858
411 411 1.5714285714285712
412 412 1.9285714285714284
413 413 -2.5
414 414 -2.5714285714285716
415 415 1.0
416 416 0.9999999999999998
417 417 -0.2857142857142858
418 418 1.4285714285714286
419 419 1.7857142857142856
420 420 4.0
421 421 0.2857142857142865
422 422 2.571428571428571
423 423 1.5714285714285707
424 424 3.785714285714286
425 425 -3.1428571428571432
426 426 0.9285714285714288
427 427 -4.071428571428571
428 428 -5.214285714285714
429 429 3.2142857142857144
430 430 5.500000000000001
431 431 -1.9285714285714286
432 432 5.857142857142856
433 433 1.4285714285714286
434 434 1.0
435 435 0.8571428571428572
436 436 -3.1428571428571432
437 437 2.571428571428572
438 438 1.4285714285714288
439 439 0.42857142857142794
440 440 -1.7857142857142856
441 441 0.2142857142857142
442 442 -3.5000000000000004
443 443 0.2142857142857142
444 444 5.571428571428571
445 445 2.071428571428571
446 446 -3.3571428571428577
447 447 1.7857142857142858
448 448 1.3571428571428572
449 449 1.4285714285714286
1 2 0.5714285714285714
1 7 -0.9285714285714286
1 50 -0.9285714285714286
1 77 -1.7857142857142858
2 3 1.3571428571428572
2 7 0.9285714285714286
2 8 -0.9285714285714286
2 98 2.0
2 121 0.9285714285714286
3 4 -1.7857142857142858
3 8 -1.7857142857142858
3 9 1.7857142857142858
3 147 -0.5714285714285714
3 176 0.5714285714285714
4 9 -0.5714285714285714
4 10 -0.5714285714285714
4 203 1.7857142857142858
4 231 1.7857142857142858
5 6 1.3571428571428572
5 11 -0.5714285714285714
5 307 -1.3571428571428572
5 335 -1.7857142857142858
6 11 0.5714285714285714
6 12 2.0
6 364 -0.5714285714285714
6 392 0.5714285714285714
7 8 2.0
7 77 0.5714285714285714
7 98 0.9285714285714286
8 9 -1.3571428571428572
8 121 0.5714285714285714
8 147 2.0
9 10 -0.9285714285714286
9 176 -1.3571428571428572
9 203 -0.5714285714285714
10 231 1.3571428571428572
11 12 1.3571428571428572
11 335 2.0
11 364 2.0
12 392 -0.5714285714285714
13 20 -0.9285714285714286
13 58 1.3571428571428572
13 77 1.3571428571428572
13 82 2.0
14 15 1.3571428571428572
14 21 1.7857142857142858
14 147 -0.5714285714285714
14 154 -1.7857142857142858
14 176 2.0
15 16 -2.0
15 21 1.7857142857142858
15 22 1.3571428571428572
15 203 -1.7857142857142858
15 231 -1.3571428571428572
16 17 -1.3571428571428572
16 22 1.7857142857142858
16 23 -1.7857142857142858
16 287 1.7857142857142858
17 18 -1.7857142857142858
17 23 -0.9285714285714286
17 24 1.7857142857142858
17 307 2.0
17 312 1.3571428571428572
17 335 -1.3571428571428572
17 342 -2.0
18 19 2.0
18 24 -1.3571428571428572
18 25 0.5714285714285714
18 364 0.9285714285714286
18 371 0.9285714285714286
18 392 -0.5714285714285714
18 399 0.5714285714285714
19 25 1.3571428571428572
19 26 0.5714285714285714
19 413 1.3571428571428572
19 428 1.7857142857142858
20 77 1.3571428571428572
20 82 -2.0
20 98 2.0
20 104 1.3571428571428572
21 176 -1.7857142857142858
21 203 1.7857142857142858
22 23 -0.9285714285714286
22 231 -1.3571428571428572
23 24 1.3571428571428572
23 287 1.7857142857142858
23 307 1.7857142857142858
23 312 1.7857142857142858
24 25 0.9285714285714286
24 335 1.7857142857142858
24 342 0.5714285714285714
24 364 -1.7857142857142858
24 371 -1.3571428571428572
25 26 -0.9285714285714286
25 392 0.9285714285714286
25 399 1.7857142857142858
25 413 0.5714285714285714
26 436 1.3571428571428572
27 28 1.3571428571428572
27 35 0.9285714285714286
27 51 0.9285714285714286
27 58 0.5714285714285714
27 78 2.0
27 82 0.5714285714285714
28 29 -1.3571428571428572
28 35 -0.9285714285714286
28 36 0.9285714285714286
28 104 -0.9285714285714286
28 127 -0.5714285714285714
29 30 -2.0
29 36 -0.9285714285714286
29 37 -2.0
29 148 0.9285714285714286
29 154 1.7857142857142858
29 177 -0.9285714285714286
30 31 1.3571428571428572
30 37 -0.9285714285714286
30 38 -0.9285714285714286
30 204 -0.9285714285714286
30 232 0.5714285714285714
31 32 -1.7857142857142858
31 38 -0.9285714285714286
31 260 0.9285714285714286
31 287 0.5714285714285714
32 33 0.9285714285714286
32 39 -0.9285714285714286
32 308 -0.5714285714285714
32 312 0.5714285714285714
32 336 1.3571428571428572
32 342 -1.3571428571428572
33 34 2.0
33 39 2.0
33 371 0.5714285714285714
33 393 2.0
33 399 2.0
34 40 0.5714285714285714
34 407 1.3571428571428572
34 413 0.5714285714285714
34 421 0.5714285714285714
34 428 1.7857142857142858
35 78 -1.7857142857142858
35 82 -2.0
35 104 -0.9285714285714286
36 37 -0.9285714285714286
36 127 -2.0
36 148 2.0
36 154 2.0
37 38 -1.7857142857142858
37 177 0.5714285714285714
37 204 2.0
38 232 2.0
38 260 0.9285714285714286
39 336 1.7857142857142858
39 342 -0.9285714285714286
39 371 -1.3571428571428572
40 421 0.5714285714285714
40 428 -0.9285714285714286
40 443 -2.0
41 42 -2.0
41 51 -2.0
41 59 1.7857142857142858
41 78 0.5714285714285714
41 83 0.5714285714285714
42 43 2.0
42 105 0.5714285714285714
42 128 -1.7857142857142858
43 47 -1.7857142857142858
43 148 0.5714285714285714
43 155 -0.5714285714285714
43 177 -0.5714285714285714
43 183 -1.7857142857142858
44 45 -2.0
44 48 -1.3571428571428572
44 308 1.7857142857142858
44 313 2.0
44 336 -1.7857142857142858
44 343 1.7857142857142858
45 46 -2.0
45 372 -0.9285714285714286
45 393 -1.3571428571428572
45 400 0.5714285714285714
46 49 -0.9285714285714286
46 407 -1.3571428571428572
46 414 2.0
46 421 0.9285714285714286
46 429 -2.0
47 177 -0.5714285714285714
47 183 -0.5714285714285714
47 204 2.0
47 211 0.5714285714285714
48 336 -0.9285714285714286
48 343 0.9285714285714286
48 372 -1.3571428571428572
49 429 0.9285714285714286
50 51 -1.7857142857142858
50 58 0.5714285714285714
51 52 -0.9285714285714286
51 59 -2.0
52 59 1.7857142857142858
52 60 -1.7857142857142858
52 65 0.5714285714285714
52 89 -0.5714285714285714
53 54 -2.0
53 60 1.3571428571428572
53 134 1.7857142857142858
54 55 2.0
54 61 -0.9285714285714286
54 62 -2.0
54 161 -1.3571428571428572
54 190 -1.3571428571428572
55 56 0.9285714285714286
55 62 1.7857142857142858
55 63 -0.5714285714285714
55 244 2.0
56 57 1.3571428571428572
56 63 1.7857142857142858
56 64 1.3571428571428572
56 269 -0.9285714285714286
56 293 1.3571428571428572
57 64 2.0
57 320 -0.9285714285714286
57 348 -1.3571428571428572
58 59 0.5714285714285714
59 60 -1.3571428571428572
59 65 0.5714285714285714
60 61 0.9285714285714286
60 89 1.7857142857142858
61 62 -1.3571428571428572
61 134 -0.5714285714285714
61 161 -2.0
62 63 -2.0
62 190 -2.0
63 64 -1.7857142857142858
63 244 -0.9285714285714286
63 269 0.5714285714285714
64 293 -1.3571428571428572
64 320 -0.5714285714285714
65 66 1.7857142857142858
65 72 -0.5714285714285714
65 79 -0.9285714285714286
65 83 -0.9285714285714286
66 67 -1.3571428571428572
66 72 1.7857142857142858
66 73 0.9285714285714286
66 105 0.9285714285714286
66 122 0.9285714285714286
66 128 -0.5714285714285714
67 73 -0.5714285714285714
67 74 2.0
67 149 -2.0
67 155 -1.3571428571428572
67 178 -2.0
67 183 -0.5714285714285714
68 74 0.9285714285714286
68 75 1.3571428571428572
68 205 2.0
68 211 0.5714285714285714
68 233 -0.9285714285714286
68 239 -0.9285714285714286
69 70 0.5714285714285714
69 313 1.3571428571428572
69 337 0.5714285714285714
69 343 -1.7857142857142858
70 71 -2.0
70 76 -0.5714285714285714
70 365 1.3571428571428572
70 372 0.9285714285714286
70 400 0.9285714285714286
71 76 -0.9285714285714286
71 408 0.5714285714285714
71 414 1.3571428571428572
71 422 -1.3571428571428572
71 429 0.5714285714285714
72 73 -1.7857142857142858
72 79 -0.9285714285714286
72 83 1.3571428571428572
72 105 1.7857142857142858
73 74 0.5714285714285714
73 122 0.9285714285714286
73 128 -1.3571428571428572
73 149 1.3571428571428572
73 155 -1.3571428571428572
74 75 -0.5714285714285714
74 178 1.3571428571428572
74 183 1.3571428571428572
74 205 -2.0
74 211 -1.3571428571428572
75 239 -0.5714285714285714
76 400 -0.5714285714285714
76 408 -0.5714285714285714
76 414 -1.7857142857142858
77 78 -1.3571428571428572
77 82 0.9285714285714286
78 79 -2.0
78 82 0.5714285714285714
78 83 1.3571428571428572
79 80 -2.0
79 83 2.0
79 84 -1.3571428571428572
79 89 -0.9285714285714286
79 93 -0.5714285714285714
80 84 1.7857142857142858
80 85 0.9285714285714286
80 134 2.0
80 141 2.0
81 88 -1.3571428571428572
81 320 1.7857142857142858
81 327 0.9285714285714286
81 356 -0.9285714285714286
82 83 -1.7857142857142858
83 84 2.0
84 85 1.7857142857142858
84 89 -0.5714285714285714
84 93 1.3571428571428572
85 86 0.5714285714285714
85 134 0.5714285714285714
85 141 0.5714285714285714
85 161 -0.5714285714285714
85 168 0.9285714285714286
86 87 0.5714285714285714
86 196 2.0
87 88 1.7857142857142858
87 244 -2.0
87 252 -0.9285714285714286
87 269 2.0
87 276 1.3571428571428572
88 293 0.5714285714285714
88 320 -0.5714285714285714
88 327 1.3571428571428572
89 90 -2.0
89 93 0.9285714285714286
90 93 -2.0
90 94 -2.0
90 106 -2.0
90 122 0.9285714285714286
90 129 -0.5714285714285714
91 96 -0.9285714285714286
91 314 -2.0
91 337 1.3571428571428572
91 344 -1.7857142857142858
92 97 -2.0
92 408 -2.0
92 415 -0.9285714285714286
92 422 1.7857142857142858
92 430 -1.3571428571428572
93 94 -1.7857142857142858
93 106 -0.5714285714285714
94 122 1.7857142857142858
94 129 -0.5714285714285714
94 149 -0.9285714285714286
94 156 0.5714285714285714
95 233 -0.9285714285714286
96 337 -0.9285714285714286
96 344 -0.5714285714285714
96 365 -0.5714285714285714
97 422 1.7857142857142858
97 430 0.5714285714285714
97 437 0.5714285714285714
97 444 0.9285714285714286
98 104 -1.7857142857142858
99 100 -2.0
99 106 -0.9285714285714286
99 107 0.5714285714285714
99 109 -0.5714285714285714
99 135 -2.0
99 141 -1.7857142857142858
100 101 -2.0
100 107 -0.9285714285714286
100 168 1.7857142857142858
100 196 -2.0
101 102 -2.0
101 108 1.7857142857142858
101 245 -0.9285714285714286
101 252 0.9285714285714286
102 103 2.0
102 108 -1.3571428571428572
102 270 -2.0
102 276 0.5714285714285714
102 294 -0.9285714285714286
103 321 -0.5714285714285714
103 327 0.9285714285714286
103 349 0.5714285714285714
103 356 0.9285714285714286
104 105 -1.7857142857142858
105 106 -1.3571428571428572
106 107 -2.0
106 109 1.3571428571428572
107 135 -0.5714285714285714
107 141 -2.0
107 168 2.0
108 252 0.5714285714285714
108 270 -1.7857142857142858
108 276 1.3571428571428572
109 110 -0.9285714285714286
109 115 -1.7857142857142858
109 123 1.3571428571428572
109 129 -0.9285714285714286
110 111 1.3571428571428572
110 115 -1.3571428571428572
110 116 0.9285714285714286
110 150 -1.7857142857142858
110 156 -2.0
110 179 -0.5714285714285714
110 184 -0.9285714285714286
111 112 0.5714285714285714
111 116 0.9285714285714286
111 117 1.7857142857142858
111 206 -2.0
111 212 0.5714285714285714
111 234 1.7857142857142858
112 113 1.7857142857142858
112 117 -0.5714285714285714
112 261 1.7857142857142858
112 282 -1.3571428571428572
113 118 0.5714285714285714
113 309 1.7857142857142858
113 314 1.7857142857142858
114 119 0.9285714285714286
114 120 0.9285714285714286
114 409 -2.0
114 415 0.9285714285714286
114 423 0.5714285714285714
114 430 -1.3571428571428572
115 116 -1.3571428571428572
115 123 0.5714285714285714
115 129 0.5714285714285714
115 150 0.9285714285714286
115 156 0.5714285714285714
116 117 0.5714285714285714
116 179 -0.9285714285714286
116 184 -1.3571428571428572
116 206 -0.9285714285714286
116 212 -1.3571428571428572
117 234 0.5714285714285714
117 261 0.5714285714285714
118 119 -2.0
118 338 -0.9285714285714286
118 344 2.0
119 120 -0.5714285714285714
119 394 -1.3571428571428572
119 401 -0.5714285714285714
119 409 0.9285714285714286
119 415 -1.3571428571428572
120 423 1.7857142857142858
120 430 -1.3571428571428572
120 438 2.0
120 444 -0.9285714285714286
121 127 -2.0
122 123 0.9285714285714286
122 128 -2.0
122 129 2.0
123 124 0.9285714285714286
123 129 1.7857142857142858
123 130 1.7857142857142858
123 135 -1.3571428571428572
123 142 0.9285714285714286
124 130 1.7857142857142858
124 131 -1.7857142857142858
124 169 -2.0
124 191 -1.3571428571428572
124 197 1.7857142857142858
125 126 -0.5714285714285714
125 132 0.5714285714285714
125 133 2.0
125 270 1.3571428571428572
125 277 -2.0
125 294 0.9285714285714286
125 300 1.7857142857142858
126 133 -2.0
126 321 1.7857142857142858
126 328 1.7857142857142858
126 349 2.0
127 128 1.7857142857142858
128 129 1.7857142857142858
129 130 -0.5714285714285714
130 131 0.5714285714285714
130 135 2.0
130 142 -0.9285714285714286
130 169 2.0
131 132 1.7857142857142858
131 191 1.7857142857142858
131 197 -1.3571428571428572
131 218 1.3571428571428572
131 224 1.7857142857142858
132 133 0.9285714285714286
132 245 1.7857142857142858
132 270 -1.3571428571428572
132 277 -1.7857142857142858
133 294 -0.9285714285714286
133 300 1.3571428571428572
133 321 -1.7857142857142858
133 328 1.3571428571428572
134 135 -1.7857142857142858
134 141 1.3571428571428572
135 136 1.7857142857142858
135 141 -0.9285714285714286
135 142 -1.7857142857142858
136 137 -0.9285714285714286
136 142 -1.3571428571428572
136 143 -0.5714285714285714
136 150 2.0
136 157 0.5714285714285714
136 179 0.9285714285714286
136 185 -0.9285714285714286
137 138 -0.5714285714285714
137 143 -2.0
137 144 0.9285714285714286
137 206 0.9285714285714286
137 213 -2.0
137 234 1.7857142857142858
137 240 -0.5714285714285714
138 139 -1.7857142857142858
138 144 -0.5714285714285714
138 145 0.9285714285714286
138 261 2.0
138 264 1.7857142857142858
138 282 -0.9285714285714286
138 288 2.0
139 145 -1.7857142857142858
139 315 -0.5714285714285714
139 338 1.7857142857142858
139 345 0.5714285714285714
140 146 0.5714285714285714
140 409 -2.0
140 416 1.7857142857142858
140 423 2.0
140 431 0.5714285714285714
141 142 -2.0
142 143 2.0
142 150 0.5714285714285714
142 157 -1.7857142857142858
143 144 1.3571428571428572
143 179 -2.0
143 185 2.0
143 206 1.7857142857142858
143 213 -1.3571428571428572
144 145 1.3571428571428572
144 234 -0.9285714285714286
144 240 -1.3571428571428572
144 261 1.7857142857142858
144 264 -0.5714285714285714
145 282 -2.0
145 309 -0.5714285714285714
145 315 -1.7857142857142858
146 423 -1.7857142857142858
146 431 1.3571428571428572
146 438 -1.7857142857142858
146 445 -0.9285714285714286
147 148 -1.7857142857142858
147 154 1.7857142857142858
148 149 -0.5714285714285714
148 154 -0.9285714285714286
148 155 2.0
149 150 -1.7857142857142858
149 155 2.0
149 156 1.3571428571428572
150 151 -1.3571428571428572
150 156 0.5714285714285714
150 157 1.7857142857142858
151 152 1.7857142857142858
151 157 0.5714285714285714
151 158 -1.7857142857142858
151 162 1.3571428571428572
151 169 1.7857142857142858
151 192 -2.0
151 197 -1.7857142857142858
152 158 0.9285714285714286
152 159 -0.9285714285714286
152 219 -0.9285714285714286
152 246 -1.7857142857142858
152 253 -0.9285714285714286
153 160 -0.5714285714285714
153 322 -0.5714285714285714
153 328 1.7857142857142858
153 350 -0.9285714285714286
153 357 0.9285714285714286
154 155 1.3571428571428572
155 156 1.3571428571428572
156 157 1.7857142857142858
157 158 0.5714285714285714
157 162 0.5714285714285714
157 169 -1.3571428571428572
158 159 0.9285714285714286
158 192 2.0
158 197 -2.0
158 219 0.9285714285714286
158 224 -0.5714285714285714
159 160 1.7857142857142858
159 246 -1.3571428571428572
159 253 2.0
159 271 1.7857142857142858
159 277 -1.3571428571428572
160 295 -0.5714285714285714
160 300 -2.0
160 322 -2.0
160 328 -2.0
161 168 -0.9285714285714286
162 163 2.0
162 169 1.3571428571428572
162 170 -1.3571428571428572
162 185 0.5714285714285714
163 164 0.9285714285714286
163 170 0.9285714285714286
163 171 1.3571428571428572
163 207 1.7857142857142858
163 213 -0.9285714285714286
163 235 0.9285714285714286
163 240 -2.0
164 165 0.5714285714285714
164 171 2.0
164 172 0.9285714285714286
164 264 2.0
164 283 -2.0
164 288 -2.0
165 166 -1.7857142857142858
165 172 -1.3571428571428572
165 173 -0.5714285714285714
165 315 2.0
165 339 -1.7857142857142858
165 345 0.5714285714285714
166 167 -2.0
166 173 -1.7857142857142858
166 367 -0.9285714285714286
166 373 0.5714285714285714
166 395 1.3571428571428572
166 402 1.3571428571428572
167 174 -2.0
167 416 0.9285714285714286
167 424 2.0
167 431 -0.5714285714285714
168 169 0.5714285714285714
169 170 -2.0
170 180 -2.0
170 185 2.0
170 207 1.7857142857142858
170 213 -1.7857142857142858
171 172 1.7857142857142858
171 235 2.0
171 240 -2.0
171 264 0.5714285714285714
172 173 -2.0
172 283 -1.7857142857142858
172 288 0.9285714285714286
172 315 1.7857142857142858
173 174 1.7857142857142858
173 339 -0.9285714285714286
173 367 0.5714285714285714
173 373 -0.9285714285714286
174 175 -1.3571428571428572
174 395 2.0
174 402 -0.5714285714285714
174 416 -2.0
175 424 -2.0
175 431 -0.5714285714285714
175 445 -0.9285714285714286
176 177 -0.5714285714285714
177 178 2.0
177 183 2.0
178 179 -0.9285714285714286
178 183 -0.5714285714285714
178 184 -1.3571428571428572
179 180 0.5714285714285714
179 184 1.3571428571428572
179 185 -1.3571428571428572
180 181 0.9285714285714286
180 185 0.5714285714285714
180 186 -1.3571428571428572
180 192 -2.0
180 198 0.5714285714285714
181 182 -1.3571428571428572
181 186 1.3571428571428572
181 187 -1.3571428571428572
181 219 0.9285714285714286
181 225 -0.5714285714285714
181 246 -0.9285714285714286
181 254 -1.3571428571428572
182 187 0.5714285714285714
182 188 1.7857142857142858
182 271 -0.9285714285714286
182 278 -1.7857142857142858
182 295 0.9285714285714286
182 301 -1.7857142857142858
183 184 -1.3571428571428572
184 185 -0.9285714285714286
185 186 -1.7857142857142858
186 187 0.5714285714285714
186 192 1.3571428571428572
186 198 -0.5714285714285714
186 219 0.5714285714285714
186 225 1.3571428571428572
187 188 -0.9285714285714286
187 246 -1.7857142857142858
187 254 -1.3571428571428572
187 271 -2.0
187 278 -0.9285714285714286
188 189 0.9285714285714286
188 295 -1.3571428571428572
188 301 -1.3571428571428572
188 322 -1.7857142857142858
188 329 -0.5714285714285714
189 350 -1.3571428571428572
189 358 -1.3571428571428572
189 380 -1.7857142857142858
190 191 -0.9285714285714286
190 196 -1.3571428571428572
191 196 -0.9285714285714286
191 197 0.5714285714285714
192 193 1.3571428571428572
192 197 2.0
192 198 2.0
193 198 1.7857142857142858
193 199 -0.5714285714285714
193 207 2.0
193 214 -0.9285714285714286
193 235 -0.9285714285714286
194 200 1.3571428571428572
194 339 -1.3571428571428572
194 346 -0.9285714285714286
195 201 2.0
195 202 1.7857142857142858
195 417 -0.5714285714285714
195 424 -1.3571428571428572
195 432 -2.0
196 197 1.7857142857142858
197 198 -1.3571428571428572
198 199 -0.5714285714285714
198 207 2.0
198 214 -1.7857142857142858
199 200 2.0
199 235 2.0
199 265 2.0
200 283 0.9285714285714286
200 289 1.3571428571428572
201 202 -0.9285714285714286
201 395 0.5714285714285714
201 403 -2.0
201 417 -0.5714285714285714
202 424 -1.7857142857142858
202 432 -1.3571428571428572
202 439 1.7857142857142858
202 446 2.0
203 204 -0.5714285714285714
204 205 -1.7857142857142858
204 211 -1.7857142857142858
205 206 -2.0
205 211 -0.9285714285714286
205 212 0.5714285714285714
206 207 1.7857142857142858
206 212 0.9285714285714286
206 213 -0.9285714285714286
207 208 -0.5714285714285714
207 213 0.9285714285714286
207 214 2.0
208 209 2.0
208 214 -1.3571428571428572
208 215 1.3571428571428572
208 220 1.3571428571428572
208 225 0.5714285714285714
208 247 1.7857142857142858
208 254 -1.3571428571428572
209 210 -0.5714285714285714
209 215 -1.7857142857142858
209 216 -2.0
209 272 0.9285714285714286
209 278 2.0
209 296 -0.9285714285714286
209 301 0.9285714285714286
210 216 -1.7857142857142858
210 217 -0.5714285714285714
210 329 1.3571428571428572
210 351 -2.0
210 358 -1.7857142857142858
211 212 -1.7857142857142858
212 213 0.5714285714285714
213 214 2.0
214 215 -2.0
214 220 1.3571428571428572
214 225 1.3571428571428572
215 216 -0.9285714285714286
215 247 -1.3571428571428572
215 254 0.9285714285714286
215 272 -0.5714285714285714
215 278 -0.5714285714285714
216 217 -2.0
216 296 0.5714285714285714
216 301 -1.7857142857142858
216 329 2.0
217 351 -1.3571428571428572
217 358 -1.7857142857142858
217 381 1.3571428571428572
218 219 -1.3571428571428572
218 224 2.0
219 220 2.0
219 224 -2.0
219 225 0.9285714285714286
220 225 -0.5714285714285714
220 226 1.7857142857142858
220 236 -2.0
221 222 0.9285714285714286
221 227 -2.0
221 228 -0.9285714285714286
221 316 -1.3571428571428572
221 340 -0.5714285714285714
221 346 -1.3571428571428572
222 223 -0.9285714285714286
222 228 -1.3571428571428572
222 229 1.3571428571428572
222 368 2.0
222 374 0.5714285714285714
222 396 1.3571428571428572
222 403 1.3571428571428572
223 230 -0.9285714285714286
223 410 0.5714285714285714
223 425 -0.5714285714285714
223 432 1.7857142857142858
224 225 -0.9285714285714286
225 226 -2.0
226 227 -1.3571428571428572
226 236 -0.5714285714285714
226 262 -1.3571428571428572
226 265 0.5714285714285714
227 228 1.7857142857142858
227 284 2.0
227 289 -0.9285714285714286
227 316 -0.5714285714285714
228 229 -1.7857142857142858
228 340 -0.5714285714285714
228 346 1.7857142857142858
228 368 -1.3571428571428572
228 374 1.7857142857142858
229 230 1.3571428571428572
229 396 -1.7857142857142858
229 403 2.0
229 410 1.7857142857142858
229 417 -1.3571428571428572
230 425 0.5714285714285714
230 432 -2.0
230 446 1.3571428571428572
231 232 0.9285714285714286
232 233 0.5714285714285714
232 239 2.0
233 234 -0.9285714285714286
233 239 1.3571428571428572
234 235 -1.7857142857142858
234 240 -1.7857142857142858
235 236 2.0
235 240 -1.3571428571428572
236 237 -1.3571428571428572
236 241 0.9285714285714286
236 247 -1.3571428571428572
236 255 -0.5714285714285714
237 238 -1.7857142857142858
237 241 0.5714285714285714
237 242 1.3571428571428572
237 272 2.0
237 279 -2.0
237 296 -1.3571428571428572
237 302 -0.9285714285714286
238 242 -1.3571428571428572
238 243 1.7857142857142858
238 330 -0.5714285714285714
238 351 -1.7857142857142858
238 359 -2.0
241 242 -1.3571428571428572
241 247 -0.9285714285714286
241 255 -1.3571428571428572
241 279 -0.9285714285714286
242 243 -2.0
242 330 1.7857142857142858
243 351 1.3571428571428572
243 359 -2.0
243 381 -2.0
243 387 -0.9285714285714286
244 252 -0.9285714285714286
245 246 0.9285714285714286
245 252 -0.5714285714285714
245 253 2.0
246 247 0.9285714285714286
246 253 1.3571428571428572
246 254 0.9285714285714286
247 248 0.9285714285714286
247 254 0.5714285714285714
247 255 -1.3571428571428572
248 249 -0.9285714285714286
248 255 1.7857142857142858
248 256 1.7857142857142858
248 262 -0.9285714285714286
248 266 -2.0
248 284 0.5714285714285714
248 290 -2.0
249 250 -1.3571428571428572
249 256 -0.5714285714285714
249 257 1.7857142857142858
249 317 -2.0
249 340 -0.9285714285714286
250 251 -0.9285714285714286
250 257 -1.3571428571428572
250 258 1.3571428571428572
250 368 2.0
250 375 -2.0
250 396 1.7857142857142858
250 404 0.9285714285714286
251 258 2.0
251 259 0.9285714285714286
251 410 2.0
251 418 1.3571428571428572
251 425 0.5714285714285714
251 433 -1.7857142857142858
252 253 0.9285714285714286
253 254 1.3571428571428572
255 256 -1.3571428571428572
255 262 -2.0
255 266 -1.7857142857142858
256 257 -1.7857142857142858
256 284 0.5714285714285714
256 290 -1.3571428571428572
256 317 0.5714285714285714
257 258 1.3571428571428572
257 340 -0.9285714285714286
257 368 0.9285714285714286
257 375 2.0
258 259 -2.0
258 396 -1.3571428571428572
258 404 0.5714285714285714
258 410 2.0
258 418 -0.9285714285714286
259 425 1.7857142857142858
259 433 -1.3571428571428572
259 440 -2.0
259 447 -1.7857142857142858
261 264 -1.3571428571428572
262 265 -0.9285714285714286
262 266 1.7857142857142858
263 267 -2.0
263 268 -0.5714285714285714
263 323 -2.0
263 330 -0.5714285714285714
263 352 1.7857142857142858
263 359 -1.7857142857142858
264 265 0.5714285714285714
265 266 0.9285714285714286
266 267 -1.3571428571428572
266 279 -2.0
267 268 0.9285714285714286
267 302 -0.9285714285714286
267 323 2.0
267 330 1.7857142857142858
268 352 0.9285714285714286
268 359 -2.0
268 382 -1.7857142857142858
268 387 -1.7857142857142858
269 270 0.5714285714285714
269 276 -0.5714285714285714
270 271 1.3571428571428572
270 276 1.3571428571428572
270 277 -1.3571428571428572
271 272 1.3571428571428572
271 277 0.9285714285714286
271 278 1.7857142857142858
272 278 -1.7857142857142858
272 279 -1.3571428571428572
273 280 1.3571428571428572
273 281 -2.0
273 310 2.0
273 317 1.3571428571428572
274 275 -0.9285714285714286
274 281 -1.7857142857142858
274 369 -1.7857142857142858
274 375 2.0
274 397 -2.0
274 404 2.0
275 411 1.3571428571428572
275 418 -0.9285714285714286
275 433 1.3571428571428572
276 277 2.0
277 278 -0.5714285714285714
278 279 0.5714285714285714
279 280 2.0
280 281 -0.5714285714285714
280 285 0.9285714285714286
280 290 -0.5714285714285714
280 310 -0.5714285714285714
280 317 0.9285714285714286
281 369 0.5714285714285714
281 375 -2.0
282 283 -2.0
282 288 -2.0
283 284 2.0
283 288 1.7857142857142858
283 289 -2.0
284 285 0.5714285714285714
284 289 -2.0
284 290 2.0
285 286 1.3571428571428572
285 290 -1.3571428571428572
285 291 1.3571428571428572
285 303 1.3571428571428572
286 291 -0.9285714285714286
286 292 -0.5714285714285714
286 323 1.7857142857142858
286 331 0.5714285714285714
286 352 0.9285714285714286
286 360 -1.3571428571428572
288 289 1.3571428571428572
289 290 -1.3571428571428572
290 291 -0.9285714285714286
291 292 1.7857142857142858
291 303 -1.3571428571428572
291 323 -1.3571428571428572
291 331 -0.9285714285714286
292 352 0.9285714285714286
292 360 0.5714285714285714
292 382 2.0
292 388 1.3571428571428572
293 294 -1.3571428571428572
294 295 2.0
294 300 0.9285714285714286
295 296 0.5714285714285714
295 300 2.0
295 301 -1.7857142857142858
296 301 -2.0
296 302 0.5714285714285714
297 298 -0.5714285714285714
297 303 1.3571428571428572
297 304 -1.7857142857142858
297 310 0.5714285714285714
297 318 -0.5714285714285714
298 299 1.7857142857142858
298 304 1.3571428571428572
298 369 0.5714285714285714
298 376 2.0
298 397 -0.5714285714285714
298 405 0.5714285714285714
299 305 1.3571428571428572
299 306 -1.7857142857142858
299 411 -1.3571428571428572
299 419 1.7857142857142858
299 426 -2.0
299 434 -2.0
301 302 -1.3571428571428572
302 303 0.9285714285714286
303 304 0.9285714285714286
303 310 -2.0
303 318 0.5714285714285714
304 305 0.9285714285714286
304 369 -0.5714285714285714
304 376 -0.5714285714285714
305 306 -1.3571428571428572
305 397 -2.0
305 411 -1.3571428571428572
305 419 0.9285714285714286
306 434 0.5714285714285714
306 441 -2.0
306 448 -0.9285714285714286
307 308 0.5714285714285714
307 312 -1.3571428571428572
308 312 -1.7857142857142858
308 313 -1.3571428571428572
309 314 0.5714285714285714
309 315 0.9285714285714286
310 311 2.0
310 317 -1.7857142857142858
310 318 -0.9285714285714286
311 318 -0.5714285714285714
311 319 -0.5714285714285714
311 324 1.3571428571428572
311 331 0.5714285714285714
311 353 -1.3571428571428572
311 360 -0.9285714285714286
312 313 0.9285714285714286
313 314 0.9285714285714286
314 315 0.5714285714285714
315 316 -0.9285714285714286
316 317 -1.3571428571428572
318 319 0.5714285714285714
318 324 -2.0
318 331 1.3571428571428572
319 353 -1.7857142857142858
319 360 -0.5714285714285714
319 383 1.3571428571428572
319 388 1.3571428571428572
320 321 -2.0
320 327 -1.3571428571428572
321 322 -0.5714285714285714
321 327 2.0
321 328 0.9285714285714286
322 328 0.5714285714285714
322 329 -1.3571428571428572
323 324 -2.0
323 330 -1.7857142857142858
323 331 0.5714285714285714
324 325 -0.9285714285714286
324 331 0.9285714285714286
324 332 1.7857142857142858
324 341 -0.9285714285714286
325 326 -0.9285714285714286
325 332 -0.5714285714285714
325 333 -2.0
325 370 -1.3571428571428572
325 376 -2.0
325 398 0.9285714285714286
325 405 -0.5714285714285714
326 333 1.7857142857142858
326 334 -0.5714285714285714
326 412 0.5714285714285714
326 419 -1.7857142857142858
326 427 -0.5714285714285714
326 434 0.9285714285714286
327 328 0.5714285714285714
328 329 -0.5714285714285714
329 330 0.5714285714285714
330 331 1.7857142857142858
331 332 1.3571428571428572
332 333 2.0
332 341 0.5714285714285714
332 370 -1.7857142857142858
332 376 1.3571428571428572
333 334 2.0
333 398 -1.7857142857142858
333 405 1.7857142857142858
333 412 -0.9285714285714286
333 419 -2.0
334 427 1.7857142857142858
334 434 -2.0
334 442 1.7857142857142858
334 448 -0.5714285714285714
335 336 2.0
335 342 0.9285714285714286
336 337 -0.9285714285714286
336 342 -2.0
336 343 -0.5714285714285714
337 338 -2.0
337 343 1.7857142857142858
337 344 -0.9285714285714286
338 339 1.7857142857142858
338 344 -1.7857142857142858
338 345 0.9285714285714286
339 340 0.5714285714285714
339 345 0.5714285714285714
339 346 -2.0
340 346 0.9285714285714286
341 347 -0.9285714285714286
341 353 0.5714285714285714
341 361 1.3571428571428572
342 343 1.3571428571428572
343 344 1.7857142857142858
344 345 1.3571428571428572
345 346 1.7857142857142858
347 353 0.5714285714285714
347 361 1.3571428571428572
347 383 2.0
347 389 -0.5714285714285714
348 349 1.7857142857142858
348 356 -0.5714285714285714
349 350 -1.3571428571428572
349 356 -1.7857142857142858
349 357 -0.5714285714285714
350 351 -0.9285714285714286
350 357 2.0
350 358 1.3571428571428572
351 352 1.3571428571428572
351 358 -2.0
351 359 -0.9285714285714286
352 353 1.3571428571428572
352 359 -0.5714285714285714
352 360 1.7857142857142858
353 354 0.5714285714285714
353 360 2.0
353 361 -1.7857142857142858
354 355 2.0
354 362 -1.3571428571428572
354 370 -2.0
354 377 2.0
354 398 1.7857142857142858
354 406 -1.7857142857142858
355 362 -0.9285714285714286
355 363 -0.9285714285714286
355 412 -1.3571428571428572
355 420 0.5714285714285714
355 427 1.3571428571428572
355 435 -1.7857142857142858
356 357 1.3571428571428572
357 358 -0.9285714285714286
358 359 0.9285714285714286
359 360 0.9285714285714286
360 361 -1.3571428571428572
361 370 1.3571428571428572
361 377 -0.9285714285714286
362 363 -1.7857142857142858
362 398 -2.0
362 406 1.7857142857142858
362 412 0.5714285714285714
362 420 0.9285714285714286
363 427 -0.9285714285714286
363 435 2.0
363 442 0.5714285714285714
363 449 1.7857142857142858
364 371 -2.0
365 366 0.5714285714285714
365 372 -0.9285714285714286
366 367 0.5714285714285714
366 373 2.0
367 368 0.9285714285714286
367 373 1.7857142857142858
367 374 1.7857142857142858
368 369 2.0
368 374 0.5714285714285714
368 375 1.7857142857142858
369 370 -0.5714285714285714
369 375 1.3571428571428572
369 376 0.5714285714285714
370 376 1.7857142857142858
370 377 -1.7857142857142858
371 372 0.9285714285714286
373 374 2.0
374 375 -2.0
375 376 -1.7857142857142858
376 377 -1.7857142857142858
377 389 1.7857142857142858
378 385 -0.5714285714285714
379 380 -2.0
379 385 1.3571428571428572
379 386 -0.5714285714285714
380 381 2.0
380 386 -2.0
381 382 0.5714285714285714
381 387 1.7857142857142858
382 387 0.5714285714285714
382 388 -2.0
383 388 1.3571428571428572
383 389 -1.7857142857142858
384 390 0.9285714285714286
384 391 -2.0
384 420 -2.0
384 435 0.9285714285714286
385 386 0.5714285714285714
387 388 -1.7857142857142858
388 389 0.5714285714285714
389 390 -2.0
390 391 0.9285714285714286
390 406 -1.3571428571428572
390 420 -0.9285714285714286
391 435 -0.9285714285714286
391 449 0.5714285714285714
392 393 0.5714285714285714
392 399 1.3571428571428572
393 399 0.9285714285714286
393 400 2.0
394 395 -0.9285714285714286
394 401 -0.5714285714285714
394 402 0.5714285714285714
395 396 -0.5714285714285714
395 402 -0.5714285714285714
395 403 -0.9285714285714286
396 397 -1.7857142857142858
396 403 0.5714285714285714
396 404 -0.9285714285714286
397 398 -0.9285714285714286
397 404 2.0
397 405 -1.3571428571428572
398 405 -1.3571428571428572
398 406 -1.3571428571428572
399 400 0.9285714285714286
400 401 2.0
401 402 -2.0
402 403 1.7857142857142858
405 406 1.3571428571428572
407 408 -0.5714285714285714
407 413 0.5714285714285714
407 414 2.0
408 409 2.0
408 414 0.9285714285714286
408 415 1.3571428571428572
409 415 0.9285714285714286
409 416 -0.5714285714285714
410 411 -2.0
410 417 2.0
411 412 1.7857142857142858
411 418 -1.3571428571428572
411 419 1.3571428571428572
412 419 -0.5714285714285714
412 420 -2.0
413 414 -0.5714285714285714
414 415 -1.3571428571428572
415 416 -0.5714285714285714
416 417 -0.5714285714285714
417 418 1.3571428571428572
418 419 -0.9285714285714286
419 420 -0.5714285714285714
421 422 -2.0
421 428 0.5714285714285714
421 429 -0.9285714285714286
422 423 -1.3571428571428572
422 429 -2.0
422 430 0.5714285714285714
423 424 -2.0
423 430 -1.3571428571428572
423 431 0.5714285714285714
424 425 1.3571428571428572
424 431 0.5714285714285714
424 432 -0.5714285714285714
425 426 -0.9285714285714286
425 432 -0.5714285714285714
425 433 0.9285714285714286
426 427 0.5714285714285714
426 433 -0.5714285714285714
426 434 2.0
427 434 0.9285714285714286
427 435 0.9285714285714286
428 429 2.0
429 430 -1.7857142857142858
430 431 0.5714285714285714
431 432 -0.5714285714285714
432 433 -0.5714285714285714
433 434 0.5714285714285714
434 435 -2.0
436 443 1.7857142857142858
437 438 -1.3571428571428572
437 444 -1.7857142857142858
438 439 0.9285714285714286
438 444 -1.7857142857142858
438 445 0.5714285714285714
439 440 -0.5714285714285714
439 445 -0.5714285714285714
439 446 -2.0
440 441 0.5714285714285714
440 446 2.0
440 447 1.7857142857142858
441 442 1.7857142857142858
441 447 -0.5714285714285714
442 448 1.3571428571428572
442 449 -2.0
444 445 -2.0
445 446 1.7857142857142858
446 447 -1.7857142857142858
447 448 0.5714285714285714
448 449 -1.7857142857142858
