694 2805
1 1 2.357142857142857
2 2 1.9285714285714286
3 3 -2.071428571428571
4 4 0.5714285714285714
5 5 -0.2142857142857142
6 6 -0.785714285714286
7 7 4.5
8 8 -1.2857142857142858
9 9 5.928571428571429
10 10 -0.7142857142857142
11 11 -1.7142857142857144
12 12 -1.4285714285714286
13 13 1.357142857142857
14 14 1.571428571428572
15 15 -0.5000000000000002
16 16 1.7142857142857142
17 17 -5.071428571428571
18 18 -5.0
19 19 -3.357142857142857
20 20 0.6428571428571428
21 21 -1.6428571428571428
22 22 6.714285714285714
23 23 0.5
24 24 -1.3571428571428572
25 25 -2.5000000000000004
26 26 -4.214285714285714
27 27 -0.5714285714285716
28 28 -1.6428571428571428
29 29 3.7142857142857144
30 30 0.5714285714285712
31 31 -5.714285714285714
32 32 -4.7857142857142865
33 33 1.3571428571428572
34 34 -0.2142857142857142
35 35 4.785714285714286
36 36 -0.4285714285714284
37 37 1.5
38 38 1.357142857142857
39 39 -4.0
40 40 -5.214285714285715
41 41 1.0000000000000004
42 42 4.857142857142857
43 43 -5.928571428571429
44 44 0.0714285714285714
45 45 0.6428571428571428
46 46 0.4285714285714286
47 47 -1.4285714285714286
48 48 -0.8571428571428572
49 49 -0.0714285714285714
50 50 6.428571428571429
51 51 8.571428571428571
52 52 -1.142857142857143
53 53 5.857142857142858
54 54 -2.928571428571428
55 55 -0.9285714285714286
56 56 -3.428571428571429
57 57 3.7857142857142856
58 58 3.4285714285714284
59 59 -0.4285714285714288
60 60 0.0714285714285714
61 61 -1.4285714285714286
62 62 -7.142857142857142
63 63 -0.7857142857142858
64 64 -0.21428571428571397
65 65 2.1428571428571432
66 66 2.571428571428571
67 67 6.642857142857143
68 68 -4.357142857142858
69 69 3.1428571428571432
70 70 5.0
71 71 0.642857142857143
72 72 -2.428571428571429
73 73 -2.142857142857143
74 74 -1.9999999999999998
75 75 7.571428571428571
76 76 -6.428571428571429
77 77 -2.071428571428571
78 78 -3.3571428571428568
79 79 1.4285714285714288
80 80 -0.8571428571428572
81 81 1.7142857142857144
82 82 -2.357142857142857
83 83 2.7857142857142856
84 84 -1.5714285714285723
85 85 -4.857142857142858
86 86 4.285714285714286
87 87 3.2857142857142856
88 88 -1.6428571428571426
89 89 -4.357142857142857
90 90 2.857142857142857
91 91 -0.928571428571429
92 92 -6.857142857142858
93 93 3.7142857142857144
94 94 -3.714285714285715
95 95 -0.5
96 96 0.4285714285714286
97 97 -0.8571428571428574
98 98 -3.7857142857142856
99 99 1.7857142857142856
100 100 0.9285714285714286
101 101 -3.7142857142857144
103 103 5.357142857142858
104 104 3.857142857142857
105 105 -4.5
107 107 1.5714285714285716
108 108 -1.714285714285714
109 109 -0.9285714285714288
110 110 2.571428571428571
111 111 1.8571428571428572
112 112 -1.142857142857143
113 113 -0.35714285714285743
114 114 -1.9285714285714286
115 115 -5.0
116 116 -3.071428571428571
117 117 -8.714285714285715
118 118 3.5714285714285716
119 119 -1.1428571428571428
120 120 -4.357142857142858
121 121 -2.7142857142857144
122 122 0.9285714285714286
123 123 1.0714285714285718
124 124 4.857142857142858
125 125 -2.5714285714285716
126 126 3.5000000000000004
127 127 2.2857142857142856
128 128 -3.7142857142857144
129 129 -1.5714285714285714
130 130 1.8571428571428568
131 131 0.7857142857142858
132 132 2.7857142857142856
133 133 -3.0000000000000004
134 134 0.5
135 135 1.8571428571428572
136 136 2.928571428571429
137 137 -5.214285714285715
138 138 -1.9285714285714288
139 139 1.9999999999999998
140 140 1.071428571428571
141 141 0.1428571428571428
142 142 -2.5
143 143 1.4285714285714286
144 144 2.7142857142857144
145 145 -4.285714285714286
146 146 1.1428571428571428
147 147 2.5714285714285716
148 148 1.8571428571428572
149 149 9.5
150 150 -0.7142857142857144
151 151 3.071428571428571
152 152 8.642857142857142
153 153 1.9285714285714286
154 154 5.357142857142856
155 155 0.7142857142857142
156 156 2.0
157 157 -3.3571428571428577
158 158 4.857142857142858
159 159 -4.7857142857142865
160 160 -0.7142857142857144
161 161 -0.9285714285714284
162 162 2.071428571428571
163 163 -1.2857142857142858
164 164 -3.7857142857142856
165 165 -4.142857142857142
166 166 4.0
167 167 -0.5
168 168 0.1428571428571428
169 169 -4.428571428571429
170 170 2.428571428571429
171 171 3.7857142857142856
172 172 1.1428571428571428
173 173 -3.857142857142857
174 174 -7.071428571428571
175 175 6.214285714285714
176 176 3.2857142857142856
177 177 -0.0714285714285714
178 178 -7.7857142857142865
179 179 -2.6428571428571432
180 180 0.7142857142857135
181 181 3.7857142857142856
182 182 -0.0714285714285714
183 183 -2.0
184 184 -0.9285714285714286
185 185 -2.7142857142857144
186 186 -6.285714285714286
187 187 0.2857142857142858
188 188 -3.1428571428571432
189 189 1.5
190 190 1.9999999999999998
191 191 3.5714285714285716
192 192 -1.0
193 193 -3.071428571428571
194 194 -4.285714285714286
195 195 -2.6428571428571432
196 196 -2.0
197 197 4.0
198 198 5.2142857142857135
199 199 6.785714285714286
200 200 -2.928571428571429
201 201 -0.8571428571428577
202 202 -0.07142857142857117
203 203 -1.5
204 204 0.4999999999999998
205 205 -4.2857142857142865
206 206 -0.7857142857142858
207 207 -0.2857142857142858
208 208 3.0
209 209 2.7857142857142856
210 210 0.14285714285714302
211 211 1.0714285714285714
212 212 -3.000000000000001
213 213 -2.3571428571428568
214 214 -0.5714285714285712
215 215 -0.7857142857142856
216 216 -4.142857142857143
217 217 -3.5
218 218 2.7857142857142856
219 219 -1.6428571428571426
220 220 4.928571428571429
221 221 4.142857142857142
222 222 -0.8571428571428572
223 223 3.357142857142857
224 224 4.714285714285715
225 225 4.357142857142857
226 226 0.9285714285714286
227 227 -0.1428571428571428
228 228 -5.071428571428571
229 229 2.2857142857142856
230 230 -1.5714285714285714
231 231 -0.35714285714285765
232 232 -1.5714285714285712
233 233 -0.4285714285714288
234 234 0.9999999999999998
235 235 -5.071428571428571
236 236 -3.071428571428571
237 237 -4.0
238 238 2.7142857142857144
239 239 -3.6428571428571432
240 240 7.857142857142857
241 241 6.5
242 242 0.7857142857142856
243 243 4.285714285714286
244 244 -3.0714285714285716
245 245 -3.1428571428571432
247 247 3.2857142857142856
248 248 -4.285714285714286
249 249 -8.714285714285714
250 250 0.9285714285714288
251 251 -2.7857142857142856
252 252 -4.857142857142858
253 253 -2.7857142857142856
254 254 -2.2142857142857144
255 255 -3.928571428571429
256 256 -3.5
257 257 -4.928571428571429
258 258 -0.2142857142857142
259 259 0.2857142857142856
260 260 -2.0
261 261 -1.428571428571428
262 262 -0.9285714285714284
263 263 -0.8571428571428572
264 264 -4.857142857142858
265 265 -3.0714285714285716
266 266 2.928571428571429
267 267 4.285714285714286
268 268 3.428571428571429
269 269 -0.5714285714285714
270 270 -4.2857142857142865
271 271 -2.1428571428571432
272 272 -1.0
273 273 4.214285714285714
274 274 0.714285714285714
275 275 0.7857142857142851
276 276 -5.642857142857142
277 277 -8.642857142857142
278 278 -3.3571428571428568
279 279 -1.4285714285714288
280 280 -3.071428571428571
281 281 1.7857142857142858
282 282 0.7142857142857144
283 283 3.2142857142857144
284 284 -0.2857142857142856
285 285 -5.428571428571429
286 286 -1.4285714285714286
287 287 1.9285714285714288
288 288 2.2142857142857144
289 289 -3.571428571428571
290 290 7.642857142857142
291 291 0.0714285714285714
292 292 -0.8571428571428574
293 293 0.7857142857142856
294 294 -11.642857142857142
295 295 1.0000000000000002
296 296 -6.0
297 297 -0.5
298 298 5.428571428571429
299 299 0.2142857142857144
300 300 -4.785714285714286
301 301 -0.4285714285714288
302 302 1.4285714285714288
303 303 3.0
304 304 4.714285714285714
305 305 -0.4285714285714286
306 306 -4.142857142857143
307 307 0.4285714285714286
308 308 6.214285714285714
309 309 2.142857142857143
310 310 2.6428571428571432
311 311 4.5
312 312 -3.142857142857143
313 313 1.2857142857142858
314 314 2.5
315 315 -2.6428571428571432
316 316 -2.5714285714285716
317 317 -3.428571428571429
318 318 -1.6428571428571428
319 319 -1.9999999999999998
320 320 3.928571428571429
321 321 -0.2857142857142858
322 322 5.642857142857142
323 323 -0.28571428571428603
324 324 0.2857142857142858
325 325 2.7857142857142856
326 326 1.5714285714285718
327 327 2.571428571428572
328 328 -0.714285714285714
329 329 5.214285714285715
330 330 4.0
331 331 2.5
332 332 7.428571428571429
333 333 0.28571428571428537
334 334 -0.5714285714285714
335 335 -2.0714285714285716
336 336 -0.3571428571428572
337 337 -1.9285714285714288
338 338 5.285714285714286
339 339 -2.1428571428571432
340 340 -0.14285714285714324
341 341 7.142857142857143
342 342 -2.7857142857142856
343 343 -2.428571428571429
344 344 -0.6428571428571428
345 345 -4.642857142857142
346 346 0.1428571428571428
347 347 -2.5
348 348 -3.2142857142857144
349 349 -3.285714285714286
350 350 1.7142857142857142
351 351 -1.3571428571428572
352 352 -1.8571428571428572
353 353 -1.4285714285714286
354 354 1.5714285714285712
355 355 1.0714285714285712
356 356 4.0
357 357 -3.5
358 358 -4.714285714285714
359 359 -3.6428571428571432
360 360 1.4285714285714286
361 361 7.0
362 362 -0.4285714285714288
363 363 2.571428571428571
364 364 -6.071428571428572
365 365 2.5
366 366 2.8571428571428577
367 367 -2.220446049250313e-16
368 368 3.357142857142857
369 369 -0.4285714285714286
370 370 2.2857142857142856
371 371 3.357142857142857
372 372 -3.357142857142857
373 373 -1.2857142857142856
374 374 0.0714285714285714
375 375 -0.5714285714285714
376 376 -0.1428571428571428
377 377 -6.0
378 378 0.14285714285714302
379 379 -0.8571428571428568
380 380 5.928571428571429
381 381 -1.642857142857143
382 382 -2.5
383 383 3.7857142857142856
384 384 6.7142857142857135
385 385 -10.714285714285715
386 386 -0.3571428571428572
387 387 -4.357142857142858
388 388 -0.7857142857142858
389 389 1.4999999999999998
390 390 -6.7857142857142865
391 391 -0.4285714285714284
392 392 4.2857142857142865
393 393 2.5
394 394 -6.285714285714286
395 395 1.0
396 396 0.5
397 397 6.0
398 398 -2.928571428571428
399 399 1.0714285714285714
400 400 -0.7857142857142854
401 401 -0.4999999999999998
402 402 1.5714285714285714
403 403 0.857142857142857
404 404 -2.5
405 405 2.5
406 406 -3.7857142857142856
407 407 -3.7857142857142856
408 408 -2.2857142857142856
409 409 -1.7857142857142858
411 411 4.5
412 412 -1.0714285714285716
413 413 0.14285714285714324
414 414 1.4285714285714286
415 415 0.5
416 416 2.571428571428571
417 417 1.1428571428571428
418 418 2.1428571428571432
419 419 -0.14285714285714235
420 420 1.2857142857142858
421 421 2.8571428571428577
422 422 -0.7857142857142858
423 423 -1.0
424 424 -3.6428571428571432
425 425 4.428571428571429
426 426 3.5
427 427 0.5714285714285714
428 428 -0.7857142857142863
429 429 1.0
430 430 5.285714285714286
431 431 -1.3571428571428572
432 432 0.4285714285714286
433 433 -0.5
434 434 -1.6428571428571428
435 435 3.428571428571429
436 436 4.285714285714286
437 437 2.3571428571428568
438 438 -2.5714285714285716
439 439 -3.2857142857142856
440 440 1.2142857142857144
441 441 1.2857142857142856
442 442 -4.214285714285714
443 443 -0.3571428571428572
444 444 0.4285714285714286
445 445 -0.1428571428571428
446 446 1.7142857142857144
447 447 1.1428571428571428
448 448 -0.5
449 449 -0.6428571428571428
450 450 -4.428571428571429
451 451 -2.499999999999999
452 452 1.2857142857142858
453 453 1.0
454 454 -2.0
455 455 -6.928571428571429
456 456 0.0714285714285714
457 457 -1.5000000000000002
458 458 0.1428571428571428
459 459 2.000000000000001
460 460 7.357142857142858
461 461 -2.7142857142857144
462 462 -3.571428571428571
463 463 -0.4285714285714288
464 464 7.142857142857142
465 465 5.714285714285714
466 466 -4.142857142857143
467 467 2.428571428571429
468 468 -4.0
469 469 4.7857142857142865
470 470 -1.0714285714285714
471 471 -2.5
472 472 3.8571428571428568
473 473 2.5
474 474 7.928571428571428
475 475 0.4285714285714286
476 476 -6.7857142857142865
477 477 5.928571428571428
478 478 1.6428571428571426
479 479 6.571428571428571
480 480 -4.428571428571429
481 481 2.428571428571429
482 482 1.0
483 483 -1.2142857142857142
484 484 -0.2142857142857142
485 485 -0.1428571428571428
486 486 3.5
487 487 -5.142857142857143
488 488 -1.2857142857142858
489 489 -2.857142857142857
490 490 -3.0
491 491 2.928571428571428
492 492 -1.7142857142857144
493 493 0.14285714285714302
494 494 -2.428571428571429
495 495 -5.285714285714286
496 496 1.4285714285714286
497 497 5.071428571428571
498 498 -2.857142857142857
499 499 -8.928571428571429
500 500 0.6428571428571423
501 501 -4.5
502 502 -10.571428571428573
503 503 0.6428571428571432
504 504 -0.35714285714285765
505 505 4.0
506 506 -3.357142857142857
507 507 -0.21428571428571397
508 508 -0.9285714285714284
509 509 -2.999999999999999
510 510 0.35714285714285765
511 511 3.428571428571429
512 512 1.2857142857142854
513 513 7.142857142857142
514 514 2.0714285714285716
515 515 6.642857142857142
516 516 4.571428571428571
517 517 -0.2857142857142858
518 518 -7.428571428571429
519 519 -0.7142857142857144
520 520 2.2142857142857135
521 521 -1.4285714285714286
522 522 -1.8571428571428572
523 523 -4.071428571428571
524 524 -5.357142857142858
525 525 -2.357142857142857
526 526 -3.571428571428571
527 527 3.071428571428572
528 528 -1.1428571428571435
529 529 1.0714285714285716
530 530 4.357142857142858
531 531 -4.214285714285714
532 532 -8.285714285714286
533 533 -4.142857142857142
534 534 -5.357142857142858
535 535 -6.357142857142858
536 536 -6.214285714285714
537 537 0.2857142857142856
538 538 2.857142857142857
539 539 4.071428571428571
540 540 -3.9285714285714284
541 541 -4.142857142857143
542 542 0.35714285714285743
543 543 1.4285714285714288
544 544 -2.3571428571428568
545 545 -3.3571428571428577
546 546 -5.357142857142858
547 547 -2.9285714285714284
548 548 1.142857142857143
549 549 -5.357142857142858
550 550 -7.428571428571429
551 551 -5.071428571428572
552 552 -1.4285714285714286
553 553 -0.5
554 554 -3.1428571428571423
555 555 2.2857142857142856
556 556 7.357142857142858
557 557 0.2142857142857144
558 558 5.071428571428571
559 559 -1.8571428571428574
560 560 2.428571428571429
561 561 6.142857142857142
562 562 2.7142857142857144
563 563 -1.0
564 564 0.2142857142857144
565 565 -0.9285714285714279
566 566 -2.0
567 567 6.142857142857143
568 568 -6.7857142857142865
569 569 0.2142857142857142
570 570 -1.2857142857142856
571 571 -3.7857142857142856
572 572 -1.7857142857142856
573 573 -0.9285714285714286
574 574 6.7857142857142865
575 575 4.000000000000001
576 576 -1.3571428571428572
577 577 -1.0714285714285714
578 578 0.4285714285714288
579 579 -6.357142857142858
580 580 -5.214285714285714
581 581 5.2142857142857135
582 582 1.7857142857142856
583 583 -1.5714285714285714
584 584 -6.785714285714286
585 585 0.6428571428571432
586 586 -1.7857142857142858
587 587 1.5714285714285716
588 588 -3.2857142857142856
589 589 1.1428571428571428
590 590 -1.8571428571428572
591 591 2.571428571428572
592 592 -0.5714285714285714
593 593 6.0
594 594 0.9285714285714286
595 595 -1.3571428571428572
596 596 2.428571428571429
597 597 1.2857142857142858
598 598 -2.3571428571428577
599 599 -5.857142857142858
600 600 2.428571428571429
601 601 0.4285714285714288
602 602 -4.428571428571429
603 603 3.571428571428571
604 604 -3.571428571428571
605 605 -0.5
606 606 -2.357142857142857
607 607 -0.5714285714285716
608 608 -3.357142857142857
609 609 6.714285714285714
610 610 3.5714285714285716
611 611 -1.285714285714286
612 612 2.142857142857143
613 613 -2.2857142857142856
614 614 3.5
615 615 0.4285714285714288
616 616 -2.928571428571429
617 617 2.2857142857142856
618 618 -2.071428571428571
619 619 0.4285714285714288
620 620 -9.857142857142858
621 621 3.1428571428571432
622 622 -4.0
623 623 -2.2857142857142856
624 624 -6.142857142857142
625 625 -2.0
626 626 -0.9285714285714286
627 627 0.5714285714285716
628 628 -2.5714285714285716
629 629 -6.142857142857142
630 630 -2.7142857142857144
631 631 -2.2857142857142856
632 632 -5.0
633 633 -2.2142857142857144
634 634 -3.8571428571428568
635 635 -6.357142857142858
636 636 -3.0
637 637 -1.9285714285714282
638 638 4.214285714285715
639 639 -0.5714285714285716
640 640 -3.428571428571429
641 641 -1.4285714285714284
642 642 4.5
643 643 -5.428571428571429
644 644 4.7857142857142865
645 645 0.5
646 646 8.785714285714285
647 647 1.2142857142857144
648 648 -4.571428571428571
649 649 -4.214285714285715
650 650 0.5
651 651 4.357142857142858
652 652 7.142857142857143
653 653 1.571428571428571
654 654 -0.5714285714285714
655 655 2.220446049250313e-16
656 656 -5.357142857142858
657 657 -5.214285714285714
658 658 -2.2857142857142856
659 659 -0.14285714285714302
660 660 2.2142857142857144
661 661 5.714285714285714
662 662 -1.5000000000000002
663 663 0.35714285714285743
664 664 0.2142857142857144
665 665 -6.142857142857143
666 666 10.5
667 667 3.0
668 668 0.0714285714285714
669 669 0.9285714285714286
670 670 6.285714285714285
671 671 -1.5000000000000002
672 672 -3.428571428571429
673 673 1.7857142857142863
674 674 -2.928571428571429
675 675 5.928571428571429
676 676 -4.500000000000001
677 677 -2.571428571428572
678 678 -0.3571428571428572
679 679 -2.0
680 680 4.785714285714286
681 681 -1.7857142857142856
682 682 -1.4285714285714286
683 683 -7.7857142857142865
684 684 0.9285714285714288
685 685 5.428571428571429
686 686 4.5
687 687 -5.0
688 688 -2.7857142857142856
689 689 1.2142857142857144
690 690 -0.5714285714285721
691 691 2.142857142857143
692 692 1.7857142857142856
693 693 -2.8571428571428577
694 694 -0.4285714285714286
1 2 -1.3571428571428572
1 10 0.9285714285714286
1 23 -0.5714285714285714
1 31 0.5714285714285714
1 53 -1.3571428571428572
1 62 -0.5714285714285714
2 3 -0.5714285714285714
2 10 -2.0
2 11 2.0
2 89 -0.9285714285714286
2 97 -1.7857142857142858
2 118 0.9285714285714286
2 123 1.7857142857142858
3 11 -1.7857142857142858
3 12 -0.5714285714285714
3 151 0.9285714285714286
3 157 1.3571428571428572
3 179 1.7857142857142858
3 186 0.9285714285714286
4 273 -0.5714285714285714
4 281 0.9285714285714286
4 307 -0.9285714285714286
5 6 -1.3571428571428572
5 342 2.0
5 351 -1.3571428571428572
5 378 0.9285714285714286
6 7 -2.0
6 13 1.7857142857142858
6 407 0.9285714285714286
6 415 2.0
6 437 -0.5714285714285714
7 8 0.5714285714285714
7 13 -2.0
7 14 -1.7857142857142858
7 469 -2.0
7 504 1.7857142857142858
7 514 0.9285714285714286
8 9 0.5714285714285714
8 14 -0.9285714285714286
8 15 -0.5714285714285714
8 542 -0.9285714285714286
8 551 1.3571428571428572
8 578 -0.5714285714285714
8 586 1.7857142857142858
9 15 -1.3571428571428572
9 16 -1.7857142857142858
9 613 1.7857142857142858
9 623 -1.3571428571428572
9 651 -2.0
9 659 -1.7857142857142858
10 11 -0.9285714285714286
10 53 -1.3571428571428572
10 62 1.7857142857142858
10 89 1.3571428571428572
10 97 0.9285714285714286
11 12 1.3571428571428572
11 118 -0.9285714285714286
11 123 -1.7857142857142858
11 151 1.7857142857142858
11 157 2.0
12 179 -1.3571428571428572
12 186 1.7857142857142858
12 208 -1.7857142857142858
12 215 2.0
13 14 -0.9285714285714286
13 437 1.7857142857142858
13 469 -2.0
14 15 0.5714285714285714
14 504 0.5714285714285714
14 514 2.0
14 542 0.9285714285714286
14 551 -2.0
15 16 -0.5714285714285714
15 578 0.5714285714285714
15 586 0.9285714285714286
15 623 0.9285714285714286
16 651 -0.9285714285714286
16 659 1.7857142857142858
16 685 -2.0
16 693 1.7857142857142858
17 18 0.5714285714285714
17 25 0.9285714285714286
17 125 1.7857142857142858
17 159 1.7857142857142858
18 19 2.0
18 25 -0.5714285714285714
18 26 1.7857142857142858
18 188 -0.5714285714285714
18 216 1.7857142857142858
19 20 -0.5714285714285714
19 26 0.5714285714285714
19 27 1.7857142857142858
19 248 0.9285714285714286
19 283 -1.3571428571428572
20 27 -0.5714285714285714
20 28 2.0
20 316 -0.5714285714285714
20 353 -0.9285714285714286
21 29 2.0
21 445 0.5714285714285714
21 479 -0.9285714285714286
22 29 -1.7857142857142858
22 30 -2.0
22 516 -0.9285714285714286
22 553 -2.0
23 24 -0.5714285714285714
23 31 2.0
23 661 -1.3571428571428572
24 31 1.3571428571428572
24 32 0.5714285714285714
25 26 0.9285714285714286
25 159 -0.5714285714285714
25 188 1.7857142857142858
26 27 -0.5714285714285714
26 216 0.5714285714285714
26 248 0.9285714285714286
27 28 -0.9285714285714286
27 283 -0.9285714285714286
27 316 1.7857142857142858
28 353 0.5714285714285714
29 30 -0.5714285714285714
29 479 -1.3571428571428572
29 516 -2.0
30 553 2.0
31 32 1.7857142857142858
32 38 0.9285714285714286
32 54 0.5714285714285714
32 62 0.9285714285714286
33 39 -0.5714285714285714
33 40 0.5714285714285714
33 157 2.0
33 180 -1.3571428571428572
33 186 -2.0
34 35 -1.7857142857142858
34 41 2.0
34 281 1.7857142857142858
34 308 -1.7857142857142858
35 41 0.5714285714285714
35 42 -2.0
35 343 -2.0
35 351 1.7857142857142858
35 379 -1.3571428571428572
36 37 1.3571428571428572
36 43 1.7857142857142858
36 44 -0.5714285714285714
36 470 -1.7857142857142858
36 505 -0.9285714285714286
36 514 0.5714285714285714
37 44 -1.7857142857142858
37 543 -1.7857142857142858
37 551 1.7857142857142858
37 579 0.9285714285714286
37 586 -2.0
38 39 -0.9285714285714286
38 62 2.0
38 90 -1.3571428571428572
38 97 -2.0
39 40 1.3571428571428572
39 119 1.7857142857142858
39 123 0.5714285714285714
39 157 1.7857142857142858
40 180 -0.5714285714285714
40 186 2.0
40 209 0.9285714285714286
40 215 0.9285714285714286
41 42 -1.7857142857142858
41 308 -1.7857142857142858
41 343 1.7857142857142858
41 351 -1.7857142857142858
42 43 1.7857142857142858
42 379 -1.7857142857142858
42 408 0.9285714285714286
42 415 -2.0
43 44 1.7857142857142858
43 470 0.5714285714285714
44 505 -0.9285714285714286
44 514 0.5714285714285714
44 543 -0.9285714285714286
44 551 1.7857142857142858
45 652 -2.0
45 659 1.7857142857142858
45 686 -1.3571428571428572
45 693 0.9285714285714286
46 55 0.9285714285714286
46 135 0.5714285714285714
46 159 -1.3571428571428572
46 166 -0.5714285714285714
47 48 -0.9285714285714286
47 56 0.5714285714285714
47 248 1.3571428571428572
47 257 1.3571428571428572
47 283 -0.9285714285714286
48 49 0.9285714285714286
48 56 0.9285714285714286
48 57 -0.9285714285714286
48 316 -0.9285714285714286
48 353 1.7857142857142858
49 50 -1.3571428571428572
49 57 0.9285714285714286
49 58 -1.3571428571428572
49 424 0.9285714285714286
50 51 -1.7857142857142858
50 58 -0.9285714285714286
50 59 -0.9285714285714286
50 445 1.7857142857142858
50 452 -2.0
50 479 -1.7857142857142858
50 488 0.5714285714285714
51 52 -1.7857142857142858
51 59 -0.9285714285714286
51 60 -2.0
51 516 -2.0
51 525 0.5714285714285714
51 553 1.3571428571428572
51 561 -2.0
52 53 1.7857142857142858
52 60 -0.9285714285714286
52 61 0.9285714285714286
52 595 0.5714285714285714
52 634 0.5714285714285714
53 54 -2.0
53 61 -0.9285714285714286
53 62 0.5714285714285714
53 661 -2.0
53 669 -0.5714285714285714
54 62 1.7857142857142858
54 63 0.5714285714285714
54 72 2.0
55 159 2.0
55 166 -0.5714285714285714
55 188 0.5714285714285714
55 195 -2.0
56 283 0.5714285714285714
56 316 1.3571428571428572
57 58 -2.0
57 353 -1.7857142857142858
58 59 -0.9285714285714286
58 424 1.7857142857142858
58 445 -1.7857142857142858
58 452 1.7857142857142858
59 60 0.9285714285714286
59 479 -0.5714285714285714
59 488 1.3571428571428572
59 516 0.9285714285714286
59 525 0.5714285714285714
60 61 1.3571428571428572
60 553 0.5714285714285714
60 561 1.3571428571428572
60 595 -1.3571428571428572
61 62 2.0
61 634 -1.3571428571428572
61 661 -0.5714285714285714
62 63 -1.3571428571428572
63 72 -1.3571428571428572
63 98 2.0
63 105 0.9285714285714286
64 65 0.5714285714285714
64 72 1.7857142857142858
64 90 -0.9285714285714286
64 119 0.5714285714285714
64 124 -1.7857142857142858
65 73 0.9285714285714286
65 158 -1.3571428571428572
65 180 -1.3571428571428572
65 187 -0.9285714285714286
66 67 -1.7857142857142858
66 74 1.7857142857142858
66 209 -0.5714285714285714
66 247 -2.0
67 68 2.0
67 74 -1.7857142857142858
67 75 -1.3571428571428572
67 282 -0.5714285714285714
67 308 -1.7857142857142858
67 315 -1.3571428571428572
68 69 -1.7857142857142858
68 75 -2.0
68 76 1.7857142857142858
68 343 -0.5714285714285714
68 352 2.0
68 379 2.0
68 387 0.9285714285714286
69 76 -0.9285714285714286
69 77 0.5714285714285714
69 408 -0.5714285714285714
69 416 -1.7857142857142858
69 444 1.3571428571428572
70 71 0.5714285714285714
70 78 -0.5714285714285714
70 79 -1.7857142857142858
70 543 -2.0
70 552 -0.5714285714285714
70 579 1.3571428571428572
70 587 -2.0
71 79 -1.7857142857142858
71 80 1.7857142857142858
71 614 -2.0
71 624 2.0
71 652 -1.7857142857142858
71 660 0.5714285714285714
72 73 1.3571428571428572
72 90 -1.3571428571428572
73 119 1.3571428571428572
73 124 -0.9285714285714286
73 158 -0.5714285714285714
74 75 -0.5714285714285714
74 247 2.0
74 282 0.5714285714285714
75 76 -1.3571428571428572
75 315 -0.9285714285714286
75 352 -1.3571428571428572
76 77 0.5714285714285714
76 379 2.0
76 387 2.0
76 408 0.5714285714285714
76 416 1.7857142857142858
77 78 1.3571428571428572
77 444 -1.7857142857142858
77 470 1.3571428571428572
78 79 2.0
78 505 1.3571428571428572
78 515 -1.3571428571428572
78 552 0.5714285714285714
79 80 -1.7857142857142858
79 579 2.0
79 587 -0.9285714285714286
79 614 -0.9285714285714286
79 624 1.7857142857142858
80 652 1.3571428571428572
80 660 -0.9285714285714286
80 686 -1.3571428571428572
80 694 1.7857142857142858
81 82 1.7857142857142858
81 91 -0.5714285714285714
81 126 2.0
81 135 -2.0
81 160 -0.9285714285714286
81 166 -2.0
82 83 -1.7857142857142858
82 91 1.7857142857142858
82 92 0.5714285714285714
82 195 1.3571428571428572
82 222 -1.3571428571428572
83 84 -0.9285714285714286
83 92 1.3571428571428572
83 93 -1.7857142857142858
83 249 1.7857142857142858
83 257 0.5714285714285714
83 284 -2.0
84 85 1.7857142857142858
84 93 0.5714285714285714
84 94 0.5714285714285714
84 317 1.3571428571428572
84 354 -1.7857142857142858
85 86 0.9285714285714286
85 94 1.7857142857142858
85 388 -0.5714285714285714
85 424 0.9285714285714286
86 87 -2.0
86 95 -0.9285714285714286
86 446 -0.9285714285714286
86 452 -2.0
86 480 2.0
86 488 -1.3571428571428572
87 88 -0.9285714285714286
87 95 2.0
87 525 -2.0
87 554 0.5714285714285714
87 561 -0.9285714285714286
88 89 1.3571428571428572
88 96 -1.7857142857142858
88 588 0.5714285714285714
88 595 1.7857142857142858
88 625 -1.3571428571428572
88 634 2.0
89 90 -0.5714285714285714
89 96 0.5714285714285714
89 97 0.5714285714285714
89 669 2.0
90 97 1.3571428571428572
91 92 0.9285714285714286
91 160 -2.0
91 166 -0.5714285714285714
91 195 1.3571428571428572
92 93 -1.7857142857142858
92 222 1.7857142857142858
92 249 2.0
92 257 2.0
93 94 2.0
93 284 -0.9285714285714286
93 317 -1.7857142857142858
94 354 -2.0
94 388 1.3571428571428572
95 480 -1.7857142857142858
95 488 -0.5714285714285714
95 525 1.7857142857142858
96 97 1.7857142857142858
96 625 0.9285714285714286
96 634 -1.3571428571428572
96 669 -0.5714285714285714
98 105 1.7857142857142858
99 100 -0.5714285714285714
99 106 -0.9285714285714286
99 107 -1.3571428571428572
99 158 -0.9285714285714286
99 187 2.0
100 107 -1.7857142857142858
100 108 2.0
100 247 -0.5714285714285714
101 102 2.0
101 108 -0.9285714285714286
101 109 -1.3571428571428572
101 282 2.0
101 315 2.0
102 109 -2.0
102 352 -2.0
102 387 2.0
103 104 -1.3571428571428572
103 110 -2.0
103 515 -2.0
104 110 -0.5714285714285714
104 552 -1.3571428571428572
104 587 -0.5714285714285714
105 106 1.7857142857142858
106 107 0.9285714285714286
106 124 -1.7857142857142858
107 108 2.0
107 187 -1.3571428571428572
108 109 1.3571428571428572
108 247 -1.3571428571428572
108 282 -1.3571428571428572
109 315 2.0
109 352 0.9285714285714286
110 515 -0.9285714285714286
110 552 0.9285714285714286
111 660 -0.9285714285714286
111 694 -0.9285714285714286
112 113 2.0
112 126 -1.7857142857142858
112 136 2.0
112 160 0.9285714285714286
112 167 -2.0
113 114 0.9285714285714286
113 196 -0.5714285714285714
113 223 -2.0
114 120 1.3571428571428572
114 249 0.5714285714285714
114 258 -1.7857142857142858
114 284 1.7857142857142858
114 291 -0.9285714285714286
115 116 -0.9285714285714286
115 121 0.9285714285714286
115 446 1.7857142857142858
115 453 -0.5714285714285714
115 480 2.0
115 489 1.7857142857142858
116 117 1.7857142857142858
116 526 2.0
116 554 2.0
116 562 -1.7857142857142858
117 118 1.3571428571428572
117 122 -0.9285714285714286
117 588 1.7857142857142858
117 596 1.7857142857142858
117 625 2.0
117 635 0.9285714285714286
118 119 -1.7857142857142858
118 122 -1.7857142857142858
118 123 -1.3571428571428572
119 123 -1.3571428571428572
119 124 0.5714285714285714
120 284 0.9285714285714286
120 291 0.5714285714285714
120 317 0.9285714285714286
120 326 0.5714285714285714
121 480 1.7857142857142858
121 489 -0.9285714285714286
121 526 0.9285714285714286
122 123 2.0
122 625 -2.0
122 635 1.7857142857142858
123 124 -0.9285714285714286
125 126 -0.5714285714285714
125 135 1.3571428571428572
126 127 -1.7857142857142858
126 136 -1.3571428571428572
127 128 1.7857142857142858
127 136 -0.9285714285714286
127 137 1.7857142857142858
127 144 -1.3571428571428572
127 175 -1.7857142857142858
128 129 0.5714285714285714
128 137 1.3571428571428572
128 138 2.0
128 231 -2.0
129 130 -2.0
129 138 1.3571428571428572
129 139 0.5714285714285714
129 266 -0.9285714285714286
129 300 2.0
130 131 -0.5714285714285714
130 139 -2.0
130 140 1.7857142857142858
130 370 0.9285714285714286
131 132 -1.3571428571428572
131 140 0.5714285714285714
131 141 0.5714285714285714
131 400 0.9285714285714286
131 430 -0.9285714285714286
132 133 -1.3571428571428572
132 141 -0.9285714285714286
132 462 1.7857142857142858
132 496 -0.9285714285714286
133 134 -0.5714285714285714
133 142 2.0
133 535 2.0
133 571 0.9285714285714286
134 142 0.9285714285714286
134 605 -1.7857142857142858
134 643 0.9285714285714286
135 136 -1.7857142857142858
136 137 0.9285714285714286
136 144 -1.7857142857142858
137 138 0.5714285714285714
137 175 0.5714285714285714
138 139 -1.3571428571428572
138 231 1.3571428571428572
138 266 -2.0
139 140 -0.5714285714285714
139 300 1.3571428571428572
140 141 -0.5714285714285714
140 370 -0.9285714285714286
140 400 -1.3571428571428572
141 430 -0.5714285714285714
141 462 1.3571428571428572
142 143 -1.7857142857142858
142 571 1.3571428571428572
143 643 0.9285714285714286
143 678 -0.5714285714285714
144 145 0.9285714285714286
144 152 -2.0
144 161 0.5714285714285714
144 167 0.9285714285714286
145 146 -1.3571428571428572
145 152 -2.0
145 153 0.9285714285714286
145 196 2.0
145 217 2.0
145 223 1.7857142857142858
146 153 -1.7857142857142858
146 154 -0.9285714285714286
146 250 -1.7857142857142858
146 258 2.0
146 285 0.9285714285714286
146 291 1.7857142857142858
147 154 -1.3571428571428572
147 155 0.9285714285714286
147 318 2.0
147 326 -1.7857142857142858
147 355 -1.7857142857142858
147 363 -0.5714285714285714
148 149 -2.0
148 453 1.3571428571428572
148 481 -1.7857142857142858
148 489 0.5714285714285714
149 150 -2.0
149 156 -1.7857142857142858
149 517 -1.7857142857142858
149 526 -1.3571428571428572
149 562 -0.5714285714285714
150 151 -2.0
150 156 1.3571428571428572
150 589 0.9285714285714286
150 596 0.5714285714285714
150 626 0.9285714285714286
150 635 0.9285714285714286
151 157 -1.7857142857142858
151 662 -2.0
152 153 -1.3571428571428572
152 161 -1.3571428571428572
152 167 -0.5714285714285714
152 196 -1.3571428571428572
153 154 0.9285714285714286
153 217 0.9285714285714286
153 223 1.7857142857142858
153 250 -1.3571428571428572
153 258 -2.0
154 155 -0.5714285714285714
154 285 0.9285714285714286
154 291 -0.5714285714285714
154 318 -1.7857142857142858
154 326 -2.0
155 355 -2.0
155 363 0.9285714285714286
156 562 2.0
156 589 -1.7857142857142858
156 596 -1.7857142857142858
157 158 -2.0
159 160 0.9285714285714286
159 166 2.0
160 161 1.7857142857142858
160 166 -0.9285714285714286
160 167 0.9285714285714286
161 162 0.9285714285714286
161 167 0.5714285714285714
161 168 -1.7857142857142858
161 175 -1.7857142857142858
161 181 2.0
162 168 -2.0
162 169 -0.5714285714285714
162 231 -1.3571428571428572
162 239 0.9285714285714286
163 164 -0.9285714285714286
163 172 1.7857142857142858
163 462 -0.9285714285714286
163 471 -1.3571428571428572
163 496 1.3571428571428572
163 506 1.3571428571428572
164 165 -2.0
164 173 1.7857142857142858
164 535 2.0
164 544 2.0
164 571 0.9285714285714286
165 173 0.5714285714285714
165 174 0.5714285714285714
165 605 0.9285714285714286
165 615 0.9285714285714286
165 643 1.7857142857142858
165 653 1.3571428571428572
166 167 -1.3571428571428572
167 168 2.0
168 169 2.0
168 175 0.5714285714285714
168 181 -0.9285714285714286
169 170 -0.9285714285714286
169 231 -0.5714285714285714
169 239 1.7857142857142858
169 266 0.9285714285714286
169 274 1.7857142857142858
170 171 -0.9285714285714286
170 309 -0.5714285714285714
171 172 -2.0
171 370 -0.9285714285714286
171 380 -0.5714285714285714
171 400 -1.3571428571428572
171 409 2.0
172 430 -1.7857142857142858
172 462 -0.9285714285714286
172 471 1.7857142857142858
173 174 2.0
173 571 0.5714285714285714
173 605 0.9285714285714286
173 615 -2.0
174 643 1.7857142857142858
174 653 1.7857142857142858
174 678 0.9285714285714286
175 176 -2.0
175 181 -1.7857142857142858
176 181 -2.0
176 182 -0.9285714285714286
176 197 2.0
176 217 -0.9285714285714286
176 224 0.5714285714285714
177 184 1.3571428571428572
177 454 -0.9285714285714286
177 481 0.5714285714285714
177 490 -0.9285714285714286
178 179 0.9285714285714286
178 185 2.0
178 589 -0.9285714285714286
178 597 1.7857142857142858
178 626 2.0
178 636 2.0
179 180 -0.5714285714285714
179 185 -0.9285714285714286
179 186 2.0
179 662 1.3571428571428572
179 670 -0.5714285714285714
180 186 1.3571428571428572
180 187 1.7857142857142858
181 182 0.9285714285714286
181 197 -2.0
182 217 0.5714285714285714
182 224 0.5714285714285714
182 250 -2.0
182 259 0.9285714285714286
183 355 2.0
184 481 -1.3571428571428572
184 490 0.9285714285714286
184 517 0.9285714285714286
184 527 -0.9285714285714286
185 186 2.0
185 626 0.5714285714285714
185 636 -0.9285714285714286
185 662 1.7857142857142858
185 670 -1.7857142857142858
186 187 -1.7857142857142858
188 195 1.3571428571428572
189 190 -0.9285714285714286
189 197 -2.0
189 198 -1.7857142857142858
189 202 2.0
189 232 1.7857142857142858
189 239 -0.5714285714285714
190 191 -2.0
190 198 -1.7857142857142858
190 274 1.3571428571428572
190 309 1.3571428571428572
191 192 1.3571428571428572
191 199 -1.7857142857142858
191 335 1.7857142857142858
191 371 -0.9285714285714286
191 380 -2.0
192 193 2.0
192 199 -1.7857142857142858
192 401 -1.7857142857142858
192 409 -0.5714285714285714
192 431 1.7857142857142858
193 463 0.9285714285714286
193 471 1.3571428571428572
193 497 -1.7857142857142858
193 506 0.5714285714285714
194 200 2.0
194 201 1.3571428571428572
194 606 0.9285714285714286
194 644 0.5714285714285714
194 653 -0.5714285714285714
195 196 0.5714285714285714
196 197 1.3571428571428572
197 198 -2.0
197 202 -1.3571428571428572
198 232 1.7857142857142858
198 239 0.5714285714285714
198 274 -2.0
199 371 1.3571428571428572
199 380 -2.0
199 401 -0.5714285714285714
199 409 -2.0
200 201 1.7857142857142858
200 606 0.9285714285714286
200 615 -1.7857142857142858
201 644 -1.3571428571428572
201 653 -0.9285714285714286
202 203 2.0
202 210 0.5714285714285714
202 218 -1.3571428571428572
202 224 -1.7857142857142858
203 204 0.9285714285714286
203 210 0.5714285714285714
203 211 -1.3571428571428572
203 251 -1.3571428571428572
203 259 0.9285714285714286
203 286 1.7857142857142858
203 292 -2.0
204 205 1.7857142857142858
204 211 -0.5714285714285714
204 212 1.3571428571428572
204 319 -2.0
204 327 -2.0
205 206 1.3571428571428572
205 212 1.7857142857142858
205 389 -2.0
205 417 1.3571428571428572
206 213 -0.9285714285714286
206 447 -0.5714285714285714
206 454 0.9285714285714286
207 208 -2.0
207 214 0.9285714285714286
207 590 1.7857142857142858
207 627 -1.7857142857142858
207 636 1.3571428571428572
208 209 -1.3571428571428572
208 214 2.0
208 215 -0.9285714285714286
208 663 2.0
208 670 -0.9285714285714286
209 215 -1.7857142857142858
210 211 -0.5714285714285714
210 218 -0.9285714285714286
210 224 -0.9285714285714286
210 251 0.5714285714285714
210 259 0.5714285714285714
211 212 -0.5714285714285714
211 286 1.7857142857142858
211 292 0.5714285714285714
211 319 0.5714285714285714
211 327 -0.9285714285714286
212 356 -1.3571428571428572
212 389 1.7857142857142858
213 482 1.7857142857142858
213 490 0.9285714285714286
213 527 0.5714285714285714
214 215 0.5714285714285714
214 627 0.9285714285714286
214 636 -0.9285714285714286
214 663 -0.9285714285714286
214 670 -2.0
216 222 1.7857142857142858
217 218 0.9285714285714286
217 223 -1.7857142857142858
217 224 1.7857142857142858
218 219 0.9285714285714286
218 224 -1.7857142857142858
218 225 -0.5714285714285714
218 232 -1.3571428571428572
218 240 1.3571428571428572
219 225 -2.0
219 226 -1.3571428571428572
219 275 1.7857142857142858
219 301 1.3571428571428572
219 310 0.9285714285714286
220 227 -1.3571428571428572
220 228 1.7857142857142858
220 401 -2.0
220 410 -2.0
220 431 -1.3571428571428572
221 230 0.9285714285714286
221 606 -0.5714285714285714
221 616 -1.7857142857142858
221 644 -1.3571428571428572
221 654 -1.3571428571428572
222 223 -1.3571428571428572
223 224 -1.7857142857142858
224 225 -1.3571428571428572
225 226 -0.5714285714285714
225 232 0.5714285714285714
225 240 -1.7857142857142858
225 275 1.3571428571428572
226 227 -2.0
226 301 0.5714285714285714
226 310 0.5714285714285714
226 335 0.9285714285714286
226 344 0.9285714285714286
227 228 0.5714285714285714
227 371 -2.0
227 381 2.0
227 401 0.9285714285714286
227 410 2.0
228 229 -0.5714285714285714
228 431 0.9285714285714286
228 463 0.5714285714285714
228 472 1.7857142857142858
229 497 -0.5714285714285714
229 507 -1.7857142857142858
229 536 -1.3571428571428572
229 545 2.0
230 644 -1.3571428571428572
230 654 2.0
231 232 2.0
231 239 0.9285714285714286
232 233 -2.0
232 239 0.5714285714285714
232 240 -1.7857142857142858
233 234 1.7857142857142858
233 240 -1.7857142857142858
233 241 -1.3571428571428572
233 251 2.0
233 260 1.7857142857142858
233 286 -0.5714285714285714
233 293 0.5714285714285714
234 235 0.5714285714285714
234 241 -0.5714285714285714
234 242 -2.0
234 319 -0.9285714285714286
234 328 0.5714285714285714
234 356 -1.7857142857142858
234 364 1.3571428571428572
235 236 -0.9285714285714286
235 242 0.9285714285714286
235 243 1.7857142857142858
235 389 1.7857142857142858
235 394 1.3571428571428572
235 417 1.3571428571428572
235 425 -1.7857142857142858
236 237 2.0
236 243 -1.3571428571428572
236 244 1.3571428571428572
236 455 2.0
236 482 2.0
236 491 -2.0
237 238 -1.7857142857142858
237 518 1.7857142857142858
237 528 2.0
237 555 -0.5714285714285714
237 564 0.5714285714285714
238 245 -0.5714285714285714
238 590 0.5714285714285714
238 598 -0.9285714285714286
238 627 0.5714285714285714
238 637 -0.5714285714285714
239 240 -0.5714285714285714
240 241 -1.3571428571428572
240 251 -0.5714285714285714
240 260 -1.3571428571428572
241 242 0.5714285714285714
241 286 -1.7857142857142858
241 293 -1.3571428571428572
241 319 1.3571428571428572
241 328 -2.0
242 243 -2.0
242 356 1.3571428571428572
242 364 1.7857142857142858
242 389 -2.0
242 394 0.5714285714285714
243 244 1.3571428571428572
243 417 -2.0
243 425 -0.9285714285714286
243 447 -0.5714285714285714
243 455 -0.5714285714285714
244 482 -0.5714285714285714
244 491 0.9285714285714286
245 246 1.3571428571428572
245 627 0.5714285714285714
245 637 1.7857142857142858
245 663 -1.7857142857142858
245 671 1.7857142857142858
246 247 -1.3571428571428572
248 249 2.0
248 257 -0.9285714285714286
249 250 1.7857142857142858
249 257 0.5714285714285714
250 251 1.3571428571428572
250 258 2.0
250 259 -0.9285714285714286
251 252 2.0
251 259 -1.7857142857142858
251 260 0.5714285714285714
252 253 2.0
252 260 0.5714285714285714
252 261 0.9285714285714286
252 267 -2.0
252 275 -1.7857142857142858
252 302 1.3571428571428572
252 310 1.7857142857142858
253 261 -1.3571428571428572
253 262 1.3571428571428572
253 336 1.7857142857142858
253 344 -1.3571428571428572
253 372 -0.5714285714285714
253 381 0.9285714285714286
254 255 -0.5714285714285714
254 263 1.7857142857142858
254 264 0.5714285714285714
254 464 -2.0
254 472 1.7857142857142858
254 498 -1.3571428571428572
254 507 2.0
255 256 -0.5714285714285714
255 264 0.9285714285714286
255 265 1.7857142857142858
255 537 -2.0
255 545 1.7857142857142858
255 572 0.5714285714285714
255 580 2.0
256 265 -0.9285714285714286
256 607 1.3571428571428572
256 616 1.7857142857142858
256 645 0.9285714285714286
256 654 0.9285714285714286
257 258 1.3571428571428572
258 259 -1.3571428571428572
259 260 1.3571428571428572
260 261 0.5714285714285714
260 267 -0.9285714285714286
260 275 -0.5714285714285714
261 262 2.0
261 302 0.5714285714285714
261 310 0.5714285714285714
261 336 -0.9285714285714286
261 344 -0.9285714285714286
262 263 0.9285714285714286
262 372 -1.3571428571428572
262 381 -2.0
263 264 1.3571428571428572
263 432 -2.0
263 464 -1.7857142857142858
263 472 0.5714285714285714
264 265 1.7857142857142858
264 498 2.0
264 507 -1.7857142857142858
264 537 1.3571428571428572
264 545 -1.3571428571428572
265 572 2.0
265 580 1.3571428571428572
265 607 -0.9285714285714286
265 616 -2.0
266 274 -0.9285714285714286
267 268 -0.5714285714285714
267 275 -2.0
267 276 1.7857142857142858
267 293 -0.5714285714285714
268 269 -1.7857142857142858
268 276 0.9285714285714286
268 277 1.7857142857142858
268 320 -1.3571428571428572
268 328 -1.7857142857142858
268 357 -2.0
268 364 1.3571428571428572
269 270 1.3571428571428572
269 277 1.3571428571428572
269 390 1.3571428571428572
269 394 -0.9285714285714286
269 418 0.5714285714285714
269 425 -1.3571428571428572
270 278 0.9285714285714286
270 455 2.0
270 483 0.5714285714285714
270 491 -0.5714285714285714
271 272 2.0
271 278 -1.3571428571428572
271 279 -0.5714285714285714
271 519 1.7857142857142858
271 528 0.9285714285714286
271 556 -2.0
271 564 1.3571428571428572
272 273 -0.9285714285714286
272 279 -0.9285714285714286
272 280 1.7857142857142858
272 598 -1.3571428571428572
272 628 1.3571428571428572
272 637 -0.9285714285714286
273 280 0.9285714285714286
273 281 -1.7857142857142858
273 664 -0.9285714285714286
273 671 -0.9285714285714286
274 275 -0.9285714285714286
275 276 1.3571428571428572
276 287 1.3571428571428572
276 293 -0.9285714285714286
276 320 0.5714285714285714
276 328 0.5714285714285714
277 357 0.5714285714285714
277 364 1.3571428571428572
277 390 1.7857142857142858
277 394 1.7857142857142858
278 279 -0.5714285714285714
278 483 1.7857142857142858
278 519 0.5714285714285714
278 528 2.0
279 280 0.5714285714285714
279 556 0.5714285714285714
279 564 0.5714285714285714
279 598 1.7857142857142858
280 281 -1.3571428571428572
280 628 0.5714285714285714
280 637 0.9285714285714286
280 664 0.5714285714285714
280 671 -0.9285714285714286
281 282 -1.3571428571428572
283 284 -0.5714285714285714
284 285 2.0
284 291 -0.9285714285714286
285 286 2.0
285 291 -1.3571428571428572
285 292 0.9285714285714286
286 287 0.9285714285714286
286 292 -1.7857142857142858
286 293 -0.9285714285714286
287 288 -1.7857142857142858
287 293 -1.3571428571428572
287 294 0.9285714285714286
287 302 -2.0
288 289 0.9285714285714286
288 294 1.7857142857142858
288 295 -1.7857142857142858
288 345 0.9285714285714286
288 372 -1.3571428571428572
288 382 -0.9285714285714286
289 295 0.9285714285714286
289 296 -0.5714285714285714
289 402 1.3571428571428572
289 411 0.9285714285714286
289 432 2.0
289 438 -2.0
290 298 -0.9285714285714286
290 299 -0.9285714285714286
290 617 -2.0
290 645 -1.7857142857142858
290 655 -2.0
291 292 1.3571428571428572
292 293 1.7857142857142858
293 294 2.0
294 295 0.5714285714285714
294 302 2.0
294 311 2.0
294 336 0.5714285714285714
294 345 1.7857142857142858
295 296 0.5714285714285714
295 372 0.9285714285714286
295 382 0.9285714285714286
295 402 -1.7857142857142858
295 411 -1.3571428571428572
296 297 2.0
296 432 -0.9285714285714286
296 438 2.0
296 464 2.0
296 473 0.9285714285714286
297 298 -0.5714285714285714
297 498 0.5714285714285714
297 508 -0.9285714285714286
297 537 -0.5714285714285714
298 299 -0.9285714285714286
298 572 -0.5714285714285714
298 581 1.3571428571428572
298 607 -2.0
298 617 -1.7857142857142858
299 645 0.5714285714285714
299 655 -0.9285714285714286
299 679 2.0
300 301 2.0
300 309 -0.5714285714285714
301 302 -0.9285714285714286
301 309 -0.5714285714285714
301 310 -2.0
302 303 0.9285714285714286
302 310 -1.3571428571428572
302 311 -2.0
303 304 -1.3571428571428572
303 311 -1.7857142857142858
303 312 -0.9285714285714286
303 320 -1.3571428571428572
303 329 0.5714285714285714
303 357 0.9285714285714286
304 305 -0.5714285714285714
304 312 -1.3571428571428572
304 390 0.9285714285714286
304 395 -1.7857142857142858
304 418 -0.5714285714285714
305 456 1.3571428571428572
305 483 -0.9285714285714286
305 492 0.5714285714285714
306 307 1.7857142857142858
306 313 0.5714285714285714
306 314 -0.5714285714285714
306 599 2.0
306 628 0.9285714285714286
306 638 -0.5714285714285714
307 308 -1.7857142857142858
307 314 0.9285714285714286
307 664 -1.7857142857142858
307 672 1.3571428571428572
308 315 0.9285714285714286
309 310 -1.7857142857142858
310 311 -1.3571428571428572
311 312 1.3571428571428572
311 320 -1.7857142857142858
311 329 -0.9285714285714286
312 357 1.7857142857142858
312 390 0.9285714285714286
312 395 1.3571428571428572
313 314 -2.0
313 556 -1.3571428571428572
313 565 0.5714285714285714
313 599 0.9285714285714286
314 628 -0.9285714285714286
314 638 0.9285714285714286
314 664 -1.7857142857142858
314 672 0.9285714285714286
316 317 0.9285714285714286
317 326 2.0
318 319 1.7857142857142858
318 326 -0.9285714285714286
318 327 0.5714285714285714
319 320 0.5714285714285714
319 327 -1.3571428571428572
319 328 2.0
320 321 2.0
320 328 -0.5714285714285714
320 329 -2.0
321 322 -0.9285714285714286
321 329 -1.7857142857142858
321 330 0.9285714285714286
321 337 1.7857142857142858
321 345 0.5714285714285714
321 373 -1.3571428571428572
321 382 -0.9285714285714286
322 323 1.3571428571428572
322 330 -2.0
322 331 -2.0
322 403 1.3571428571428572
322 411 -2.0
322 433 0.5714285714285714
322 438 -2.0
323 324 -1.3571428571428572
323 331 -0.5714285714285714
323 332 -1.3571428571428572
323 473 -1.7857142857142858
323 499 2.0
323 508 2.0
324 325 -1.7857142857142858
324 332 -1.7857142857142858
324 333 1.7857142857142858
324 538 2.0
324 573 1.7857142857142858
324 581 -0.9285714285714286
325 333 -0.5714285714285714
325 608 2.0
325 617 0.9285714285714286
325 646 -1.3571428571428572
325 655 -2.0
326 327 0.5714285714285714
327 328 0.5714285714285714
328 329 1.3571428571428572
329 330 -0.9285714285714286
329 337 -0.5714285714285714
329 345 -0.9285714285714286
330 331 -1.3571428571428572
330 373 -0.5714285714285714
330 382 -0.9285714285714286
330 403 -0.9285714285714286
330 411 1.7857142857142858
331 332 -0.5714285714285714
331 433 -0.5714285714285714
331 438 2.0
331 473 0.5714285714285714
332 333 -0.5714285714285714
332 508 -1.3571428571428572
332 538 -1.7857142857142858
333 334 0.5714285714285714
333 573 -0.5714285714285714
333 581 -2.0
333 608 2.0
333 617 -0.9285714285714286
334 646 -1.3571428571428572
334 655 1.3571428571428572
334 680 -1.3571428571428572
334 687 1.3571428571428572
335 336 -2.0
335 344 1.3571428571428572
336 337 -2.0
336 344 2.0
336 345 0.9285714285714286
337 338 -1.7857142857142858
337 345 1.3571428571428572
337 346 1.7857142857142858
337 358 1.3571428571428572
338 339 -0.5714285714285714
338 346 -1.3571428571428572
338 347 -0.5714285714285714
338 391 -1.7857142857142858
338 395 -0.5714285714285714
338 419 1.3571428571428572
339 340 0.9285714285714286
339 347 0.9285714285714286
339 348 0.5714285714285714
339 456 -2.0
339 484 0.9285714285714286
339 492 1.3571428571428572
340 341 -0.9285714285714286
340 348 1.3571428571428572
340 349 -1.7857142857142858
340 520 -0.5714285714285714
340 529 -1.7857142857142858
340 557 0.9285714285714286
340 565 2.0
341 342 -0.5714285714285714
341 350 -2.0
341 591 -1.7857142857142858
341 629 -0.9285714285714286
341 638 -0.9285714285714286
342 343 1.3571428571428572
342 350 -2.0
342 351 -1.3571428571428572
342 665 2.0
342 672 1.3571428571428572
343 351 0.9285714285714286
343 352 0.9285714285714286
344 345 -1.3571428571428572
345 346 1.3571428571428572
346 347 -1.3571428571428572
346 358 1.3571428571428572
346 391 -1.3571428571428572
346 395 -0.5714285714285714
347 348 2.0
347 419 0.9285714285714286
347 456 0.5714285714285714
348 349 -1.7857142857142858
348 484 -0.9285714285714286
348 492 2.0
348 520 -2.0
348 529 2.0
349 350 1.3571428571428572
349 557 0.9285714285714286
349 565 2.0
349 591 0.5714285714285714
349 599 2.0
350 351 1.7857142857142858
350 629 0.9285714285714286
350 638 -1.7857142857142858
350 665 0.5714285714285714
350 672 -0.5714285714285714
351 352 1.3571428571428572
353 354 1.7857142857142858
354 355 1.3571428571428572
354 363 -0.9285714285714286
355 356 1.3571428571428572
355 363 -2.0
356 357 -1.7857142857142858
356 364 -1.7857142857142858
357 358 2.0
357 364 2.0
358 359 0.5714285714285714
358 373 -0.5714285714285714
359 360 -0.5714285714285714
359 365 -0.9285714285714286
359 366 -1.3571428571428572
359 403 2.0
359 412 2.0
359 433 0.5714285714285714
359 439 1.3571428571428572
360 361 -1.7857142857142858
360 366 -1.7857142857142858
360 367 2.0
360 474 -2.0
360 499 1.7857142857142858
360 509 0.9285714285714286
361 362 -2.0
361 367 -2.0
361 368 -2.0
361 538 0.9285714285714286
361 546 1.3571428571428572
361 573 -0.9285714285714286
361 582 -0.5714285714285714
362 368 2.0
362 369 0.9285714285714286
362 608 0.5714285714285714
362 646 -2.0
362 656 0.9285714285714286
365 366 -0.9285714285714286
365 373 -2.0
365 412 1.3571428571428572
366 367 1.7857142857142858
366 474 -0.5714285714285714
367 368 -2.0
367 499 1.7857142857142858
367 509 1.7857142857142858
367 538 -2.0
367 546 -1.3571428571428572
368 369 -1.3571428571428572
368 573 -0.5714285714285714
368 582 0.5714285714285714
368 608 1.7857142857142858
368 618 -1.7857142857142858
369 646 -0.5714285714285714
369 656 1.7857142857142858
369 680 0.5714285714285714
369 688 -0.9285714285714286
370 380 -1.3571428571428572
371 372 1.3571428571428572
371 380 -1.3571428571428572
371 381 -1.7857142857142858
372 373 2.0
372 381 0.5714285714285714
372 382 1.7857142857142858
373 374 1.7857142857142858
373 382 2.0
374 375 1.7857142857142858
374 383 -0.9285714285714286
374 391 2.0
374 396 -1.3571428571428572
374 419 -2.0
374 426 -1.3571428571428572
375 376 0.5714285714285714
375 383 -0.9285714285714286
375 384 -2.0
375 457 0.5714285714285714
375 484 0.5714285714285714
376 377 1.3571428571428572
376 384 -1.7857142857142858
376 385 2.0
376 520 -1.7857142857142858
376 530 0.5714285714285714
376 557 -1.3571428571428572
376 566 0.5714285714285714
377 378 -0.9285714285714286
377 385 1.7857142857142858
377 386 1.7857142857142858
377 591 1.7857142857142858
377 600 -1.7857142857142858
377 629 2.0
378 379 0.5714285714285714
378 386 -1.3571428571428572
378 665 2.0
378 673 -1.3571428571428572
379 387 -0.5714285714285714
380 381 1.3571428571428572
381 382 0.5714285714285714
383 384 -1.7857142857142858
383 419 -0.9285714285714286
383 426 -0.5714285714285714
383 457 1.3571428571428572
384 385 2.0
384 484 -0.5714285714285714
384 520 -0.5714285714285714
384 530 -2.0
385 386 1.3571428571428572
385 557 2.0
385 566 -1.3571428571428572
385 591 2.0
385 600 0.9285714285714286
386 629 0.5714285714285714
386 639 -2.0
386 665 1.7857142857142858
386 673 -1.7857142857142858
389 390 -2.0
389 394 0.9285714285714286
390 391 1.7857142857142858
390 394 2.0
391 395 -2.0
391 396 1.7857142857142858
392 393 -1.3571428571428572
392 397 -1.3571428571428572
392 398 2.0
392 465 -1.7857142857142858
392 474 -1.7857142857142858
392 500 -1.3571428571428572
392 509 1.3571428571428572
393 398 1.7857142857142858
393 539 -1.3571428571428572
393 546 1.7857142857142858
393 574 -1.3571428571428572
393 582 -2.0
394 395 0.5714285714285714
395 396 2.0
396 397 -2.0
396 412 -0.9285714285714286
397 398 0.5714285714285714
397 439 0.5714285714285714
397 465 -2.0
397 474 -1.7857142857142858
398 500 -2.0
398 509 0.5714285714285714
398 539 -1.7857142857142858
398 546 1.7857142857142858
399 647 -0.5714285714285714
399 656 -0.9285714285714286
399 681 -0.9285714285714286
399 688 1.3571428571428572
400 401 2.0
400 409 0.5714285714285714
401 402 1.3571428571428572
401 410 0.5714285714285714
402 403 -1.3571428571428572
402 410 -0.5714285714285714
402 411 -0.5714285714285714
403 411 -0.5714285714285714
403 412 -1.3571428571428572
404 413 1.3571428571428572
404 414 -1.7857142857142858
404 448 0.9285714285714286
404 457 2.0
405 406 0.5714285714285714
405 414 0.9285714285714286
405 521 -1.3571428571428572
405 530 -2.0
405 558 -2.0
405 566 1.3571428571428572
406 407 0.5714285714285714
406 592 -0.9285714285714286
406 600 1.7857142857142858
406 639 1.7857142857142858
407 408 1.3571428571428572
407 415 0.9285714285714286
407 666 -2.0
407 673 2.0
408 415 0.5714285714285714
408 416 -0.5714285714285714
409 410 1.7857142857142858
410 411 -1.7857142857142858
411 412 -0.9285714285714286
412 413 0.9285714285714286
413 414 0.9285714285714286
413 420 -0.9285714285714286
413 426 -0.9285714285714286
413 448 -0.9285714285714286
413 457 -0.5714285714285714
414 521 -0.5714285714285714
414 530 -0.9285714285714286
415 416 -2.0
417 418 -0.9285714285714286
417 425 -0.9285714285714286
418 419 -1.7857142857142858
418 425 0.5714285714285714
419 420 2.0
419 426 0.5714285714285714
420 421 -1.7857142857142858
420 426 0.5714285714285714
420 427 -0.5714285714285714
420 440 -0.5714285714285714
421 422 2.0
421 427 2.0
421 428 -2.0
421 465 0.5714285714285714
421 475 -1.7857142857142858
421 500 -0.9285714285714286
421 510 -0.9285714285714286
422 423 0.9285714285714286
422 428 -0.5714285714285714
422 429 0.9285714285714286
422 539 -0.5714285714285714
422 547 -0.5714285714285714
422 574 -1.3571428571428572
423 429 0.9285714285714286
423 609 -0.5714285714285714
423 619 -1.3571428571428572
423 647 -0.9285714285714286
423 657 2.0
426 427 -1.7857142857142858
427 428 2.0
427 440 -1.7857142857142858
427 465 -1.3571428571428572
427 475 0.9285714285714286
428 429 1.3571428571428572
428 500 -0.9285714285714286
428 510 -2.0
428 539 0.9285714285714286
428 547 2.0
429 574 -2.0
429 583 1.7857142857142858
429 609 -2.0
429 619 -2.0
430 431 -2.0
431 432 2.0
432 433 -0.9285714285714286
432 438 -0.5714285714285714
433 438 1.7857142857142858
433 439 -0.9285714285714286
434 435 -1.7857142857142858
434 440 0.5714285714285714
434 441 0.5714285714285714
434 448 1.3571428571428572
434 458 0.9285714285714286
435 436 -1.7857142857142858
435 441 -1.7857142857142858
435 521 2.0
435 531 -0.9285714285714286
435 558 -0.9285714285714286
435 567 1.7857142857142858
436 437 -2.0
436 442 0.9285714285714286
436 443 -2.0
436 592 0.9285714285714286
436 601 -0.9285714285714286
436 630 0.5714285714285714
437 443 1.7857142857142858
437 666 -1.3571428571428572
437 674 -2.0
438 439 1.3571428571428572
439 440 0.9285714285714286
440 441 2.0
440 448 -1.7857142857142858
440 458 -0.5714285714285714
441 442 -0.9285714285714286
441 521 -0.5714285714285714
441 531 -0.5714285714285714
442 443 2.0
442 558 -1.7857142857142858
442 592 2.0
442 601 2.0
443 630 -2.0
443 640 1.3571428571428572
443 666 -1.3571428571428572
443 674 0.5714285714285714
445 446 -1.3571428571428572
445 452 0.9285714285714286
446 452 0.5714285714285714
446 453 -1.7857142857142858
447 454 -0.5714285714285714
447 455 0.5714285714285714
448 449 0.9285714285714286
448 457 -0.9285714285714286
448 458 0.9285714285714286
449 450 2.0
449 458 -0.9285714285714286
449 459 -1.7857142857142858
449 466 -1.3571428571428572
449 475 1.7857142857142858
449 501 1.7857142857142858
449 510 -1.7857142857142858
450 451 2.0
450 459 1.3571428571428572
450 460 1.7857142857142858
450 540 0.9285714285714286
450 547 -0.9285714285714286
450 575 -0.9285714285714286
450 583 -1.7857142857142858
451 460 0.5714285714285714
451 461 2.0
451 610 -1.3571428571428572
451 619 2.0
451 648 -0.9285714285714286
451 657 -1.7857142857142858
452 453 -0.5714285714285714
453 454 0.5714285714285714
454 455 2.0
455 456 0.9285714285714286
456 457 -0.9285714285714286
458 459 -2.0
458 466 0.9285714285714286
458 475 0.5714285714285714
459 460 -1.7857142857142858
459 501 -0.9285714285714286
459 510 0.5714285714285714
459 540 0.5714285714285714
459 547 2.0
460 461 -0.5714285714285714
460 575 -2.0
460 583 -1.7857142857142858
460 610 -1.7857142857142858
460 619 -1.7857142857142858
461 648 2.0
461 657 2.0
461 682 -1.3571428571428572
461 689 -1.3571428571428572
462 463 0.9285714285714286
462 471 1.3571428571428572
463 464 -1.3571428571428572
463 471 1.3571428571428572
463 472 -2.0
464 472 -2.0
464 473 -2.0
465 466 2.0
465 474 -1.7857142857142858
465 475 -1.3571428571428572
466 475 -0.5714285714285714
466 476 1.3571428571428572
466 485 1.7857142857142858
467 468 1.7857142857142858
467 476 -0.5714285714285714
467 477 1.7857142857142858
467 522 -1.7857142857142858
467 531 -0.9285714285714286
467 559 -0.9285714285714286
467 567 -1.7857142857142858
468 469 2.0
468 477 -2.0
468 478 1.3571428571428572
468 593 -0.5714285714285714
468 601 -0.9285714285714286
468 631 1.7857142857142858
468 640 0.5714285714285714
469 470 0.9285714285714286
469 478 -0.5714285714285714
469 667 -1.3571428571428572
469 674 -1.7857142857142858
471 472 -2.0
472 473 -2.0
473 474 1.7857142857142858
474 475 -1.7857142857142858
475 476 1.7857142857142858
476 477 0.9285714285714286
476 485 0.5714285714285714
476 522 0.9285714285714286
476 531 1.7857142857142858
477 478 -2.0
477 559 -1.3571428571428572
477 567 -1.3571428571428572
477 593 -1.3571428571428572
477 601 -0.5714285714285714
478 631 1.7857142857142858
478 640 -2.0
478 667 -2.0
478 674 1.7857142857142858
479 480 -1.3571428571428572
479 488 -0.5714285714285714
480 481 1.7857142857142858
480 488 0.9285714285714286
480 489 -0.9285714285714286
481 482 -2.0
481 489 -0.5714285714285714
481 490 0.9285714285714286
482 483 -1.7857142857142858
482 490 0.9285714285714286
482 491 -1.3571428571428572
483 484 2.0
483 491 0.9285714285714286
483 492 -1.3571428571428572
484 492 -1.7857142857142858
485 486 -1.7857142857142858
485 493 -1.3571428571428572
485 501 0.9285714285714286
486 487 -0.5714285714285714
486 493 0.5714285714285714
486 494 -2.0
486 540 -0.9285714285714286
486 548 0.5714285714285714
486 575 -1.3571428571428572
486 584 2.0
487 494 1.3571428571428572
487 495 2.0
487 610 -0.5714285714285714
487 620 2.0
487 648 0.9285714285714286
488 489 0.9285714285714286
489 490 2.0
490 491 -1.7857142857142858
491 492 0.9285714285714286
493 494 0.9285714285714286
493 511 -1.3571428571428572
493 540 2.0
493 548 -0.9285714285714286
494 495 0.5714285714285714
494 575 -0.5714285714285714
494 584 -0.5714285714285714
494 610 1.7857142857142858
494 620 0.9285714285714286
495 648 1.3571428571428572
495 690 1.3571428571428572
496 497 -0.9285714285714286
496 506 -0.9285714285714286
497 498 -0.5714285714285714
497 506 0.5714285714285714
497 507 -1.7857142857142858
498 499 1.7857142857142858
498 507 1.7857142857142858
498 508 -1.3571428571428572
499 500 0.9285714285714286
499 508 2.0
499 509 -1.3571428571428572
500 501 0.9285714285714286
500 509 0.9285714285714286
500 510 1.7857142857142858
501 502 1.3571428571428572
501 510 1.7857142857142858
501 511 -1.3571428571428572
502 503 2.0
502 512 1.3571428571428572
502 522 1.3571428571428572
502 532 1.7857142857142858
502 559 0.9285714285714286
502 568 1.7857142857142858
503 504 1.7857142857142858
503 512 -1.7857142857142858
503 513 -0.5714285714285714
503 593 -1.3571428571428572
503 602 -0.9285714285714286
503 631 -1.7857142857142858
503 641 2.0
504 505 -0.9285714285714286
504 513 -2.0
504 514 -1.7857142857142858
504 675 0.9285714285714286
505 514 -2.0
505 515 -0.5714285714285714
506 507 1.7857142857142858
508 509 0.5714285714285714
509 510 -1.7857142857142858
510 511 2.0
511 522 -1.3571428571428572
511 532 -1.3571428571428572
512 513 -2.0
512 559 -0.5714285714285714
512 568 1.3571428571428572
512 593 -0.5714285714285714
512 602 0.9285714285714286
513 514 -0.5714285714285714
513 631 0.5714285714285714
513 641 -1.7857142857142858
513 667 0.5714285714285714
513 675 -1.3571428571428572
514 515 -1.7857142857142858
516 525 -0.5714285714285714
517 518 2.0
517 526 0.9285714285714286
517 527 -1.7857142857142858
518 519 0.9285714285714286
518 527 1.7857142857142858
518 528 0.9285714285714286
519 520 -0.5714285714285714
519 528 -2.0
520 521 1.3571428571428572
520 529 0.5714285714285714
520 530 1.3571428571428572
521 522 1.3571428571428572
521 530 -1.3571428571428572
521 531 0.5714285714285714
522 523 -0.9285714285714286
522 531 1.3571428571428572
522 532 0.9285714285714286
523 524 -1.3571428571428572
523 532 2.0
523 533 0.9285714285714286
523 548 -0.5714285714285714
523 576 2.0
523 584 2.0
524 533 0.9285714285714286
524 534 1.7857142857142858
524 620 2.0
524 649 2.0
525 526 2.0
526 527 -0.9285714285714286
527 528 -1.7857142857142858
528 529 -0.9285714285714286
529 530 -0.9285714285714286
530 531 0.9285714285714286
531 532 2.0
532 533 0.9285714285714286
532 548 2.0
533 534 -0.9285714285714286
533 576 1.3571428571428572
533 584 -1.7857142857142858
533 611 0.9285714285714286
533 620 1.7857142857142858
534 649 1.3571428571428572
534 683 1.3571428571428572
534 690 1.7857142857142858
535 536 1.7857142857142858
535 544 0.5714285714285714
536 537 2.0
536 544 1.7857142857142858
536 545 2.0
537 538 -2.0
537 545 0.9285714285714286
538 539 -1.7857142857142858
538 546 1.7857142857142858
539 540 -1.3571428571428572
539 546 0.9285714285714286
539 547 0.9285714285714286
540 547 1.7857142857142858
540 548 0.9285714285714286
541 542 1.7857142857142858
541 549 1.7857142857142858
541 550 1.3571428571428572
541 594 -1.3571428571428572
541 602 0.9285714285714286
541 632 0.5714285714285714
541 641 -0.9285714285714286
542 543 1.7857142857142858
542 550 0.5714285714285714
542 551 -1.3571428571428572
542 668 -1.7857142857142858
542 675 -1.3571428571428572
543 551 0.5714285714285714
543 552 0.9285714285714286
544 545 -2.0
546 547 -0.9285714285714286
547 548 -1.3571428571428572
548 549 -1.7857142857142858
549 550 2.0
549 560 -1.3571428571428572
549 568 0.9285714285714286
549 594 1.7857142857142858
549 602 2.0
550 551 2.0
550 632 0.9285714285714286
550 641 0.5714285714285714
550 668 0.5714285714285714
550 675 -0.5714285714285714
551 552 0.9285714285714286
553 554 0.5714285714285714
553 561 -2.0
554 561 -0.5714285714285714
554 562 0.5714285714285714
555 556 -0.9285714285714286
555 563 0.5714285714285714
555 564 -1.3571428571428572
556 557 -0.9285714285714286
556 564 -1.7857142857142858
556 565 -0.9285714285714286
557 558 -1.7857142857142858
557 565 -1.7857142857142858
557 566 1.7857142857142858
558 559 1.7857142857142858
558 566 0.5714285714285714
558 567 -0.9285714285714286
559 560 0.9285714285714286
559 567 -0.9285714285714286
559 568 2.0
560 568 0.9285714285714286
560 569 -0.9285714285714286
560 576 -2.0
561 562 -2.0
562 563 -0.9285714285714286
563 564 1.3571428571428572
564 565 -0.9285714285714286
566 567 -0.9285714285714286
567 568 -2.0
568 569 1.7857142857142858
569 570 -1.3571428571428572
569 576 1.3571428571428572
569 611 0.9285714285714286
569 621 -2.0
570 649 2.0
570 683 2.0
570 691 -1.3571428571428572
572 573 -0.5714285714285714
572 580 0.9285714285714286
572 581 -0.5714285714285714
573 574 2.0
573 581 -2.0
573 582 1.7857142857142858
574 575 -1.3571428571428572
574 582 -0.9285714285714286
574 583 -1.7857142857142858
575 576 -1.7857142857142858
575 583 2.0
575 584 2.0
576 577 -0.9285714285714286
576 584 1.3571428571428572
577 578 2.0
577 585 -1.3571428571428572
577 594 -1.7857142857142858
577 603 1.3571428571428572
577 632 1.7857142857142858
578 579 0.9285714285714286
578 585 -1.7857142857142858
578 586 -1.7857142857142858
578 668 -1.7857142857142858
578 676 2.0
579 586 0.5714285714285714
579 587 0.5714285714285714
580 581 0.9285714285714286
581 582 -2.0
582 583 1.3571428571428572
583 584 1.7857142857142858
585 586 0.9285714285714286
585 632 -1.7857142857142858
585 668 2.0
585 676 1.3571428571428572
586 587 1.3571428571428572
588 589 2.0
588 595 0.9285714285714286
588 596 -2.0
589 590 -0.9285714285714286
589 596 0.9285714285714286
589 597 -1.3571428571428572
590 597 -0.9285714285714286
590 598 1.3571428571428572
591 592 -1.7857142857142858
591 599 -2.0
591 600 -1.3571428571428572
592 593 0.5714285714285714
592 600 -2.0
592 601 1.7857142857142858
593 601 -1.7857142857142858
593 602 -0.9285714285714286
594 602 1.3571428571428572
594 603 -0.9285714285714286
595 596 -0.5714285714285714
596 597 -1.3571428571428572
597 598 0.5714285714285714
598 599 0.9285714285714286
599 600 2.0
600 601 -2.0
601 602 2.0
602 603 -0.9285714285714286
603 604 -2.0
603 612 0.9285714285714286
603 621 -2.0
604 650 2.0
604 684 1.7857142857142858
604 691 1.7857142857142858
605 606 -0.9285714285714286
605 615 1.3571428571428572
606 607 0.9285714285714286
606 615 -0.9285714285714286
606 616 2.0
607 608 -0.5714285714285714
607 617 1.7857142857142858
608 609 -2.0
608 617 -1.7857142857142858
608 618 1.3571428571428572
609 610 -1.7857142857142858
609 618 0.5714285714285714
609 619 -0.9285714285714286
610 611 0.5714285714285714
610 619 0.9285714285714286
610 620 -1.3571428571428572
611 612 -2.0
611 620 1.7857142857142858
611 621 -0.9285714285714286
612 613 -2.0
612 621 1.7857142857142858
612 622 -1.7857142857142858
612 633 0.9285714285714286
613 614 -1.7857142857142858
613 622 1.3571428571428572
613 623 0.9285714285714286
613 676 2.0
614 623 -0.5714285714285714
614 624 1.7857142857142858
615 616 2.0
616 617 0.9285714285714286
617 618 0.5714285714285714
618 619 1.3571428571428572
619 620 1.3571428571428572
620 621 1.3571428571428572
621 622 -1.3571428571428572
622 623 1.7857142857142858
622 633 2.0
622 676 2.0
623 624 0.5714285714285714
625 626 -0.9285714285714286
625 634 2.0
625 635 1.3571428571428572
626 627 -0.5714285714285714
626 635 -2.0
626 636 0.9285714285714286
627 628 2.0
627 636 -1.3571428571428572
627 637 -0.9285714285714286
628 629 -1.3571428571428572
628 637 2.0
628 638 -2.0
629 630 2.0
629 638 2.0
629 639 0.9285714285714286
630 631 0.9285714285714286
630 639 -0.5714285714285714
630 640 1.7857142857142858
631 632 0.9285714285714286
631 640 -0.5714285714285714
631 641 -1.3571428571428572
632 633 0.5714285714285714
632 641 2.0
633 642 -0.9285714285714286
633 650 -0.9285714285714286
633 658 0.5714285714285714
634 635 2.0
635 636 1.3571428571428572
636 637 0.5714285714285714
637 638 -0.9285714285714286
638 639 -0.9285714285714286
639 640 1.3571428571428572
640 641 0.9285714285714286
642 650 -1.7857142857142858
642 658 1.3571428571428572
642 684 -1.7857142857142858
642 692 -1.3571428571428572
643 644 2.0
643 653 -2.0
644 645 -0.5714285714285714
644 653 -1.7857142857142858
644 654 -0.9285714285714286
645 646 0.5714285714285714
645 654 -2.0
645 655 1.7857142857142858
646 647 -0.9285714285714286
646 655 -1.3571428571428572
646 656 -1.7857142857142858
647 656 1.7857142857142858
647 657 -0.5714285714285714
648 649 -0.5714285714285714
648 657 1.7857142857142858
649 650 -0.5714285714285714
650 651 1.3571428571428572
650 658 -0.5714285714285714
651 652 -1.7857142857142858
651 658 -1.7857142857142858
651 659 -0.5714285714285714
651 677 1.3571428571428572
652 659 -2.0
652 660 -0.9285714285714286
653 654 0.5714285714285714
654 655 1.3571428571428572
655 656 1.7857142857142858
656 657 1.7857142857142858
658 659 0.9285714285714286
658 677 1.7857142857142858
661 669 -1.7857142857142858
662 663 -0.5714285714285714
662 670 0.9285714285714286
663 664 0.9285714285714286
663 670 -1.3571428571428572
663 671 1.3571428571428572
664 665 2.0
664 671 -0.5714285714285714
664 672 1.3571428571428572
665 666 -1.7857142857142858
665 672 -1.7857142857142858
665 673 1.3571428571428572
666 667 -2.0
666 673 -2.0
667 668 1.7857142857142858
667 674 1.7857142857142858
667 675 -1.7857142857142858
668 675 -1.7857142857142858
668 676 0.9285714285714286
670 671 -0.5714285714285714
671 672 1.3571428571428572
672 673 -0.5714285714285714
673 674 0.5714285714285714
674 675 2.0
675 676 -2.0
676 677 -1.7857142857142858
677 685 1.7857142857142858
677 692 -0.5714285714285714
679 680 -0.9285714285714286
679 687 0.9285714285714286
680 681 -2.0
680 687 0.9285714285714286
680 688 -2.0
681 682 1.3571428571428572
681 688 2.0
681 689 1.3571428571428572
682 683 2.0
682 690 -0.5714285714285714
683 684 2.0
683 690 1.7857142857142858
683 691 -1.3571428571428572
684 685 -1.7857142857142858
684 691 -0.5714285714285714
684 692 -0.5714285714285714
685 686 0.5714285714285714
685 692 -2.0
685 693 -2.0
686 693 -0.5714285714285714
686 694 -1.7857142857142858
687 688 1.7857142857142858
688 689 0.5714285714285714
689 690 -1.7857142857142858
690 691 -2.0
691 692 1.3571428571428572
692 693 1.3571428571428572
693 694 1.3571428571428572
