694 2800
1 1 3.7857142857142856
2 2 1.5000000000000007
3 3 4.5
4 4 -2.2857142857142856
5 5 1.7142857142857144
6 6 -2.3571428571428577
7 7 3.1428571428571432
8 8 2.6428571428571432
9 9 2.4285714285714284
10 10 -3.0000000000000004
11 11 7.214285714285714
12 12 9.5
13 13 0.4285714285714286
14 14 4.857142857142858
15 15 -3.3571428571428568
16 16 -2.571428571428571
17 17 -0.4285714285714288
18 18 4.2142857142857135
19 19 -6.571428571428571
20 20 1.3571428571428574
21 21 1.714285714285714
22 22 2.0
23 23 -0.2142857142857144
24 24 0.2142857142857142
25 25 3.1428571428571432
26 26 -3.857142857142857
27 27 -4.5
28 28 -4.071428571428571
29 29 -7.928571428571429
30 30 -0.5714285714285714
31 31 -3.2857142857142865
32 32 -0.0714285714285714
33 33 0.2857142857142858
34 34 -0.4285714285714284
35 35 -2.2857142857142856
36 36 -3.142857142857143
37 37 0.642857142857143
38 38 -3.7142857142857144
39 39 -7.357142857142858
40 40 -1.7142857142857144
41 41 -0.4285714285714288
42 42 1.4999999999999991
43 43 4.857142857142858
44 44 0.14285714285714257
45 45 1.2142857142857144
46 46 -0.0714285714285714
47 47 0.2857142857142858
48 48 1.2142857142857144
49 49 -4.285714285714286
50 50 -3.2857142857142856
51 51 -7.928571428571427
52 52 -5.214285714285714
53 53 -4.0
54 54 3.9285714285714293
55 55 -2.3571428571428568
56 56 -0.2857142857142856
57 57 -5.285714285714286
58 58 0.2857142857142856
59 59 2.571428571428571
60 60 4.2857142857142865
61 61 0.14285714285714302
62 62 -1.7142857142857144
63 63 0.5
64 64 -3.3571428571428568
65 65 -0.8571428571428572
66 66 1.857142857142857
67 67 -2.428571428571429
68 68 -5.000000000000001
69 69 1.2857142857142856
70 70 -1.0714285714285714
71 71 0.21428571428571375
72 72 -4.071428571428571
73 73 -6.5
74 74 0.2857142857142856
75 75 5.785714285714286
76 76 3.3571428571428577
77 77 5.5
78 78 1.7142857142857144
79 79 2.0714285714285716
80 80 -3.6428571428571432
81 81 -1.0
82 82 0.5
83 83 -4.714285714285715
84 84 -2.7857142857142856
85 85 0.5714285714285712
86 86 7.0
87 87 7.714285714285714
88 88 -3.071428571428571
89 89 0.7142857142857144
90 90 1.0
91 91 -1.8571428571428572
92 92 2.2142857142857144
93 93 -6.071428571428572
94 94 -7.928571428571429
95 95 1.7142857142857144
96 96 -2.8571428571428568
97 97 -0.21428571428571397
98 98 -1.1428571428571428
99 99 -3.7857142857142856
100 100 3.1428571428571423
101 101 4.928571428571428
102 102 3.428571428571429
103 103 -3.071428571428571
104 104 -2.571428571428571
105 105 -0.1428571428571428
106 106 2.7142857142857144
107 107 1.9285714285714286
108 108 -2.142857142857143
109 109 3.2857142857142856
110 110 -3.6428571428571423
112 112 -0.1428571428571428
113 113 -0.7857142857142858
114 114 -0.0714285714285714
115 115 2.5714285714285716
116 116 4.714285714285714
117 117 -1.142857142857143
118 118 -1.4285714285714286
119 119 -2.857142857142857
120 120 3.8571428571428577
121 121 -2.0
122 122 0.9285714285714288
123 123 -3.6428571428571432
124 124 0.9999999999999998
125 125 -3.642857142857143
126 126 -3.6428571428571432
127 127 -3.357142857142857
128 128 -5.92857142857143
129 129 -2.3571428571428568
130 130 2.8571428571428568
131 131 0.8571428571428568
132 132 3.0
133 133 5.5
134 134 7.642857142857144
135 135 -5.5
136 136 -1.7857142857142856
137 137 -6.5
138 138 -4.642857142857142
139 139 4.5
141 141 2.857142857142857
142 142 1.9999999999999998
143 143 6.071428571428571
144 144 1.8571428571428577
145 145 -3.5
146 146 -4.214285714285714
147 147 5.428571428571429
148 148 5.0
149 149 5.642857142857143
150 150 0.9285714285714286
151 151 -0.1428571428571428
152 152 1.0
153 153 0.642857142857143
154 154 -3.7142857142857144
155 155 -5.214285714285714
156 156 1.785714285714286
157 157 3.5
158 158 -1.0
159 159 3.0714285714285716
160 160 2.0
161 161 2.220446049250313e-16
162 162 -6.2857142857142865
163 163 -2.857142857142857
164 164 1.2142857142857144
165 165 5.071428571428572
166 166 -2.7857142857142856
167 167 -0.5
168 168 -4.071428571428571
169 169 -3.571428571428571
170 170 -0.6428571428571426
171 171 1.7857142857142858
172 172 3.285714285714286
173 173 5.714285714285714
174 174 1.3571428571428572
175 175 4.642857142857143
176 176 -0.8571428571428574
177 177 -2.2142857142857144
178 178 -2.5
179 179 0.6428571428571428
180 180 -2.7857142857142856
181 181 4.928571428571429
182 182 -1.1428571428571432
183 183 -1.3571428571428572
184 184 -0.7857142857142858
185 185 1.1428571428571428
186 186 -2.7857142857142856
187 187 3.3571428571428568
188 188 0.6428571428571428
189 189 -7.571428571428571
190 190 -0.5714285714285714
191 191 -6.714285714285714
192 192 -2.3571428571428577
193 193 3.8571428571428577
194 194 0.2142857142857144
195 195 -4.357142857142857
196 196 -3.4285714285714284
197 197 1.7857142857142856
198 198 -0.2142857142857142
199 199 -5.642857142857143
200 200 -2.428571428571429
201 201 2.0
202 202 3.3571428571428568
203 203 4.357142857142858
204 204 6.714285714285715
205 205 -1.2142857142857144
206 206 -0.5714285714285714
207 207 -3.8571428571428577
208 208 2.6428571428571423
209 209 0.4285714285714284
210 210 4.7142857142857135
211 211 -3.0
212 212 2.2857142857142856
214 214 9.142857142857142
215 215 0.7142857142857144
216 216 0.3571428571428572
217 217 -3.5
218 218 -5.071428571428572
219 219 -4.0
220 220 1.5714285714285714
221 221 2.2857142857142856
222 222 2.2142857142857135
223 223 3.5714285714285716
224 224 1.7142857142857146
225 225 3.7142857142857135
226 226 -7.642857142857142
227 227 -4.571428571428571
228 228 0.2142857142857142
229 229 -5.142857142857142
230 230 0.7857142857142856
231 231 -4.428571428571428
232 232 1.7142857142857144
233 233 2.714285714285714
234 234 4.428571428571429
235 235 -6.5
236 236 4.357142857142857
237 237 2.2857142857142856
238 238 -2.928571428571429
239 239 -5.071428571428571
240 240 3.071428571428571
241 241 8.428571428571427
242 242 -7.785714285714286
243 243 -4.071428571428572
244 244 6.928571428571429
245 245 7.714285714285714
246 246 -0.6428571428571428
247 247 -0.5714285714285714
248 248 -1.8571428571428572
249 249 -4.142857142857142
250 250 -9.928571428571429
251 251 -1.6428571428571423
252 252 1.5
253 253 8.428571428571429
254 254 -1.4285714285714284
255 255 -2.357142857142857
256 256 1.5714285714285714
257 257 3.3571428571428568
258 258 3.2142857142857144
259 259 -9.214285714285714
260 260 -2.4285714285714297
262 262 4.142857142857143
263 263 2.9285714285714284
264 264 1.5
265 265 2.1428571428571432
266 266 2.7142857142857144
267 267 1.2142857142857144
268 268 -1.7142857142857144
269 269 5.785714285714286
270 270 1.4285714285714286
271 271 2.220446049250313e-16
272 272 -4.0
273 273 -3.928571428571429
274 274 2.0
275 275 2.499999999999999
276 276 -1.142857142857143
277 277 -0.6428571428571428
279 279 -1.6428571428571428
280 280 -1.2142857142857144
281 281 -2.0
282 282 -0.357142857142857
283 283 -2.2142857142857144
284 284 2.642857142857143
285 285 -4.714285714285714
286 286 -6.2857142857142865
287 287 2.7857142857142856
288 288 -1.857142857142857
289 289 -0.9285714285714286
290 290 4.642857142857142
291 291 -2.428571428571429
292 292 -2.2857142857142856
293 293 3.2857142857142865
294 294 1.6428571428571432
295 295 4.857142857142858
296 296 -1.4285714285714286
297 297 4.285714285714286
298 298 5.357142857142857
299 299 1.5
300 300 -0.7857142857142856
301 301 -0.21428571428571397
302 302 -0.28571428571428514
303 303 -3.2142857142857144
304 304 -3.5714285714285716
305 305 -1.9285714285714286
306 306 2.928571428571429
307 307 -0.642857142857143
308 308 1.0714285714285714
309 309 -0.2142857142857144
310 310 -1.5
311 311 5.0
312 312 -2.571428571428571
313 313 -0.7142857142857144
314 314 3.285714285714286
315 315 5.0
316 316 -1.1428571428571428
317 317 2.7857142857142856
318 318 1.714285714285714
319 319 0.642857142857143
320 320 5.928571428571429
321 321 1.4285714285714286
322 322 -2.1428571428571432
323 323 6.428571428571428
324 324 3.8571428571428577
325 325 -0.07142857142857162
326 326 -0.4285714285714286
328 328 3.571428571428572
329 329 -0.35714285714285765
330 330 -3.071428571428572
331 331 2.6428571428571432
332 332 -0.2857142857142856
333 333 -6.857142857142858
334 334 -3.2857142857142856
335 335 1.6428571428571432
336 336 0.9285714285714286
337 337 -2.571428571428572
338 338 -2.3571428571428577
339 339 -0.8571428571428572
340 340 4.357142857142858
341 341 -2.5
342 342 4.714285714285715
343 343 -1.642857142857143
344 344 -2.571428571428571
345 345 -2.2857142857142856
346 346 -3.428571428571429
347 347 -2.2142857142857144
348 348 -4.571428571428572
349 349 4.071428571428572
350 350 6.071428571428571
351 351 3.5000000000000004
352 352 0.5
353 353 -4.714285714285714
354 354 -0.7857142857142858
355 355 2.928571428571429
356 356 7.285714285714286
357 357 1.2142857142857146
358 358 1.2857142857142856
359 359 2.071428571428571
360 360 -1.8571428571428572
361 361 4.0
362 362 -5.571428571428571
363 363 -1.9285714285714284
364 364 -2.5
365 365 0.1428571428571428
366 366 0.9285714285714286
367 367 -3.7857142857142856
368 368 -0.357142857142857
369 369 2.928571428571429
370 370 -0.28571428571428537
371 371 -7.785714285714286
372 372 3.3571428571428577
373 373 1.2142857142857142
374 374 -4.928571428571429
375 375 -4.357142857142858
376 376 5.071428571428571
377 377 0.2857142857142858
378 378 -1.2142857142857146
379 379 0.4285714285714286
380 380 -2.5
381 381 1.9285714285714286
382 382 1.785714285714286
383 383 4.214285714285714
384 384 1.3571428571428568
385 385 2.8571428571428568
386 386 -2.5714285714285716
387 387 2.2857142857142856
388 388 0.2142857142857142
389 389 -3.5714285714285716
390 390 -7.428571428571429
391 391 -4.142857142857143
392 392 2.6428571428571432
393 393 3.8571428571428568
394 394 4.0
395 395 -5.642857142857142
396 396 -5.071428571428572
397 397 -0.4285714285714284
398 398 2.357142857142857
399 399 -3.1428571428571432
400 400 -1.142857142857143
401 401 -2.7857142857142856
402 402 6.714285714285714
403 403 -2.7142857142857144
404 404 -3.357142857142857
405 405 2.571428571428571
406 406 -7.214285714285714
407 407 -1.7857142857142858
408 408 -3.2142857142857144
409 409 -1.9285714285714286
410 410 -1.8571428571428572
411 411 0.6428571428571421
412 412 -0.5714285714285714
413 413 1.6428571428571426
414 414 1.6428571428571428
415 415 1.5714285714285714
416 416 3.7857142857142856
417 417 -4.642857142857142
418 418 -0.9285714285714288
419 419 0.5
420 420 2.357142857142857
421 421 1.6428571428571428
422 422 -6.714285714285714
423 423 -0.7142857142857142
424 424 3.2857142857142856
425 425 -3.5714285714285716
426 426 3.1428571428571432
427 427 3.4999999999999996
428 428 2.5
429 429 2.1428571428571432
430 430 0.7142857142857142
431 431 2.0
432 432 -1.8571428571428568
433 433 -3.6428571428571432
434 434 3.5
435 435 5.2142857142857135
436 436 -0.7857142857142856
437 437 -3.857142857142857
438 438 -0.5000000000000002
439 439 -0.4285714285714286
440 440 0.1428571428571428
441 441 2.928571428571428
442 442 1.5
443 443 -2.0
444 444 1.3571428571428572
445 445 -0.07142857142857162
446 446 0.2857142857142856
447 447 -1.9285714285714286
448 448 2.642857142857143
449 449 -5.214285714285715
450 450 -5.2857142857142865
451 451 -2.7142857142857144
452 452 -3.8571428571428577
453 453 1.0714285714285716
454 454 -6.357142857142857
455 455 -4.214285714285714
456 456 -3.928571428571429
457 457 -7.000000000000001
458 458 0.42857142857142794
459 459 0.4285714285714284
460 460 -1.9285714285714288
461 461 2.642857142857143
462 462 3.8571428571428568
463 463 1.5714285714285716
464 464 -1.9285714285714286
465 465 5.642857142857142
466 466 0.9999999999999998
467 467 7.7857142857142865
468 468 -0.7857142857142858
469 469 8.5
470 470 3.7857142857142856
471 471 5.142857142857143
472 472 -3.428571428571429
473 473 6.7142857142857135
474 474 -2.1428571428571423
475 475 4.285714285714286
476 476 2.428571428571429
477 477 3.7142857142857144
478 478 -0.2857142857142858
479 479 -0.0714285714285714
480 480 -7.2142857142857135
481 481 0.0714285714285714
482 482 1.5714285714285714
483 483 1.4285714285714286
484 484 0.5
485 485 -0.9285714285714293
486 486 4.0
487 487 -2.1428571428571432
488 488 0.4285714285714288
489 489 -4.0
490 490 -8.428571428571429
491 491 1.2857142857142856
492 492 3.7142857142857144
493 493 -0.9285714285714286
494 494 1.4285714285714288
495 495 6.571428571428572
496 496 1.785714285714286
497 497 5.857142857142858
498 498 4.857142857142858
499 499 2.785714285714286
500 500 -4.642857142857143
501 501 -4.214285714285714
502 502 5.071428571428571
503 503 -9.857142857142858
504 504 -3.3571428571428577
505 505 -0.9285714285714286
506 506 1.5714285714285716
507 507 3.5
508 508 10.0
509 509 -0.07142857142857184
510 510 1.4285714285714286
511 511 -0.8571428571428572
512 512 -2.357142857142857
513 513 -0.3571428571428572
514 514 -1.571428571428572
515 515 1.7142857142857144
516 516 -2.2857142857142856
517 517 -1.1428571428571428
518 518 2.0
519 519 -0.7857142857142858
520 520 5.428571428571429
521 521 2.7142857142857144
522 522 2.2142857142857144
523 523 -4.071428571428572
524 524 -3.571428571428572
525 525 2.214285714285715
526 526 2.857142857142857
527 527 1.0714285714285714
528 528 1.0
529 529 2.1428571428571423
530 530 -1.7142857142857144
531 531 1.642857142857143
532 532 -3.3571428571428577
533 533 -0.9285714285714286
534 534 2.857142857142857
535 535 3.357142857142857
536 536 -2.1428571428571432
537 537 -3.428571428571429
538 538 -3.2142857142857144
539 539 -2.6428571428571432
540 540 -1.6428571428571428
541 541 -2.5
542 542 1.4999999999999996
543 543 -4.7857142857142865
544 544 -5.0
545 545 -4.142857142857142
546 546 0.8571428571428568
547 547 -1.0714285714285716
548 548 3.5
549 549 1.5714285714285718
550 550 -1.1428571428571428
551 551 -1.7857142857142858
552 552 -2.357142857142857
553 553 -0.7857142857142858
554 554 1.7142857142857144
555 555 -0.8571428571428572
556 556 5.928571428571429
557 557 0.28571428571428603
558 558 -3.071428571428571
559 559 1.9285714285714282
560 560 2.8571428571428568
561 561 -6.2857142857142865
562 562 -1.1428571428571428
563 563 -0.9285714285714286
564 564 11.000000000000002
565 565 1.4285714285714288
566 566 -1.7142857142857144
567 567 -2.7142857142857144
568 568 -1.4285714285714284
569 569 -4.7142857142857135
570 570 0.2857142857142858
571 571 -1.7142857142857144
572 572 -2.7857142857142856
573 573 -3.6428571428571423
574 574 -3.928571428571429
575 575 1.2142857142857144
576 576 -5.5
577 577 -0.4285714285714286
578 578 -3.5714285714285716
579 579 1.0
580 580 -2.1428571428571432
581 581 -2.571428571428572
582 582 0.8571428571428574
583 583 -1.9285714285714284
584 584 5.714285714285714
585 585 3.5714285714285716
586 586 0.6428571428571428
587 587 -2.2857142857142865
588 588 1.6428571428571428
589 589 -6.0
590 590 1.785714285714286
591 591 -3.2857142857142856
592 592 2.6428571428571432
593 593 -4.5
594 594 0.9999999999999998
595 595 -0.9285714285714286
596 596 1.5714285714285716
597 597 -3.7857142857142856
598 598 -2.928571428571429
599 599 -4.5
600 600 3.8571428571428577
601 601 -0.07142857142857117
602 602 -1.0714285714285716
603 603 0.2857142857142858
604 604 1.4285714285714286
605 605 0.7857142857142858
606 606 -2.857142857142857
607 607 3.5
608 608 -0.2142857142857144
609 609 -1.0714285714285712
610 610 2.1428571428571432
611 611 -1.0714285714285714
612 612 4.571428571428571
613 613 0.2142857142857142
614 614 3.0
615 615 -4.0
616 616 -1.5
617 617 3.6428571428571432
618 618 -4.428571428571429
619 619 2.7142857142857153
620 620 -7.142857142857142
621 621 4.571428571428571
622 622 2.2857142857142856
623 623 -4.428571428571429
624 624 3.2142857142857144
625 625 -5.142857142857142
626 626 3.5
627 627 0.2857142857142858
628 628 -1.8571428571428577
629 629 0.857142857142857
630 630 3.571428571428571
631 631 -2.285714285714286
632 632 0.9285714285714286
633 633 -2.6428571428571432
634 634 0.7142857142857146
635 635 1.785714285714286
636 636 -1.5714285714285714
637 637 6.642857142857143
638 638 -1.8571428571428568
639 639 -1.5714285714285714
640 640 3.5
641 641 0.4999999999999998
642 642 -3.0714285714285716
643 643 6.2857142857142865
644 644 5.357142857142858
645 645 4.357142857142857
646 646 3.4285714285714284
647 647 -1.2857142857142858
648 648 -0.2142857142857142
649 649 1.5
650 650 -1.0
651 651 5.642857142857142
652 652 -3.2857142857142856
653 653 11.214285714285715
654 654 4.571428571428571
655 655 -2.214285714285714
656 656 3.3571428571428568
657 657 3.2857142857142856
658 658 3.0714285714285716
660 660 -3.3571428571428577
661 661 -0.2142857142857142
662 662 3.6428571428571432
663 663 4.714285714285714
664 664 -1.2142857142857137
665 665 8.214285714285715
666 666 -3.0000000000000004
667 667 1.3571428571428568
668 668 -1.7142857142857142
669 669 0.7857142857142856
671 671 -2.928571428571429
672 672 1.0000000000000002
673 673 4.0
674 674 2.428571428571429
675 675 1.8571428571428572
676 676 2.6428571428571423
677 677 5.785714285714286
678 678 4.0
679 679 3.7142857142857144
680 680 -4.285714285714286
681 681 -2.928571428571429
682 682 4.2857142857142865
683 683 -5.5
684 684 -9.714285714285714
685 685 0.1428571428571428
686 686 2.7857142857142856
687 687 2.2142857142857144
688 688 3.1428571428571432
690 690 7.5
691 691 0.2142857142857142
692 692 1.642857142857143
693 693 -1.5714285714285714
694 694 -3.3571428571428577
1 2 -0.9285714285714286
1 10 -0.5714285714285714
1 23 -0.9285714285714286
1 31 0.9285714285714286
1 53 -1.3571428571428572
1 62 -0.9285714285714286
2 10 -1.7857142857142858
2 11 -1.3571428571428572
2 89 -1.7857142857142858
2 97 0.5714285714285714
2 118 2.0
2 123 1.7857142857142858
3 11 -1.7857142857142858
3 12 -0.5714285714285714
3 151 -2.0
3 157 -0.5714285714285714
3 179 -1.3571428571428572
3 186 1.7857142857142858
4 5 -1.7857142857142858
4 273 0.9285714285714286
4 281 1.7857142857142858
4 307 1.3571428571428572
5 6 0.5714285714285714
5 342 -0.9285714285714286
5 351 1.7857142857142858
5 378 -1.3571428571428572
6 7 -0.9285714285714286
6 13 0.9285714285714286
6 407 1.7857142857142858
6 415 1.3571428571428572
6 437 -1.3571428571428572
7 8 0.5714285714285714
7 13 0.5714285714285714
7 14 -0.9285714285714286
7 469 -2.0
7 504 -1.3571428571428572
7 514 0.9285714285714286
8 9 -1.7857142857142858
8 14 -2.0
8 15 2.0
8 542 0.5714285714285714
8 551 -2.0
8 578 -0.5714285714285714
8 586 0.5714285714285714
9 15 -1.3571428571428572
9 16 0.9285714285714286
9 613 1.7857142857142858
9 623 0.5714285714285714
9 651 -2.0
9 659 -0.5714285714285714
10 11 0.9285714285714286
10 53 2.0
10 62 0.9285714285714286
10 89 0.9285714285714286
10 97 0.5714285714285714
11 12 -1.7857142857142858
11 118 -2.0
11 123 -2.0
11 151 1.3571428571428572
11 157 -0.5714285714285714
12 179 -2.0
12 186 -1.7857142857142858
12 208 -2.0
12 215 -1.3571428571428572
13 14 -0.5714285714285714
13 469 -1.3571428571428572
14 15 -1.3571428571428572
14 504 1.7857142857142858
14 514 -1.7857142857142858
14 542 1.3571428571428572
14 551 -1.3571428571428572
15 16 0.9285714285714286
15 578 0.5714285714285714
15 613 0.5714285714285714
15 623 2.0
16 651 -1.3571428571428572
16 659 0.9285714285714286
16 685 0.5714285714285714
16 693 0.5714285714285714
17 18 -1.3571428571428572
17 25 -0.9285714285714286
17 125 1.3571428571428572
17 159 1.3571428571428572
18 19 1.7857142857142858
18 25 -1.7857142857142858
18 26 0.9285714285714286
18 188 -2.0
18 216 -1.7857142857142858
19 20 1.7857142857142858
19 26 -0.5714285714285714
19 27 1.7857142857142858
19 283 1.7857142857142858
20 27 -1.7857142857142858
20 28 1.3571428571428572
20 316 -0.9285714285714286
20 353 -1.7857142857142858
21 22 -0.9285714285714286
21 29 1.7857142857142858
21 445 -0.5714285714285714
21 479 -2.0
22 29 1.7857142857142858
22 30 -1.3571428571428572
22 516 -0.9285714285714286
22 553 -0.5714285714285714
23 24 0.9285714285714286
23 31 2.0
23 661 -1.7857142857142858
24 31 -0.5714285714285714
24 32 -0.5714285714285714
25 159 -1.7857142857142858
25 188 1.3571428571428572
26 27 0.5714285714285714
26 216 2.0
26 248 0.9285714285714286
27 28 1.3571428571428572
27 283 0.5714285714285714
27 316 2.0
28 353 1.3571428571428572
29 30 0.5714285714285714
29 479 2.0
29 516 1.7857142857142858
30 553 1.3571428571428572
31 32 0.9285714285714286
32 38 0.9285714285714286
32 54 0.5714285714285714
32 62 -1.7857142857142858
33 39 -1.7857142857142858
33 40 1.7857142857142858
33 157 -1.3571428571428572
33 180 -0.9285714285714286
33 186 2.0
34 35 -0.9285714285714286
34 41 -2.0
34 281 1.3571428571428572
34 308 2.0
35 41 0.9285714285714286
35 42 1.3571428571428572
35 343 1.3571428571428572
35 351 -1.7857142857142858
35 379 1.3571428571428572
36 37 -1.3571428571428572
36 43 -0.9285714285714286
36 44 0.9285714285714286
36 470 1.3571428571428572
36 505 1.3571428571428572
36 514 1.7857142857142858
37 44 2.0
37 543 2.0
37 551 -0.9285714285714286
37 579 -1.7857142857142858
37 586 -0.5714285714285714
38 39 2.0
38 54 -1.3571428571428572
38 62 0.9285714285714286
38 90 1.7857142857142858
38 97 -0.5714285714285714
39 40 1.7857142857142858
39 119 2.0
39 123 2.0
39 157 1.3571428571428572
40 180 0.9285714285714286
40 186 0.5714285714285714
40 209 -2.0
40 215 -1.3571428571428572
41 42 1.7857142857142858
41 308 2.0
41 343 -1.3571428571428572
41 351 -0.9285714285714286
42 43 -0.5714285714285714
42 379 -1.3571428571428572
42 408 -1.7857142857142858
42 415 -0.9285714285714286
43 44 -1.3571428571428572
43 470 -2.0
44 505 -2.0
44 514 -0.5714285714285714
44 543 -0.9285714285714286
44 551 1.7857142857142858
45 652 0.9285714285714286
45 659 -0.9285714285714286
45 686 0.5714285714285714
45 693 -1.7857142857142858
46 55 0.5714285714285714
46 135 0.5714285714285714
46 159 -2.0
46 166 0.9285714285714286
47 48 -1.7857142857142858
47 56 0.5714285714285714
47 248 0.9285714285714286
47 257 -1.3571428571428572
47 283 1.3571428571428572
48 49 0.9285714285714286
48 56 -1.3571428571428572
48 57 0.5714285714285714
48 316 -1.3571428571428572
48 353 1.7857142857142858
49 50 1.7857142857142858
49 57 1.3571428571428572
49 58 2.0
49 424 -1.7857142857142858
50 51 -1.3571428571428572
50 58 -0.9285714285714286
50 59 2.0
50 445 -1.3571428571428572
50 452 2.0
50 479 0.5714285714285714
50 488 0.5714285714285714
51 52 2.0
51 59 2.0
51 60 2.0
51 525 0.5714285714285714
51 553 0.9285714285714286
51 561 1.7857142857142858
52 53 1.7857142857142858
52 60 -1.3571428571428572
52 61 -0.5714285714285714
52 595 1.3571428571428572
52 634 2.0
53 54 -0.5714285714285714
53 61 0.5714285714285714
53 62 2.0
53 661 0.9285714285714286
53 669 -1.3571428571428572
54 62 0.5714285714285714
54 63 -1.7857142857142858
54 72 -1.3571428571428572
55 166 -2.0
55 188 2.0
55 195 1.7857142857142858
56 283 -0.9285714285714286
56 316 2.0
57 58 1.3571428571428572
57 353 2.0
58 59 -1.7857142857142858
58 424 -0.9285714285714286
58 445 -0.9285714285714286
58 452 0.9285714285714286
59 60 -1.7857142857142858
59 479 0.9285714285714286
59 488 -1.3571428571428572
59 516 -0.5714285714285714
59 525 -2.0
60 61 -1.7857142857142858
60 553 -0.9285714285714286
60 561 1.3571428571428572
60 595 -1.7857142857142858
61 62 2.0
61 634 0.5714285714285714
61 661 -0.9285714285714286
62 63 -2.0
63 72 1.7857142857142858
63 98 0.5714285714285714
63 105 0.9285714285714286
64 65 1.3571428571428572
64 72 1.3571428571428572
64 73 1.7857142857142858
64 90 -1.7857142857142858
64 119 2.0
64 124 -1.3571428571428572
65 66 0.9285714285714286
65 73 0.5714285714285714
65 158 -1.3571428571428572
65 180 1.3571428571428572
65 187 -2.0
66 67 -1.7857142857142858
66 74 1.3571428571428572
66 209 -1.7857142857142858
66 247 -0.5714285714285714
67 68 1.7857142857142858
67 74 1.3571428571428572
67 75 0.5714285714285714
67 282 1.3571428571428572
67 308 -1.7857142857142858
67 315 0.9285714285714286
68 69 -2.0
68 75 0.9285714285714286
68 76 0.9285714285714286
68 343 -0.9285714285714286
68 352 1.3571428571428572
68 379 0.9285714285714286
68 387 2.0
69 76 0.9285714285714286
69 77 -1.7857142857142858
69 408 2.0
69 416 0.9285714285714286
69 444 -1.3571428571428572
70 71 1.7857142857142858
70 78 -0.9285714285714286
70 79 -0.9285714285714286
70 543 0.5714285714285714
70 552 -1.7857142857142858
70 579 0.5714285714285714
70 587 1.7857142857142858
71 79 1.3571428571428572
71 614 -1.7857142857142858
71 624 -2.0
71 652 -0.9285714285714286
71 660 1.3571428571428572
72 73 0.9285714285714286
72 90 1.3571428571428572
73 119 1.7857142857142858
73 124 -0.5714285714285714
73 158 2.0
74 75 -1.7857142857142858
74 247 0.5714285714285714
74 282 -1.7857142857142858
75 76 -1.3571428571428572
75 308 -0.5714285714285714
75 315 -1.7857142857142858
75 352 -1.7857142857142858
76 77 -1.7857142857142858
76 379 -1.7857142857142858
76 387 -0.9285714285714286
76 408 2.0
76 416 -1.3571428571428572
77 78 -0.5714285714285714
77 470 -1.3571428571428572
78 79 -1.7857142857142858
78 505 0.5714285714285714
78 515 0.5714285714285714
78 543 1.3571428571428572
78 552 -0.9285714285714286
79 80 0.9285714285714286
79 579 -1.7857142857142858
79 587 0.5714285714285714
79 614 -1.7857142857142858
79 624 1.3571428571428572
80 652 0.9285714285714286
80 660 1.7857142857142858
80 686 -1.7857142857142858
80 694 1.7857142857142858
81 82 -0.9285714285714286
81 91 -0.5714285714285714
81 126 0.9285714285714286
81 135 2.0
81 160 -1.3571428571428572
81 166 0.9285714285714286
82 83 -0.5714285714285714
82 91 -1.7857142857142858
82 92 1.3571428571428572
82 195 2.0
82 222 -0.5714285714285714
83 84 0.9285714285714286
83 92 -2.0
83 93 2.0
83 249 2.0
83 257 0.5714285714285714
83 284 1.7857142857142858
84 85 0.5714285714285714
84 93 0.9285714285714286
84 94 1.7857142857142858
84 317 0.5714285714285714
84 354 -2.0
85 86 -0.5714285714285714
85 94 2.0
85 388 -2.0
85 424 -0.5714285714285714
86 87 -1.7857142857142858
86 95 -1.3571428571428572
86 446 -0.9285714285714286
86 452 -2.0
86 480 -0.9285714285714286
86 488 0.5714285714285714
87 88 0.5714285714285714
87 95 -1.3571428571428572
87 525 -2.0
87 554 -1.3571428571428572
87 561 -1.7857142857142858
88 89 1.3571428571428572
88 96 2.0
88 588 -2.0
88 595 1.7857142857142858
88 625 1.3571428571428572
88 634 -2.0
89 90 -1.7857142857142858
89 96 0.5714285714285714
89 97 2.0
89 669 -2.0
90 97 -0.5714285714285714
91 92 1.7857142857142858
91 160 1.7857142857142858
91 166 -1.3571428571428572
91 195 2.0
92 93 1.3571428571428572
92 222 -2.0
92 249 -1.7857142857142858
92 257 -0.9285714285714286
93 94 1.7857142857142858
93 284 0.5714285714285714
93 317 -0.5714285714285714
94 354 0.5714285714285714
94 388 1.7857142857142858
95 480 1.3571428571428572
95 488 -0.9285714285714286
95 525 0.5714285714285714
96 97 -1.7857142857142858
96 625 0.9285714285714286
96 634 0.5714285714285714
96 669 0.5714285714285714
98 105 0.5714285714285714
99 100 2.0
99 106 -0.9285714285714286
99 158 0.9285714285714286
99 187 1.7857142857142858
100 101 -2.0
100 107 -0.5714285714285714
100 108 -0.5714285714285714
100 247 -2.0
101 102 -0.5714285714285714
101 108 -1.7857142857142858
101 109 -2.0
101 282 2.0
101 315 -0.5714285714285714
102 109 -1.7857142857142858
102 352 0.9285714285714286
102 387 -2.0
103 104 2.0
103 110 2.0
103 515 -0.9285714285714286
104 110 -0.9285714285714286
104 552 0.9285714285714286
104 587 0.5714285714285714
105 106 -1.3571428571428572
106 107 -1.3571428571428572
106 124 0.9285714285714286
107 108 2.0
107 187 -2.0
108 109 1.3571428571428572
108 247 0.5714285714285714
108 282 0.5714285714285714
109 315 -1.7857142857142858
109 352 0.9285714285714286
110 515 2.0
110 552 0.5714285714285714
111 660 -1.7857142857142858
111 694 1.7857142857142858
112 113 1.3571428571428572
112 126 -1.7857142857142858
112 136 0.5714285714285714
112 160 -1.7857142857142858
112 167 1.7857142857142858
113 114 -0.9285714285714286
113 196 0.9285714285714286
113 223 -0.5714285714285714
114 120 -0.9285714285714286
114 249 1.7857142857142858
114 258 0.5714285714285714
114 284 -1.3571428571428572
114 291 0.9285714285714286
115 116 -0.9285714285714286
115 121 -2.0
115 446 -1.3571428571428572
115 453 0.9285714285714286
115 480 1.3571428571428572
115 489 -0.5714285714285714
116 117 -1.7857142857142858
116 526 -0.5714285714285714
116 554 -2.0
116 562 0.5714285714285714
117 118 0.9285714285714286
117 122 -2.0
117 588 0.9285714285714286
117 596 2.0
117 625 2.0
117 635 -0.9285714285714286
118 119 -0.5714285714285714
118 122 -0.9285714285714286
118 123 2.0
119 123 -0.5714285714285714
119 124 -1.7857142857142858
120 284 -2.0
120 291 -0.9285714285714286
120 317 -1.7857142857142858
120 326 1.7857142857142858
121 480 2.0
121 489 2.0
122 123 -1.3571428571428572
122 625 2.0
122 635 1.3571428571428572
123 124 1.7857142857142858
125 126 1.3571428571428572
125 135 0.9285714285714286
126 127 1.3571428571428572
126 136 1.7857142857142858
127 128 0.9285714285714286
127 136 -1.3571428571428572
127 137 0.5714285714285714
127 144 0.9285714285714286
127 175 0.9285714285714286
128 129 1.3571428571428572
128 137 1.7857142857142858
128 138 0.9285714285714286
128 231 0.9285714285714286
129 130 -1.7857142857142858
129 138 0.5714285714285714
129 139 2.0
129 266 -1.7857142857142858
129 300 2.0
130 131 -2.0
130 139 -1.7857142857142858
130 140 1.7857142857142858
130 370 0.9285714285714286
131 132 0.5714285714285714
131 140 -0.5714285714285714
131 141 -2.0
131 400 1.3571428571428572
131 430 1.7857142857142858
132 133 -1.7857142857142858
132 141 -1.7857142857142858
132 462 -0.5714285714285714
132 496 0.5714285714285714
133 134 -1.3571428571428572
133 142 -2.0
133 535 -0.9285714285714286
133 571 0.5714285714285714
134 142 -1.7857142857142858
134 143 -1.3571428571428572
134 605 -1.7857142857142858
134 643 -1.3571428571428572
135 136 2.0
136 137 0.5714285714285714
136 144 -1.7857142857142858
137 138 1.7857142857142858
137 175 1.7857142857142858
138 139 -0.9285714285714286
138 231 1.3571428571428572
138 266 0.9285714285714286
139 140 -1.7857142857142858
139 300 -2.0
140 141 0.5714285714285714
140 370 0.5714285714285714
140 400 -0.5714285714285714
141 430 -0.5714285714285714
141 462 0.9285714285714286
142 143 -0.9285714285714286
142 571 1.7857142857142858
142 605 0.9285714285714286
143 643 -1.7857142857142858
143 678 -2.0
144 145 0.5714285714285714
144 152 -1.7857142857142858
144 161 2.0
144 167 -1.7857142857142858
145 146 1.3571428571428572
145 152 2.0
145 153 1.3571428571428572
145 196 0.5714285714285714
145 217 -1.7857142857142858
145 223 -0.5714285714285714
146 153 0.5714285714285714
146 154 1.3571428571428572
146 250 1.3571428571428572
146 258 -1.7857142857142858
146 291 1.3571428571428572
147 154 -2.0
147 155 0.9285714285714286
147 318 -2.0
147 326 -0.9285714285714286
147 355 -2.0
147 363 0.5714285714285714
148 149 -0.9285714285714286
148 453 -1.3571428571428572
148 481 -0.9285714285714286
148 489 -1.7857142857142858
149 150 -0.9285714285714286
149 156 0.9285714285714286
149 517 -2.0
149 526 -1.3571428571428572
149 562 -1.3571428571428572
150 151 0.5714285714285714
150 156 -1.7857142857142858
150 589 1.7857142857142858
150 596 -1.3571428571428572
150 626 -0.5714285714285714
150 635 1.3571428571428572
151 157 -1.7857142857142858
151 662 2.0
152 153 -2.0
152 161 1.3571428571428572
152 167 -0.5714285714285714
153 154 -0.5714285714285714
153 217 1.7857142857142858
153 223 -2.0
153 250 2.0
153 258 -1.7857142857142858
154 155 1.3571428571428572
154 285 2.0
154 291 2.0
154 318 -1.7857142857142858
154 326 1.3571428571428572
155 355 2.0
155 363 0.9285714285714286
156 562 -2.0
156 589 2.0
156 596 -0.9285714285714286
157 158 -0.5714285714285714
159 160 -2.0
159 166 1.3571428571428572
160 161 -2.0
160 166 2.0
160 167 1.3571428571428572
161 162 1.3571428571428572
161 167 -1.7857142857142858
161 168 2.0
161 175 -2.0
161 181 -0.9285714285714286
162 168 1.7857142857142858
162 169 2.0
162 231 0.5714285714285714
162 239 0.5714285714285714
163 164 0.5714285714285714
163 172 -0.5714285714285714
163 462 1.3571428571428572
163 496 0.5714285714285714
163 506 0.9285714285714286
164 165 -0.9285714285714286
164 173 -1.7857142857142858
164 535 -1.7857142857142858
164 544 1.3571428571428572
164 571 1.3571428571428572
165 173 -2.0
165 174 -0.9285714285714286
165 605 0.5714285714285714
165 615 1.3571428571428572
165 643 -1.7857142857142858
165 653 -1.3571428571428572
166 167 0.9285714285714286
167 168 0.5714285714285714
168 169 0.5714285714285714
168 175 -1.7857142857142858
168 181 0.9285714285714286
169 170 -1.7857142857142858
169 231 1.7857142857142858
169 239 0.5714285714285714
169 266 -0.9285714285714286
169 274 1.3571428571428572
170 171 -1.3571428571428572
170 300 2.0
170 309 1.7857142857142858
171 172 -0.9285714285714286
171 370 0.5714285714285714
171 380 1.3571428571428572
171 400 -2.0
171 409 0.5714285714285714
172 430 -1.3571428571428572
172 462 -1.7857142857142858
172 471 1.3571428571428572
173 174 0.9285714285714286
173 571 -2.0
173 605 0.9285714285714286
173 615 -1.7857142857142858
174 643 2.0
174 653 -1.3571428571428572
174 678 -2.0
175 176 -1.7857142857142858
175 181 -1.7857142857142858
176 181 -2.0
176 182 0.5714285714285714
176 197 1.3571428571428572
176 217 1.3571428571428572
176 224 1.3571428571428572
177 454 1.7857142857142858
177 481 -0.9285714285714286
177 490 1.3571428571428572
178 179 1.7857142857142858
178 185 -0.5714285714285714
178 589 2.0
178 597 2.0
178 626 -1.7857142857142858
178 636 -0.9285714285714286
179 180 2.0
179 185 -1.3571428571428572
179 186 -0.5714285714285714
179 662 -0.9285714285714286
179 670 1.7857142857142858
180 187 -0.5714285714285714
181 182 -0.5714285714285714
181 197 -0.5714285714285714
182 217 1.3571428571428572
182 224 -2.0
182 250 1.7857142857142858
183 355 1.3571428571428572
184 481 0.9285714285714286
184 490 1.7857142857142858
184 517 -1.3571428571428572
184 527 -0.5714285714285714
185 186 1.3571428571428572
185 626 -0.9285714285714286
185 636 0.5714285714285714
185 662 -2.0
185 670 1.7857142857142858
186 187 -0.5714285714285714
188 195 -2.0
189 190 1.7857142857142858
189 197 -2.0
189 198 2.0
189 202 1.7857142857142858
189 232 2.0
189 239 2.0
190 191 2.0
190 198 -1.7857142857142858
190 274 -2.0
190 309 0.5714285714285714
191 192 0.5714285714285714
191 199 1.7857142857142858
191 335 0.9285714285714286
191 371 2.0
191 380 -0.5714285714285714
192 193 1.7857142857142858
192 199 0.9285714285714286
192 401 -0.9285714285714286
192 409 -1.3571428571428572
192 431 1.3571428571428572
193 463 -1.3571428571428572
193 471 -1.3571428571428572
193 497 -0.9285714285714286
193 506 -2.0
194 200 0.5714285714285714
194 201 -0.9285714285714286
194 606 0.5714285714285714
194 644 0.9285714285714286
194 653 -1.3571428571428572
195 196 0.5714285714285714
196 197 1.3571428571428572
197 198 -0.5714285714285714
197 202 -1.3571428571428572
198 232 1.3571428571428572
198 239 0.5714285714285714
198 274 -1.3571428571428572
199 371 2.0
199 380 0.9285714285714286
199 401 0.5714285714285714
199 409 -0.5714285714285714
200 606 0.9285714285714286
200 615 0.9285714285714286
201 644 0.9285714285714286
201 653 -2.0
202 203 -1.3571428571428572
202 210 -0.5714285714285714
202 218 -0.9285714285714286
202 224 -0.9285714285714286
203 204 0.5714285714285714
203 210 0.5714285714285714
203 211 -0.9285714285714286
203 251 -0.5714285714285714
203 259 0.9285714285714286
203 286 -1.7857142857142858
203 292 -1.7857142857142858
204 205 -2.0
204 211 0.5714285714285714
204 212 -1.7857142857142858
204 319 -0.9285714285714286
204 327 -1.7857142857142858
204 356 -1.3571428571428572
205 212 0.9285714285714286
205 389 0.9285714285714286
205 417 1.3571428571428572
206 213 0.5714285714285714
206 447 0.5714285714285714
206 454 -0.5714285714285714
207 208 0.5714285714285714
207 214 -1.3571428571428572
207 590 1.7857142857142858
207 597 1.3571428571428572
207 627 0.5714285714285714
207 636 0.9285714285714286
208 209 1.3571428571428572
208 214 -2.0
208 215 2.0
208 663 -2.0
208 670 -0.5714285714285714
209 215 2.0
210 211 -1.3571428571428572
210 218 -0.9285714285714286
210 224 -1.7857142857142858
210 251 -2.0
210 259 1.3571428571428572
211 212 -0.5714285714285714
211 286 1.7857142857142858
211 292 2.0
211 319 0.5714285714285714
211 327 0.9285714285714286
212 356 -1.7857142857142858
212 389 0.9285714285714286
213 482 -0.5714285714285714
213 490 0.5714285714285714
213 527 -0.5714285714285714
214 215 -2.0
214 627 -1.7857142857142858
214 636 1.7857142857142858
214 663 -1.7857142857142858
214 670 -2.0
216 222 -0.5714285714285714
217 218 1.3571428571428572
217 224 -0.5714285714285714
218 219 1.3571428571428572
218 224 1.7857142857142858
218 225 -0.9285714285714286
218 232 1.3571428571428572
218 240 2.0
219 225 -0.9285714285714286
219 226 -0.5714285714285714
219 275 1.7857142857142858
219 301 1.7857142857142858
219 310 0.5714285714285714
220 227 -2.0
220 228 -1.3571428571428572
220 401 1.7857142857142858
220 410 -0.5714285714285714
220 431 0.5714285714285714
221 230 -2.0
221 606 1.3571428571428572
221 616 0.9285714285714286
221 644 -0.5714285714285714
221 654 -2.0
222 223 0.9285714285714286
223 224 -1.3571428571428572
224 225 1.7857142857142858
225 226 0.9285714285714286
225 232 -2.0
225 240 -0.5714285714285714
225 275 -2.0
226 227 1.7857142857142858
226 301 2.0
226 310 2.0
226 335 0.5714285714285714
226 344 0.9285714285714286
227 228 1.7857142857142858
227 371 1.7857142857142858
227 381 -1.3571428571428572
227 401 0.5714285714285714
227 410 2.0
228 229 1.3571428571428572
228 431 -2.0
228 463 0.5714285714285714
228 472 -0.5714285714285714
229 497 0.9285714285714286
229 507 -0.9285714285714286
229 536 1.7857142857142858
229 545 2.0
230 644 -0.5714285714285714
230 654 1.7857142857142858
231 232 -2.0
231 239 1.7857142857142858
232 233 -1.3571428571428572
232 239 0.9285714285714286
232 240 -2.0
233 234 -0.5714285714285714
233 240 0.9285714285714286
233 241 -2.0
233 251 0.5714285714285714
233 260 2.0
233 286 -1.3571428571428572
233 293 -0.9285714285714286
234 235 -0.5714285714285714
234 241 -1.7857142857142858
234 242 1.3571428571428572
234 328 -1.3571428571428572
234 356 -0.5714285714285714
234 364 -0.9285714285714286
235 236 2.0
235 242 2.0
235 243 2.0
235 389 -0.9285714285714286
235 394 -1.7857142857142858
235 417 2.0
235 425 1.7857142857142858
236 237 -2.0
236 243 -2.0
236 244 -1.7857142857142858
236 455 -1.3571428571428572
236 482 -0.5714285714285714
236 491 1.3571428571428572
237 238 2.0
237 518 -0.9285714285714286
237 528 -1.7857142857142858
237 555 1.3571428571428572
237 564 -0.9285714285714286
238 245 -1.7857142857142858
238 590 0.9285714285714286
238 598 1.3571428571428572
238 627 1.7857142857142858
238 637 -1.3571428571428572
239 240 -1.3571428571428572
240 241 -0.5714285714285714
240 251 -0.9285714285714286
240 260 -0.5714285714285714
241 242 -1.3571428571428572
241 286 2.0
241 293 -1.3571428571428572
241 319 -1.3571428571428572
241 328 -2.0
242 243 1.7857142857142858
242 356 -1.7857142857142858
242 364 2.0
242 389 2.0
242 394 1.7857142857142858
243 244 -1.7857142857142858
243 417 0.9285714285714286
243 447 1.3571428571428572
243 455 1.7857142857142858
244 482 -1.3571428571428572
244 491 -2.0
245 246 -1.3571428571428572
245 627 -2.0
245 637 -1.7857142857142858
245 663 0.5714285714285714
245 671 -1.3571428571428572
246 247 2.0
248 249 0.5714285714285714
248 257 -0.5714285714285714
249 250 2.0
249 257 0.9285714285714286
249 258 -1.3571428571428572
250 251 -0.5714285714285714
250 258 1.3571428571428572
250 259 2.0
251 252 1.3571428571428572
251 259 1.7857142857142858
251 260 2.0
252 253 -2.0
252 260 -0.5714285714285714
252 261 -0.5714285714285714
252 267 0.5714285714285714
252 275 -1.7857142857142858
252 302 0.5714285714285714
252 310 0.9285714285714286
253 261 -0.9285714285714286
253 262 -1.3571428571428572
253 336 0.5714285714285714
253 344 -1.3571428571428572
253 372 -1.3571428571428572
253 381 -2.0
254 255 -1.3571428571428572
254 263 -0.9285714285714286
254 264 0.9285714285714286
254 464 0.5714285714285714
254 472 1.7857142857142858
254 498 1.3571428571428572
254 507 -0.9285714285714286
255 256 -0.5714285714285714
255 264 1.3571428571428572
255 265 -0.9285714285714286
255 537 0.5714285714285714
255 545 1.3571428571428572
255 572 0.5714285714285714
255 580 1.3571428571428572
256 265 0.9285714285714286
256 607 -0.5714285714285714
256 616 0.5714285714285714
256 645 -0.5714285714285714
256 654 -1.3571428571428572
257 258 -2.0
258 259 1.7857142857142858
259 260 1.3571428571428572
260 261 0.9285714285714286
260 267 -0.9285714285714286
260 275 -1.7857142857142858
261 262 -2.0
261 302 2.0
261 310 0.9285714285714286
261 336 -0.9285714285714286
261 344 0.5714285714285714
262 263 -1.3571428571428572
262 372 0.5714285714285714
262 381 -0.9285714285714286
262 402 0.9285714285714286
263 264 -2.0
263 432 1.3571428571428572
263 464 -2.0
263 472 2.0
264 265 2.0
264 498 -1.7857142857142858
264 507 1.3571428571428572
264 537 -2.0
264 545 -1.3571428571428572
265 572 -1.7857142857142858
265 580 0.5714285714285714
265 607 -2.0
265 616 -0.9285714285714286
266 274 -0.9285714285714286
267 268 2.0
267 275 -0.5714285714285714
267 276 -1.3571428571428572
267 293 -0.9285714285714286
268 269 -1.7857142857142858
268 276 1.7857142857142858
268 277 0.5714285714285714
268 320 -2.0
268 328 1.7857142857142858
268 357 1.3571428571428572
268 364 -2.0
269 270 -0.9285714285714286
269 277 0.9285714285714286
269 390 -0.5714285714285714
269 394 -2.0
269 418 -2.0
269 425 0.5714285714285714
270 271 -0.9285714285714286
270 278 -2.0
270 455 2.0
270 483 -0.9285714285714286
270 491 1.3571428571428572
271 272 2.0
271 278 0.9285714285714286
271 279 -1.7857142857142858
271 519 1.3571428571428572
271 528 1.3571428571428572
271 556 -0.9285714285714286
271 564 -2.0
272 279 2.0
272 280 -0.5714285714285714
272 598 1.3571428571428572
272 628 -1.3571428571428572
272 637 0.5714285714285714
273 280 0.5714285714285714
273 281 -1.3571428571428572
273 664 2.0
273 671 1.7857142857142858
274 275 0.9285714285714286
275 276 0.9285714285714286
276 287 1.7857142857142858
276 293 -0.9285714285714286
276 320 0.9285714285714286
276 328 -2.0
277 357 -1.7857142857142858
277 364 2.0
277 390 0.9285714285714286
277 394 -2.0
278 279 2.0
278 483 -2.0
278 519 -0.9285714285714286
278 528 2.0
279 280 2.0
279 556 0.5714285714285714
279 564 -1.3571428571428572
279 598 -1.7857142857142858
280 281 2.0
280 628 0.9285714285714286
280 637 -1.3571428571428572
280 664 -0.5714285714285714
280 671 -1.7857142857142858
281 282 -1.7857142857142858
283 284 -0.5714285714285714
284 285 0.9285714285714286
284 291 -2.0
285 286 1.7857142857142858
285 291 -0.9285714285714286
285 292 0.9285714285714286
286 287 0.9285714285714286
286 292 0.9285714285714286
286 293 2.0
287 288 -0.9285714285714286
287 293 -1.3571428571428572
287 294 -1.7857142857142858
287 302 -2.0
287 311 0.5714285714285714
288 289 1.7857142857142858
288 294 0.5714285714285714
288 295 -1.7857142857142858
288 336 0.5714285714285714
288 345 -0.9285714285714286
288 372 2.0
288 382 0.5714285714285714
289 295 -1.7857142857142858
289 296 2.0
289 402 -1.7857142857142858
289 411 1.7857142857142858
289 432 0.9285714285714286
289 438 -2.0
290 298 -1.7857142857142858
290 299 -2.0
290 607 -1.3571428571428572
290 617 0.9285714285714286
290 645 -1.7857142857142858
290 655 1.3571428571428572
291 292 2.0
292 293 -1.7857142857142858
293 294 2.0
294 295 0.9285714285714286
294 302 -1.3571428571428572
294 311 -2.0
294 336 -0.9285714285714286
294 345 0.9285714285714286
295 296 -0.5714285714285714
295 372 -1.7857142857142858
295 382 0.5714285714285714
295 402 -1.7857142857142858
295 411 1.3571428571428572
296 297 -1.7857142857142858
296 432 -1.3571428571428572
296 438 1.7857142857142858
296 464 1.3571428571428572
297 298 -2.0
297 498 0.5714285714285714
297 508 -2.0
297 537 0.9285714285714286
298 299 1.7857142857142858
298 572 -0.5714285714285714
298 581 0.5714285714285714
298 607 -1.3571428571428572
298 617 -2.0
299 645 -1.3571428571428572
299 655 0.9285714285714286
299 679 -1.7857142857142858
299 687 0.9285714285714286
300 301 -1.7857142857142858
300 309 0.5714285714285714
301 302 -1.3571428571428572
301 309 -1.7857142857142858
301 310 1.3571428571428572
302 303 1.7857142857142858
302 310 -1.3571428571428572
302 311 2.0
303 304 1.7857142857142858
303 311 -1.7857142857142858
303 312 0.9285714285714286
303 320 -1.3571428571428572
303 329 0.9285714285714286
303 357 0.9285714285714286
304 305 -0.5714285714285714
304 312 1.7857142857142858
304 390 0.5714285714285714
304 395 1.7857142857142858
304 418 -1.7857142857142858
305 456 0.5714285714285714
305 483 1.3571428571428572
305 492 0.5714285714285714
306 307 -0.9285714285714286
306 313 -0.5714285714285714
306 314 -1.3571428571428572
306 599 0.5714285714285714
306 628 1.3571428571428572
306 638 -2.0
307 308 -0.9285714285714286
307 314 -2.0
307 664 1.3571428571428572
307 672 1.7857142857142858
308 315 -1.7857142857142858
309 310 -0.9285714285714286
310 311 -2.0
311 312 2.0
311 320 -2.0
311 329 -1.7857142857142858
312 357 -1.3571428571428572
312 390 0.5714285714285714
312 395 -1.3571428571428572
313 314 0.9285714285714286
313 556 -2.0
313 565 0.5714285714285714
313 599 1.7857142857142858
314 628 0.9285714285714286
314 638 -0.9285714285714286
314 664 -1.7857142857142858
314 672 0.9285714285714286
316 317 -0.5714285714285714
317 318 1.3571428571428572
317 326 -1.7857142857142858
318 319 1.7857142857142858
318 326 0.9285714285714286
318 327 -2.0
319 320 -1.3571428571428572
319 327 2.0
319 328 -1.3571428571428572
320 321 -0.5714285714285714
320 328 -1.3571428571428572
320 329 1.7857142857142858
321 322 -0.9285714285714286
321 329 0.5714285714285714
321 330 0.9285714285714286
321 337 -0.9285714285714286
321 345 0.5714285714285714
321 373 -2.0
321 382 0.9285714285714286
322 323 -1.7857142857142858
322 330 0.9285714285714286
322 331 1.3571428571428572
322 403 2.0
322 411 0.9285714285714286
322 433 -0.9285714285714286
322 438 0.5714285714285714
323 324 -0.9285714285714286
323 331 0.9285714285714286
323 332 0.9285714285714286
323 473 -1.7857142857142858
323 499 -2.0
323 508 -1.7857142857142858
324 325 -1.7857142857142858
324 332 -2.0
324 333 1.7857142857142858
324 538 -1.7857142857142858
324 573 -0.9285714285714286
324 581 1.7857142857142858
325 333 2.0
325 334 0.9285714285714286
325 608 1.7857142857142858
325 617 -1.3571428571428572
325 646 -0.5714285714285714
325 655 -0.9285714285714286
326 327 -0.9285714285714286
327 328 1.7857142857142858
328 329 0.9285714285714286
329 330 -0.9285714285714286
329 337 -0.5714285714285714
329 345 -0.5714285714285714
330 331 0.9285714285714286
330 373 1.7857142857142858
330 382 -0.5714285714285714
330 403 1.7857142857142858
330 411 -1.7857142857142858
331 332 -0.9285714285714286
331 433 -0.9285714285714286
331 438 -2.0
331 473 -2.0
332 333 0.9285714285714286
332 499 0.9285714285714286
332 508 -0.9285714285714286
332 538 1.3571428571428572
333 334 0.9285714285714286
333 573 1.7857142857142858
333 581 -0.5714285714285714
333 608 1.3571428571428572
333 617 -1.3571428571428572
334 646 1.3571428571428572
334 655 2.0
334 680 -0.5714285714285714
334 687 -1.3571428571428572
335 336 -1.7857142857142858
335 344 -1.3571428571428572
336 337 -1.7857142857142858
336 344 2.0
336 345 1.3571428571428572
337 338 0.9285714285714286
337 345 0.9285714285714286
337 346 2.0
337 358 2.0
338 339 -0.9285714285714286
338 346 2.0
338 347 0.9285714285714286
338 391 -0.5714285714285714
338 395 1.7857142857142858
338 419 -1.7857142857142858
339 340 1.7857142857142858
339 347 -0.5714285714285714
339 348 -0.5714285714285714
339 456 0.5714285714285714
339 492 0.5714285714285714
340 341 -0.9285714285714286
340 348 1.3571428571428572
340 349 -1.3571428571428572
340 520 -2.0
340 529 -2.0
340 557 0.5714285714285714
340 565 -1.7857142857142858
341 342 -0.9285714285714286
341 350 0.9285714285714286
341 591 -0.5714285714285714
341 629 2.0
341 638 2.0
342 343 1.7857142857142858
342 350 0.9285714285714286
342 351 -2.0
342 665 -1.7857142857142858
342 672 -1.7857142857142858
343 351 1.3571428571428572
343 352 -0.5714285714285714
344 345 1.7857142857142858
345 346 -1.7857142857142858
346 347 0.9285714285714286
346 358 -2.0
346 391 1.3571428571428572
346 395 0.9285714285714286
347 348 1.3571428571428572
347 419 -1.7857142857142858
347 456 1.3571428571428572
348 349 0.9285714285714286
348 484 -1.3571428571428572
348 492 0.9285714285714286
348 520 0.5714285714285714
348 529 1.3571428571428572
349 350 -1.7857142857142858
349 557 -0.9285714285714286
349 565 -0.9285714285714286
349 591 1.7857142857142858
349 599 -1.7857142857142858
350 351 -0.5714285714285714
350 629 -1.7857142857142858
350 665 -2.0
350 672 -1.7857142857142858
351 352 -1.3571428571428572
353 354 1.3571428571428572
354 355 -0.9285714285714286
354 363 1.7857142857142858
355 356 -2.0
355 363 -1.3571428571428572
356 357 -1.7857142857142858
356 364 2.0
357 358 2.0
357 364 -0.5714285714285714
358 359 -1.7857142857142858
358 365 -0.9285714285714286
358 373 -0.5714285714285714
359 360 1.3571428571428572
359 365 -0.5714285714285714
359 366 -2.0
359 403 0.9285714285714286
359 412 -1.7857142857142858
359 433 1.7857142857142858
360 361 -2.0
360 366 0.5714285714285714
360 367 1.3571428571428572
360 474 1.3571428571428572
360 499 -1.3571428571428572
360 509 0.5714285714285714
361 362 2.0
361 367 -1.3571428571428572
361 368 -2.0
361 538 1.3571428571428572
361 546 -2.0
361 573 -1.3571428571428572
361 582 1.3571428571428572
362 368 0.9285714285714286
362 369 2.0
362 608 -1.7857142857142858
362 618 2.0
362 646 -0.9285714285714286
362 656 1.3571428571428572
365 366 -0.5714285714285714
365 373 1.3571428571428572
365 412 0.5714285714285714
366 367 -0.9285714285714286
366 474 2.0
367 368 0.5714285714285714
367 499 2.0
367 509 0.9285714285714286
367 538 -0.5714285714285714
367 546 1.7857142857142858
368 369 -1.7857142857142858
368 573 0.5714285714285714
368 582 0.5714285714285714
368 608 0.9285714285714286
368 618 0.5714285714285714
369 646 -0.9285714285714286
369 656 -1.7857142857142858
369 680 1.3571428571428572
369 688 -1.7857142857142858
370 380 -1.7857142857142858
371 372 -1.7857142857142858
371 380 2.0
371 381 1.7857142857142858
372 373 -1.3571428571428572
372 381 0.9285714285714286
372 382 -0.5714285714285714
373 374 1.3571428571428572
373 382 -1.7857142857142858
374 375 2.0
374 383 -1.7857142857142858
374 391 1.3571428571428572
374 396 1.3571428571428572
374 419 2.0
374 426 -1.3571428571428572
375 376 -1.3571428571428572
375 383 -0.5714285714285714
375 384 0.9285714285714286
375 457 1.3571428571428572
375 484 2.0
376 384 2.0
376 385 -2.0
376 520 -2.0
376 530 -0.9285714285714286
376 557 -1.3571428571428572
376 566 0.5714285714285714
377 378 0.5714285714285714
377 385 -1.7857142857142858
377 386 1.3571428571428572
377 591 0.9285714285714286
377 600 -0.9285714285714286
377 629 1.3571428571428572
377 639 -1.7857142857142858
378 379 1.7857142857142858
378 386 1.3571428571428572
378 665 -0.5714285714285714
378 673 -0.5714285714285714
379 387 -1.3571428571428572
380 381 0.5714285714285714
381 382 -0.9285714285714286
383 384 -2.0
383 419 -0.9285714285714286
383 426 2.0
383 457 -0.9285714285714286
384 385 0.9285714285714286
384 484 -0.9285714285714286
384 520 -1.3571428571428572
384 530 -0.9285714285714286
385 386 -0.9285714285714286
385 557 0.5714285714285714
385 566 1.7857142857142858
385 591 0.5714285714285714
385 600 -2.0
386 629 1.3571428571428572
386 639 -0.5714285714285714
386 665 0.5714285714285714
386 673 -0.5714285714285714
389 390 2.0
389 394 -1.3571428571428572
390 391 2.0
390 394 1.3571428571428572
390 395 0.5714285714285714
391 395 0.5714285714285714
391 396 -0.5714285714285714
392 393 -1.7857142857142858
392 397 0.5714285714285714
392 398 -0.9285714285714286
392 465 -0.5714285714285714
392 474 0.9285714285714286
392 500 -1.7857142857142858
392 509 0.9285714285714286
393 398 -0.5714285714285714
393 539 -0.9285714285714286
393 546 -0.5714285714285714
393 574 0.5714285714285714
393 582 -0.5714285714285714
395 396 1.3571428571428572
396 397 2.0
396 412 0.9285714285714286
397 398 -2.0
397 439 -0.9285714285714286
397 465 -0.5714285714285714
397 474 1.3571428571428572
398 500 2.0
398 539 0.9285714285714286
398 546 -1.7857142857142858
399 647 1.7857142857142858
399 656 -0.5714285714285714
399 681 0.5714285714285714
399 688 1.3571428571428572
400 401 1.7857142857142858
400 409 0.5714285714285714
401 402 -0.5714285714285714
401 409 0.9285714285714286
401 410 -1.3571428571428572
402 403 -2.0
402 410 -0.5714285714285714
402 411 -0.9285714285714286
403 411 -2.0
403 412 2.0
404 413 1.3571428571428572
404 414 2.0
404 448 -2.0
404 457 2.0
405 406 1.7857142857142858
405 414 -0.5714285714285714
405 521 -1.7857142857142858
405 530 -1.7857142857142858
405 558 1.7857142857142858
405 566 -2.0
406 407 1.7857142857142858
406 592 1.7857142857142858
406 600 0.9285714285714286
406 639 0.9285714285714286
407 408 0.5714285714285714
407 415 -1.7857142857142858
407 673 -0.5714285714285714
408 415 1.7857142857142858
408 416 -1.3571428571428572
409 410 1.7857142857142858
410 411 0.5714285714285714
411 412 -0.5714285714285714
412 413 -0.5714285714285714
413 414 -2.0
413 420 -1.7857142857142858
413 426 1.3571428571428572
413 448 -2.0
413 457 2.0
414 521 -2.0
414 530 0.9285714285714286
415 416 -2.0
417 418 0.9285714285714286
417 425 -0.5714285714285714
418 419 2.0
418 425 1.7857142857142858
419 420 1.3571428571428572
419 426 -1.3571428571428572
420 421 -1.3571428571428572
420 426 -1.7857142857142858
420 427 1.7857142857142858
420 440 -0.5714285714285714
421 422 2.0
421 427 -0.5714285714285714
421 428 0.5714285714285714
421 465 1.7857142857142858
421 475 -1.3571428571428572
421 500 -1.3571428571428572
421 510 -1.3571428571428572
422 423 1.3571428571428572
422 428 -0.5714285714285714
422 429 1.3571428571428572
422 539 1.3571428571428572
422 547 0.5714285714285714
422 574 2.0
422 583 -1.3571428571428572
423 429 0.5714285714285714
423 609 2.0
423 619 -1.3571428571428572
423 647 -0.9285714285714286
423 657 -0.9285714285714286
426 427 -2.0
427 428 -0.9285714285714286
427 440 1.3571428571428572
427 465 -1.7857142857142858
427 475 -1.3571428571428572
428 429 -2.0
428 500 2.0
428 510 1.7857142857142858
428 539 -2.0
428 547 -1.3571428571428572
429 574 0.9285714285714286
429 583 0.5714285714285714
429 609 -1.7857142857142858
429 619 -1.7857142857142858
430 431 -0.5714285714285714
431 432 -1.3571428571428572
432 433 1.3571428571428572
432 438 0.9285714285714286
433 438 1.7857142857142858
433 439 0.5714285714285714
434 435 -0.5714285714285714
434 440 -0.9285714285714286
434 441 -2.0
434 448 -1.3571428571428572
434 458 1.3571428571428572
435 436 -0.5714285714285714
435 441 -1.7857142857142858
435 521 0.5714285714285714
435 531 -1.3571428571428572
435 558 -0.5714285714285714
435 567 -0.9285714285714286
436 437 1.3571428571428572
436 442 -0.5714285714285714
436 443 -0.9285714285714286
436 592 -0.9285714285714286
436 601 -1.3571428571428572
436 630 2.0
436 640 1.7857142857142858
437 443 2.0
437 666 0.9285714285714286
437 674 0.9285714285714286
438 439 -0.5714285714285714
439 440 1.3571428571428572
440 441 -1.3571428571428572
440 448 1.3571428571428572
440 458 -1.3571428571428572
441 442 -1.3571428571428572
441 521 1.7857142857142858
441 531 1.7857142857142858
442 443 1.7857142857142858
442 558 -1.3571428571428572
442 592 -2.0
442 601 2.0
443 630 0.9285714285714286
443 640 -0.9285714285714286
443 666 0.9285714285714286
443 674 -1.7857142857142858
445 446 2.0
445 452 0.9285714285714286
446 452 2.0
446 453 -2.0
447 454 2.0
447 455 -2.0
448 449 -0.5714285714285714
448 457 1.3571428571428572
448 458 0.5714285714285714
449 450 -0.9285714285714286
449 458 1.7857142857142858
449 459 1.7857142857142858
449 466 0.9285714285714286
449 475 1.3571428571428572
449 501 1.7857142857142858
449 510 -0.9285714285714286
450 451 1.3571428571428572
450 459 0.5714285714285714
450 460 0.9285714285714286
450 540 -1.7857142857142858
450 547 2.0
450 575 1.3571428571428572
450 583 1.7857142857142858
451 460 -1.3571428571428572
451 461 0.5714285714285714
451 610 -2.0
451 619 1.7857142857142858
451 648 1.7857142857142858
451 657 0.5714285714285714
453 454 1.3571428571428572
454 455 1.7857142857142858
455 456 2.0
456 457 -0.5714285714285714
457 458 1.7857142857142858
458 459 -2.0
458 466 -2.0
458 475 -0.5714285714285714
459 460 -0.5714285714285714
459 501 -2.0
459 510 -1.3571428571428572
459 540 1.3571428571428572
459 547 1.7857142857142858
460 461 -0.9285714285714286
460 575 0.5714285714285714
460 583 1.7857142857142858
460 610 0.9285714285714286
460 619 0.5714285714285714
461 648 -1.7857142857142858
461 657 -0.9285714285714286
461 682 -1.3571428571428572
461 689 1.7857142857142858
462 463 -2.0
462 471 -1.7857142857142858
463 464 0.5714285714285714
463 471 -1.3571428571428572
463 472 2.0
464 472 2.0
464 473 -0.5714285714285714
465 466 -1.7857142857142858
465 474 -0.9285714285714286
465 475 -1.7857142857142858
466 467 1.3571428571428572
466 475 2.0
466 476 -0.9285714285714286
466 485 -0.5714285714285714
467 468 0.9285714285714286
467 476 -0.9285714285714286
467 477 -1.7857142857142858
467 522 -2.0
467 531 -1.7857142857142858
467 559 -1.7857142857142858
467 567 -1.7857142857142858
468 469 1.3571428571428572
468 477 -2.0
468 478 2.0
468 593 -0.5714285714285714
468 601 1.7857142857142858
468 631 -1.3571428571428572
468 640 -1.3571428571428572
469 470 -1.7857142857142858
469 478 -2.0
469 667 -1.7857142857142858
469 674 -0.9285714285714286
471 472 -2.0
472 473 -1.7857142857142858
473 474 -0.5714285714285714
474 475 -2.0
475 476 -0.5714285714285714
476 477 0.5714285714285714
476 485 -0.5714285714285714
476 522 1.3571428571428572
476 531 -1.3571428571428572
477 478 -0.9285714285714286
477 559 -2.0
477 567 2.0
477 593 1.3571428571428572
477 601 -0.9285714285714286
478 631 1.7857142857142858
478 640 -0.9285714285714286
478 667 0.9285714285714286
478 674 -0.5714285714285714
479 480 0.5714285714285714
479 488 -2.0
480 481 -0.9285714285714286
480 488 1.7857142857142858
480 489 2.0
481 482 0.5714285714285714
481 489 -0.5714285714285714
481 490 1.7857142857142858
482 483 0.9285714285714286
482 491 -0.5714285714285714
483 484 1.7857142857142858
483 491 -0.5714285714285714
483 492 -2.0
484 492 -2.0
485 486 -2.0
485 493 1.3571428571428572
485 501 1.7857142857142858
485 511 0.9285714285714286
486 487 -2.0
486 493 1.3571428571428572
486 494 2.0
486 540 1.3571428571428572
486 548 -2.0
486 575 -1.7857142857142858
486 584 -0.9285714285714286
487 494 1.7857142857142858
487 495 0.5714285714285714
487 610 -1.3571428571428572
487 620 1.3571428571428572
487 648 1.7857142857142858
488 489 0.9285714285714286
489 490 2.0
490 491 0.9285714285714286
491 492 -1.7857142857142858
493 494 0.5714285714285714
493 501 0.9285714285714286
493 511 -1.7857142857142858
493 540 -0.9285714285714286
493 548 -0.5714285714285714
494 495 -1.7857142857142858
494 575 1.7857142857142858
494 584 -2.0
494 610 -2.0
494 620 -1.7857142857142858
495 648 -1.7857142857142858
495 682 -1.7857142857142858
495 690 -1.7857142857142858
496 497 -2.0
496 506 -0.9285714285714286
497 498 -0.9285714285714286
497 506 -0.9285714285714286
497 507 -2.0
498 499 -1.3571428571428572
498 507 -1.7857142857142858
498 508 -0.9285714285714286
499 500 1.3571428571428572
499 508 -1.7857142857142858
499 509 -0.5714285714285714
500 501 -0.9285714285714286
500 509 2.0
500 510 1.3571428571428572
501 502 -0.9285714285714286
501 510 1.7857142857142858
501 511 1.7857142857142858
502 503 0.5714285714285714
502 512 -0.9285714285714286
502 522 -2.0
502 532 0.5714285714285714
502 559 -0.5714285714285714
502 568 -1.7857142857142858
503 504 2.0
503 512 0.9285714285714286
503 513 0.9285714285714286
503 593 1.7857142857142858
503 602 1.3571428571428572
503 631 1.3571428571428572
503 641 0.9285714285714286
504 505 0.5714285714285714
504 513 -2.0
504 514 2.0
504 667 -0.5714285714285714
504 675 0.9285714285714286
505 514 1.7857142857142858
505 515 -1.3571428571428572
506 507 1.3571428571428572
507 508 -0.5714285714285714
508 509 -2.0
509 510 -1.7857142857142858
510 511 -0.9285714285714286
511 522 -0.9285714285714286
511 532 1.7857142857142858
512 513 1.7857142857142858
512 559 1.3571428571428572
512 568 0.5714285714285714
512 602 -1.3571428571428572
513 514 -0.5714285714285714
513 631 -1.7857142857142858
513 641 0.9285714285714286
513 667 -0.9285714285714286
513 675 2.0
514 515 -2.0
516 525 2.0
517 518 0.9285714285714286
517 526 1.7857142857142858
517 527 1.7857142857142858
518 519 -0.5714285714285714
518 527 0.5714285714285714
518 528 -2.0
519 520 0.9285714285714286
519 528 0.9285714285714286
519 529 -0.9285714285714286
520 521 -1.3571428571428572
520 529 -2.0
520 530 1.7857142857142858
521 522 2.0
521 530 -1.3571428571428572
521 531 -0.5714285714285714
522 523 -1.7857142857142858
522 531 0.5714285714285714
522 532 0.5714285714285714
523 532 1.3571428571428572
523 533 1.7857142857142858
523 548 1.3571428571428572
523 576 1.3571428571428572
524 534 -0.5714285714285714
524 611 0.5714285714285714
524 620 1.7857142857142858
524 649 1.7857142857142858
525 526 -1.3571428571428572
526 527 -1.3571428571428572
527 528 -0.9285714285714286
528 529 -0.5714285714285714
529 530 2.0
530 531 2.0
531 532 -0.9285714285714286
532 533 0.9285714285714286
532 548 -0.9285714285714286
533 534 -1.3571428571428572
533 576 1.3571428571428572
533 584 -1.3571428571428572
533 611 -1.3571428571428572
533 620 0.9285714285714286
534 649 -0.9285714285714286
534 683 1.7857142857142858
534 690 -1.7857142857142858
535 536 -2.0
535 544 1.3571428571428572
536 537 2.0
536 544 0.9285714285714286
536 545 -0.5714285714285714
537 538 0.5714285714285714
537 545 1.3571428571428572
538 539 0.9285714285714286
538 546 1.3571428571428572
539 540 2.0
539 546 0.9285714285714286
539 547 -0.5714285714285714
540 547 0.5714285714285714
540 548 -0.9285714285714286
541 542 0.9285714285714286
541 549 -1.3571428571428572
541 550 1.3571428571428572
541 594 0.5714285714285714
541 602 -0.9285714285714286
541 632 1.3571428571428572
541 641 0.5714285714285714
542 543 -0.5714285714285714
542 550 -1.3571428571428572
542 551 1.3571428571428572
542 668 -1.7857142857142858
542 675 -2.0
543 551 0.5714285714285714
543 552 1.7857142857142858
544 545 1.3571428571428572
546 547 -0.5714285714285714
547 548 -1.3571428571428572
548 549 0.9285714285714286
549 550 1.3571428571428572
549 560 -1.7857142857142858
549 568 -1.3571428571428572
549 594 -1.3571428571428572
549 602 2.0
550 551 0.5714285714285714
550 632 0.5714285714285714
550 641 -0.9285714285714286
550 668 1.3571428571428572
550 675 -1.7857142857142858
551 552 1.7857142857142858
553 554 -0.9285714285714286
553 561 0.9285714285714286
554 561 2.0
554 562 0.5714285714285714
555 556 -0.9285714285714286
555 563 1.3571428571428572
555 564 -0.9285714285714286
556 557 -2.0
556 564 -2.0
556 565 1.3571428571428572
557 558 0.5714285714285714
557 565 1.3571428571428572
557 566 0.9285714285714286
558 559 2.0
558 566 -1.3571428571428572
558 567 2.0
559 560 -2.0
559 567 -0.9285714285714286
559 568 2.0
560 568 -0.5714285714285714
560 569 0.5714285714285714
560 576 0.9285714285714286
561 562 2.0
562 563 1.3571428571428572
563 564 -1.7857142857142858
564 565 -2.0
566 567 1.7857142857142858
567 568 0.5714285714285714
568 569 2.0
569 570 -1.3571428571428572
569 576 2.0
569 611 0.5714285714285714
569 621 0.9285714285714286
570 649 -0.9285714285714286
570 683 2.0
572 573 2.0
572 580 2.0
572 581 0.5714285714285714
573 574 -1.3571428571428572
573 581 2.0
573 582 0.9285714285714286
574 575 1.3571428571428572
574 582 -1.3571428571428572
574 583 1.7857142857142858
575 576 -0.9285714285714286
575 583 -1.7857142857142858
575 584 -1.7857142857142858
576 577 1.3571428571428572
576 584 -0.5714285714285714
577 578 1.3571428571428572
577 585 -1.3571428571428572
577 594 -2.0
577 603 2.0
577 632 -0.9285714285714286
578 579 2.0
578 585 -0.9285714285714286
578 586 1.3571428571428572
578 668 1.7857142857142858
578 676 -2.0
579 586 -1.3571428571428572
579 587 1.3571428571428572
580 581 -1.7857142857142858
582 583 -1.7857142857142858
583 584 0.9285714285714286
585 586 1.3571428571428572
585 632 -1.7857142857142858
585 668 0.9285714285714286
585 676 -1.7857142857142858
586 587 -2.0
588 589 -1.3571428571428572
588 595 1.3571428571428572
588 596 -0.5714285714285714
589 590 -1.3571428571428572
589 596 2.0
589 597 0.9285714285714286
590 597 -1.3571428571428572
590 598 -1.7857142857142858
591 592 0.9285714285714286
591 599 0.5714285714285714
591 600 -0.9285714285714286
592 593 -2.0
592 600 -1.3571428571428572
592 601 0.9285714285714286
593 594 1.3571428571428572
593 601 0.5714285714285714
593 602 2.0
594 602 1.3571428571428572
594 603 -0.9285714285714286
595 596 -1.7857142857142858
596 597 -0.9285714285714286
597 598 1.7857142857142858
598 599 2.0
599 600 1.3571428571428572
600 601 -0.9285714285714286
601 602 -2.0
602 603 -1.3571428571428572
603 604 -0.5714285714285714
603 621 0.5714285714285714
604 650 0.5714285714285714
604 684 0.5714285714285714
604 691 -2.0
605 606 -2.0
605 615 0.5714285714285714
606 607 1.3571428571428572
606 615 2.0
606 616 -1.3571428571428572
607 608 -0.9285714285714286
607 617 1.3571428571428572
608 609 -0.9285714285714286
608 617 -2.0
608 618 1.7857142857142858
609 610 1.7857142857142858
609 618 2.0
609 619 -2.0
610 611 -0.9285714285714286
610 619 -0.5714285714285714
610 620 2.0
611 612 1.7857142857142858
611 620 1.7857142857142858
611 621 -1.3571428571428572
612 613 -2.0
612 621 -1.7857142857142858
612 622 -2.0
612 633 -0.5714285714285714
613 614 0.5714285714285714
613 622 -2.0
613 623 -0.9285714285714286
613 676 1.7857142857142858
614 623 2.0
614 624 -2.0
615 616 0.9285714285714286
616 617 1.3571428571428572
617 618 -0.5714285714285714
618 619 -1.3571428571428572
619 620 2.0
620 621 -0.9285714285714286
621 622 -2.0
622 623 1.3571428571428572
622 633 1.7857142857142858
622 676 0.5714285714285714
623 624 -0.5714285714285714
625 626 1.7857142857142858
625 634 -0.9285714285714286
625 635 -2.0
626 627 0.9285714285714286
626 635 -2.0
626 636 -0.9285714285714286
627 628 0.5714285714285714
627 636 0.5714285714285714
627 637 -0.9285714285714286
628 629 -2.0
628 637 -0.5714285714285714
628 638 2.0
629 630 -1.7857142857142858
629 638 -1.7857142857142858
629 639 1.7857142857142858
630 631 -1.3571428571428572
630 639 -1.3571428571428572
630 640 -2.0
631 632 1.3571428571428572
631 640 1.3571428571428572
631 641 0.9285714285714286
632 633 -0.5714285714285714
632 641 -0.9285714285714286
633 642 2.0
633 650 1.3571428571428572
633 658 -1.3571428571428572
634 635 -0.9285714285714286
635 636 1.3571428571428572
636 637 -1.7857142857142858
637 638 0.5714285714285714
638 639 2.0
639 640 0.5714285714285714
640 641 -2.0
642 650 -0.9285714285714286
642 658 -1.3571428571428572
642 684 2.0
642 692 1.3571428571428572
643 644 -1.3571428571428572
643 653 -2.0
644 645 -1.3571428571428572
644 653 -1.3571428571428572
644 654 -2.0
645 646 -2.0
645 654 1.3571428571428572
645 655 1.3571428571428572
646 647 2.0
646 655 -0.5714285714285714
646 656 -1.7857142857142858
647 648 -0.9285714285714286
647 656 1.3571428571428572
647 657 -2.0
648 649 0.5714285714285714
648 657 0.5714285714285714
649 650 -2.0
650 658 2.0
651 652 0.9285714285714286
651 658 -2.0
651 659 0.5714285714285714
651 677 -1.7857142857142858
652 659 -0.5714285714285714
652 660 2.0
653 654 -1.7857142857142858
654 655 -0.5714285714285714
655 656 -1.3571428571428572
656 657 -0.5714285714285714
658 659 0.5714285714285714
658 677 -0.9285714285714286
661 669 2.0
662 663 -0.9285714285714286
662 670 -1.7857142857142858
663 664 -1.7857142857142858
663 670 -0.5714285714285714
663 671 1.7857142857142858
664 665 -0.5714285714285714
664 671 0.5714285714285714
664 672 2.0
665 666 -2.0
665 672 -0.9285714285714286
665 673 -0.9285714285714286
666 667 1.7857142857142858
666 673 1.3571428571428572
667 668 -0.5714285714285714
667 674 1.7857142857142858
667 675 -2.0
668 675 0.5714285714285714
668 676 -0.5714285714285714
670 671 1.3571428571428572
671 672 0.5714285714285714
672 673 -1.7857142857142858
673 674 -0.9285714285714286
674 675 -0.9285714285714286
675 676 1.3571428571428572
676 677 -2.0
677 685 0.9285714285714286
677 692 -2.0
679 680 -0.5714285714285714
679 687 -1.3571428571428572
680 681 1.3571428571428572
680 687 0.9285714285714286
680 688 1.7857142857142858
681 682 1.7857142857142858
681 688 -1.3571428571428572
681 689 0.5714285714285714
682 683 -0.9285714285714286
682 690 -2.0
683 684 2.0
683 690 -1.3571428571428572
683 691 2.0
684 685 2.0
684 691 1.7857142857142858
684 692 1.3571428571428572
685 686 -1.3571428571428572
685 692 -0.9285714285714286
685 693 -1.3571428571428572
686 693 1.7857142857142858
686 694 -2.0
687 688 -1.3571428571428572
688 689 -1.7857142857142858
689 690 -0.5714285714285714
691 692 -2.0
692 693 0.5714285714285714
693 694 1.7857142857142858
