568 2286
1 1 6.357142857142857
2 2 -1.6428571428571426
3 3 8.214285714285715
4 4 -1.0714285714285714
5 5 -1.9285714285714288
6 6 -0.8571428571428572
7 7 -2.928571428571428
8 8 -1.5714285714285716
9 9 0.9285714285714284
10 10 -0.8571428571428572
11 11 0.5
12 12 -4.928571428571429
13 13 -3.714285714285715
14 14 2.571428571428571
15 15 -3.7857142857142856
16 16 -0.2142857142857142
17 17 4.142857142857143
18 18 -2.071428571428571
19 19 4.142857142857142
20 20 -0.5714285714285712
21 21 0.2857142857142858
22 22 -2.428571428571429
23 23 -0.0714285714285714
24 24 5.428571428571429
25 25 -2.2142857142857144
26 26 4.428571428571429
27 27 -1.2142857142857142
28 28 0.5714285714285714
29 29 -1.9999999999999998
30 30 -3.5000000000000004
31 31 -3.0
32 32 -1.7857142857142858
33 33 -3.1428571428571432
34 34 -4.714285714285714
35 35 -5.642857142857142
36 36 -1.2857142857142858
37 37 -2.285714285714286
38 38 -0.4285714285714286
39 39 1.0714285714285714
40 40 -0.2857142857142858
41 41 2.5714285714285716
43 43 -0.2857142857142856
44 44 3.428571428571429
45 45 -4.357142857142857
46 46 1.7857142857142856
47 47 -7.5
48 48 -2.2857142857142856
49 49 1.2857142857142856
50 50 0.3571428571428572
51 51 2.1428571428571432
52 52 0.2857142857142856
53 53 0.1428571428571428
54 54 -6.857142857142858
55 55 2.142857142857143
56 56 3.2142857142857144
57 57 2.5
58 58 9.071428571428571
59 59 6.928571428571429
60 60 -1.142857142857143
61 61 3.1428571428571432
62 62 -2.3571428571428577
63 63 -3.2857142857142856
64 64 1.7142857142857142
65 65 -0.7857142857142854
66 66 -2.142857142857143
67 67 1.0714285714285712
68 68 -4.357142857142858
69 69 2.928571428571429
70 70 3.2142857142857144
71 71 0.1428571428571428
72 72 -1.0714285714285712
73 73 -6.857142857142858
74 74 1.3571428571428574
75 75 -4.357142857142858
76 76 4.285714285714286
77 77 0.8571428571428568
78 78 -5.785714285714286
79 79 1.1428571428571428
80 80 -2.1428571428571432
81 81 -0.7142857142857149
82 82 -0.2857142857142856
83 83 0.6428571428571432
84 84 -1.3571428571428572
85 85 -2.1428571428571432
86 86 0.07142857142857162
87 87 -2.928571428571429
88 88 -0.7142857142857144
89 89 2.928571428571429
90 90 0.9285714285714286
91 91 -1.857142857142857
92 92 1.2142857142857142
93 93 -0.0714285714285714
94 94 -1.5
95 95 -9.071428571428573
96 96 -1.5
97 97 3.1428571428571432
98 98 -2.428571428571429
99 99 -3.785714285714286
100 100 1.3571428571428572
101 101 -1.7857142857142858
102 102 2.1428571428571432
103 103 -0.7142857142857149
104 104 -1.9285714285714286
105 105 1.5000000000000002
106 106 0.642857142857143
107 107 -5.142857142857143
108 108 -0.7142857142857144
109 109 6.0
110 110 -1.7857142857142858
111 111 -0.7857142857142858
112 112 -2.071428571428571
113 113 -2.9285714285714284
114 114 -0.2142857142857144
115 115 0.6428571428571432
116 116 1.2857142857142858
117 117 -0.7142857142857144
118 118 0.2857142857142858
119 119 -1.9285714285714286
120 120 -4.5
121 121 7.857142857142857
122 122 7.0
123 123 -0.0714285714285714
124 124 4.5
125 125 -4.071428571428571
126 126 -2.7142857142857144
127 127 2.785714285714285
128 128 -1.1428571428571428
129 129 3.6428571428571432
130 130 5.0
131 131 1.4285714285714286
132 132 -1.2142857142857142
133 133 -2.142857142857143
134 134 -3.571428571428571
135 135 3.714285714285714
136 136 -2.7142857142857144
137 137 2.0
138 138 1.857142857142857
139 139 -4.7142857142857135
140 140 0.4285714285714286
141 141 0.7857142857142858
142 142 1.0714285714285712
143 143 7.071428571428572
144 144 4.857142857142857
145 145 3.928571428571429
146 146 -3.8571428571428568
147 147 2.0714285714285716
148 148 -0.5
149 149 -2.6428571428571432
150 150 0.1428571428571428
151 151 5.428571428571429
152 152 3.5714285714285716
153 153 1.0000000000000002
154 154 -0.6428571428571428
155 155 2.7142857142857144
156 156 4.285714285714286
157 157 -2.928571428571429
158 158 0.7857142857142858
159 159 -0.9285714285714284
160 160 -0.8571428571428572
161 161 1.9999999999999998
162 162 0.5000000000000002
163 163 0.2857142857142856
164 164 -1.571428571428571
165 165 2.9285714285714284
166 166 0.6428571428571423
167 167 2.571428571428571
168 168 -4.714285714285714
169 169 -2.6428571428571432
170 170 4.214285714285714
171 171 -1.4999999999999996
172 172 7.7142857142857135
173 173 -4.0
174 174 0.6428571428571428
175 175 -0.8571428571428574
176 176 2.5
177 177 -3.3571428571428577
178 178 -1.0714285714285716
179 179 -4.0
180 180 -1.7857142857142858
181 181 -1.7857142857142858
182 182 0.4285714285714284
183 183 -4.571428571428571
184 184 -1.5
185 185 -4.071428571428572
186 186 -4.357142857142858
187 187 1.2142857142857144
188 188 -0.14285714285714302
189 189 -0.4285714285714284
190 190 -1.9999999999999998
191 191 -3.5
192 192 -0.9285714285714286
193 193 2.2142857142857153
194 194 -0.5714285714285714
195 195 2.6428571428571432
196 196 -1.3571428571428572
197 197 2.5
198 198 -7.142857142857143
199 199 -1.7857142857142856
200 200 -4.214285714285714
201 201 3.857142857142857
202 202 1.5
203 203 0.5714285714285714
204 204 6.785714285714286
205 205 0.5000000000000002
206 206 -7.0
207 207 0.5
208 208 -1.1428571428571432
209 209 1.9999999999999998
210 210 3.5
211 211 4.0
212 212 0.7857142857142858
213 213 4.2857142857142865
214 214 -3.2857142857142856
215 215 -4.142857142857143
216 216 -4.428571428571429
217 217 4.642857142857142
218 218 -1.2142857142857142
219 219 -0.1428571428571428
220 220 5.071428571428571
221 221 -0.2857142857142856
222 222 -0.8571428571428574
223 223 1.0
224 224 7.428571428571429
225 225 11.714285714285715
226 226 2.7857142857142856
227 227 4.714285714285714
228 228 4.928571428571428
229 229 -6.000000000000001
230 230 1.5714285714285714
231 231 0.2142857142857144
232 232 2.2857142857142856
233 233 1.357142857142857
234 234 0.9285714285714286
235 235 4.428571428571429
236 236 -2.2857142857142856
237 237 6.785714285714285
238 238 0.2142857142857144
239 239 -1.2857142857142858
240 240 0.9999999999999998
241 241 -2.428571428571429
242 242 -1.3571428571428572
243 243 -4.0
244 244 0.9285714285714288
245 245 2.7857142857142856
246 246 -7.785714285714285
247 247 -1.7142857142857144
248 248 0.5
249 249 1.3571428571428572
250 250 -1.7142857142857144
251 251 2.2857142857142856
252 252 2.214285714285715
253 253 3.4285714285714284
254 254 3.2142857142857144
255 255 4.214285714285715
256 256 -3.2857142857142856
257 257 2.571428571428571
258 258 4.214285714285714
259 259 0.14285714285714302
260 260 3.571428571428571
261 261 7.857142857142858
262 262 3.428571428571429
263 263 2.2857142857142856
264 264 1.285714285714286
265 265 5.428571428571429
266 266 -2.220446049250313e-16
267 267 -3.2142857142857144
268 268 -5.285714285714286
269 269 -9.214285714285714
270 270 4.999999999999999
271 271 4.928571428571429
272 272 5.142857142857143
273 273 5.642857142857142
274 274 1.6428571428571428
275 275 -6.071428571428572
276 276 -4.214285714285714
277 277 2.5
278 278 -4.571428571428571
279 279 3.1428571428571432
280 280 -1.5714285714285716
281 281 -4.214285714285714
282 282 5.857142857142857
283 283 1.4285714285714284
284 284 0.7857142857142858
285 285 -3.785714285714286
286 286 -6.0
287 287 -3.0
288 288 -0.8571428571428568
289 289 -2.0
290 290 -0.357142857142857
291 291 5.142857142857142
292 292 -6.428571428571428
293 293 -1.0714285714285707
294 294 -6.428571428571429
295 295 4.285714285714286
296 296 -3.2142857142857144
297 297 3.2142857142857144
298 298 3.5714285714285716
299 299 -3.071428571428571
300 300 2.142857142857143
301 301 6.285714285714285
302 302 3.3571428571428568
303 303 4.2857142857142865
304 304 -1.5714285714285718
305 305 1.2857142857142847
306 306 4.857142857142858
307 307 0.35714285714285854
308 308 -1.785714285714285
309 309 7.428571428571428
310 310 2.0000000000000004
311 311 2.3571428571428568
312 312 4.857142857142858
313 313 1.5000000000000002
314 314 1.7142857142857144
315 315 -0.5
316 316 -7.714285714285714
317 317 1.4999999999999998
318 318 -1.5714285714285718
319 319 2.428571428571429
320 320 3.2142857142857144
321 321 -0.8571428571428572
322 322 0.5714285714285714
323 323 -1.7142857142857142
324 324 -5.285714285714286
325 325 1.1428571428571432
326 326 -1.2142857142857142
327 327 1.7857142857142858
328 328 1.3571428571428572
329 329 -0.5714285714285714
330 330 3.7142857142857144
331 331 0.14285714285714324
332 332 3.785714285714286
333 333 3.214285714285714
334 334 1.2142857142857144
335 335 2.2857142857142856
336 336 2.1428571428571432
337 337 -1.0714285714285716
338 338 -4.714285714285714
339 339 -2.0
340 340 3.785714285714286
341 341 5.142857142857142
343 343 3.6428571428571423
344 344 2.3571428571428568
345 345 0.2142857142857142
346 346 3.5
347 347 -1.2142857142857144
348 348 -1.9285714285714286
349 349 0.9999999999999991
350 350 2.0
351 351 -7.071428571428573
352 352 -7.928571428571428
353 353 -1.1428571428571432
354 354 0.8571428571428572
355 355 2.2142857142857144
356 356 1.5714285714285714
357 357 -5.142857142857142
358 358 -3.071428571428571
359 359 -0.8571428571428577
360 360 5.428571428571429
361 361 0.9285714285714286
362 362 3.0714285714285716
363 363 1.2142857142857144
364 364 3.7142857142857144
365 365 -3.6428571428571432
366 366 9.071428571428571
367 367 2.7857142857142856
368 368 3.0
369 369 3.7857142857142856
370 370 0.3571428571428572
371 371 5.0
372 372 5.285714285714286
373 373 2.2142857142857144
374 374 -0.3571428571428572
375 375 -2.571428571428572
376 376 2.9285714285714284
377 377 1.5
378 378 2.7857142857142856
379 379 -4.2857142857142865
380 380 -7.571428571428572
381 381 -2.2142857142857144
382 382 0.7142857142857142
383 383 -2.5000000000000004
384 384 -3.6428571428571423
385 385 1.8571428571428572
386 386 3.8571428571428577
387 387 6.7857142857142865
388 388 -0.2142857142857144
389 389 -8.785714285714286
390 390 -0.2142857142857144
392 392 3.7142857142857144
393 393 -4.0
394 394 -0.28571428571428537
395 395 0.7142857142857146
396 396 -6.142857142857143
397 397 -1.9285714285714286
398 398 -0.2142857142857142
399 399 -3.0
400 400 2.857142857142857
401 401 1.2142857142857144
402 402 -7.571428571428571
403 403 -4.642857142857143
404 404 3.857142857142857
405 405 -4.285714285714286
406 406 -0.35714285714285676
407 407 5.214285714285714
408 408 -3.357142857142857
409 409 -1.7857142857142858
410 410 2.571428571428571
411 411 -5.285714285714286
412 412 3.285714285714286
413 413 -1.7142857142857144
414 414 3.9999999999999987
415 415 -8.928571428571429
416 416 -2.7142857142857144
417 417 3.2857142857142856
418 418 -2.7857142857142856
419 419 -7.142857142857142
420 420 -2.2142857142857144
421 421 -7.928571428571429
422 422 -1.0
423 423 0.4285714285714286
424 424 -3.428571428571428
425 425 -1.428571428571429
426 426 2.2142857142857144
427 427 -0.3571428571428572
428 428 2.785714285714286
429 429 -1.6428571428571426
430 430 2.357142857142857
431 431 0.07142857142857117
432 432 -7.285714285714286
433 433 1.714285714285714
434 434 0.4285714285714288
435 435 0.9999999999999998
436 436 3.3571428571428568
437 437 1.0714285714285716
438 438 -4.357142857142857
439 439 -1.5714285714285714
440 440 2.9285714285714293
441 441 1.1428571428571435
442 442 -3.6428571428571423
443 443 2.1428571428571432
444 444 -2.285714285714286
445 445 -5.500000000000001
446 446 -5.142857142857143
447 447 -8.428571428571429
448 448 1.9285714285714286
449 449 6.2857142857142865
450 450 5.5
451 451 3.2857142857142856
452 452 -1.214285714285715
453 453 -2.1428571428571432
454 454 -1.071428571428572
455 455 4.357142857142858
456 456 -4.142857142857143
457 457 2.5
458 458 6.928571428571429
459 459 -0.2857142857142856
460 460 2.857142857142857
461 461 -4.357142857142857
462 462 0.3571428571428572
463 463 -2.2142857142857144
464 464 -4.7857142857142865
465 465 2.071428571428571
466 466 -3.3571428571428577
467 467 -2.1428571428571432
468 468 -4.928571428571429
469 469 -2.857142857142857
470 470 -3.928571428571429
471 471 4.214285714285714
472 472 -2.7857142857142856
473 473 2.571428571428571
474 474 3.142857142857143
475 475 -3.0
476 476 4.714285714285714
477 477 -2.928571428571428
478 478 -1.5714285714285714
479 479 -2.2857142857142856
480 480 0.4285714285714288
481 481 -2.0
482 482 3.571428571428571
483 483 -5.142857142857142
484 484 2.7142857142857144
485 485 3.8571428571428577
486 486 -2.0
487 487 -0.9285714285714286
488 488 2.3571428571428568
489 489 -4.714285714285714
490 490 -4.428571428571429
491 491 -1.8571428571428572
492 492 -4.071428571428571
493 493 -1.928571428571428
494 494 -1.7857142857142858
495 495 1.0714285714285716
496 496 2.2857142857142856
497 497 4.7142857142857135
498 498 3.0
499 499 7.928571428571428
500 500 -1.214285714285714
501 501 -3.571428571428572
502 502 3.928571428571429
503 503 5.285714285714286
504 504 1.4285714285714286
505 505 0.357142857142857
506 506 5.428571428571429
507 507 1.8571428571428577
508 508 -1.2857142857142856
509 509 -0.8571428571428572
510 510 1.357142857142857
511 511 3.5714285714285716
512 512 -3.071428571428571
513 513 -1.0000000000000004
514 514 -4.5
515 515 0.14285714285714302
516 516 -3.071428571428572
517 517 -4.642857142857143
518 518 2.6428571428571432
520 520 -1.5000000000000002
521 521 -5.785714285714286
522 522 -1.8571428571428572
523 523 2.9285714285714284
524 524 -3.2857142857142856
525 525 -0.357142857142857
526 526 5.0
527 527 0.1428571428571428
528 528 5.142857142857142
529 529 -3.928571428571429
530 530 -0.7857142857142856
531 531 4.214285714285714
532 532 1.5714285714285716
533 533 5.857142857142858
534 534 1.0
535 535 2.2142857142857135
536 536 -0.9285714285714286
537 537 1.2857142857142858
538 538 -0.6428571428571423
539 539 1.0
540 540 -1.7142857142857135
541 541 2.071428571428571
542 542 -2.571428571428571
543 543 5.857142857142858
544 544 -7.5
545 545 -0.6428571428571428
546 546 7.857142857142858
547 547 -1.9285714285714288
548 548 -0.5
549 549 1.9285714285714284
550 550 -7.0
551 551 -6.285714285714286
552 552 -5.357142857142858
554 554 -4.714285714285714
555 555 -2.428571428571428
556 556 -3.3571428571428568
557 557 -3.071428571428571
558 558 2.7857142857142856
559 559 0.7857142857142858
560 560 3.5000000000000004
561 561 -1.9285714285714286
562 562 -3.4999999999999996
563 563 2.7142857142857144
564 564 4.214285714285714
565 565 1.7857142857142858
566 566 1.5714285714285716
567 567 -3.0
568 568 0.07142857142857117
1 2 -0.5714285714285714
1 9 -2.0
1 21 -1.7857142857142858
1 28 -0.5714285714285714
1 49 0.5714285714285714
1 57 -2.0
2 3 -1.3571428571428572
2 9 -0.5714285714285714
2 10 1.7857142857142858
2 66 0.5714285714285714
2 73 2.0
2 80 1.7857142857142858
2 84 -2.0
3 10 -2.0
3 11 -1.7857142857142858
3 109 -1.7857142857142858
3 115 0.5714285714285714
3 134 -0.9285714285714286
3 140 -0.9285714285714286
4 5 1.7857142857142858
4 218 2.0
4 226 -1.3571428571428572
4 249 -1.3571428571428572
5 6 -2.0
5 280 1.7857142857142858
5 288 0.9285714285714286
5 312 -0.5714285714285714
6 12 2.0
6 339 2.0
6 346 -0.5714285714285714
6 367 -0.5714285714285714
7 8 -1.3571428571428572
7 12 -0.5714285714285714
7 13 2.0
7 396 0.5714285714285714
7 428 0.9285714285714286
7 437 1.3571428571428572
8 13 1.3571428571428572
8 14 2.0
8 462 -0.5714285714285714
8 470 1.3571428571428572
8 496 0.5714285714285714
8 504 -1.7857142857142858
9 10 0.5714285714285714
9 49 0.5714285714285714
9 57 -1.3571428571428572
9 66 0.9285714285714286
9 73 0.9285714285714286
10 11 0.9285714285714286
10 80 -0.5714285714285714
10 84 0.9285714285714286
10 109 -1.3571428571428572
10 115 0.5714285714285714
11 134 2.0
11 140 -0.5714285714285714
11 160 0.9285714285714286
11 167 -2.0
12 13 2.0
12 367 0.5714285714285714
12 396 0.9285714285714286
13 14 -2.0
13 428 -1.3571428571428572
13 437 0.9285714285714286
13 462 -0.5714285714285714
13 470 1.3571428571428572
14 496 -0.5714285714285714
14 504 -1.7857142857142858
14 528 -2.0
14 536 1.7857142857142858
15 16 -0.9285714285714286
15 22 0.9285714285714286
15 85 1.7857142857142858
15 116 2.0
16 17 -1.7857142857142858
16 22 0.9285714285714286
16 23 -1.3571428571428572
16 141 1.3571428571428572
16 168 2.0
17 18 0.5714285714285714
17 23 1.3571428571428572
17 24 -1.3571428571428572
17 195 -2.0
17 227 -0.9285714285714286
18 24 0.9285714285714286
18 25 2.0
18 257 0.5714285714285714
18 289 -2.0
19 20 -2.0
19 26 -1.7857142857142858
19 374 0.5714285714285714
19 405 -0.9285714285714286
20 26 -0.9285714285714286
20 27 2.0
20 438 0.5714285714285714
20 471 0.9285714285714286
21 28 0.5714285714285714
21 553 0.9285714285714286
22 23 0.5714285714285714
22 116 -0.5714285714285714
22 141 0.5714285714285714
23 24 -0.9285714285714286
23 168 1.7857142857142858
23 195 -1.3571428571428572
24 25 -1.7857142857142858
24 227 -0.9285714285714286
24 257 -1.3571428571428572
25 289 2.0
26 27 -1.3571428571428572
26 405 0.5714285714285714
26 438 -0.9285714285714286
27 471 0.5714285714285714
28 29 -0.5714285714285714
29 35 2.0
29 57 0.5714285714285714
30 36 -0.5714285714285714
30 37 1.7857142857142858
30 115 0.9285714285714286
30 140 1.3571428571428572
31 32 1.7857142857142858
31 38 1.7857142857142858
31 226 -0.5714285714285714
32 38 -0.9285714285714286
32 39 0.9285714285714286
33 34 0.5714285714285714
33 40 -0.5714285714285714
33 41 1.3571428571428572
33 437 1.7857142857142858
34 41 0.5714285714285714
34 470 1.7857142857142858
34 504 1.7857142857142858
35 36 1.3571428571428572
35 57 0.9285714285714286
35 73 1.3571428571428572
36 37 1.3571428571428572
36 84 0.9285714285714286
36 115 -1.7857142857142858
37 140 -1.7857142857142858
37 167 0.9285714285714286
38 39 -1.7857142857142858
38 288 1.3571428571428572
39 40 1.7857142857142858
39 346 -2.0
40 41 -0.9285714285714286
41 437 -1.7857142857142858
41 470 -1.7857142857142858
42 50 0.9285714285714286
42 94 0.5714285714285714
42 116 -0.9285714285714286
42 122 -0.5714285714285714
43 44 2.0
43 51 -1.7857142857142858
43 195 0.9285714285714286
43 203 -1.7857142857142858
43 227 0.9285714285714286
44 45 -0.9285714285714286
44 51 -0.5714285714285714
44 52 -0.5714285714285714
44 257 -2.0
44 289 -1.3571428571428572
45 46 2.0
45 52 0.9285714285714286
45 53 0.5714285714285714
45 353 1.7857142857142858
46 53 -1.3571428571428572
46 54 -0.5714285714285714
46 374 -2.0
46 380 2.0
46 405 -0.9285714285714286
46 413 -0.9285714285714286
47 48 0.9285714285714286
47 54 2.0
47 55 0.5714285714285714
47 438 2.0
47 446 2.0
47 471 -1.3571428571428572
47 479 1.3571428571428572
48 49 -0.9285714285714286
48 55 0.9285714285714286
48 56 1.3571428571428572
48 512 2.0
48 545 -2.0
49 56 -0.5714285714285714
49 57 1.3571428571428572
49 553 -1.3571428571428572
49 561 -0.9285714285714286
50 116 -1.3571428571428572
50 122 -0.5714285714285714
50 141 -1.3571428571428572
50 148 2.0
51 227 -1.7857142857142858
51 257 2.0
52 53 -2.0
52 289 1.3571428571428572
53 54 0.9285714285714286
53 353 1.3571428571428572
53 374 -0.5714285714285714
53 380 0.9285714285714286
54 55 -1.3571428571428572
54 405 2.0
54 413 2.0
54 438 0.9285714285714286
54 446 0.9285714285714286
55 56 -2.0
55 471 -1.7857142857142858
55 479 0.9285714285714286
55 512 0.5714285714285714
56 57 -2.0
56 545 -1.3571428571428572
56 553 1.3571428571428572
58 59 -2.0
58 67 -1.7857142857142858
58 86 -0.9285714285714286
58 94 -2.0
58 117 -1.7857142857142858
58 122 -0.5714285714285714
59 60 -0.9285714285714286
59 67 -2.0
59 68 2.0
59 148 -2.0
59 174 -2.0
60 61 1.7857142857142858
60 68 -0.5714285714285714
60 69 -0.9285714285714286
60 196 0.9285714285714286
60 203 1.7857142857142858
60 228 -0.9285714285714286
61 62 1.7857142857142858
61 69 -2.0
61 70 -0.9285714285714286
61 258 -2.0
61 290 -1.7857142857142858
62 63 1.3571428571428572
62 70 -0.5714285714285714
62 321 1.7857142857142858
62 353 -2.0
63 64 0.5714285714285714
63 71 1.7857142857142858
63 375 -1.7857142857142858
63 380 1.3571428571428572
63 406 1.3571428571428572
63 413 -1.3571428571428572
64 65 -0.9285714285714286
64 71 -1.3571428571428572
64 472 -1.3571428571428572
64 479 1.3571428571428572
65 66 -1.3571428571428572
65 72 -2.0
65 505 2.0
65 512 -0.9285714285714286
65 537 2.0
65 545 2.0
66 72 -1.7857142857142858
66 73 2.0
66 561 1.7857142857142858
67 68 0.5714285714285714
67 117 1.7857142857142858
67 122 -0.5714285714285714
67 148 0.9285714285714286
68 69 1.7857142857142858
68 174 1.7857142857142858
68 196 -1.7857142857142858
68 203 0.5714285714285714
69 70 -1.3571428571428572
69 228 1.3571428571428572
69 258 -1.7857142857142858
70 290 0.5714285714285714
70 321 -0.9285714285714286
71 406 1.3571428571428572
71 413 -0.5714285714285714
71 446 -1.3571428571428572
72 73 0.5714285714285714
72 537 1.3571428571428572
72 545 0.9285714285714286
72 561 2.0
74 75 1.3571428571428572
74 86 -0.9285714285714286
74 95 0.5714285714285714
74 117 -1.7857142857142858
74 123 -0.5714285714285714
75 76 -0.5714285714285714
75 149 1.7857142857142858
75 175 1.7857142857142858
76 81 -1.3571428571428572
76 196 0.5714285714285714
76 204 -1.7857142857142858
76 228 -0.5714285714285714
76 234 -0.5714285714285714
77 78 2.0
77 82 0.9285714285714286
77 375 -0.5714285714285714
77 381 0.5714285714285714
77 406 -1.7857142857142858
77 414 -2.0
78 79 2.0
78 447 1.7857142857142858
78 472 0.9285714285714286
78 480 -0.9285714285714286
79 80 -0.9285714285714286
79 83 0.5714285714285714
79 505 -0.5714285714285714
79 513 1.7857142857142858
79 537 -2.0
79 546 -2.0
80 83 0.9285714285714286
80 84 0.9285714285714286
81 228 -2.0
81 234 1.7857142857142858
81 258 1.3571428571428572
81 266 0.9285714285714286
82 406 0.5714285714285714
82 414 -1.7857142857142858
82 447 0.5714285714285714
83 84 0.5714285714285714
83 537 -0.9285714285714286
83 546 -1.7857142857142858
85 86 -0.5714285714285714
85 94 0.9285714285714286
86 87 0.5714285714285714
86 95 1.7857142857142858
87 88 1.3571428571428572
87 95 2.0
87 96 0.9285714285714286
87 102 -0.5714285714285714
87 130 -1.3571428571428572
88 89 0.5714285714285714
88 96 -0.5714285714285714
88 97 -2.0
88 181 1.3571428571428572
89 90 -0.9285714285714286
89 97 -0.5714285714285714
89 98 0.9285714285714286
89 211 -2.0
89 242 -0.9285714285714286
90 91 -0.9285714285714286
90 98 -1.7857142857142858
90 99 1.3571428571428572
90 304 1.3571428571428572
91 92 1.7857142857142858
91 99 2.0
91 100 0.9285714285714286
91 332 -0.5714285714285714
91 360 -1.3571428571428572
92 93 -1.3571428571428572
92 100 -2.0
92 389 0.9285714285714286
92 420 -0.5714285714285714
93 101 1.7857142857142858
93 455 -0.9285714285714286
93 488 0.5714285714285714
94 95 2.0
95 96 0.9285714285714286
95 102 1.7857142857142858
96 97 2.0
96 130 -1.7857142857142858
97 98 0.5714285714285714
97 181 -1.3571428571428572
97 211 -1.7857142857142858
98 99 1.7857142857142858
98 242 0.9285714285714286
99 100 -0.9285714285714286
99 304 1.3571428571428572
99 332 -1.7857142857142858
100 360 -1.3571428571428572
100 389 2.0
102 103 -1.3571428571428572
102 110 0.9285714285714286
102 118 -2.0
102 123 -0.9285714285714286
103 104 -0.5714285714285714
103 110 -0.5714285714285714
103 111 -0.9285714285714286
103 149 1.7857142857142858
103 169 1.7857142857142858
103 175 0.5714285714285714
104 111 0.9285714285714286
104 112 2.0
104 197 -2.0
104 204 2.0
104 229 1.3571428571428572
104 234 -1.7857142857142858
105 112 0.5714285714285714
105 113 2.0
105 259 -1.3571428571428572
105 266 -0.9285714285714286
105 298 -1.7857142857142858
106 107 1.7857142857142858
106 381 1.3571428571428572
106 407 -2.0
106 414 -1.7857142857142858
107 108 1.7857142857142858
107 114 -0.5714285714285714
107 439 1.7857142857142858
107 447 0.9285714285714286
107 480 -0.5714285714285714
108 109 -1.3571428571428572
108 114 1.7857142857142858
108 506 -1.3571428571428572
108 513 -0.5714285714285714
108 538 1.7857142857142858
108 546 -1.3571428571428572
109 115 -0.9285714285714286
109 554 -0.5714285714285714
110 111 1.7857142857142858
110 118 0.5714285714285714
110 149 -0.9285714285714286
111 112 0.9285714285714286
111 169 0.9285714285714286
111 175 -0.5714285714285714
111 197 -0.9285714285714286
111 204 -1.3571428571428572
112 113 1.7857142857142858
112 234 0.5714285714285714
112 259 -2.0
112 266 -1.7857142857142858
113 291 -1.7857142857142858
113 298 0.9285714285714286
114 480 -1.3571428571428572
114 506 -0.5714285714285714
114 513 0.9285714285714286
116 117 0.9285714285714286
116 122 -1.3571428571428572
117 118 1.7857142857142858
117 122 -2.0
117 123 1.7857142857142858
118 119 0.5714285714285714
118 123 0.5714285714285714
118 124 -1.3571428571428572
118 130 0.9285714285714286
118 135 -1.3571428571428572
119 124 -2.0
119 125 2.0
119 188 1.3571428571428572
120 121 -1.7857142857142858
120 128 1.3571428571428572
120 389 1.7857142857142858
120 397 0.5714285714285714
120 420 2.0
120 429 0.5714285714285714
121 129 -0.9285714285714286
121 455 -2.0
121 463 -0.5714285714285714
121 488 -2.0
121 497 -0.5714285714285714
122 123 -1.3571428571428572
123 124 0.5714285714285714
124 125 -1.3571428571428572
124 130 0.5714285714285714
124 135 -0.9285714285714286
125 126 0.9285714285714286
125 181 1.7857142857142858
125 188 1.3571428571428572
125 211 -2.0
125 219 1.3571428571428572
126 127 1.3571428571428572
126 242 -1.3571428571428572
126 250 1.7857142857142858
127 128 2.0
127 304 -0.5714285714285714
127 313 -2.0
127 332 -1.7857142857142858
127 340 -1.7857142857142858
128 360 -1.3571428571428572
128 389 0.9285714285714286
128 397 -1.7857142857142858
129 488 -1.3571428571428572
129 497 -1.3571428571428572
130 131 -2.0
130 135 -1.3571428571428572
131 135 0.5714285714285714
131 136 0.9285714285714286
131 150 1.3571428571428572
131 169 -0.9285714285714286
131 176 -1.3571428571428572
132 138 0.9285714285714286
132 382 -2.0
132 407 0.9285714285714286
132 415 1.3571428571428572
133 134 0.9285714285714286
133 139 0.5714285714285714
133 506 2.0
133 514 -1.7857142857142858
133 538 1.7857142857142858
133 547 -1.3571428571428572
134 140 0.9285714285714286
134 554 2.0
134 562 -1.3571428571428572
135 136 1.3571428571428572
135 150 -2.0
136 169 -0.9285714285714286
136 176 1.3571428571428572
136 197 0.9285714285714286
136 205 -0.9285714285714286
137 291 -2.0
138 407 -1.7857142857142858
138 415 1.3571428571428572
138 439 -1.7857142857142858
138 448 -0.5714285714285714
139 140 0.5714285714285714
139 538 -1.3571428571428572
139 547 2.0
139 554 0.9285714285714286
139 562 2.0
141 148 -1.3571428571428572
142 143 -2.0
142 150 0.5714285714285714
142 151 -1.7857142857142858
142 154 1.7857142857142858
142 182 0.9285714285714286
142 188 -0.5714285714285714
143 144 -0.5714285714285714
143 151 -1.3571428571428572
143 219 -1.7857142857142858
143 250 -1.3571428571428572
144 145 -1.7857142857142858
144 152 -2.0
144 274 -2.0
144 305 0.9285714285714286
144 313 0.5714285714285714
145 146 -0.9285714285714286
145 152 -0.9285714285714286
145 333 0.5714285714285714
145 340 -1.7857142857142858
145 361 0.9285714285714286
146 147 -0.9285714285714286
146 390 1.7857142857142858
146 397 1.3571428571428572
146 421 2.0
146 429 0.5714285714285714
147 153 -1.7857142857142858
147 456 0.9285714285714286
147 463 -1.7857142857142858
147 489 0.5714285714285714
147 497 0.9285714285714286
148 149 0.9285714285714286
149 150 -0.9285714285714286
150 151 -0.9285714285714286
150 154 1.7857142857142858
151 182 -0.5714285714285714
151 188 -1.3571428571428572
151 219 0.5714285714285714
152 305 2.0
152 313 0.9285714285714286
152 333 -1.7857142857142858
152 340 -1.7857142857142858
153 489 0.5714285714285714
153 497 -1.7857142857142858
153 521 2.0
154 155 2.0
154 161 -2.0
154 170 -0.9285714285714286
154 176 -2.0
155 156 -2.0
155 161 -1.7857142857142858
155 162 0.9285714285714286
155 198 -0.9285714285714286
155 205 -0.9285714285714286
155 230 2.0
155 235 -2.0
156 157 -0.9285714285714286
156 162 1.3571428571428572
156 163 -2.0
156 260 -1.7857142857142858
156 267 -0.9285714285714286
156 292 2.0
157 158 0.5714285714285714
157 163 0.9285714285714286
157 322 0.5714285714285714
157 347 1.7857142857142858
158 164 -1.7857142857142858
158 376 -0.9285714285714286
158 382 1.3571428571428572
159 160 2.0
159 165 0.9285714285714286
159 166 -1.7857142857142858
159 507 -2.0
159 514 0.9285714285714286
159 539 -0.9285714285714286
159 547 1.7857142857142858
160 166 -1.7857142857142858
160 167 -0.9285714285714286
160 555 2.0
160 562 -1.3571428571428572
161 162 -1.7857142857142858
161 170 1.3571428571428572
161 176 2.0
161 198 2.0
161 205 -1.7857142857142858
162 163 -0.5714285714285714
162 230 -2.0
162 235 -1.3571428571428572
162 260 0.9285714285714286
162 267 2.0
163 292 1.3571428571428572
164 165 -0.5714285714285714
164 408 0.5714285714285714
164 415 2.0
164 448 1.3571428571428572
165 166 -2.0
165 473 -2.0
165 481 0.9285714285714286
165 507 -2.0
165 514 1.7857142857142858
166 167 -0.5714285714285714
166 539 2.0
166 547 0.9285714285714286
166 555 0.5714285714285714
166 562 2.0
168 174 0.9285714285714286
169 170 1.7857142857142858
169 175 1.3571428571428572
169 176 -1.3571428571428572
170 171 -1.3571428571428572
170 176 -2.0
170 177 -2.0
170 182 0.9285714285714286
170 189 -2.0
171 177 -0.5714285714285714
171 178 0.5714285714285714
171 220 0.5714285714285714
171 243 1.3571428571428572
171 251 0.9285714285714286
172 179 -0.5714285714285714
172 180 -2.0
172 333 -2.0
172 341 -1.7857142857142858
172 361 -1.3571428571428572
173 456 2.0
173 464 0.5714285714285714
173 489 -0.5714285714285714
173 498 2.0
174 175 -1.3571428571428572
175 176 -0.9285714285714286
176 177 1.7857142857142858
177 178 0.9285714285714286
177 182 -0.5714285714285714
177 189 2.0
177 220 1.7857142857142858
178 179 1.7857142857142858
178 243 0.5714285714285714
178 251 -1.3571428571428572
178 274 -2.0
178 281 0.5714285714285714
179 180 2.0
179 305 0.9285714285714286
179 314 0.9285714285714286
179 333 0.9285714285714286
179 341 -2.0
180 361 1.7857142857142858
180 390 0.5714285714285714
180 398 -0.5714285714285714
181 182 -0.5714285714285714
181 188 0.5714285714285714
182 183 -0.5714285714285714
182 188 0.5714285714285714
182 189 -0.5714285714285714
183 184 0.5714285714285714
183 189 2.0
183 190 0.9285714285714286
183 198 1.3571428571428572
183 206 -0.5714285714285714
183 230 -0.9285714285714286
183 236 1.7857142857142858
184 185 -1.7857142857142858
184 190 -0.9285714285714286
184 191 1.3571428571428572
184 260 0.5714285714285714
184 268 1.3571428571428572
184 292 -0.5714285714285714
184 299 0.9285714285714286
185 186 2.0
185 191 1.3571428571428572
185 192 1.7857142857142858
185 322 -0.5714285714285714
185 327 0.9285714285714286
185 347 -0.5714285714285714
185 354 0.9285714285714286
186 192 -1.3571428571428572
186 383 1.7857142857142858
186 408 1.3571428571428572
186 416 0.5714285714285714
187 193 0.5714285714285714
187 507 0.5714285714285714
187 539 -1.7857142857142858
187 548 -0.5714285714285714
188 189 -1.7857142857142858
189 190 -1.7857142857142858
189 198 0.5714285714285714
189 206 2.0
190 230 1.7857142857142858
190 236 2.0
190 260 -1.3571428571428572
190 268 1.3571428571428572
191 192 0.9285714285714286
191 292 2.0
191 299 0.5714285714285714
191 322 -1.7857142857142858
191 327 -0.9285714285714286
192 347 1.3571428571428572
192 354 -1.3571428571428572
192 376 -1.3571428571428572
192 383 0.9285714285714286
193 194 0.5714285714285714
193 539 -1.7857142857142858
193 548 2.0
193 555 -1.7857142857142858
193 563 -1.7857142857142858
195 196 1.7857142857142858
195 203 -2.0
196 197 -0.5714285714285714
196 203 1.7857142857142858
196 204 -1.3571428571428572
197 198 -0.5714285714285714
197 204 -1.3571428571428572
197 205 2.0
198 199 1.3571428571428572
198 205 1.3571428571428572
198 206 2.0
199 200 -0.9285714285714286
199 206 2.0
199 207 0.5714285714285714
199 212 -0.9285714285714286
199 220 -0.9285714285714286
199 244 2.0
199 251 -1.3571428571428572
200 207 -1.3571428571428572
200 208 2.0
200 275 1.7857142857142858
200 281 0.9285714285714286
200 306 1.7857142857142858
201 202 -1.3571428571428572
201 209 -0.5714285714285714
201 391 -0.5714285714285714
201 398 2.0
201 422 -1.3571428571428572
201 430 -2.0
202 210 -2.0
202 457 -0.5714285714285714
202 464 1.7857142857142858
202 490 2.0
202 498 -1.3571428571428572
203 204 -0.9285714285714286
204 205 -2.0
205 206 1.7857142857142858
206 212 1.7857142857142858
206 220 -2.0
207 208 -2.0
207 244 1.3571428571428572
207 251 -2.0
207 275 2.0
207 281 0.9285714285714286
208 209 -2.0
208 306 -0.9285714285714286
208 314 0.9285714285714286
208 334 1.3571428571428572
208 341 1.7857142857142858
209 362 1.7857142857142858
209 391 0.5714285714285714
209 398 -1.7857142857142858
210 490 -0.5714285714285714
210 498 -1.3571428571428572
210 522 -0.9285714285714286
210 529 1.3571428571428572
211 219 1.7857142857142858
212 213 -0.9285714285714286
212 220 -0.9285714285714286
212 221 2.0
212 236 -1.7857142857142858
213 214 0.5714285714285714
213 221 -1.3571428571428572
213 222 1.3571428571428572
213 261 -1.3571428571428572
213 268 0.5714285714285714
213 293 -1.7857142857142858
213 299 -1.3571428571428572
214 215 0.9285714285714286
214 222 -0.9285714285714286
214 323 0.5714285714285714
214 327 -0.5714285714285714
214 348 1.7857142857142858
214 354 0.9285714285714286
215 216 0.5714285714285714
215 223 1.7857142857142858
215 383 -0.5714285714285714
215 409 2.0
215 416 -0.5714285714285714
216 217 1.3571428571428572
216 223 0.5714285714285714
216 224 0.9285714285714286
216 441 1.7857142857142858
216 449 -2.0
216 474 -0.5714285714285714
216 482 1.7857142857142858
217 218 -2.0
217 224 -1.7857142857142858
217 225 -2.0
217 515 -2.0
217 540 1.7857142857142858
218 225 -2.0
218 226 0.9285714285714286
218 556 0.9285714285714286
218 563 1.3571428571428572
219 220 -1.7857142857142858
220 221 -1.7857142857142858
221 231 2.0
221 236 1.7857142857142858
221 261 -0.5714285714285714
221 268 -1.7857142857142858
222 293 -0.9285714285714286
222 299 1.7857142857142858
222 323 1.3571428571428572
222 327 -1.7857142857142858
223 224 -1.3571428571428572
223 409 -2.0
223 441 0.5714285714285714
223 449 -0.5714285714285714
224 225 -2.0
224 474 -0.9285714285714286
224 482 -0.9285714285714286
224 515 -1.3571428571428572
225 226 -1.7857142857142858
225 540 -1.7857142857142858
225 548 -1.3571428571428572
225 556 0.5714285714285714
225 563 -1.3571428571428572
227 228 -2.0
228 229 0.5714285714285714
228 234 -1.3571428571428572
229 230 0.9285714285714286
229 234 1.7857142857142858
229 235 1.3571428571428572
230 235 -2.0
230 236 -1.3571428571428572
231 232 0.9285714285714286
231 236 0.9285714285714286
231 237 -0.9285714285714286
231 244 -1.3571428571428572
231 252 -1.7857142857142858
232 233 -1.7857142857142858
232 237 0.5714285714285714
232 238 1.7857142857142858
232 275 -2.0
232 282 -1.7857142857142858
232 306 -2.0
232 315 2.0
233 238 -1.7857142857142858
233 239 -0.5714285714285714
233 334 1.3571428571428572
233 342 1.7857142857142858
233 362 -0.9285714285714286
233 368 0.5714285714285714
234 235 -1.3571428571428572
235 236 0.9285714285714286
236 237 -2.0
237 238 -0.5714285714285714
237 244 -1.7857142857142858
237 252 -0.9285714285714286
237 275 -0.5714285714285714
237 282 -0.5714285714285714
238 239 -1.3571428571428572
238 306 2.0
238 315 -1.3571428571428572
238 334 -0.9285714285714286
238 342 2.0
239 240 1.7857142857142858
239 362 -1.7857142857142858
239 368 -0.5714285714285714
239 391 1.7857142857142858
239 399 2.0
240 241 0.9285714285714286
240 422 -1.7857142857142858
240 431 -1.3571428571428572
240 457 -0.5714285714285714
241 490 1.7857142857142858
241 499 -1.7857142857142858
241 522 0.5714285714285714
241 530 0.9285714285714286
242 243 1.7857142857142858
242 250 0.9285714285714286
243 244 -0.9285714285714286
243 250 -0.5714285714285714
243 251 1.7857142857142858
244 245 -1.3571428571428572
244 251 0.5714285714285714
244 252 0.5714285714285714
245 246 -1.3571428571428572
245 252 1.3571428571428572
245 253 -2.0
245 261 -0.9285714285714286
245 269 0.9285714285714286
245 293 0.5714285714285714
246 247 0.9285714285714286
246 253 1.7857142857142858
246 254 1.7857142857142858
246 323 1.3571428571428572
246 328 1.3571428571428572
246 348 0.5714285714285714
246 355 1.3571428571428572
247 254 -0.5714285714285714
247 384 1.7857142857142858
247 409 1.3571428571428572
247 417 -1.7857142857142858
248 249 -1.3571428571428572
248 255 -1.3571428571428572
248 256 1.3571428571428572
248 516 -0.5714285714285714
248 540 2.0
248 549 -0.5714285714285714
249 256 0.9285714285714286
249 556 1.7857142857142858
249 564 -1.3571428571428572
250 251 0.9285714285714286
251 252 -1.7857142857142858
252 253 0.5714285714285714
252 261 -2.0
252 269 1.7857142857142858
253 254 0.9285714285714286
253 293 -1.3571428571428572
253 323 -2.0
253 328 -1.3571428571428572
254 348 -2.0
254 355 -2.0
254 384 -1.3571428571428572
255 256 0.5714285714285714
255 474 -2.0
255 483 0.5714285714285714
255 516 -2.0
256 540 1.7857142857142858
256 549 2.0
256 556 -2.0
256 564 -1.3571428571428572
257 258 -1.7857142857142858
258 259 2.0
258 266 -2.0
259 260 -1.3571428571428572
259 266 2.0
259 267 0.5714285714285714
260 261 -0.5714285714285714
260 267 -2.0
260 268 2.0
261 262 -1.7857142857142858
261 268 -2.0
261 269 1.3571428571428572
262 263 2.0
262 269 0.5714285714285714
262 270 0.5714285714285714
262 276 -0.9285714285714286
262 282 -0.9285714285714286
262 307 -0.9285714285714286
262 315 -2.0
263 264 -1.7857142857142858
263 270 -0.9285714285714286
263 271 -1.7857142857142858
263 335 0.5714285714285714
263 342 -1.7857142857142858
263 363 2.0
263 368 -0.5714285714285714
264 265 -0.5714285714285714
264 272 -0.5714285714285714
264 399 2.0
264 423 0.5714285714285714
264 431 -0.9285714285714286
265 272 -1.3571428571428572
265 273 -0.9285714285714286
265 458 -1.7857142857142858
265 491 0.5714285714285714
265 499 -1.3571428571428572
266 267 1.7857142857142858
267 268 1.7857142857142858
268 269 2.0
269 270 0.5714285714285714
269 276 2.0
270 271 -2.0
270 307 -2.0
270 315 1.3571428571428572
270 335 -0.5714285714285714
270 342 -2.0
271 272 -1.7857142857142858
271 363 -1.3571428571428572
271 399 2.0
272 273 -0.9285714285714286
272 423 -2.0
272 431 0.9285714285714286
272 458 0.5714285714285714
273 491 -0.5714285714285714
273 499 -2.0
273 523 -1.7857142857142858
273 530 0.5714285714285714
274 275 0.5714285714285714
274 281 1.7857142857142858
275 276 1.3571428571428572
275 281 2.0
275 282 0.9285714285714286
276 282 -0.9285714285714286
276 283 1.7857142857142858
276 294 0.9285714285714286
277 278 -2.0
277 284 0.9285714285714286
277 285 0.5714285714285714
277 384 1.7857142857142858
277 410 -1.7857142857142858
277 417 -2.0
278 279 -0.9285714285714286
278 285 1.3571428571428572
278 286 2.0
278 442 2.0
278 450 -0.5714285714285714
278 475 1.3571428571428572
278 483 1.3571428571428572
279 280 1.7857142857142858
279 287 0.5714285714285714
279 508 -2.0
279 541 -2.0
279 549 -0.5714285714285714
280 287 -0.5714285714285714
280 288 0.5714285714285714
280 564 -2.0
281 282 -2.0
282 283 -0.5714285714285714
283 284 -0.9285714285714286
283 294 -0.9285714285714286
283 324 0.5714285714285714
283 328 -1.3571428571428572
284 285 0.9285714285714286
284 349 -1.3571428571428572
284 355 -0.9285714285714286
284 384 0.5714285714285714
285 286 -1.3571428571428572
285 410 -2.0
285 417 1.3571428571428572
285 442 2.0
285 450 0.9285714285714286
286 287 0.9285714285714286
286 475 2.0
286 483 0.5714285714285714
286 508 0.9285714285714286
286 516 0.9285714285714286
287 288 -2.0
287 541 0.9285714285714286
287 549 0.5714285714285714
287 557 0.5714285714285714
287 564 2.0
289 290 2.0
290 291 0.9285714285714286
290 298 -1.3571428571428572
291 292 -0.9285714285714286
291 298 -1.3571428571428572
292 293 2.0
292 299 0.5714285714285714
293 294 2.0
293 299 0.5714285714285714
294 295 0.9285714285714286
294 300 0.9285714285714286
294 307 0.5714285714285714
294 316 2.0
295 296 1.3571428571428572
295 300 -0.5714285714285714
295 301 -2.0
295 335 -2.0
295 343 0.9285714285714286
295 363 -2.0
295 369 -0.9285714285714286
296 297 0.5714285714285714
296 301 -1.7857142857142858
296 302 -0.5714285714285714
296 400 1.3571428571428572
296 423 0.9285714285714286
296 432 1.3571428571428572
297 302 -0.5714285714285714
297 458 -1.7857142857142858
297 465 -0.5714285714285714
297 491 0.9285714285714286
297 500 -1.7857142857142858
300 301 -1.3571428571428572
300 307 -0.9285714285714286
300 316 1.7857142857142858
300 343 -2.0
301 302 -0.5714285714285714
301 400 -0.5714285714285714
302 303 -0.5714285714285714
302 423 1.3571428571428572
302 432 1.3571428571428572
302 458 -1.7857142857142858
302 465 -2.0
303 491 0.5714285714285714
303 500 -1.3571428571428572
303 523 -2.0
303 531 -0.9285714285714286
304 313 -0.5714285714285714
305 306 -2.0
305 313 -1.3571428571428572
305 314 -1.7857142857142858
306 307 -1.3571428571428572
306 314 -1.7857142857142858
306 315 -0.5714285714285714
307 308 1.3571428571428572
307 315 2.0
307 316 0.9285714285714286
308 309 -1.7857142857142858
308 316 0.5714285714285714
308 317 1.7857142857142858
308 324 2.0
308 329 0.5714285714285714
308 349 -0.9285714285714286
308 356 -1.7857142857142858
309 310 -1.3571428571428572
309 317 -0.5714285714285714
309 318 -1.3571428571428572
309 385 -1.7857142857142858
309 410 -0.5714285714285714
310 311 2.0
310 318 1.7857142857142858
310 319 -0.5714285714285714
310 442 -0.9285714285714286
310 475 -0.9285714285714286
310 484 -2.0
311 312 -1.3571428571428572
311 319 -0.5714285714285714
311 320 -1.3571428571428572
311 508 -0.5714285714285714
311 517 -0.9285714285714286
311 541 -0.9285714285714286
311 550 1.3571428571428572
312 320 -0.5714285714285714
312 557 -0.5714285714285714
312 565 -1.7857142857142858
313 314 0.9285714285714286
314 315 -0.9285714285714286
316 317 -0.9285714285714286
316 324 1.3571428571428572
316 329 2.0
317 318 -2.0
317 349 -1.7857142857142858
317 356 2.0
318 319 -0.5714285714285714
318 410 1.7857142857142858
318 442 0.5714285714285714
318 451 1.3571428571428572
319 320 -1.7857142857142858
319 475 -1.3571428571428572
319 484 2.0
319 508 -1.3571428571428572
319 517 1.7857142857142858
320 541 0.5714285714285714
320 550 -0.9285714285714286
320 557 -0.9285714285714286
320 565 1.7857142857142858
322 323 -0.5714285714285714
322 327 1.7857142857142858
323 324 -1.3571428571428572
323 327 0.5714285714285714
323 328 1.7857142857142858
324 328 1.7857142857142858
324 329 0.9285714285714286
325 326 2.0
325 330 -1.3571428571428572
325 331 -1.7857142857142858
325 392 1.3571428571428572
325 400 -1.3571428571428572
325 424 0.5714285714285714
325 432 -0.5714285714285714
326 331 -1.7857142857142858
326 459 -1.3571428571428572
326 465 0.9285714285714286
326 492 -0.5714285714285714
326 500 2.0
327 328 -1.7857142857142858
328 329 -1.7857142857142858
329 330 -0.5714285714285714
329 343 -0.5714285714285714
330 331 1.3571428571428572
330 392 -1.7857142857142858
330 400 -1.3571428571428572
331 424 2.0
331 432 -1.3571428571428572
331 459 2.0
331 465 -0.5714285714285714
332 333 -0.5714285714285714
332 340 0.9285714285714286
333 334 -0.5714285714285714
333 340 2.0
333 341 -1.7857142857142858
334 335 -1.3571428571428572
334 341 0.9285714285714286
334 342 -2.0
335 342 2.0
335 343 -0.9285714285714286
336 344 1.3571428571428572
336 345 -0.5714285714285714
336 377 -2.0
336 385 -0.9285714285714286
337 338 -0.9285714285714286
337 345 0.9285714285714286
337 443 -1.3571428571428572
337 451 -0.9285714285714286
337 476 2.0
337 484 1.3571428571428572
338 339 0.9285714285714286
338 509 2.0
338 517 1.7857142857142858
338 550 0.9285714285714286
339 346 -0.9285714285714286
339 558 1.7857142857142858
339 565 -1.7857142857142858
340 341 -1.3571428571428572
341 342 -0.9285714285714286
342 343 0.9285714285714286
343 344 -2.0
344 345 -0.5714285714285714
344 350 -0.5714285714285714
344 356 -2.0
344 377 -0.5714285714285714
344 385 2.0
345 443 2.0
345 451 -2.0
347 354 -1.3571428571428572
348 349 0.9285714285714286
348 354 2.0
348 355 -1.3571428571428572
349 350 -0.5714285714285714
349 355 0.9285714285714286
349 356 1.7857142857142858
350 351 1.3571428571428572
350 356 -2.0
350 357 1.7857142857142858
350 370 -2.0
351 352 1.7857142857142858
351 357 1.7857142857142858
351 358 1.3571428571428572
351 392 -0.5714285714285714
351 401 -1.3571428571428572
351 424 1.7857142857142858
351 433 0.9285714285714286
352 358 2.0
352 359 -1.3571428571428572
352 459 1.7857142857142858
352 466 1.3571428571428572
352 492 0.5714285714285714
352 501 1.7857142857142858
354 355 -2.0
355 356 1.7857142857142858
356 357 -1.3571428571428572
357 358 0.9285714285714286
357 370 2.0
357 392 -1.7857142857142858
357 401 1.7857142857142858
358 359 -0.9285714285714286
358 424 0.5714285714285714
358 433 -2.0
358 459 0.5714285714285714
358 466 0.5714285714285714
359 492 -2.0
359 501 1.7857142857142858
359 524 1.3571428571428572
359 532 2.0
360 361 -1.3571428571428572
361 362 -0.9285714285714286
362 363 0.5714285714285714
362 368 -1.7857142857142858
363 368 1.3571428571428572
363 369 -1.7857142857142858
364 365 0.9285714285714286
364 370 -1.7857142857142858
364 371 -0.9285714285714286
364 377 -1.3571428571428572
364 386 -0.5714285714285714
365 366 -0.5714285714285714
365 371 2.0
365 443 -0.9285714285714286
365 452 2.0
365 476 -1.7857142857142858
365 485 2.0
366 367 -1.7857142857142858
366 372 -0.9285714285714286
366 373 -2.0
366 509 -2.0
366 518 -1.3571428571428572
366 542 -1.7857142857142858
366 551 1.3571428571428572
367 373 1.3571428571428572
367 558 -0.5714285714285714
367 566 -1.7857142857142858
368 369 -2.0
369 370 0.9285714285714286
370 371 -0.9285714285714286
370 377 -0.5714285714285714
370 386 2.0
371 372 -2.0
371 443 -1.7857142857142858
371 452 -1.3571428571428572
372 373 0.9285714285714286
372 476 -1.3571428571428572
372 509 -1.3571428571428572
372 518 -0.5714285714285714
373 542 2.0
373 551 -0.9285714285714286
373 558 -1.7857142857142858
373 566 -1.7857142857142858
374 375 1.7857142857142858
374 380 0.5714285714285714
375 380 1.7857142857142858
375 381 1.3571428571428572
376 382 1.3571428571428572
376 383 -2.0
377 378 1.7857142857142858
377 385 1.7857142857142858
377 386 -0.5714285714285714
378 379 -0.5714285714285714
378 386 -1.7857142857142858
378 387 -2.0
378 393 1.7857142857142858
378 401 -1.7857142857142858
378 425 1.7857142857142858
378 433 -2.0
379 387 -1.7857142857142858
379 388 2.0
379 460 2.0
379 466 -0.9285714285714286
379 493 1.7857142857142858
379 501 1.7857142857142858
380 381 0.9285714285714286
381 382 -2.0
382 383 0.5714285714285714
383 384 1.7857142857142858
384 385 -0.9285714285714286
385 386 -2.0
386 387 -0.9285714285714286
386 393 0.9285714285714286
386 401 -0.9285714285714286
387 388 1.7857142857142858
387 425 -0.5714285714285714
387 433 -1.7857142857142858
387 460 -0.9285714285714286
387 466 -0.5714285714285714
388 493 2.0
388 501 -1.7857142857142858
388 525 -2.0
388 532 -1.7857142857142858
389 390 1.3571428571428572
389 397 1.7857142857142858
390 391 -0.9285714285714286
390 397 -2.0
390 398 -0.5714285714285714
391 398 0.9285714285714286
391 399 -1.7857142857142858
392 393 -0.9285714285714286
392 400 -0.5714285714285714
392 401 0.5714285714285714
393 394 -0.5714285714285714
393 401 -0.5714285714285714
393 402 2.0
393 411 1.3571428571428572
394 395 -1.3571428571428572
394 402 -0.9285714285714286
394 403 -0.9285714285714286
394 444 1.7857142857142858
394 452 0.9285714285714286
394 477 1.3571428571428572
395 396 2.0
395 403 0.5714285714285714
395 404 -0.9285714285714286
395 510 -0.9285714285714286
395 518 -2.0
395 543 0.5714285714285714
395 551 1.3571428571428572
396 404 -0.9285714285714286
396 559 1.7857142857142858
396 566 1.7857142857142858
397 398 2.0
398 399 -1.7857142857142858
399 400 0.5714285714285714
400 401 -0.9285714285714286
401 402 2.0
402 403 0.5714285714285714
402 411 2.0
402 444 0.5714285714285714
402 452 1.3571428571428572
403 404 1.3571428571428572
403 477 2.0
403 510 -0.9285714285714286
403 518 2.0
404 543 -2.0
404 551 2.0
404 559 -2.0
404 566 -1.3571428571428572
405 406 1.7857142857142858
405 413 1.7857142857142858
406 407 -1.7857142857142858
406 413 -0.5714285714285714
406 414 -0.5714285714285714
407 408 -0.5714285714285714
407 414 -0.5714285714285714
407 415 0.5714285714285714
408 409 -1.3571428571428572
408 415 1.3571428571428572
408 416 2.0
409 410 -0.5714285714285714
409 416 1.7857142857142858
409 417 0.5714285714285714
410 417 0.5714285714285714
411 412 -1.3571428571428572
411 418 1.7857142857142858
411 425 0.9285714285714286
411 434 0.5714285714285714
412 418 2.0
412 419 0.9285714285714286
412 460 -1.3571428571428572
412 467 -0.5714285714285714
412 493 -0.9285714285714286
412 502 -2.0
413 414 1.3571428571428572
414 415 1.3571428571428572
415 416 0.9285714285714286
416 417 -2.0
418 419 0.9285714285714286
418 425 -1.3571428571428572
418 434 -1.3571428571428572
418 460 -0.5714285714285714
418 467 1.3571428571428572
419 493 1.3571428571428572
419 502 1.3571428571428572
419 525 0.5714285714285714
419 533 2.0
420 421 1.3571428571428572
420 429 -0.5714285714285714
421 422 2.0
421 429 2.0
421 430 0.5714285714285714
422 423 -0.5714285714285714
422 430 0.9285714285714286
422 431 1.7857142857142858
423 424 -1.7857142857142858
423 431 -0.9285714285714286
423 432 2.0
424 425 0.9285714285714286
424 432 1.3571428571428572
424 433 -2.0
425 426 -0.9285714285714286
425 433 2.0
425 434 -1.3571428571428572
426 427 1.3571428571428572
426 435 -0.5714285714285714
426 444 0.5714285714285714
426 453 -2.0
426 477 -2.0
426 486 1.3571428571428572
427 428 0.5714285714285714
427 435 -2.0
427 436 1.7857142857142858
427 519 1.3571428571428572
427 543 -1.3571428571428572
427 552 -1.3571428571428572
428 436 -0.9285714285714286
428 437 -2.0
428 559 2.0
428 567 -2.0
429 430 -0.9285714285714286
430 431 -0.9285714285714286
431 432 1.3571428571428572
432 433 1.7857142857142858
433 434 1.3571428571428572
434 444 -0.5714285714285714
434 453 0.9285714285714286
435 436 0.9285714285714286
435 477 0.9285714285714286
435 486 -1.7857142857142858
435 510 0.9285714285714286
435 519 0.5714285714285714
436 437 -1.3571428571428572
436 543 -2.0
436 552 1.3571428571428572
436 559 -1.7857142857142858
436 567 -1.3571428571428572
438 446 1.7857142857142858
439 440 1.3571428571428572
439 447 2.0
439 448 -1.7857142857142858
440 441 -0.9285714285714286
440 448 -1.3571428571428572
440 449 -2.0
441 442 -1.3571428571428572
441 449 0.5714285714285714
441 450 -1.7857142857142858
442 443 1.3571428571428572
442 450 -0.9285714285714286
442 451 0.9285714285714286
443 444 -0.5714285714285714
443 451 -1.7857142857142858
443 452 0.9285714285714286
444 445 0.9285714285714286
444 452 -1.7857142857142858
444 453 1.3571428571428572
445 453 0.9285714285714286
445 454 1.7857142857142858
445 467 0.9285714285714286
445 494 0.9285714285714286
446 447 1.7857142857142858
447 448 1.3571428571428572
448 449 -0.9285714285714286
449 450 -1.3571428571428572
450 451 -1.7857142857142858
451 452 0.9285714285714286
452 453 -1.7857142857142858
453 454 1.3571428571428572
453 467 1.3571428571428572
454 494 2.0
454 502 -0.9285714285714286
454 526 -1.3571428571428572
454 533 -1.7857142857142858
455 456 -2.0
455 463 0.5714285714285714
456 457 -0.5714285714285714
456 463 2.0
456 464 1.7857142857142858
457 458 0.5714285714285714
457 464 -1.3571428571428572
458 459 -1.7857142857142858
458 465 -0.9285714285714286
459 460 -2.0
459 465 -0.9285714285714286
459 466 2.0
460 466 0.9285714285714286
460 467 -0.9285714285714286
461 462 2.0
461 468 -0.5714285714285714
461 469 1.3571428571428572
461 511 -1.7857142857142858
461 544 1.3571428571428572
461 552 2.0
462 469 -1.7857142857142858
462 470 1.7857142857142858
462 560 -1.7857142857142858
462 567 0.5714285714285714
463 464 2.0
465 466 2.0
466 467 -2.0
467 468 2.0
468 469 1.3571428571428572
468 478 -1.3571428571428572
468 486 0.9285714285714286
468 511 2.0
468 519 0.5714285714285714
469 470 -0.5714285714285714
469 544 0.9285714285714286
469 552 2.0
469 560 -1.3571428571428572
469 567 0.9285714285714286
471 472 -0.5714285714285714
471 479 -2.0
472 479 2.0
472 480 1.7857142857142858
473 482 -0.5714285714285714
474 475 0.5714285714285714
474 482 -2.0
474 483 1.7857142857142858
475 476 1.3571428571428572
475 483 1.7857142857142858
475 484 -1.7857142857142858
476 477 -1.7857142857142858
476 484 -1.3571428571428572
476 485 -1.7857142857142858
477 478 2.0
477 485 -1.3571428571428572
477 486 1.7857142857142858
478 486 0.9285714285714286
478 487 0.5714285714285714
478 494 -0.5714285714285714
479 480 -1.3571428571428572
480 481 2.0
481 482 -0.9285714285714286
482 483 -0.9285714285714286
484 485 -0.9285714285714286
485 486 -1.7857142857142858
486 487 0.5714285714285714
487 494 1.7857142857142858
487 526 -2.0
488 489 1.7857142857142858
488 497 -1.3571428571428572
489 490 1.7857142857142858
489 498 0.5714285714285714
490 491 -0.5714285714285714
490 498 -0.9285714285714286
490 499 0.9285714285714286
491 492 0.9285714285714286
491 499 -0.5714285714285714
491 500 0.5714285714285714
492 493 1.3571428571428572
492 500 1.7857142857142858
492 501 2.0
493 494 -0.9285714285714286
493 501 -1.7857142857142858
493 502 -0.9285714285714286
494 495 -2.0
494 502 0.5714285714285714
495 496 -1.3571428571428572
495 503 -2.0
495 511 0.9285714285714286
495 520 1.3571428571428572
495 544 2.0
496 503 -1.7857142857142858
496 504 -0.5714285714285714
496 560 2.0
496 568 -0.5714285714285714
497 498 -0.5714285714285714
498 499 -1.3571428571428572
499 500 -1.7857142857142858
500 501 1.7857142857142858
501 502 -2.0
503 504 0.9285714285714286
503 544 0.9285714285714286
503 560 -1.3571428571428572
503 568 -2.0
505 506 -1.7857142857142858
505 512 2.0
505 513 -2.0
506 507 -1.3571428571428572
506 513 -0.5714285714285714
506 514 -1.7857142857142858
507 514 2.0
507 515 0.9285714285714286
508 509 0.9285714285714286
508 516 2.0
508 517 1.3571428571428572
509 510 0.9285714285714286
509 517 -0.5714285714285714
509 518 0.9285714285714286
510 511 -1.3571428571428572
510 518 0.9285714285714286
510 519 -0.9285714285714286
511 519 -1.3571428571428572
511 520 -2.0
512 513 -0.5714285714285714
513 514 2.0
514 515 1.3571428571428572
515 516 0.9285714285714286
516 517 1.7857142857142858
517 518 -0.5714285714285714
518 519 -2.0
519 520 1.7857142857142858
520 527 0.9285714285714286
520 534 -0.5714285714285714
521 522 1.7857142857142858
521 529 2.0
522 523 1.3571428571428572
522 530 -0.9285714285714286
523 524 1.3571428571428572
523 530 -0.9285714285714286
523 531 -0.9285714285714286
524 525 2.0
524 531 -2.0
524 532 0.5714285714285714
525 526 0.5714285714285714
525 532 0.5714285714285714
525 533 -1.3571428571428572
526 527 -1.3571428571428572
526 533 -1.7857142857142858
526 534 0.9285714285714286
527 528 1.3571428571428572
527 534 0.9285714285714286
527 535 -2.0
528 535 -1.7857142857142858
528 536 -1.7857142857142858
528 568 -0.9285714285714286
529 530 0.5714285714285714
530 531 0.5714285714285714
531 532 -0.9285714285714286
532 533 -2.0
533 534 -0.9285714285714286
534 535 -1.3571428571428572
535 536 0.9285714285714286
535 568 2.0
537 538 0.5714285714285714
537 545 -0.9285714285714286
537 546 -1.3571428571428572
538 539 -1.3571428571428572
538 546 -1.3571428571428572
538 547 0.5714285714285714
539 540 -0.9285714285714286
539 547 2.0
539 548 1.7857142857142858
540 541 -1.7857142857142858
540 548 2.0
540 549 -1.3571428571428572
541 542 1.7857142857142858
541 549 -2.0
541 550 1.3571428571428572
542 543 0.5714285714285714
542 550 0.9285714285714286
542 551 -0.9285714285714286
543 544 0.9285714285714286
543 551 -0.5714285714285714
543 552 -2.0
544 552 1.3571428571428572
545 546 2.0
546 547 -2.0
547 548 -2.0
548 549 -1.3571428571428572
549 550 1.3571428571428572
550 551 2.0
551 552 2.0
553 561 -0.9285714285714286
554 555 0.5714285714285714
554 562 1.7857142857142858
555 556 2.0
555 562 -0.9285714285714286
556 557 2.0
556 563 -1.3571428571428572
556 564 -0.5714285714285714
557 558 -2.0
557 564 2.0
557 565 2.0
558 559 -2.0
558 565 1.7857142857142858
559 560 -1.3571428571428572
559 566 2.0
559 567 0.5714285714285714
560 567 0.9285714285714286
560 568 -0.5714285714285714
562 563 1.3571428571428572
563 564 -0.9285714285714286
564 565 -2.0
565 566 -1.7857142857142858
566 567 1.3571428571428572
567 568 2.0
