252 964
1 1 -1.7142857142857144
2 2 -3.6428571428571432
3 3 -3.928571428571429
4 4 7.214285714285714
5 5 -1.6428571428571428
6 6 -4.5
7 7 3.5
8 8 1.3571428571428572
9 9 1.3571428571428572
10 10 -2.5
11 11 -1.642857142857143
12 12 2.3571428571428577
13 13 0.6428571428571428
14 14 1.785714285714286
15 15 -5.571428571428571
16 16 -0.642857142857143
17 17 -0.8571428571428572
18 18 -2.5
19 19 2.1428571428571432
20 20 -4.428571428571429
21 21 -0.3571428571428572
22 22 1.357142857142857
23 23 -2.0
24 24 1.3571428571428577
25 25 3.1428571428571432
26 26 0.6428571428571428
27 27 -0.5714285714285714
28 28 0.6428571428571428
29 29 2.571428571428571
30 30 0.6428571428571428
31 31 2.500000000000001
32 32 -2.2857142857142856
33 33 -0.8571428571428568
34 34 -1.3571428571428572
35 35 -2.6428571428571432
36 36 -5.357142857142858
37 37 -1.7857142857142858
38 38 -1.9285714285714286
39 39 -3.642857142857143
40 40 5.928571428571429
41 41 -3.8571428571428577
42 42 0.9285714285714286
43 43 -1.357142857142857
44 44 1.6428571428571432
45 45 0.7857142857142858
46 46 -0.2857142857142856
47 47 1.7857142857142858
48 48 6.071428571428571
49 49 4.5
50 50 -5.428571428571429
51 51 6.071428571428572
52 52 -0.7857142857142858
53 53 -2.8571428571428568
54 54 3.7857142857142856
55 55 -1.4285714285714286
56 56 3.1428571428571432
57 57 4.714285714285714
58 58 -1.9285714285714284
59 59 1.214285714285714
60 60 5.571428571428571
61 61 -1.8571428571428577
62 62 5.785714285714286
63 63 4.928571428571428
64 64 -1.2857142857142858
65 65 1.7857142857142858
66 66 -5.571428571428571
67 67 -1.7142857142857142
68 68 3.2857142857142856
69 69 2.928571428571429
70 70 -1.9999999999999998
71 71 2.7142857142857144
72 72 -0.1428571428571428
73 73 -3.3571428571428577
74 74 5.2857142857142865
75 75 -2.6428571428571432
76 76 -2.5
77 77 5.928571428571429
78 78 0.4999999999999998
79 79 1.1428571428571428
80 80 -0.5714285714285712
81 81 -0.42857142857142794
82 82 0.8571428571428572
83 83 -1.6428571428571428
84 84 5.928571428571429
85 85 4.857142857142857
86 86 4.0
87 87 0.357142857142857
88 88 -0.2142857142857142
89 89 -3.0
90 90 5.785714285714286
91 91 -2.2142857142857144
92 92 1.9999999999999998
93 93 3.928571428571429
94 94 -6.5
95 95 1.3571428571428572
96 96 -0.5714285714285714
97 97 4.071428571428572
98 98 -6.5
99 99 -3.642857142857143
100 100 -2.071428571428572
101 101 -2.928571428571429
102 102 -0.4285714285714286
103 103 -1.8571428571428568
104 104 -1.0714285714285716
105 105 -0.07142857142857117
106 106 0.07142857142857206
107 107 -8.214285714285714
108 108 -1.8571428571428577
109 109 -5.928571428571429
110 110 -2.6428571428571432
111 111 -0.857142857142857
112 112 -1.7857142857142858
113 113 -2.0
114 114 1.8571428571428572
115 115 1.5000000000000002
116 116 7.571428571428571
117 117 -0.5
118 118 -0.8571428571428572
119 119 -1.7142857142857142
120 120 -6.357142857142858
121 121 -3.2142857142857144
122 122 -4.714285714285714
123 123 6.5
124 124 3.2142857142857144
125 125 5.714285714285714
126 126 -2.7142857142857144
127 127 -0.7857142857142858
128 128 6.142857142857143
129 129 3.071428571428571
130 130 -0.3571428571428572
131 131 -0.9285714285714286
132 132 -6.0
133 133 2.857142857142857
134 134 6.714285714285714
135 135 1.7857142857142858
136 136 -4.714285714285714
137 137 3.3571428571428563
138 138 0.4285714285714284
139 139 2.5
140 140 -1.785714285714286
141 141 -2.857142857142857
142 142 -2.6428571428571432
143 143 -1.5714285714285714
144 144 -2.357142857142857
145 145 -0.2857142857142858
146 146 4.428571428571429
147 147 -3.428571428571429
148 148 -6.142857142857143
149 149 3.357142857142857
150 150 5.7857142857142865
151 151 1.7142857142857144
152 152 1.6428571428571428
153 153 3.8571428571428568
154 154 2.2142857142857144
155 155 6.214285714285715
156 156 0.07142857142857162
157 157 2.2857142857142856
158 158 -3.2142857142857144
159 159 1.642857142857143
160 160 4.7857142857142865
161 161 7.642857142857143
162 162 2.7142857142857144
163 163 -2.357142857142857
164 164 0.21428571428571397
165 165 4.785714285714286
166 166 3.2857142857142856
167 167 -2.3571428571428577
168 168 -6.7857142857142865
169 169 -2.0
170 170 -3.1428571428571432
171 171 -1.714285714285714
172 172 -8.642857142857144
173 173 -3.8571428571428577
174 174 0.5714285714285716
175 175 0.357142857142857
176 176 -3.5
177 177 0.5714285714285716
178 178 -4.428571428571429
179 179 -1.4285714285714286
180 180 2.857142857142857
181 181 -0.5
182 182 -0.2142857142857142
183 183 -6.642857142857142
184 184 -6.5
185 185 2.714285714285714
186 186 -6.642857142857143
187 187 -2.142857142857143
188 188 -2.8571428571428568
189 189 -1.8571428571428574
190 190 4.142857142857143
191 191 -0.07142857142857162
192 192 3.071428571428571
193 193 -1.5714285714285714
194 194 -2.571428571428571
195 195 -1.2142857142857144
196 196 1.857142857142857
197 197 4.2142857142857135
198 198 -1.5714285714285714
199 199 0.5000000000000004
200 200 -3.6428571428571423
201 201 -3.2142857142857144
202 202 -2.7857142857142856
203 203 -0.8571428571428572
204 204 2.2857142857142856
205 205 -9.642857142857142
206 206 -6.071428571428571
207 207 0.2857142857142856
208 208 -2.220446049250313e-16
209 209 -0.7857142857142858
210 210 -2.928571428571429
211 211 -5.142857142857142
212 212 2.7142857142857144
213 213 0.9285714285714286
214 214 5.857142857142858
215 215 -0.6428571428571432
216 216 7.2857142857142865
217 217 4.5
218 218 -1.8571428571428572
219 219 3.2857142857142856
220 220 1.5
221 221 4.571428571428571
222 222 -0.2857142857142856
223 223 5.0
224 224 -9.285714285714285
225 225 -6.071428571428571
226 226 2.2857142857142856
227 227 -1.785714285714286
228 228 -4.0
229 229 0.7857142857142858
230 230 1.2142857142857144
231 231 0.6428571428571423
232 232 -0.14285714285714302
233 233 2.5
235 235 -4.857142857142858
236 236 -1.7857142857142858
237 237 -4.142857142857142
238 238 -3.7142857142857153
239 239 2.1428571428571432
240 240 2.7857142857142856
241 241 5.214285714285715
242 242 5.357142857142858
243 243 4.214285714285714
244 244 3.7142857142857144
245 245 -2.7142857142857144
246 246 -5.0
247 247 2.857142857142857
248 248 2.7142857142857144
249 249 2.357142857142857
250 250 0.14285714285714302
251 251 -1.8571428571428572
252 252 -0.857142857142857
1 2 1.7857142857142858
1 9 1.3571428571428572
1 42 -2.0
1 47 1.3571428571428572
1 85 -1.3571428571428572
1 93 0.5714285714285714
2 3 1.3571428571428572
2 9 -0.9285714285714286
2 10 1.3571428571428572
2 133 -0.5714285714285714
2 143 -1.3571428571428572
2 176 2.0
3 4 -1.7857142857142858
3 10 1.3571428571428572
3 11 1.7857142857142858
3 20 0.5714285714285714
3 29 -0.5714285714285714
3 226 1.7857142857142858
3 236 -0.5714285714285714
4 11 -1.3571428571428572
4 12 -1.3571428571428572
4 123 -0.9285714285714286
4 128 -1.7857142857142858
5 6 0.5714285714285714
5 15 0.9285714285714286
5 60 -1.3571428571428572
5 106 0.5714285714285714
5 115 0.9285714285714286
6 7 -2.0
6 15 1.3571428571428572
6 16 1.7857142857142858
6 156 1.3571428571428572
6 161 0.5714285714285714
6 192 -0.9285714285714286
6 196 1.7857142857142858
7 16 -0.5714285714285714
7 17 -0.9285714285714286
7 41 1.3571428571428572
7 247 -1.3571428571428572
8 18 0.9285714285714286
8 19 -1.7857142857142858
8 184 0.5714285714285714
8 225 -2.0
8 235 0.9285714285714286
9 10 -1.3571428571428572
9 85 -0.9285714285714286
9 93 -0.5714285714285714
9 133 -0.9285714285714286
9 143 2.0
10 11 1.7857142857142858
10 176 -1.7857142857142858
10 226 0.5714285714285714
10 236 0.5714285714285714
11 12 2.0
11 20 -0.5714285714285714
11 29 -2.0
12 13 -1.7857142857142858
12 123 -1.7857142857142858
12 128 0.5714285714285714
12 163 -1.3571428571428572
12 168 1.3571428571428572
13 14 1.3571428571428572
13 204 -2.0
13 215 1.7857142857142858
14 56 -0.9285714285714286
14 71 -1.7857142857142858
14 102 0.9285714285714286
14 117 -1.3571428571428572
15 16 1.3571428571428572
15 106 0.9285714285714286
15 115 0.5714285714285714
15 156 1.3571428571428572
15 161 -0.9285714285714286
16 17 0.5714285714285714
16 192 -0.5714285714285714
16 196 -1.3571428571428572
16 247 -0.5714285714285714
17 19 0.9285714285714286
17 41 1.7857142857142858
17 90 -0.9285714285714286
17 96 -0.5714285714285714
18 19 -1.3571428571428572
18 25 0.9285714285714286
18 31 -0.9285714285714286
18 225 0.9285714285714286
18 235 2.0
19 138 -1.3571428571428572
19 146 -0.5714285714285714
19 184 2.0
20 26 1.3571428571428572
20 29 -0.9285714285714286
20 200 2.0
20 211 2.0
21 22 0.9285714285714286
21 28 -0.5714285714285714
22 23 -1.3571428571428572
22 28 1.3571428571428572
22 35 -0.9285714285714286
22 241 -1.3571428571428572
23 24 2.0
23 30 1.3571428571428572
24 25 -1.3571428571428572
24 30 -2.0
24 31 -2.0
24 173 2.0
25 32 -1.3571428571428572
25 70 -1.3571428571428572
26 29 0.9285714285714286
26 33 -0.9285714285714286
26 67 -2.0
26 103 -1.7857142857142858
26 113 1.7857142857142858
27 28 0.5714285714285714
28 241 -2.0
29 33 -2.0
29 67 2.0
30 31 -1.3571428571428572
30 173 1.3571428571428572
31 32 1.7857142857142858
32 70 0.9285714285714286
32 122 0.9285714285714286
33 103 -0.9285714285714286
33 113 2.0
33 153 1.7857142857142858
33 159 0.9285714285714286
34 38 1.3571428571428572
35 222 1.7857142857142858
35 233 1.7857142857142858
36 37 1.3571428571428572
36 45 -1.7857142857142858
36 53 1.7857142857142858
36 89 2.0
36 98 2.0
37 38 1.3571428571428572
37 48 -0.9285714285714286
37 139 -0.9285714285714286
37 150 0.9285714285714286
38 39 -1.3571428571428572
38 48 -1.3571428571428572
38 229 1.3571428571428572
38 239 0.5714285714285714
39 40 -2.0
39 50 0.9285714285714286
39 78 2.0
39 82 1.7857142857142858
39 126 0.9285714285714286
39 131 1.3571428571428572
40 41 -1.7857142857142858
40 50 0.9285714285714286
40 165 -1.3571428571428572
40 171 0.5714285714285714
40 207 -1.3571428571428572
40 218 -0.9285714285714286
41 52 1.3571428571428572
41 62 0.5714285714285714
41 68 0.5714285714285714
42 47 -0.9285714285714286
42 198 2.0
43 44 -1.7857142857142858
43 47 -1.7857142857142858
43 49 2.0
43 55 2.0
43 101 0.9285714285714286
44 45 1.3571428571428572
44 49 -1.7857142857142858
44 51 -1.3571428571428572
44 151 1.3571428571428572
44 187 0.5714285714285714
45 51 -0.5714285714285714
45 53 2.0
45 242 -1.7857142857142858
46 54 -2.0
46 174 0.9285714285714286
46 220 1.3571428571428572
47 49 -1.7857142857142858
47 55 1.3571428571428572
48 229 -2.0
48 239 -1.7857142857142858
49 51 -2.0
49 151 -0.9285714285714286
50 126 -1.7857142857142858
50 131 1.3571428571428572
50 165 2.0
50 171 2.0
51 53 -0.9285714285714286
51 187 0.5714285714285714
51 242 -1.7857142857142858
52 62 -0.9285714285714286
52 68 -0.5714285714285714
52 120 0.9285714285714286
54 220 -1.7857142857142858
55 65 -1.3571428571428572
55 93 -0.5714285714285714
56 71 -2.0
56 203 1.7857142857142858
56 214 -2.0
57 60 -0.9285714285714286
57 61 -2.0
57 71 -0.9285714285714286
57 72 0.9285714285714286
57 73 2.0
57 106 -1.7857142857142858
57 116 -2.0
58 59 1.3571428571428572
58 67 0.5714285714285714
58 69 0.9285714285714286
58 76 0.9285714285714286
58 124 -0.9285714285714286
58 128 -0.9285714285714286
59 60 -1.7857142857142858
59 69 -2.0
59 168 1.7857142857142858
59 215 -0.5714285714285714
60 71 -0.5714285714285714
60 72 -0.9285714285714286
61 62 -1.3571428571428572
61 73 0.9285714285714286
61 74 0.9285714285714286
61 156 0.9285714285714286
61 162 2.0
61 192 1.7857142857142858
61 197 -1.3571428571428572
62 63 0.9285714285714286
62 68 -0.9285714285714286
62 74 -1.3571428571428572
62 247 -0.9285714285714286
62 252 -1.7857142857142858
63 64 -0.5714285714285714
63 68 0.9285714285714286
63 75 -1.3571428571428572
63 90 -2.0
63 97 -1.3571428571428572
63 138 -0.9285714285714286
63 147 -0.5714285714285714
64 70 -1.3571428571428572
64 75 1.7857142857142858
64 185 -0.5714285714285714
64 225 2.0
65 66 1.3571428571428572
65 93 -1.3571428571428572
65 134 -1.3571428571428572
65 143 0.9285714285714286
66 67 0.9285714285714286
66 178 0.9285714285714286
66 227 0.5714285714285714
66 236 1.7857142857142858
67 69 -1.7857142857142858
67 76 2.0
68 75 -0.9285714285714286
68 90 -0.5714285714285714
68 97 -1.7857142857142858
69 124 0.5714285714285714
69 128 -2.0
69 168 1.3571428571428572
70 75 1.7857142857142858
70 225 2.0
71 72 0.5714285714285714
71 73 2.0
72 107 1.3571428571428572
72 117 -1.7857142857142858
73 74 -0.9285714285714286
73 106 1.3571428571428572
73 116 -2.0
73 156 0.5714285714285714
73 162 -0.5714285714285714
74 192 0.5714285714285714
74 197 -1.3571428571428572
74 247 -1.3571428571428572
74 252 -1.7857142857142858
75 138 1.3571428571428572
75 147 0.5714285714285714
75 185 -0.5714285714285714
76 77 1.3571428571428572
76 80 -1.3571428571428572
76 104 0.9285714285714286
76 113 -1.3571428571428572
77 78 -0.5714285714285714
77 80 -1.7857142857142858
77 81 -0.5714285714285714
77 154 -1.7857142857142858
77 159 -1.3571428571428572
77 190 0.5714285714285714
77 194 -1.7857142857142858
78 81 -0.9285714285714286
78 82 -1.3571428571428572
78 245 0.9285714285714286
78 249 -0.5714285714285714
79 83 1.7857142857142858
79 84 -0.5714285714285714
79 177 -0.5714285714285714
79 182 -1.7857142857142858
80 81 -0.9285714285714286
80 104 1.7857142857142858
80 113 1.3571428571428572
80 154 0.5714285714285714
80 159 0.9285714285714286
81 82 -0.9285714285714286
81 190 -0.9285714285714286
81 194 1.7857142857142858
81 245 0.9285714285714286
81 249 2.0
82 83 -0.9285714285714286
82 88 0.5714285714285714
83 84 -2.0
83 136 -1.7857142857142858
83 144 0.5714285714285714
83 177 2.0
83 182 2.0
84 223 -1.3571428571428572
84 233 -2.0
85 93 -2.0
85 209 -0.5714285714285714
86 140 -2.0
86 150 -2.0
87 94 1.3571428571428572
87 151 -1.3571428571428572
87 157 -0.9285714285714286
87 187 0.5714285714285714
88 95 0.5714285714285714
88 131 -0.9285714285714286
89 91 -0.5714285714285714
89 94 2.0
89 98 0.9285714285714286
89 242 -1.3571428571428572
90 96 -1.3571428571428572
90 97 -0.9285714285714286
91 92 0.5714285714285714
91 98 1.7857142857142858
91 99 1.3571428571428572
91 142 -0.9285714285714286
92 99 -1.7857142857142858
92 100 1.7857142857142858
92 174 -2.0
92 181 -1.3571428571428572
92 220 1.3571428571428572
92 231 -0.5714285714285714
94 187 1.7857142857142858
94 242 1.3571428571428572
95 96 0.5714285714285714
95 131 -1.3571428571428572
95 166 -0.5714285714285714
95 171 -0.5714285714285714
96 97 0.5714285714285714
96 218 1.3571428571428572
97 120 -0.5714285714285714
98 99 1.7857142857142858
99 100 1.3571428571428572
99 142 1.7857142857142858
99 174 -1.7857142857142858
99 181 0.9285714285714286
100 220 0.9285714285714286
100 231 -2.0
101 111 2.0
102 107 0.5714285714285714
102 117 0.9285714285714286
102 214 -2.0
103 104 0.9285714285714286
103 112 1.3571428571428572
103 227 1.3571428571428572
103 237 0.9285714285714286
104 105 -1.3571428571428572
104 113 -1.7857142857142858
104 114 0.9285714285714286
104 124 0.5714285714285714
104 129 -0.9285714285714286
105 106 2.0
105 114 1.3571428571428572
105 115 -0.5714285714285714
105 169 -0.9285714285714286
105 205 1.3571428571428572
105 216 -1.7857142857142858
106 115 -1.3571428571428572
106 116 -1.7857142857142858
107 108 2.0
107 116 2.0
107 117 0.9285714285714286
107 118 1.3571428571428572
108 109 1.3571428571428572
108 118 1.3571428571428572
108 119 -0.5714285714285714
108 162 -1.3571428571428572
108 197 -0.9285714285714286
109 119 0.5714285714285714
109 120 2.0
109 252 2.0
110 121 1.7857142857142858
110 122 1.7857142857142858
110 185 -0.9285714285714286
111 112 -1.7857142857142858
111 134 -1.3571428571428572
111 148 2.0
112 113 2.0
112 178 0.5714285714285714
112 227 -0.9285714285714286
112 237 0.5714285714285714
113 114 -2.0
114 115 1.3571428571428572
114 124 -2.0
114 129 -0.5714285714285714
114 169 -0.9285714285714286
115 116 -2.0
115 205 0.9285714285714286
115 216 -1.3571428571428572
116 118 -1.7857142857142858
117 118 1.7857142857142858
118 119 -0.9285714285714286
118 162 -0.9285714285714286
119 120 2.0
119 197 -1.3571428571428572
119 252 2.0
120 121 2.0
121 122 2.0
121 147 -0.5714285714285714
121 185 -2.0
123 124 0.5714285714285714
123 128 -2.0
123 201 -0.5714285714285714
123 212 -1.7857142857142858
124 125 -2.0
124 128 0.5714285714285714
124 129 -0.5714285714285714
125 126 -0.5714285714285714
125 129 0.5714285714285714
125 130 -2.0
125 154 -0.9285714285714286
125 160 -0.5714285714285714
125 190 1.7857142857142858
125 195 -2.0
126 130 1.7857142857142858
126 131 -0.5714285714285714
126 245 2.0
126 250 0.9285714285714286
127 132 1.7857142857142858
127 183 0.9285714285714286
127 223 -0.5714285714285714
127 234 -1.3571428571428572
128 129 -0.5714285714285714
129 130 -0.5714285714285714
129 154 1.3571428571428572
129 160 -1.7857142857142858
130 131 2.0
130 190 0.9285714285714286
130 195 2.0
130 245 -2.0
130 250 -1.7857142857142858
131 132 -0.9285714285714286
132 136 2.0
132 177 1.3571428571428572
132 183 1.7857142857142858
133 134 -2.0
133 199 2.0
133 209 -1.3571428571428572
134 135 -1.7857142857142858
134 143 -2.0
134 148 1.7857142857142858
135 139 -0.9285714285714286
135 148 0.9285714285714286
135 149 -0.5714285714285714
135 152 -2.0
135 157 0.5714285714285714
135 188 2.0
136 137 1.3571428571428572
136 144 1.7857142857142858
136 145 1.3571428571428572
137 138 -0.5714285714285714
137 145 -0.5714285714285714
137 146 -2.0
137 166 -2.0
137 172 1.3571428571428572
137 219 -0.9285714285714286
138 146 -0.9285714285714286
138 147 2.0
139 140 1.3571428571428572
139 149 -0.9285714285714286
139 150 -2.0
139 243 0.9285714285714286
140 141 2.0
140 142 1.7857142857142858
140 150 -1.3571428571428572
141 175 0.5714285714285714
141 181 0.9285714285714286
141 221 -2.0
141 231 1.3571428571428572
143 148 2.0
145 146 -0.9285714285714286
145 166 -1.3571428571428572
145 172 1.7857142857142858
146 147 2.0
146 219 -2.0
148 149 -1.3571428571428572
148 152 1.3571428571428572
148 157 -0.5714285714285714
149 150 -1.3571428571428572
149 188 1.7857142857142858
149 243 -0.9285714285714286
151 152 0.5714285714285714
151 157 -1.3571428571428572
152 153 -1.7857142857142858
152 157 -0.5714285714285714
152 158 1.3571428571428572
152 179 -0.5714285714285714
153 154 -2.0
153 158 0.5714285714285714
153 159 -1.3571428571428572
153 228 0.9285714285714286
153 237 -2.0
154 155 -1.3571428571428572
154 159 0.5714285714285714
154 160 1.3571428571428572
155 156 -1.3571428571428572
155 160 -1.3571428571428572
155 161 0.5714285714285714
155 164 -0.9285714285714286
155 169 -1.7857142857142858
155 206 2.0
155 216 -2.0
156 161 -2.0
156 162 -0.9285714285714286
157 158 0.5714285714285714
158 159 -1.3571428571428572
158 179 0.5714285714285714
158 228 0.9285714285714286
158 237 0.5714285714285714
160 161 -2.0
160 164 -1.3571428571428572
160 169 0.9285714285714286
161 162 -0.9285714285714286
161 206 -2.0
161 216 -0.9285714285714286
163 168 1.3571428571428572
163 202 1.7857142857142858
163 212 0.5714285714285714
164 165 -0.9285714285714286
164 169 1.7857142857142858
164 170 -0.5714285714285714
164 195 1.7857142857142858
165 166 -1.3571428571428572
165 170 -0.9285714285714286
165 171 -1.7857142857142858
165 246 0.9285714285714286
165 250 -1.3571428571428572
166 167 -0.5714285714285714
166 171 0.5714285714285714
166 172 2.0
167 172 1.7857142857142858
167 173 -0.9285714285714286
167 183 0.5714285714285714
167 224 0.5714285714285714
167 234 0.9285714285714286
168 169 0.9285714285714286
169 170 2.0
170 191 -0.5714285714285714
170 195 2.0
170 246 -0.5714285714285714
170 250 1.7857142857142858
171 172 0.9285714285714286
172 173 -0.5714285714285714
172 183 1.3571428571428572
173 224 2.0
174 175 1.3571428571428572
174 181 0.9285714285714286
175 180 -1.3571428571428572
175 181 -0.9285714285714286
176 178 0.9285714285714286
176 199 1.7857142857142858
176 210 0.5714285714285714
177 182 -2.0
177 183 -1.3571428571428572
178 179 2.0
179 186 0.9285714285714286
179 188 -0.9285714285714286
179 193 -0.5714285714285714
180 221 -0.5714285714285714
180 232 -0.9285714285714286
182 183 2.0
183 184 1.3571428571428572
184 185 1.3571428571428572
184 208 1.7857142857142858
184 219 -0.5714285714285714
186 188 1.7857142857142858
186 193 2.0
186 243 1.3571428571428572
186 248 0.5714285714285714
187 188 -1.3571428571428572
188 189 0.9285714285714286
188 193 -1.3571428571428572
189 190 -1.7857142857142858
189 193 0.9285714285714286
189 194 0.9285714285714286
189 228 1.7857142857142858
189 238 -0.9285714285714286
190 191 -1.7857142857142858
190 194 -0.9285714285714286
190 195 -2.0
191 192 -1.3571428571428572
191 195 -0.5714285714285714
191 196 1.7857142857142858
191 206 0.5714285714285714
191 217 2.0
192 196 -2.0
192 197 -0.5714285714285714
193 194 0.5714285714285714
193 228 -0.9285714285714286
193 238 0.9285714285714286
194 195 2.0
195 196 -2.0
196 197 1.3571428571428572
196 206 0.5714285714285714
196 217 -2.0
198 199 -1.3571428571428572
198 209 0.9285714285714286
199 200 -0.9285714285714286
199 210 -2.0
200 201 2.0
200 210 1.7857142857142858
200 211 0.5714285714285714
200 226 -1.7857142857142858
201 202 0.5714285714285714
201 211 1.7857142857142858
201 212 -0.5714285714285714
202 203 0.9285714285714286
202 204 -2.0
202 212 0.5714285714285714
202 213 0.9285714285714286
203 213 -0.9285714285714286
203 214 -0.9285714285714286
204 205 1.3571428571428572
204 213 0.9285714285714286
204 215 -0.5714285714285714
205 206 2.0
205 215 2.0
205 216 2.0
206 207 1.7857142857142858
206 216 0.5714285714285714
206 217 0.5714285714285714
207 217 -0.5714285714285714
207 218 -0.5714285714285714
207 246 1.7857142857142858
207 251 -1.3571428571428572
208 219 -1.7857142857142858
208 224 2.0
208 235 -2.0
209 210 1.7857142857142858
210 211 1.3571428571428572
210 226 -0.5714285714285714
211 212 -0.5714285714285714
212 213 -0.9285714285714286
213 214 -0.9285714285714286
215 216 -2.0
216 217 -1.7857142857142858
217 246 -0.9285714285714286
217 251 -1.7857142857142858
218 219 2.0
220 221 -1.3571428571428572
220 231 -2.0
221 222 -1.7857142857142858
221 231 0.5714285714285714
221 232 0.5714285714285714
222 223 -1.3571428571428572
222 230 2.0
222 232 -0.5714285714285714
222 233 2.0
222 241 -1.7857142857142858
223 224 0.5714285714285714
223 233 -0.9285714285714286
223 234 -1.3571428571428572
224 225 1.7857142857142858
224 234 1.7857142857142858
224 235 0.5714285714285714
225 235 1.3571428571428572
226 227 -1.3571428571428572
226 236 -0.9285714285714286
227 228 -0.5714285714285714
227 236 0.9285714285714286
227 237 1.7857142857142858
228 237 0.9285714285714286
228 238 0.9285714285714286
229 238 2.0
229 239 0.5714285714285714
229 244 -0.9285714285714286
229 248 -1.7857142857142858
230 232 -1.3571428571428572
230 240 -0.9285714285714286
230 241 -0.9285714285714286
231 232 2.0
232 233 -1.3571428571428572
232 241 1.7857142857142858
233 234 -2.0
234 235 2.0
237 238 1.3571428571428572
238 239 -0.5714285714285714
238 244 -2.0
238 248 2.0
239 240 -0.9285714285714286
240 241 -0.9285714285714286
242 243 -1.7857142857142858
243 244 -1.7857142857142858
243 248 -2.0
244 245 1.3571428571428572
244 248 -0.9285714285714286
244 249 0.5714285714285714
245 246 0.9285714285714286
245 249 -2.0
245 250 0.5714285714285714
246 247 1.3571428571428572
246 250 0.5714285714285714
246 251 0.9285714285714286
247 251 1.3571428571428572
247 252 -1.3571428571428572
248 249 -0.5714285714285714
249 250 -1.7857142857142858
250 251 0.9285714285714286
251 252 1.7857142857142858
