568 2284
1 1 -2.7142857142857144
2 2 -1.9285714285714286
3 3 -1.8571428571428572
4 4 -3.571428571428572
5 5 -0.0714285714285714
6 6 -3.714285714285715
7 7 5.5
8 8 6.642857142857144
9 9 -5.5
10 10 -3.357142857142857
11 11 -3.928571428571429
12 12 3.857142857142857
13 13 -1.0
14 14 2.1428571428571423
15 15 5.5
16 16 -1.0
17 17 -0.4285714285714286
18 18 2.5
19 19 -4.142857142857142
20 20 -1.6428571428571428
21 21 1.7857142857142856
22 22 3.8571428571428577
23 23 -3.6428571428571423
24 24 -9.0
25 25 -4.714285714285714
26 26 -0.5
27 27 -0.5714285714285714
28 28 -0.9285714285714286
29 29 -1.5714285714285714
30 30 -1.2142857142857144
31 31 -4.714285714285714
32 32 4.0
33 33 0.8571428571428572
34 34 2.1428571428571432
35 35 4.0
36 36 1.4285714285714284
37 37 -6.5
38 38 -1.8571428571428572
39 39 2.142857142857143
40 40 1.214285714285714
41 41 0.1428571428571428
42 42 5.5
43 43 -2.3571428571428568
44 44 1.1428571428571428
45 45 -5.142857142857143
46 46 0.5
47 47 -7.5
48 48 3.0714285714285716
49 49 -3.0
50 50 -4.357142857142857
51 51 3.7857142857142856
52 52 5.642857142857143
53 53 -3.7857142857142856
54 54 -1.0714285714285716
55 55 -1.1428571428571428
56 56 -2.357142857142857
57 57 -6.071428571428572
58 58 -0.7142857142857142
59 59 2.5
60 60 -0.357142857142857
61 61 2.2142857142857144
62 62 1.2142857142857142
63 63 0.5714285714285712
64 64 0.357142857142857
65 65 -1.2142857142857144
66 66 -1.4285714285714286
67 67 -2.0714285714285716
68 68 -0.7142857142857144
69 69 -1.0714285714285714
70 70 -4.642857142857143
71 71 -2.2142857142857144
72 72 0.6428571428571428
73 73 2.142857142857143
74 74 5.357142857142857
75 75 3.2142857142857144
76 76 -0.642857142857143
77 77 -2.857142857142857
78 78 -0.14285714285714302
79 79 1.5000000000000002
80 80 -3.5
81 81 -6.0
83 83 0.9285714285714286
84 84 1.7142857142857137
85 85 4.357142857142858
86 86 3.0
87 87 0.07142857142857117
88 88 1.7857142857142858
89 89 -0.3571428571428572
90 90 2.7142857142857144
91 91 3.357142857142857
92 92 2.357142857142857
93 93 -5.857142857142858
94 94 -0.7857142857142858
95 95 2.2142857142857144
96 96 -0.1428571428571428
97 97 -3.714285714285714
98 98 3.5
99 99 4.214285714285714
100 100 1.5
101 101 -0.4285714285714286
102 102 -2.142857142857143
103 103 4.0
104 104 0.7857142857142858
105 105 -3.1428571428571432
106 106 0.2857142857142856
107 107 5.285714285714286
108 108 -2.071428571428571
109 109 -2.7142857142857144
110 110 -5.571428571428571
111 111 -0.5714285714285714
112 112 1.8571428571428572
113 113 -2.928571428571429
114 114 -3.6428571428571432
115 115 -5.2857142857142865
116 116 1.8571428571428572
117 117 -5.642857142857143
119 119 5.7142857142857135
120 120 -3.428571428571429
121 121 -4.714285714285714
122 122 -0.9285714285714286
123 123 -3.857142857142857
124 124 2.3571428571428568
125 125 -1.0
126 126 -1.5714285714285716
127 127 -2.6428571428571432
128 128 0.5
129 129 -0.5
130 130 -2.571428571428571
131 131 -4.857142857142858
132 132 -3.928571428571429
133 133 7.071428571428571
134 134 0.4285714285714286
135 135 -0.49999999999999933
136 136 -1.7142857142857144
137 137 -0.9285714285714286
138 138 -4.5
139 139 5.214285714285714
140 140 -3.785714285714286
141 141 -2.2142857142857144
142 142 2.7142857142857144
143 143 1.2142857142857144
144 144 0.2142857142857142
145 145 6.357142857142857
146 146 -0.4285714285714288
147 147 3.571428571428571
148 148 -7.428571428571429
149 149 5.357142857142858
150 150 5.357142857142858
151 151 2.5
152 152 3.0
153 153 -1.5
154 154 5.357142857142857
155 155 4.071428571428572
156 156 -1.2142857142857146
157 157 2.857142857142857
158 158 1.5000000000000002
159 159 -0.8571428571428572
160 160 0.8571428571428577
161 161 -5.285714285714286
162 162 -4.142857142857143
163 163 3.928571428571429
164 164 5.571428571428571
165 165 0.2142857142857144
166 166 -0.8571428571428572
167 167 -1.4285714285714286
168 168 0.2142857142857142
169 169 3.428571428571429
170 170 0.4285714285714286
171 171 -0.6428571428571428
172 172 -0.2142857142857144
173 173 -1.8571428571428572
174 174 -1.3571428571428572
175 175 -2.0
176 176 -1.0714285714285714
177 177 2.0
178 178 2.857142857142857
179 179 2.785714285714286
180 180 0.857142857142857
181 181 -3.2142857142857144
182 182 -2.5
183 183 -2.3571428571428577
184 184 1.142857142857143
185 185 -3.5714285714285716
186 186 4.214285714285714
187 187 -4.2142857142857135
188 188 -0.3571428571428572
189 189 0.14285714285714302
190 190 -4.142857142857143
191 191 0.5714285714285712
192 192 -3.2142857142857144
193 193 1.4999999999999998
194 194 2.0
195 195 -2.928571428571429
196 196 7.571428571428571
197 197 -0.357142857142857
198 198 -1.642857142857143
199 199 -7.7142857142857135
200 200 -0.21428571428571463
201 201 0.5714285714285714
202 202 -3.6428571428571432
204 204 4.214285714285714
205 205 -1.1428571428571432
206 206 -4.214285714285714
207 207 -2.3571428571428568
208 208 3.500000000000001
209 209 -2.8571428571428568
210 210 -0.6428571428571428
211 211 -4.928571428571428
212 212 -1.2142857142857135
213 213 -3.5
214 214 -3.928571428571429
215 215 -2.7142857142857144
216 216 -1.2142857142857144
217 217 -0.5714285714285716
218 218 -0.7142857142857142
219 219 -0.14285714285714302
220 220 -0.357142857142857
221 221 -5.071428571428571
222 222 1.9285714285714284
223 223 -0.7142857142857144
224 224 -1.5714285714285714
225 225 -7.428571428571429
226 226 -2.7857142857142856
227 227 -3.428571428571429
228 228 -4.928571428571428
229 229 1.5
230 230 -2.0
231 231 -3.071428571428572
232 232 -7.428571428571427
233 233 -0.2142857142857142
234 234 -3.928571428571429
235 235 1.5714285714285718
236 236 -3.2142857142857144
237 237 -0.1428571428571428
238 238 -3.0
239 239 3.5
240 240 -4.357142857142858
241 241 -2.7142857142857144
242 242 -0.7142857142857144
244 244 -4.357142857142858
245 245 -2.2142857142857144
246 246 -2.2142857142857144
247 247 0.5714285714285714
248 248 -3.0
249 249 -4.5
250 250 -0.7142857142857144
251 251 -1.714285714285714
252 252 5.928571428571429
253 253 0.2142857142857142
254 254 -3.7857142857142856
255 255 -0.785714285714286
256 256 -0.35714285714285676
258 258 -1.2142857142857144
259 259 0.2857142857142856
260 260 -2.428571428571429
261 261 -4.571428571428572
262 262 0.3571428571428563
263 263 6.5
264 264 9.285714285714286
265 265 -3.1428571428571423
266 266 -4.571428571428571
267 267 -0.4285714285714286
268 268 2.6428571428571423
269 269 3.7142857142857144
270 270 -0.35714285714285743
271 271 -1.5714285714285716
272 272 -5.142857142857143
273 273 0.2857142857142856
274 274 -0.8571428571428572
275 275 -1.285714285714286
276 276 2.357142857142857
277 277 -3.5714285714285716
279 279 -3.571428571428571
280 280 -3.7857142857142865
281 281 2.071428571428572
282 282 -2.928571428571429
283 283 2.7142857142857144
284 284 1.642857142857143
285 285 -1.0714285714285712
286 286 6.571428571428571
287 287 6.142857142857142
288 288 4.5
289 289 0.5714285714285714
290 290 0.4285714285714284
291 291 -6.285714285714286
292 292 3.8571428571428568
293 293 -2.428571428571429
294 294 4.428571428571429
295 295 3.500000000000001
296 296 -0.357142857142857
297 297 -1.4285714285714286
298 298 -3.071428571428571
299 299 1.0714285714285716
300 300 -4.071428571428571
301 301 -3.6428571428571432
302 302 -7.571428571428571
303 303 4.785714285714286
304 304 -1.8571428571428572
305 305 3.285714285714286
306 306 -0.5714285714285716
307 307 -5.5
308 308 -2.6428571428571432
309 309 4.071428571428571
310 310 2.571428571428571
311 311 2.1428571428571432
312 312 -2.857142857142857
313 313 2.2857142857142856
314 314 4.071428571428571
315 315 -4.071428571428572
316 316 0.4285714285714288
317 317 1.7857142857142858
318 318 7.071428571428571
319 319 3.8571428571428568
320 320 -6.571428571428571
321 321 -3.7857142857142856
322 322 -2.0714285714285716
323 323 2.357142857142857
324 324 -2.642857142857143
325 325 -5.214285714285714
326 326 -2.571428571428571
327 327 2.0
328 328 0.8571428571428579
329 329 -1.0
330 330 -0.2142857142857142
331 331 -3.0000000000000004
332 332 2.357142857142857
333 333 6.428571428571429
334 334 2.2142857142857144
335 335 4.642857142857143
336 336 3.571428571428571
337 337 3.428571428571429
338 338 0.2142857142857144
339 339 -0.9285714285714286
340 340 -0.0714285714285714
341 341 1.857142857142857
342 342 1.9285714285714277
343 343 -6.785714285714286
344 344 -2.2142857142857144
345 345 3.285714285714286
346 346 -2.0
347 347 -1.5714285714285714
348 348 -10.42857142857143
349 349 -6.571428571428571
350 350 1.2857142857142858
351 351 2.2857142857142856
352 352 5.571428571428573
353 353 -2.0
354 354 -6.714285714285715
355 355 0.1428571428571428
356 356 -0.9285714285714286
357 357 1.4285714285714286
358 358 -2.5
359 359 -4.142857142857142
360 360 -2.5
361 361 2.4999999999999996
362 362 8.214285714285715
363 363 2.7142857142857144
364 364 -0.642857142857143
365 365 -3.7142857142857144
366 366 -6.5
367 367 1.0714285714285716
368 368 -0.7142857142857144
369 369 1.7857142857142858
370 370 2.0
371 371 -5.928571428571428
372 372 -2.0714285714285716
373 373 -0.14285714285714302
374 374 -1.0000000000000004
375 375 5.285714285714286
376 376 -2.071428571428571
377 377 -2.428571428571429
378 378 -7.714285714285715
379 379 0.07142857142857117
380 380 -0.785714285714286
381 381 -2.2142857142857144
382 382 -4.857142857142858
383 383 6.714285714285714
384 384 -0.14285714285714302
385 385 -4.928571428571429
386 386 -2.1428571428571432
387 387 2.071428571428572
388 388 -1.2142857142857142
389 389 -2.357142857142857
390 390 -1.142857142857143
391 391 -1.1428571428571426
392 392 6.357142857142858
393 393 6.428571428571429
394 394 0.0714285714285714
395 395 2.6428571428571423
396 396 -3.3571428571428568
397 397 1.5
398 398 -3.6428571428571423
399 399 1.2142857142857142
400 400 0.7857142857142854
401 401 5.428571428571429
402 402 -0.4999999999999991
403 403 -2.6428571428571432
404 404 -6.857142857142858
405 405 2.220446049250313e-16
406 406 -0.35714285714285676
407 407 -5.7142857142857135
408 408 3.428571428571429
409 409 -2.428571428571429
410 410 1.8571428571428572
411 411 3.785714285714286
412 412 2.7857142857142856
413 413 3.928571428571428
414 414 0.2142857142857142
415 415 -7.2142857142857135
416 416 5.642857142857143
417 417 1.857142857142857
418 418 -5.857142857142858
419 419 -5.0
420 420 0.0714285714285714
421 421 1.0
422 422 -1.7857142857142858
423 423 -3.142857142857143
424 424 -0.8571428571428572
425 425 -4.857142857142858
426 426 -1.3571428571428574
427 427 4.857142857142858
428 428 0.9285714285714288
429 429 -0.8571428571428572
430 430 -1.214285714285714
431 431 4.7857142857142865
432 432 4.642857142857142
433 433 1.7142857142857144
434 434 -2.3571428571428577
435 435 -0.5
436 436 -2.071428571428571
437 437 0.8571428571428572
438 438 -0.9285714285714288
439 439 2.1428571428571432
440 440 1.0
441 441 2.7142857142857144
442 442 -4.785714285714286
443 443 -3.285714285714286
444 444 -8.071428571428571
445 445 -4.285714285714286
446 446 -2.071428571428571
447 447 -2.357142857142857
448 448 0.8571428571428572
449 449 0.6428571428571421
450 450 -2.1428571428571432
451 451 3.642857142857143
452 452 0.5000000000000002
453 453 -3.0714285714285716
454 454 -2.928571428571429
455 455 -1.0
456 456 0.8571428571428574
457 457 -5.571428571428571
458 458 -1.428571428571428
459 459 9.071428571428571
460 460 0.642857142857143
461 461 -4.071428571428571
462 462 5.785714285714285
463 463 0.7857142857142858
464 464 -4.500000000000001
465 465 2.357142857142857
466 466 -3.2142857142857144
467 467 -3.071428571428571
468 468 -2.7857142857142856
469 469 -4.857142857142858
470 470 3.3571428571428568
471 471 0.6428571428571432
472 472 3.7142857142857144
473 473 -3.1428571428571423
474 474 -2.928571428571429
475 475 -6.714285714285714
476 476 -1.2142857142857142
477 477 0.642857142857143
478 478 -4.357142857142858
479 479 5.2857142857142865
481 481 -6.2857142857142865
482 482 -3.3571428571428577
483 483 -4.0
484 484 3.3571428571428568
485 485 1.7857142857142856
486 486 -4.142857142857142
487 487 -0.5000000000000004
488 488 -2.357142857142857
489 489 -1.9285714285714286
490 490 -9.071428571428573
491 491 -2.928571428571429
492 492 6.071428571428571
493 493 -3.2142857142857144
494 494 -5.928571428571429
495 495 1.5
496 496 2.2142857142857144
497 497 -2.7142857142857144
498 498 4.357142857142858
499 499 -3.6428571428571432
500 500 -0.9285714285714286
501 501 4.5
502 502 3.2857142857142856
503 503 -2.220446049250313e-16
504 504 1.3571428571428572
505 505 0.2857142857142856
506 506 -0.7857142857142854
507 507 -0.4285714285714286
508 508 -6.7857142857142865
509 509 -0.2857142857142858
510 510 1.5
511 511 -2.071428571428571
512 512 -6.2857142857142865
513 513 -6.0
514 514 0.07142857142857206
515 515 -3.2142857142857144
516 516 0.2142857142857142
517 517 -0.2142857142857142
518 518 2.071428571428571
519 519 5.071428571428571
520 520 1.6428571428571423
521 521 2.2142857142857144
522 522 0.5000000000000002
523 523 1.571428571428572
524 524 -1.0
525 525 -0.642857142857143
526 526 8.071428571428573
527 527 0.7857142857142858
528 528 2.0
529 529 0.2857142857142858
530 530 0.4285714285714288
531 531 6.7857142857142865
532 532 -0.49999999999999956
533 533 -6.5
534 534 5.642857142857142
535 535 -0.1428571428571428
536 536 -0.5
537 537 -3.5714285714285716
538 538 5.428571428571429
539 539 -11.285714285714285
540 540 -4.071428571428571
541 541 -1.3571428571428574
542 542 -5.071428571428572
543 543 2.6428571428571423
544 544 3.1428571428571432
545 545 3.071428571428571
546 546 6.642857142857143
547 547 -0.2857142857142858
548 548 -1.0
549 549 -2.6428571428571432
550 550 -0.14285714285714257
551 551 -6.5
552 552 -2.142857142857143
553 553 0.21428571428571397
554 554 -0.2142857142857142
555 555 2.857142857142857
556 556 -3.571428571428572
557 557 -8.071428571428573
558 558 -2.071428571428571
559 559 -4.500000000000001
560 560 5.142857142857144
561 561 -0.6428571428571428
562 562 3.357142857142857
563 563 1.6428571428571421
564 564 -3.9285714285714297
565 565 -5.071428571428572
566 566 -4.357142857142857
567 567 -5.0
568 568 3.500000000000001
1 2 -0.9285714285714286
1 9 1.7857142857142858
1 21 2.0
1 28 1.3571428571428572
1 49 -0.5714285714285714
1 57 -0.9285714285714286
2 3 -1.3571428571428572
2 9 0.9285714285714286
2 10 0.5714285714285714
2 66 0.9285714285714286
2 73 1.7857142857142858
2 80 2.0
2 84 -2.0
3 10 -0.9285714285714286
3 11 1.7857142857142858
3 109 -2.0
3 115 1.7857142857142858
3 134 2.0
3 140 0.5714285714285714
4 5 -0.5714285714285714
4 218 0.5714285714285714
4 226 1.7857142857142858
4 249 1.7857142857142858
5 6 2.0
5 280 1.3571428571428572
5 288 -1.7857142857142858
5 312 -0.9285714285714286
6 7 1.3571428571428572
6 12 -2.0
6 339 0.9285714285714286
6 346 2.0
6 367 -0.5714285714285714
7 12 -2.0
7 13 0.9285714285714286
7 396 -2.0
7 428 -2.0
7 437 -1.7857142857142858
8 13 -2.0
8 14 -0.9285714285714286
8 462 -2.0
8 470 -0.9285714285714286
8 496 0.5714285714285714
8 504 -1.3571428571428572
9 10 1.7857142857142858
9 49 0.5714285714285714
9 57 1.3571428571428572
9 66 -0.9285714285714286
10 80 0.5714285714285714
10 84 -0.5714285714285714
10 109 0.5714285714285714
10 115 1.3571428571428572
11 140 0.9285714285714286
11 160 1.7857142857142858
11 167 -0.5714285714285714
12 13 -1.7857142857142858
12 367 0.5714285714285714
12 396 1.3571428571428572
13 14 1.3571428571428572
13 428 -2.0
13 437 1.3571428571428572
13 462 1.7857142857142858
13 470 1.3571428571428572
14 496 -0.9285714285714286
14 504 0.9285714285714286
14 528 -2.0
14 536 -0.5714285714285714
15 16 -2.0
15 22 -0.9285714285714286
15 85 -2.0
15 116 -0.5714285714285714
16 17 1.7857142857142858
16 22 -2.0
16 23 2.0
16 141 -0.5714285714285714
16 168 1.7857142857142858
17 18 -1.3571428571428572
17 23 0.5714285714285714
17 24 1.7857142857142858
17 195 -1.7857142857142858
17 227 -0.5714285714285714
18 24 -0.5714285714285714
18 25 1.7857142857142858
18 257 -1.7857142857142858
18 289 -0.5714285714285714
19 20 0.9285714285714286
19 26 0.9285714285714286
19 374 0.9285714285714286
19 405 1.3571428571428572
20 26 -0.9285714285714286
20 27 0.5714285714285714
20 438 -0.9285714285714286
20 471 2.0
21 28 -1.7857142857142858
21 553 -2.0
22 23 -0.9285714285714286
22 116 0.5714285714285714
22 141 -0.5714285714285714
23 24 2.0
23 168 -2.0
23 195 2.0
24 25 2.0
24 227 2.0
24 257 1.7857142857142858
25 289 0.9285714285714286
26 27 0.9285714285714286
26 405 0.9285714285714286
26 438 -1.3571428571428572
27 471 -0.9285714285714286
28 29 1.3571428571428572
29 35 -1.7857142857142858
29 57 2.0
30 36 -1.7857142857142858
30 37 1.7857142857142858
30 115 -0.5714285714285714
30 140 1.7857142857142858
31 32 0.9285714285714286
31 38 2.0
31 226 1.7857142857142858
32 38 -2.0
32 39 -2.0
32 288 -0.9285714285714286
33 34 2.0
33 40 -0.5714285714285714
33 41 -0.9285714285714286
33 437 -1.3571428571428572
34 41 -0.5714285714285714
34 470 -1.7857142857142858
34 504 -1.7857142857142858
35 36 -1.7857142857142858
35 57 0.9285714285714286
35 73 -1.3571428571428572
36 37 1.7857142857142858
36 84 -0.5714285714285714
36 115 0.9285714285714286
37 140 0.9285714285714286
37 167 2.0
38 39 0.9285714285714286
38 288 0.9285714285714286
39 40 -2.0
39 346 0.9285714285714286
40 41 1.3571428571428572
41 437 0.9285714285714286
41 470 -0.9285714285714286
42 50 -0.9285714285714286
42 94 -0.5714285714285714
42 116 -2.0
42 122 -2.0
43 44 -1.3571428571428572
43 51 -0.5714285714285714
43 195 1.3571428571428572
43 203 0.9285714285714286
43 227 2.0
44 45 2.0
44 51 -2.0
44 52 -1.7857142857142858
44 289 2.0
45 46 0.9285714285714286
45 52 -0.9285714285714286
45 53 1.7857142857142858
45 353 1.3571428571428572
46 47 0.9285714285714286
46 53 -0.5714285714285714
46 54 -2.0
46 374 2.0
46 380 1.3571428571428572
46 405 -1.3571428571428572
46 413 -1.7857142857142858
47 48 1.3571428571428572
47 54 1.3571428571428572
47 55 0.9285714285714286
47 438 0.9285714285714286
47 446 0.9285714285714286
47 471 2.0
47 479 -0.9285714285714286
48 49 -2.0
48 55 -0.9285714285714286
48 56 -0.9285714285714286
48 545 -0.5714285714285714
49 56 1.7857142857142858
49 57 1.7857142857142858
49 553 -0.5714285714285714
49 561 2.0
50 116 0.5714285714285714
50 122 1.3571428571428572
50 141 2.0
50 148 1.3571428571428572
51 227 0.5714285714285714
51 257 -1.7857142857142858
52 53 -2.0
52 289 -0.9285714285714286
53 54 1.7857142857142858
53 353 2.0
53 374 -0.5714285714285714
53 380 1.3571428571428572
54 55 0.9285714285714286
54 405 0.5714285714285714
54 413 -2.0
54 438 1.3571428571428572
54 446 -0.9285714285714286
55 56 0.5714285714285714
55 471 -1.7857142857142858
55 479 -0.5714285714285714
55 512 2.0
56 57 0.9285714285714286
56 545 -0.5714285714285714
56 553 0.5714285714285714
58 59 -1.7857142857142858
58 67 -0.9285714285714286
58 86 0.5714285714285714
58 94 1.3571428571428572
58 117 0.5714285714285714
58 122 0.9285714285714286
59 60 -1.7857142857142858
59 67 -0.9285714285714286
59 68 1.7857142857142858
59 148 2.0
59 174 -1.7857142857142858
60 61 1.7857142857142858
60 68 -0.9285714285714286
60 69 2.0
60 196 -1.3571428571428572
60 203 -1.3571428571428572
60 228 2.0
61 62 -2.0
61 69 -1.7857142857142858
61 70 0.9285714285714286
61 258 -0.5714285714285714
61 290 -0.5714285714285714
62 63 0.9285714285714286
62 70 -0.5714285714285714
62 321 1.7857142857142858
62 353 -1.3571428571428572
63 64 1.3571428571428572
63 71 -0.5714285714285714
63 375 -0.9285714285714286
63 380 -0.5714285714285714
63 406 0.5714285714285714
63 413 -1.3571428571428572
64 65 -2.0
64 71 1.7857142857142858
64 472 -0.5714285714285714
64 479 -0.9285714285714286
65 66 2.0
65 72 0.9285714285714286
65 505 0.5714285714285714
65 512 2.0
65 537 -0.9285714285714286
65 545 -1.3571428571428572
66 72 1.7857142857142858
66 73 -0.5714285714285714
66 561 -1.7857142857142858
67 68 -0.5714285714285714
67 117 1.7857142857142858
67 122 0.9285714285714286
67 148 1.7857142857142858
68 69 -0.9285714285714286
68 174 1.3571428571428572
68 196 -0.9285714285714286
68 203 0.9285714285714286
69 70 1.3571428571428572
69 228 1.7857142857142858
69 258 -1.3571428571428572
70 290 0.9285714285714286
70 321 2.0
71 406 -0.9285714285714286
71 413 1.3571428571428572
71 446 0.5714285714285714
72 73 -2.0
72 537 0.5714285714285714
72 545 -0.5714285714285714
72 561 -1.3571428571428572
74 75 0.9285714285714286
74 86 -1.3571428571428572
74 95 -0.9285714285714286
74 117 -2.0
74 123 -2.0
75 76 -1.7857142857142858
75 149 -1.7857142857142858
75 175 -0.5714285714285714
76 81 2.0
76 196 -0.5714285714285714
76 204 0.5714285714285714
76 228 -0.9285714285714286
76 234 1.3571428571428572
77 82 1.7857142857142858
77 375 -1.7857142857142858
77 381 1.3571428571428572
77 406 0.5714285714285714
77 414 0.9285714285714286
78 79 -0.5714285714285714
78 447 -2.0
78 472 0.9285714285714286
78 480 1.7857142857142858
79 80 -2.0
79 83 -0.9285714285714286
79 505 -2.0
79 513 2.0
79 537 2.0
80 83 0.9285714285714286
80 84 2.0
81 228 -1.3571428571428572
81 234 2.0
81 258 1.3571428571428572
81 266 2.0
82 406 -1.7857142857142858
82 414 -0.5714285714285714
82 447 0.5714285714285714
83 84 -0.5714285714285714
83 537 0.5714285714285714
83 546 -0.9285714285714286
85 86 -1.7857142857142858
85 94 -0.5714285714285714
86 87 0.9285714285714286
86 95 -1.3571428571428572
87 88 -0.5714285714285714
87 95 0.9285714285714286
87 96 -2.0
87 102 2.0
87 130 -1.3571428571428572
88 89 0.5714285714285714
88 96 -1.7857142857142858
88 97 0.5714285714285714
88 181 -0.5714285714285714
89 97 0.5714285714285714
89 98 -0.5714285714285714
89 211 1.7857142857142858
89 242 -2.0
90 91 -1.3571428571428572
90 98 -1.3571428571428572
90 99 -0.9285714285714286
90 304 0.9285714285714286
91 92 -1.7857142857142858
91 99 -1.3571428571428572
91 100 -1.7857142857142858
91 332 0.9285714285714286
91 360 2.0
92 93 0.9285714285714286
92 389 -0.9285714285714286
92 420 -0.5714285714285714
93 101 1.7857142857142858
93 455 1.3571428571428572
93 488 1.7857142857142858
94 95 0.5714285714285714
95 96 0.5714285714285714
95 102 -2.0
96 97 2.0
96 130 1.3571428571428572
97 98 -2.0
97 181 0.5714285714285714
97 211 2.0
98 99 -1.3571428571428572
98 242 1.7857142857142858
99 100 -0.9285714285714286
99 304 0.9285714285714286
99 332 -0.5714285714285714
100 360 -0.5714285714285714
100 389 1.7857142857142858
101 488 -1.3571428571428572
102 103 0.9285714285714286
102 110 0.5714285714285714
102 118 2.0
102 123 -1.3571428571428572
103 110 0.5714285714285714
103 111 -0.5714285714285714
103 149 -1.7857142857142858
103 169 -1.7857142857142858
103 175 -1.3571428571428572
104 111 0.9285714285714286
104 112 -1.3571428571428572
104 197 0.9285714285714286
104 204 -0.9285714285714286
104 229 -0.9285714285714286
104 234 0.5714285714285714
105 112 1.7857142857142858
105 113 -1.7857142857142858
105 259 0.9285714285714286
105 266 -0.9285714285714286
105 291 1.7857142857142858
105 298 1.3571428571428572
106 107 -2.0
106 381 0.9285714285714286
106 407 1.3571428571428572
106 414 -0.5714285714285714
107 108 -1.7857142857142858
107 114 1.3571428571428572
107 439 -1.3571428571428572
107 447 -0.5714285714285714
107 480 -0.9285714285714286
108 109 1.7857142857142858
108 114 1.7857142857142858
108 506 0.5714285714285714
108 513 2.0
108 538 -0.9285714285714286
108 546 -1.3571428571428572
109 115 1.7857142857142858
109 554 0.5714285714285714
110 111 2.0
110 118 2.0
110 123 1.7857142857142858
110 149 -1.3571428571428572
111 112 -1.7857142857142858
111 169 1.3571428571428572
111 175 -0.5714285714285714
111 197 -1.3571428571428572
111 204 0.5714285714285714
112 113 2.0
112 229 -2.0
112 234 -2.0
112 259 0.9285714285714286
112 266 0.5714285714285714
113 291 1.7857142857142858
113 298 0.9285714285714286
114 480 -0.5714285714285714
114 506 2.0
114 513 -0.9285714285714286
116 117 1.3571428571428572
116 122 -1.7857142857142858
117 118 2.0
117 122 0.5714285714285714
117 123 1.3571428571428572
118 119 -2.0
118 123 1.7857142857142858
118 124 -2.0
118 130 -1.7857142857142858
118 135 -2.0
119 124 -0.5714285714285714
119 125 -2.0
119 181 -0.5714285714285714
119 188 -0.5714285714285714
120 121 1.3571428571428572
120 128 1.3571428571428572
120 389 0.9285714285714286
120 397 -0.5714285714285714
120 420 0.9285714285714286
120 429 -0.5714285714285714
121 129 1.3571428571428572
121 455 -0.5714285714285714
121 463 -0.5714285714285714
121 488 1.3571428571428572
121 497 1.7857142857142858
122 123 0.9285714285714286
123 124 1.3571428571428572
124 125 -2.0
124 130 1.7857142857142858
124 135 -0.9285714285714286
125 126 1.7857142857142858
125 181 2.0
125 188 2.0
125 211 0.5714285714285714
125 219 -1.3571428571428572
126 127 -0.5714285714285714
126 242 0.9285714285714286
126 250 -0.5714285714285714
127 128 1.3571428571428572
127 304 1.3571428571428572
127 313 0.9285714285714286
127 332 -1.7857142857142858
127 340 1.3571428571428572
128 360 -0.9285714285714286
128 389 -1.3571428571428572
128 397 -0.9285714285714286
129 488 -1.7857142857142858
129 497 0.9285714285714286
130 131 2.0
130 135 0.5714285714285714
131 135 0.5714285714285714
131 136 1.3571428571428572
131 150 -0.5714285714285714
131 169 0.5714285714285714
131 176 0.9285714285714286
132 138 -0.5714285714285714
132 382 1.3571428571428572
132 407 1.3571428571428572
132 415 1.7857142857142858
133 134 -0.9285714285714286
133 139 -0.5714285714285714
133 506 -1.7857142857142858
133 514 -1.7857142857142858
133 538 -2.0
134 139 -0.9285714285714286
134 140 0.9285714285714286
134 554 -0.9285714285714286
134 562 -0.5714285714285714
135 136 1.3571428571428572
135 150 0.9285714285714286
136 169 -2.0
136 176 1.3571428571428572
136 197 0.5714285714285714
136 205 -0.9285714285714286
137 291 0.9285714285714286
138 407 1.7857142857142858
138 415 1.7857142857142858
138 439 0.5714285714285714
138 448 0.9285714285714286
139 140 -1.3571428571428572
139 538 -0.5714285714285714
139 547 -0.5714285714285714
139 554 0.5714285714285714
139 562 -1.7857142857142858
141 148 1.3571428571428572
142 143 0.5714285714285714
142 150 -2.0
142 151 0.9285714285714286
142 154 -2.0
142 182 1.7857142857142858
142 188 -2.0
143 144 -2.0
143 151 0.5714285714285714
143 219 -0.9285714285714286
143 250 0.5714285714285714
144 145 -0.5714285714285714
144 152 1.7857142857142858
144 274 0.5714285714285714
144 305 -1.7857142857142858
144 313 1.7857142857142858
145 146 -2.0
145 152 -0.5714285714285714
145 333 -1.7857142857142858
145 340 0.5714285714285714
145 361 -2.0
146 147 0.5714285714285714
146 390 0.9285714285714286
146 397 0.9285714285714286
146 421 -2.0
146 429 2.0
147 153 0.9285714285714286
147 456 -1.7857142857142858
147 463 -1.3571428571428572
147 489 -1.3571428571428572
147 497 -0.5714285714285714
148 149 0.9285714285714286
149 150 -1.3571428571428572
150 151 -1.7857142857142858
150 154 -0.5714285714285714
151 182 -1.3571428571428572
151 188 -1.7857142857142858
151 219 0.9285714285714286
152 305 -1.3571428571428572
152 313 -1.3571428571428572
152 333 -0.5714285714285714
152 340 -0.9285714285714286
153 489 1.7857142857142858
153 497 0.5714285714285714
153 521 -1.7857142857142858
154 155 -1.7857142857142858
154 161 1.3571428571428572
154 170 -1.7857142857142858
154 176 -0.5714285714285714
155 156 -0.9285714285714286
155 161 0.5714285714285714
155 162 -1.7857142857142858
155 198 0.5714285714285714
155 205 -1.7857142857142858
155 230 2.0
155 235 -0.9285714285714286
156 157 -1.3571428571428572
156 162 1.7857142857142858
156 163 1.7857142857142858
156 260 1.7857142857142858
156 267 -0.9285714285714286
156 292 -0.9285714285714286
157 158 -2.0
157 163 -1.7857142857142858
157 322 1.3571428571428572
157 347 0.9285714285714286
158 164 -1.7857142857142858
158 376 1.3571428571428572
158 382 0.9285714285714286
159 160 0.9285714285714286
159 165 0.9285714285714286
159 166 -0.5714285714285714
159 507 -1.7857142857142858
159 514 -1.3571428571428572
159 539 1.3571428571428572
159 547 1.3571428571428572
160 166 -1.3571428571428572
160 167 -1.7857142857142858
160 555 -1.7857142857142858
160 562 1.3571428571428572
161 162 0.5714285714285714
161 170 1.7857142857142858
161 176 1.7857142857142858
161 198 0.5714285714285714
161 205 -1.3571428571428572
162 163 -0.5714285714285714
162 230 -0.5714285714285714
162 235 2.0
162 260 1.3571428571428572
162 267 1.3571428571428572
163 292 -1.3571428571428572
163 322 -2.0
164 165 0.5714285714285714
164 408 -2.0
164 415 -0.5714285714285714
164 448 -1.7857142857142858
165 166 -0.9285714285714286
165 473 -0.9285714285714286
165 481 2.0
165 507 -0.9285714285714286
165 514 -0.9285714285714286
166 167 1.7857142857142858
166 539 1.7857142857142858
166 547 0.5714285714285714
166 555 0.9285714285714286
166 562 -1.3571428571428572
169 170 -1.3571428571428572
169 175 1.7857142857142858
169 176 -2.0
170 171 0.5714285714285714
170 176 -1.3571428571428572
170 177 0.9285714285714286
170 182 -0.5714285714285714
170 189 1.3571428571428572
171 177 0.9285714285714286
171 178 0.9285714285714286
171 220 -1.3571428571428572
171 243 -1.3571428571428572
171 251 0.9285714285714286
172 179 0.5714285714285714
172 180 -0.5714285714285714
172 333 1.3571428571428572
172 341 -0.5714285714285714
172 361 -0.5714285714285714
173 456 0.9285714285714286
173 464 1.7857142857142858
173 489 -1.7857142857142858
173 498 0.9285714285714286
174 175 1.7857142857142858
175 176 0.9285714285714286
177 178 -0.5714285714285714
177 182 -0.5714285714285714
177 189 -1.3571428571428572
177 220 -1.3571428571428572
178 179 -0.9285714285714286
178 243 -1.3571428571428572
178 251 -0.9285714285714286
178 274 1.7857142857142858
178 281 -1.7857142857142858
179 180 -2.0
179 305 -1.3571428571428572
179 314 0.9285714285714286
179 333 -1.7857142857142858
179 341 1.7857142857142858
180 361 -0.5714285714285714
180 390 0.9285714285714286
180 398 1.3571428571428572
181 182 1.7857142857142858
182 183 -0.9285714285714286
182 188 1.7857142857142858
182 189 0.5714285714285714
183 184 1.7857142857142858
183 189 -0.9285714285714286
183 190 2.0
183 198 -1.7857142857142858
183 206 1.3571428571428572
183 230 -0.9285714285714286
183 236 1.7857142857142858
184 185 2.0
184 190 1.3571428571428572
184 191 -0.5714285714285714
184 260 -1.7857142857142858
184 268 -1.3571428571428572
184 292 -2.0
184 299 -0.5714285714285714
185 186 0.5714285714285714
185 191 -2.0
185 192 1.7857142857142858
185 322 -0.5714285714285714
185 327 1.7857142857142858
185 347 -0.9285714285714286
185 354 0.9285714285714286
186 192 -2.0
186 383 -0.9285714285714286
186 408 -0.9285714285714286
186 416 -0.9285714285714286
187 193 -0.9285714285714286
187 507 1.7857142857142858
187 539 2.0
187 548 1.3571428571428572
188 189 0.9285714285714286
189 190 2.0
189 198 -1.7857142857142858
189 206 -0.9285714285714286
190 191 -0.5714285714285714
190 230 0.9285714285714286
190 236 -2.0
190 260 1.3571428571428572
190 268 -0.9285714285714286
191 192 -0.5714285714285714
191 292 1.3571428571428572
191 299 0.9285714285714286
191 322 1.7857142857142858
191 327 -0.9285714285714286
192 347 2.0
192 354 2.0
192 376 0.9285714285714286
192 383 -0.9285714285714286
193 194 -2.0
193 539 2.0
193 548 -2.0
193 555 -0.5714285714285714
193 563 2.0
195 203 1.3571428571428572
196 197 -1.7857142857142858
196 203 -0.9285714285714286
196 204 -2.0
197 198 0.9285714285714286
197 204 -0.9285714285714286
197 205 2.0
198 205 1.7857142857142858
198 206 1.3571428571428572
199 200 2.0
199 206 -0.9285714285714286
199 207 1.7857142857142858
199 212 2.0
199 220 2.0
199 244 -0.9285714285714286
199 251 1.7857142857142858
200 207 1.3571428571428572
200 208 -2.0
200 275 0.9285714285714286
200 281 -0.5714285714285714
200 306 -0.5714285714285714
200 314 -0.9285714285714286
201 202 0.9285714285714286
201 209 -0.9285714285714286
201 391 -0.9285714285714286
201 398 1.7857142857142858
201 422 -2.0
201 430 0.5714285714285714
202 210 0.5714285714285714
202 457 2.0
202 464 0.5714285714285714
202 490 1.3571428571428572
202 498 -1.7857142857142858
203 204 -0.9285714285714286
204 205 -0.5714285714285714
205 206 2.0
206 207 -1.7857142857142858
206 212 1.7857142857142858
206 220 1.3571428571428572
207 208 -0.9285714285714286
207 244 0.5714285714285714
207 251 1.7857142857142858
207 275 0.9285714285714286
207 281 -1.3571428571428572
208 209 1.7857142857142858
208 306 1.3571428571428572
208 314 -0.5714285714285714
208 334 -1.7857142857142858
208 341 -1.3571428571428572
209 362 -0.5714285714285714
209 391 0.5714285714285714
209 398 2.0
210 490 0.5714285714285714
210 498 -2.0
210 522 0.9285714285714286
210 529 0.5714285714285714
211 219 0.5714285714285714
212 213 0.5714285714285714
212 220 -1.7857142857142858
212 236 -1.3571428571428572
213 214 -1.7857142857142858
213 221 1.7857142857142858
213 222 1.7857142857142858
213 261 -2.0
213 268 0.5714285714285714
213 293 2.0
213 299 0.5714285714285714
214 215 0.9285714285714286
214 222 1.7857142857142858
214 323 0.5714285714285714
214 327 -1.3571428571428572
214 348 1.7857142857142858
214 354 2.0
215 216 1.7857142857142858
215 223 1.3571428571428572
215 383 -1.3571428571428572
215 409 2.0
215 416 -2.0
216 217 -0.5714285714285714
216 223 0.5714285714285714
216 224 1.3571428571428572
216 441 -1.3571428571428572
216 449 -0.5714285714285714
216 474 0.9285714285714286
216 482 -0.9285714285714286
217 218 -0.5714285714285714
217 224 -0.5714285714285714
217 225 0.5714285714285714
217 515 1.3571428571428572
217 540 -0.5714285714285714
217 548 0.9285714285714286
218 225 0.5714285714285714
218 226 -1.3571428571428572
218 556 0.5714285714285714
218 563 0.9285714285714286
219 220 0.9285714285714286
220 221 0.5714285714285714
221 231 1.7857142857142858
221 236 0.9285714285714286
221 261 0.5714285714285714
221 268 -0.5714285714285714
222 293 -0.9285714285714286
222 299 -2.0
222 323 -0.5714285714285714
222 327 -2.0
223 224 0.5714285714285714
223 409 2.0
223 441 -1.7857142857142858
223 449 -2.0
224 225 2.0
224 474 -2.0
224 482 2.0
224 515 -1.7857142857142858
225 226 0.5714285714285714
225 540 2.0
225 548 0.9285714285714286
225 556 -0.5714285714285714
225 563 1.3571428571428572
227 228 -0.5714285714285714
228 229 2.0
228 234 2.0
229 230 2.0
229 234 -0.5714285714285714
229 235 -2.0
230 231 -0.5714285714285714
230 235 -1.7857142857142858
230 236 0.9285714285714286
231 232 -1.3571428571428572
231 236 1.7857142857142858
231 237 0.5714285714285714
231 244 1.7857142857142858
231 252 -0.9285714285714286
232 233 0.5714285714285714
232 237 -0.9285714285714286
232 238 2.0
232 275 2.0
232 282 1.7857142857142858
232 306 1.3571428571428572
232 315 2.0
233 238 0.5714285714285714
233 239 -2.0
233 334 2.0
233 342 -1.3571428571428572
233 362 -1.3571428571428572
233 368 1.7857142857142858
234 235 0.5714285714285714
235 236 0.5714285714285714
236 237 0.5714285714285714
237 238 -2.0
237 244 2.0
237 252 -2.0
237 275 0.5714285714285714
237 282 1.3571428571428572
238 239 0.9285714285714286
238 306 -1.3571428571428572
238 315 2.0
238 334 1.7857142857142858
238 342 -0.9285714285714286
239 240 1.7857142857142858
239 362 -1.7857142857142858
239 368 -2.0
239 391 -1.7857142857142858
239 399 1.3571428571428572
240 241 1.3571428571428572
240 431 -0.5714285714285714
240 457 1.7857142857142858
241 499 -1.3571428571428572
241 522 1.3571428571428572
241 530 1.3571428571428572
242 243 -1.3571428571428572
242 250 1.3571428571428572
243 244 1.7857142857142858
243 250 1.3571428571428572
243 251 0.9285714285714286
244 245 0.5714285714285714
244 251 0.5714285714285714
244 252 -2.0
245 246 0.9285714285714286
245 252 0.9285714285714286
245 253 0.9285714285714286
245 261 2.0
245 269 -1.3571428571428572
245 293 -1.7857142857142858
246 247 -1.3571428571428572
246 253 -0.5714285714285714
246 254 2.0
246 323 -0.5714285714285714
246 328 -1.7857142857142858
246 348 1.7857142857142858
246 355 1.7857142857142858
247 254 1.3571428571428572
247 384 -0.5714285714285714
247 409 1.7857142857142858
247 417 -1.7857142857142858
248 249 2.0
248 255 -0.9285714285714286
248 256 -0.9285714285714286
248 516 1.3571428571428572
248 540 0.5714285714285714
248 549 0.9285714285714286
249 256 -2.0
249 556 1.7857142857142858
249 564 0.9285714285714286
250 251 -2.0
251 252 -1.3571428571428572
252 253 -0.9285714285714286
252 261 0.9285714285714286
252 269 -0.5714285714285714
253 254 0.9285714285714286
253 293 0.9285714285714286
253 323 -0.5714285714285714
253 328 -0.9285714285714286
254 348 1.7857142857142858
254 355 -1.3571428571428572
254 384 -0.9285714285714286
255 256 0.5714285714285714
255 474 1.7857142857142858
255 483 1.3571428571428572
255 516 -2.0
256 540 -0.9285714285714286
256 549 0.9285714285714286
256 556 1.7857142857142858
256 564 0.9285714285714286
257 258 1.7857142857142858
258 259 -0.5714285714285714
258 266 0.5714285714285714
259 260 -2.0
259 266 1.7857142857142858
259 267 -1.3571428571428572
260 261 0.9285714285714286
260 267 1.3571428571428572
260 268 -0.5714285714285714
261 262 1.3571428571428572
261 268 1.3571428571428572
261 269 -0.5714285714285714
262 263 -2.0
262 269 -0.9285714285714286
262 270 -1.3571428571428572
262 276 -1.3571428571428572
262 282 0.5714285714285714
262 307 2.0
262 315 1.3571428571428572
263 264 -0.9285714285714286
263 270 -0.9285714285714286
263 271 -1.3571428571428572
263 335 -1.7857142857142858
263 342 -1.7857142857142858
263 363 0.9285714285714286
263 368 1.3571428571428572
264 265 -0.9285714285714286
264 271 -1.3571428571428572
264 272 -1.3571428571428572
264 399 -1.3571428571428572
264 423 -2.0
264 431 -1.3571428571428572
265 272 1.7857142857142858
265 273 0.9285714285714286
265 458 0.9285714285714286
265 491 -0.9285714285714286
265 499 1.3571428571428572
266 267 0.5714285714285714
267 268 -0.5714285714285714
268 269 -0.5714285714285714
269 270 0.9285714285714286
269 276 1.3571428571428572
269 282 -2.0
270 271 1.3571428571428572
270 307 -1.7857142857142858
270 315 0.9285714285714286
270 335 -0.5714285714285714
270 342 1.7857142857142858
271 272 2.0
271 363 2.0
271 368 0.9285714285714286
271 399 -2.0
272 273 -2.0
272 423 2.0
272 431 0.9285714285714286
272 458 1.7857142857142858
273 491 0.9285714285714286
273 499 0.9285714285714286
273 523 -2.0
273 530 0.9285714285714286
274 275 -0.5714285714285714
274 281 -0.9285714285714286
275 276 -1.7857142857142858
275 281 0.5714285714285714
275 282 -1.3571428571428572
276 282 0.5714285714285714
276 283 -0.5714285714285714
276 294 -0.5714285714285714
277 278 1.3571428571428572
277 284 1.7857142857142858
277 285 -1.3571428571428572
277 384 1.3571428571428572
277 410 -0.9285714285714286
277 417 1.3571428571428572
278 279 -0.9285714285714286
278 285 1.3571428571428572
278 286 -2.0
278 442 2.0
278 450 -1.7857142857142858
278 475 0.9285714285714286
278 483 -0.9285714285714286
279 280 1.7857142857142858
279 287 0.9285714285714286
279 508 1.7857142857142858
279 541 -1.7857142857142858
279 549 1.7857142857142858
280 287 -1.3571428571428572
280 288 -0.9285714285714286
280 557 0.9285714285714286
280 564 2.0
281 282 2.0
283 294 -1.7857142857142858
283 324 0.5714285714285714
283 328 -0.9285714285714286
284 285 -0.5714285714285714
284 349 -0.9285714285714286
284 355 -1.3571428571428572
284 384 -0.5714285714285714
285 286 -0.9285714285714286
285 410 -0.5714285714285714
285 417 0.5714285714285714
285 442 0.5714285714285714
285 450 2.0
286 287 -1.3571428571428572
286 475 -1.7857142857142858
286 483 1.7857142857142858
286 508 -1.3571428571428572
286 516 -0.9285714285714286
287 288 -1.7857142857142858
287 541 -2.0
287 549 -0.5714285714285714
287 557 0.9285714285714286
287 564 -0.9285714285714286
289 290 -2.0
290 291 1.7857142857142858
290 298 -0.5714285714285714
291 292 -1.3571428571428572
291 298 1.3571428571428572
292 293 1.7857142857142858
292 299 -1.3571428571428572
293 294 -0.9285714285714286
293 299 1.3571428571428572
294 295 -0.9285714285714286
294 300 0.5714285714285714
294 307 -1.3571428571428572
294 316 0.5714285714285714
295 296 -1.3571428571428572
295 300 0.9285714285714286
295 301 2.0
295 335 -1.3571428571428572
295 343 0.5714285714285714
295 363 -1.3571428571428572
295 369 -2.0
296 297 0.5714285714285714
296 301 -2.0
296 302 1.3571428571428572
296 400 1.7857142857142858
296 423 1.7857142857142858
296 432 -1.7857142857142858
297 302 -0.9285714285714286
297 303 0.9285714285714286
297 458 0.5714285714285714
297 465 -0.9285714285714286
297 491 1.7857142857142858
297 500 -0.5714285714285714
300 301 0.9285714285714286
300 307 2.0
300 316 0.5714285714285714
300 343 -0.9285714285714286
301 302 0.9285714285714286
301 400 1.7857142857142858
302 303 0.5714285714285714
302 423 0.9285714285714286
302 432 2.0
302 458 1.3571428571428572
302 465 1.3571428571428572
303 491 -1.7857142857142858
303 500 -1.7857142857142858
303 523 -0.9285714285714286
303 531 -1.7857142857142858
304 313 -1.3571428571428572
305 306 2.0
305 313 -1.3571428571428572
305 314 0.5714285714285714
306 307 0.9285714285714286
306 314 -1.3571428571428572
306 315 -1.7857142857142858
307 308 1.7857142857142858
307 315 1.3571428571428572
307 316 0.5714285714285714
308 309 -0.9285714285714286
308 316 -1.3571428571428572
308 317 0.5714285714285714
308 324 0.5714285714285714
308 329 1.3571428571428572
308 349 2.0
308 356 -1.3571428571428572
309 310 -1.3571428571428572
309 317 -0.9285714285714286
309 318 -2.0
309 385 0.5714285714285714
309 410 0.5714285714285714
310 311 1.7857142857142858
310 318 -1.3571428571428572
310 319 -2.0
310 442 1.3571428571428572
310 451 1.3571428571428572
310 475 -0.5714285714285714
310 484 -1.7857142857142858
311 312 -0.9285714285714286
311 319 -2.0
311 320 2.0
311 508 1.3571428571428572
311 517 -1.7857142857142858
311 541 -0.5714285714285714
311 550 -2.0
312 320 2.0
312 557 1.7857142857142858
312 565 0.9285714285714286
313 314 -0.9285714285714286
314 315 -1.7857142857142858
316 317 -1.3571428571428572
316 324 0.5714285714285714
317 318 -1.3571428571428572
317 349 0.9285714285714286
317 356 0.9285714285714286
317 385 -0.5714285714285714
318 319 0.9285714285714286
318 410 -1.7857142857142858
318 442 -0.5714285714285714
318 451 -0.9285714285714286
319 320 -2.0
319 475 2.0
319 484 -2.0
319 508 1.7857142857142858
319 517 -0.5714285714285714
320 541 2.0
320 550 1.3571428571428572
320 557 -0.5714285714285714
320 565 1.7857142857142858
322 323 0.5714285714285714
322 327 0.9285714285714286
323 324 0.9285714285714286
323 327 -1.7857142857142858
323 328 -0.9285714285714286
324 328 1.7857142857142858
324 329 -1.7857142857142858
325 326 2.0
325 330 2.0
325 331 1.3571428571428572
325 392 2.0
325 400 0.5714285714285714
325 424 -0.9285714285714286
325 432 -1.7857142857142858
326 331 1.7857142857142858
326 459 -1.7857142857142858
326 465 0.5714285714285714
326 492 -0.5714285714285714
326 500 0.5714285714285714
327 328 1.3571428571428572
328 329 0.5714285714285714
329 330 -0.9285714285714286
329 343 1.7857142857142858
330 331 0.9285714285714286
330 369 1.7857142857142858
330 392 -1.7857142857142858
330 400 -1.7857142857142858
331 424 -1.3571428571428572
331 432 -2.0
331 459 1.3571428571428572
331 465 0.9285714285714286
332 340 -0.9285714285714286
333 334 -0.9285714285714286
333 340 -0.9285714285714286
333 341 -1.7857142857142858
334 335 -0.9285714285714286
334 341 -1.7857142857142858
334 342 -0.5714285714285714
335 342 -1.7857142857142858
335 343 1.7857142857142858
336 344 -2.0
336 345 -1.3571428571428572
336 377 -2.0
336 385 1.7857142857142858
337 338 -1.3571428571428572
337 345 -0.5714285714285714
337 443 1.7857142857142858
337 451 -0.5714285714285714
337 476 -1.3571428571428572
337 484 -1.3571428571428572
338 339 0.9285714285714286
338 509 -1.7857142857142858
338 550 2.0
339 346 -0.9285714285714286
339 558 0.5714285714285714
339 565 -0.5714285714285714
340 341 0.9285714285714286
341 342 0.9285714285714286
342 343 1.7857142857142858
343 344 1.7857142857142858
344 345 1.7857142857142858
344 350 -1.7857142857142858
344 356 -0.9285714285714286
344 377 2.0
344 385 1.3571428571428572
345 443 -1.3571428571428572
345 451 -1.7857142857142858
347 348 0.9285714285714286
347 354 -1.3571428571428572
348 349 1.7857142857142858
348 354 1.7857142857142858
348 355 0.5714285714285714
349 350 2.0
349 355 -0.5714285714285714
349 356 1.3571428571428572
350 351 -2.0
350 356 0.9285714285714286
350 357 0.9285714285714286
350 370 -1.3571428571428572
351 352 0.5714285714285714
351 357 -0.5714285714285714
351 358 2.0
351 392 -0.9285714285714286
351 401 -1.3571428571428572
351 424 0.5714285714285714
351 433 -0.5714285714285714
352 358 -1.7857142857142858
352 359 0.9285714285714286
352 459 -0.5714285714285714
352 466 -2.0
352 492 -1.7857142857142858
352 501 -0.9285714285714286
354 355 1.3571428571428572
355 356 -0.5714285714285714
356 357 0.5714285714285714
357 358 2.0
357 370 -0.5714285714285714
357 392 -2.0
357 401 -1.7857142857142858
358 359 1.7857142857142858
358 424 -0.5714285714285714
358 433 -0.9285714285714286
358 459 -1.7857142857142858
358 466 1.7857142857142858
359 492 -1.3571428571428572
359 501 -0.5714285714285714
359 524 1.3571428571428572
359 532 2.0
360 361 2.0
361 362 -1.3571428571428572
362 363 -1.3571428571428572
362 368 -1.7857142857142858
363 368 -0.9285714285714286
363 369 -2.0
364 365 -0.5714285714285714
364 370 -0.5714285714285714
364 371 2.0
364 377 -2.0
364 386 1.7857142857142858
365 366 1.3571428571428572
365 371 0.5714285714285714
365 443 2.0
365 452 -2.0
365 476 0.5714285714285714
365 485 1.7857142857142858
366 367 1.3571428571428572
366 372 -0.9285714285714286
366 373 -0.5714285714285714
366 509 0.9285714285714286
366 518 0.5714285714285714
366 542 1.7857142857142858
366 551 2.0
367 373 -2.0
367 558 -1.7857142857142858
367 566 1.3571428571428572
368 369 1.3571428571428572
369 370 -0.9285714285714286
370 371 1.7857142857142858
370 377 0.5714285714285714
370 386 -0.9285714285714286
371 372 0.9285714285714286
371 443 2.0
371 452 -1.3571428571428572
372 373 1.3571428571428572
372 476 1.7857142857142858
372 509 -2.0
372 518 0.9285714285714286
373 542 0.5714285714285714
373 551 2.0
373 558 0.5714285714285714
373 566 -1.7857142857142858
374 380 -1.3571428571428572
375 380 -0.5714285714285714
375 381 -2.0
376 382 1.7857142857142858
376 383 -2.0
377 378 0.9285714285714286
377 385 2.0
377 386 0.9285714285714286
378 379 2.0
378 386 1.7857142857142858
378 387 -1.3571428571428572
378 393 -0.5714285714285714
378 401 1.7857142857142858
378 425 1.7857142857142858
378 433 1.3571428571428572
379 387 -1.7857142857142858
379 388 0.5714285714285714
379 460 1.3571428571428572
379 466 1.7857142857142858
379 493 -2.0
379 501 -2.0
380 381 0.5714285714285714
381 382 1.3571428571428572
382 383 -0.5714285714285714
383 384 -0.9285714285714286
384 385 1.7857142857142858
385 386 -2.0
386 387 -0.9285714285714286
386 393 0.5714285714285714
386 401 0.9285714285714286
387 388 1.3571428571428572
387 425 -1.7857142857142858
387 433 2.0
387 460 -1.3571428571428572
387 466 1.7857142857142858
388 493 0.5714285714285714
388 501 -0.9285714285714286
388 525 -0.9285714285714286
388 532 0.5714285714285714
389 390 0.5714285714285714
389 397 1.3571428571428572
390 391 0.5714285714285714
390 397 -0.9285714285714286
390 398 -0.9285714285714286
391 398 1.3571428571428572
391 399 1.3571428571428572
392 393 -0.9285714285714286
392 400 -1.7857142857142858
392 401 -0.9285714285714286
393 394 -0.5714285714285714
393 401 -1.7857142857142858
393 402 -1.3571428571428572
393 411 -1.7857142857142858
394 395 -0.5714285714285714
394 402 -1.7857142857142858
394 403 2.0
394 444 -0.9285714285714286
394 452 0.9285714285714286
394 477 -0.9285714285714286
394 485 1.7857142857142858
395 396 -1.7857142857142858
395 403 0.9285714285714286
395 404 1.7857142857142858
395 510 -1.3571428571428572
395 518 -0.5714285714285714
395 543 -2.0
395 551 0.9285714285714286
396 404 1.7857142857142858
396 559 2.0
396 566 2.0
397 398 -1.3571428571428572
398 399 -0.5714285714285714
400 401 -1.3571428571428572
401 402 -0.9285714285714286
402 403 1.3571428571428572
402 411 0.9285714285714286
402 444 1.3571428571428572
402 452 0.9285714285714286
403 404 1.7857142857142858
403 485 -2.0
403 510 -2.0
403 518 0.5714285714285714
404 543 -0.5714285714285714
404 551 0.5714285714285714
404 559 0.9285714285714286
404 566 0.5714285714285714
405 406 -0.5714285714285714
405 413 -0.9285714285714286
406 407 0.5714285714285714
406 413 1.3571428571428572
406 414 0.5714285714285714
407 414 -1.3571428571428572
407 415 2.0
408 409 -1.3571428571428572
408 415 1.7857142857142858
408 416 -0.9285714285714286
409 410 1.7857142857142858
409 416 -1.7857142857142858
409 417 -2.0
410 417 -0.9285714285714286
411 412 -2.0
411 418 1.7857142857142858
411 425 -1.7857142857142858
411 434 -0.9285714285714286
412 418 -1.7857142857142858
412 419 1.7857142857142858
412 460 0.5714285714285714
412 467 -1.3571428571428572
412 493 1.3571428571428572
412 502 -1.3571428571428572
413 414 -0.5714285714285714
414 415 1.3571428571428572
415 416 -0.9285714285714286
416 417 0.9285714285714286
418 419 2.0
418 425 0.5714285714285714
418 434 0.5714285714285714
418 460 0.9285714285714286
418 467 1.7857142857142858
419 493 -0.9285714285714286
419 502 -0.5714285714285714
419 525 0.9285714285714286
419 533 1.7857142857142858
420 421 -1.3571428571428572
420 429 0.9285714285714286
421 422 2.0
421 429 -0.5714285714285714
421 430 0.9285714285714286
422 423 1.7857142857142858
422 430 2.0
422 431 -2.0
423 424 2.0
423 431 -1.3571428571428572
423 432 -2.0
424 425 2.0
424 432 0.9285714285714286
424 433 -1.7857142857142858
425 426 1.7857142857142858
425 433 0.9285714285714286
425 434 1.3571428571428572
426 427 -2.0
426 435 -0.5714285714285714
426 444 0.5714285714285714
426 453 -1.3571428571428572
426 477 0.9285714285714286
426 486 2.0
427 428 -0.9285714285714286
427 435 1.3571428571428572
427 436 -2.0
427 510 1.3571428571428572
427 519 -1.7857142857142858
427 543 -1.7857142857142858
427 552 0.9285714285714286
428 436 0.9285714285714286
428 437 -0.9285714285714286
428 559 2.0
428 567 2.0
429 430 -0.9285714285714286
430 431 -1.3571428571428572
431 432 0.9285714285714286
432 433 -0.9285714285714286
433 434 -1.7857142857142858
434 444 1.7857142857142858
434 453 1.3571428571428572
435 436 -0.9285714285714286
435 477 1.3571428571428572
435 486 -1.3571428571428572
435 510 2.0
435 519 -1.3571428571428572
436 437 0.9285714285714286
436 543 0.9285714285714286
436 552 1.7857142857142858
436 559 1.3571428571428572
436 567 -0.9285714285714286
438 446 0.9285714285714286
439 440 -2.0
439 447 2.0
439 448 -1.3571428571428572
440 441 1.7857142857142858
440 448 -1.3571428571428572
440 449 0.5714285714285714
441 442 -0.5714285714285714
441 449 -1.3571428571428572
441 450 0.5714285714285714
442 443 -1.3571428571428572
442 450 1.3571428571428572
442 451 2.0
443 444 1.3571428571428572
443 451 -0.5714285714285714
443 452 -0.5714285714285714
444 445 1.3571428571428572
444 452 2.0
444 453 0.5714285714285714
445 453 0.9285714285714286
445 454 1.3571428571428572
445 467 -1.3571428571428572
445 494 2.0
446 447 0.5714285714285714
447 448 1.7857142857142858
448 449 0.9285714285714286
449 450 1.7857142857142858
450 451 -1.7857142857142858
451 452 -1.3571428571428572
452 453 0.9285714285714286
453 454 -1.3571428571428572
453 467 2.0
454 494 2.0
454 502 1.3571428571428572
454 526 -1.3571428571428572
454 533 0.9285714285714286
455 456 -1.7857142857142858
455 463 2.0
456 457 1.7857142857142858
456 463 -1.7857142857142858
456 464 1.7857142857142858
457 458 0.5714285714285714
457 464 -0.5714285714285714
458 459 -1.7857142857142858
458 465 -2.0
459 460 -1.3571428571428572
459 465 -1.3571428571428572
459 466 -1.7857142857142858
460 466 0.5714285714285714
460 467 -1.3571428571428572
461 462 -0.9285714285714286
461 468 0.9285714285714286
461 469 0.9285714285714286
461 511 2.0
461 519 1.7857142857142858
461 544 1.3571428571428572
461 552 -2.0
462 469 1.3571428571428572
462 470 -2.0
462 560 -2.0
462 567 -2.0
463 464 0.9285714285714286
465 466 -0.9285714285714286
466 467 2.0
467 468 1.3571428571428572
468 469 -0.5714285714285714
468 478 1.7857142857142858
468 486 2.0
468 511 -1.3571428571428572
468 519 -1.3571428571428572
469 470 0.9285714285714286
469 544 1.3571428571428572
469 552 1.7857142857142858
469 560 -0.9285714285714286
471 472 -1.3571428571428572
471 479 -0.5714285714285714
472 479 -1.3571428571428572
472 480 -1.3571428571428572
473 474 1.3571428571428572
473 481 1.3571428571428572
473 482 1.3571428571428572
474 475 2.0
474 482 -0.5714285714285714
474 483 -0.5714285714285714
475 476 0.5714285714285714
475 483 1.7857142857142858
475 484 1.7857142857142858
476 477 -1.7857142857142858
476 484 2.0
476 485 -0.5714285714285714
477 478 -1.3571428571428572
477 485 0.5714285714285714
477 486 0.5714285714285714
478 486 1.3571428571428572
478 487 2.0
478 494 0.5714285714285714
479 480 -0.9285714285714286
480 481 2.0
481 482 0.9285714285714286
482 483 0.5714285714285714
484 485 -2.0
485 486 -1.3571428571428572
486 487 0.9285714285714286
487 494 1.3571428571428572
487 526 -1.7857142857142858
487 534 -2.0
488 489 0.5714285714285714
488 497 1.7857142857142858
489 490 1.7857142857142858
489 498 0.9285714285714286
490 491 2.0
490 498 1.3571428571428572
490 499 2.0
491 492 -1.7857142857142858
491 499 0.9285714285714286
491 500 1.7857142857142858
492 493 1.7857142857142858
492 500 -1.7857142857142858
492 501 -0.5714285714285714
493 494 2.0
493 501 1.3571428571428572
493 502 -0.9285714285714286
494 495 -2.0
495 496 -2.0
495 503 0.9285714285714286
495 511 2.0
495 520 1.3571428571428572
495 544 -1.7857142857142858
496 503 0.9285714285714286
496 504 1.7857142857142858
496 560 -0.5714285714285714
496 568 -2.0
497 498 -1.7857142857142858
498 499 -2.0
499 500 1.7857142857142858
500 501 0.9285714285714286
501 502 -1.7857142857142858
503 504 -0.9285714285714286
503 544 -1.3571428571428572
503 560 -1.3571428571428572
503 568 1.7857142857142858
505 506 -2.0
505 512 1.3571428571428572
505 513 1.7857142857142858
506 507 1.7857142857142858
506 513 -1.7857142857142858
506 514 2.0
507 514 -1.3571428571428572
507 515 0.9285714285714286
508 509 1.7857142857142858
508 516 -0.5714285714285714
508 517 2.0
509 510 -0.9285714285714286
509 517 1.3571428571428572
509 518 0.9285714285714286
510 511 1.3571428571428572
510 518 -1.3571428571428572
510 519 -0.5714285714285714
511 519 -1.3571428571428572
511 520 -0.5714285714285714
512 513 0.9285714285714286
513 514 2.0
514 515 1.3571428571428572
515 516 1.3571428571428572
516 517 0.5714285714285714
517 518 -1.3571428571428572
518 519 -1.7857142857142858
519 520 1.3571428571428572
520 527 -1.7857142857142858
520 534 -2.0
521 522 -1.3571428571428572
521 529 0.9285714285714286
522 523 0.5714285714285714
522 530 -2.0
523 524 0.5714285714285714
523 530 2.0
523 531 -1.7857142857142858
524 525 1.7857142857142858
524 531 -0.9285714285714286
524 532 -1.7857142857142858
525 526 -2.0
525 532 -0.9285714285714286
525 533 1.7857142857142858
526 527 -0.5714285714285714
526 533 -0.5714285714285714
526 534 -1.7857142857142858
527 528 -1.3571428571428572
527 534 0.9285714285714286
527 535 2.0
528 535 1.3571428571428572
528 536 2.0
528 568 -2.0
529 530 -1.7857142857142858
530 531 -0.9285714285714286
531 532 -1.3571428571428572
532 533 2.0
533 534 0.5714285714285714
534 535 -1.3571428571428572
535 536 -0.9285714285714286
535 568 -0.9285714285714286
537 538 0.9285714285714286
537 545 1.7857142857142858
537 546 -1.3571428571428572
538 539 0.9285714285714286
538 546 -1.7857142857142858
538 547 -2.0
539 540 2.0
539 547 -0.5714285714285714
539 548 1.7857142857142858
540 541 0.5714285714285714
540 548 -0.9285714285714286
540 549 1.3571428571428572
541 542 0.5714285714285714
541 549 2.0
541 550 0.5714285714285714
542 543 1.3571428571428572
542 550 1.3571428571428572
542 551 -0.5714285714285714
543 544 -0.9285714285714286
543 551 0.9285714285714286
543 552 -0.5714285714285714
544 552 -1.7857142857142858
545 546 -1.7857142857142858
546 547 0.5714285714285714
547 548 0.9285714285714286
548 549 -2.0
549 550 -1.7857142857142858
550 551 -1.3571428571428572
551 552 2.0
553 561 1.7857142857142858
554 555 0.5714285714285714
554 562 -0.5714285714285714
555 556 -0.9285714285714286
555 562 0.9285714285714286
555 563 -2.0
556 557 0.9285714285714286
556 563 -2.0
556 564 2.0
557 558 1.3571428571428572
557 564 1.3571428571428572
557 565 1.3571428571428572
558 565 1.3571428571428572
559 560 -1.3571428571428572
559 566 -1.7857142857142858
559 567 1.3571428571428572
560 567 2.0
560 568 -0.9285714285714286
562 563 -1.3571428571428572
563 564 -0.5714285714285714
564 565 -1.7857142857142858
565 566 2.0
566 567 2.0
567 568 0.5714285714285714
