839 3404
1 1 -0.4285714285714284
2 2 -3.142857142857144
3 3 5.571428571428571
4 4 4.428571428571429
5 5 3.928571428571429
6 6 0.5714285714285718
7 7 -3.571428571428572
8 8 -0.2857142857142858
9 9 5.357142857142858
10 10 3.571428571428572
11 11 0.2142857142857144
12 12 -0.0714285714285714
13 13 -4.714285714285714
14 14 0.42857142857142794
15 15 -5.071428571428572
16 16 0.14285714285714302
17 17 -3.7857142857142856
18 18 3.571428571428571
19 19 2.071428571428571
20 20 -4.571428571428571
21 21 -3.428571428571429
22 22 -1.9285714285714288
23 23 -4.357142857142858
24 24 2.071428571428572
25 25 1.142857142857143
26 26 0.9999999999999998
27 27 0.785714285714286
28 28 0.5714285714285716
29 29 -1.7142857142857144
30 30 -3.928571428571429
31 31 -0.9285714285714288
32 32 -5.714285714285714
33 33 4.214285714285714
34 34 3.857142857142857
35 35 -3.5
36 36 -2.1428571428571432
37 37 -1.5714285714285714
38 38 -4.142857142857143
39 39 -0.7857142857142858
40 40 4.142857142857143
41 41 4.357142857142858
42 42 0.642857142857143
43 43 -2.1428571428571432
44 44 -2.357142857142857
45 45 2.9285714285714284
46 46 6.357142857142857
47 47 -4.571428571428571
48 48 1.5
49 49 -1.4999999999999996
50 50 -4.142857142857143
51 51 5.214285714285714
52 52 3.142857142857143
54 54 0.3571428571428572
55 55 -7.714285714285714
56 56 -1.7142857142857144
57 57 -2.7142857142857144
58 58 -0.642857142857143
59 59 -2.0714285714285716
60 60 -1.1428571428571432
61 61 -4.214285714285714
62 62 -3.0
63 63 0.21428571428571397
64 64 -4.357142857142858
65 65 9.857142857142858
66 66 -1.142857142857143
67 67 -6.571428571428571
68 68 -2.2142857142857144
69 69 -3.5
70 70 1.0714285714285714
71 71 1.3571428571428572
72 72 3.1428571428571432
73 73 3.0
74 74 2.428571428571429
75 75 1.3571428571428572
76 76 2.928571428571429
77 77 2.7142857142857144
78 78 1.2857142857142856
79 79 0.2142857142857142
80 80 1.9999999999999996
81 81 0.9285714285714286
82 82 -2.0
83 83 -0.4285714285714286
84 84 -3.2857142857142856
85 85 -5.5
86 86 -2.071428571428572
87 87 2.7857142857142856
88 88 3.9285714285714284
89 89 -4.571428571428571
90 90 -2.2142857142857144
91 91 1.142857142857143
92 92 -0.4285714285714284
93 93 -0.7142857142857142
94 94 -1.9999999999999996
95 95 -1.9999999999999996
96 96 -2.571428571428571
97 97 -1.5
98 98 -0.7857142857142856
99 99 -0.21428571428571397
100 100 -2.928571428571429
101 101 0.8571428571428572
102 102 -1.3571428571428572
103 103 -0.35714285714285765
104 104 -2.7857142857142856
105 105 -0.1428571428571428
106 106 -6.714285714285714
107 107 0.2857142857142858
108 108 4.071428571428571
109 109 5.0
110 110 -2.071428571428571
111 111 2.571428571428572
112 112 -1.2142857142857142
113 113 1.5714285714285718
114 114 -1.9285714285714288
115 115 -2.928571428571429
116 116 -3.6428571428571437
117 117 1.5714285714285714
118 118 0.4285714285714288
119 119 2.0
120 120 6.5
121 121 -1.1428571428571428
122 122 -5.642857142857143
123 123 -4.428571428571429
124 124 -1.4285714285714286
125 125 6.0
126 126 0.2857142857142858
127 127 1.9999999999999998
128 128 -1.5714285714285716
129 129 7.142857142857143
130 130 5.0
131 131 -4.2857142857142865
132 132 -0.7142857142857144
133 133 -2.857142857142857
134 134 1.5714285714285716
135 135 -2.8571428571428568
136 136 1.5714285714285716
137 137 -3.928571428571429
138 138 3.1428571428571423
139 139 1.7142857142857146
140 140 1.7857142857142858
141 141 -6.142857142857142
142 142 -1.3571428571428572
143 143 -0.28571428571428603
144 144 3.7857142857142856
145 145 -3.1428571428571432
146 146 -2.7142857142857144
147 147 6.071428571428572
148 148 -2.3571428571428577
149 149 0.21428571428571397
150 150 2.2857142857142856
151 151 0.5
152 152 3.2857142857142856
153 153 3.8571428571428577
154 154 -0.1428571428571428
155 155 2.1428571428571432
156 156 5.714285714285714
157 157 0.1428571428571428
158 158 2.428571428571429
159 159 3.214285714285714
160 160 0.3571428571428572
161 161 -3.5000000000000004
162 162 1.7857142857142863
163 163 -3.571428571428571
164 164 -3.071428571428571
165 165 -2.5
166 166 -8.642857142857142
167 167 -1.0
168 168 2.6428571428571432
169 169 2.220446049250313e-16
170 170 1.7142857142857142
171 171 0.4285714285714286
172 172 -4.214285714285714
173 173 -2.428571428571429
174 174 -2.357142857142857
175 175 -0.8571428571428572
176 176 -6.142857142857143
177 177 2.2142857142857144
178 178 -0.9285714285714284
179 179 1.9285714285714286
180 180 -3.5
181 181 5.2142857142857135
182 182 0.07142857142857162
183 183 6.928571428571429
184 184 -4.0
185 185 -4.857142857142858
186 186 -6.142857142857142
187 187 -2.4285714285714284
188 188 -1.357142857142858
189 189 2.0
190 190 3.428571428571429
191 191 -2.357142857142857
192 192 -3.142857142857143
193 193 5.571428571428571
194 194 -0.6428571428571428
195 195 1.142857142857143
196 196 2.0714285714285716
197 197 1.7142857142857144
198 198 0.7857142857142858
199 199 -5.0
200 200 -3.7142857142857144
201 201 -4.428571428571429
202 202 0.5
203 203 2.2142857142857144
204 204 -2.7857142857142856
205 205 -2.3571428571428568
206 206 2.928571428571429
207 207 2.857142857142857
208 208 1.857142857142857
209 209 -1.7142857142857142
210 210 0.1428571428571428
211 211 -1.3571428571428572
212 212 4.5
213 213 0.2142857142857142
214 214 -6.571428571428571
215 215 -2.5714285714285716
216 216 0.2142857142857144
217 217 3.5
218 218 -1.5000000000000007
219 219 -1.9285714285714286
220 220 0.857142857142857
221 221 -1.857142857142857
222 222 -1.5000000000000002
223 223 -4.857142857142857
224 224 -2.0714285714285716
225 225 2.2142857142857144
226 226 7.142857142857142
227 227 0.8571428571428574
228 228 1.642857142857143
229 229 -2.2142857142857144
230 230 -2.5
231 231 -2.7142857142857144
232 232 -1.0
233 233 3.7857142857142856
234 234 1.7857142857142858
235 235 3.857142857142857
236 236 -1.5
237 237 4.571428571428571
238 238 1.5714285714285714
239 239 2.2857142857142856
240 240 2.0
241 241 -2.5
242 242 -5.7857142857142865
243 243 1.7857142857142856
244 244 1.2857142857142856
245 245 -0.5714285714285714
246 246 4.071428571428571
247 247 2.3571428571428568
248 248 1.7857142857142856
249 249 3.2142857142857144
250 250 0.0714285714285714
251 251 -3.928571428571429
252 252 -1.9999999999999998
253 253 2.071428571428571
254 254 -0.5
255 255 0.14285714285714302
256 256 2.571428571428571
257 257 1.8571428571428577
258 258 -5.857142857142858
259 259 -10.357142857142858
260 260 1.0714285714285716
261 261 2.357142857142857
262 262 -3.428571428571429
263 263 -2.2857142857142856
264 264 1.285714285714286
265 265 -0.9285714285714286
266 266 -3.4285714285714284
267 267 -3.9285714285714284
268 268 -0.2857142857142858
269 269 -1.4285714285714286
270 270 -2.7857142857142856
271 271 1.7142857142857144
272 272 -6.142857142857142
273 273 9.142857142857142
274 274 -0.3571428571428572
275 275 -3.428571428571429
276 276 6.7142857142857135
277 277 1.3571428571428572
278 278 -5.785714285714286
279 279 -7.642857142857143
280 280 1.5000000000000007
281 281 -7.785714285714286
282 282 -0.0714285714285714
283 283 1.2142857142857144
284 284 0.4285714285714288
285 285 -0.5
286 286 1.642857142857143
287 287 -2.357142857142857
288 288 1.2142857142857142
289 289 -7.642857142857143
290 290 5.2857142857142865
291 291 -3.2857142857142856
292 292 -1.0
293 293 1.2857142857142851
294 294 1.4285714285714286
295 295 4.285714285714286
296 296 -1.8571428571428572
297 297 -0.4285714285714284
298 298 3.7857142857142856
299 299 -5.071428571428571
300 300 -1.5714285714285714
301 301 -4.5
302 302 -5.357142857142858
303 303 -5.642857142857143
304 304 -3.5
305 305 -5.2142857142857135
306 306 -1.0714285714285714
307 307 -3.2857142857142856
308 308 -0.5000000000000004
309 309 -3.428571428571429
310 310 -2.428571428571429
311 311 0.642857142857143
312 312 -2.5714285714285716
313 313 -2.0
314 314 1.142857142857143
315 315 3.285714285714286
316 316 1.2857142857142856
317 317 -3.2857142857142856
318 318 3.0
319 319 -0.9285714285714288
320 320 -0.2142857142857142
321 321 1.642857142857143
322 322 -0.1428571428571428
323 323 -0.7857142857142856
324 324 9.714285714285715
325 325 -3.2857142857142856
326 326 2.000000000000001
327 327 2.571428571428572
328 328 0.8571428571428572
329 329 1.2857142857142858
330 330 0.2857142857142856
331 331 -1.2857142857142858
332 332 -1.0714285714285716
333 333 -2.5
334 334 2.7142857142857144
335 335 -2.285714285714286
336 336 -2.571428571428571
337 337 4.2857142857142865
338 338 3.0
339 339 -3.1428571428571432
340 340 -2.2857142857142856
341 341 -2.2857142857142856
342 342 -4.5
343 343 -5.071428571428572
344 344 -3.3571428571428568
345 345 -0.1428571428571428
346 346 1.2142857142857144
347 347 -3.7142857142857144
348 348 -6.714285714285714
349 349 2.0
350 350 1.9285714285714288
351 351 4.357142857142857
352 352 0.7142857142857142
353 353 -0.3571428571428572
354 354 -2.7857142857142856
355 355 9.714285714285715
356 356 5.2142857142857135
357 357 1.6428571428571426
358 358 -5.928571428571429
359 359 -7.142857142857142
360 360 3.0714285714285716
361 361 -0.0714285714285714
362 362 2.6428571428571432
363 363 1.9285714285714288
364 364 2.142857142857143
365 365 0.2142857142857142
366 366 -7.142857142857143
367 367 -1.5714285714285712
368 368 0.5
370 370 0.9285714285714293
371 371 -0.5714285714285714
372 372 0.2857142857142858
373 373 -1.0
374 374 -5.071428571428571
375 375 1.6428571428571428
376 376 0.8571428571428577
377 377 -4.642857142857143
378 378 5.714285714285715
379 379 -0.1428571428571428
380 380 4.7857142857142865
381 381 -1.0
382 382 -4.357142857142858
383 383 -4.714285714285715
384 384 -1.0714285714285714
385 385 1.071428571428572
386 386 -4.571428571428571
387 387 -4.0
388 388 -5.357142857142858
389 389 -2.0
390 390 -6.5
391 391 4.642857142857142
392 392 0.9285714285714288
393 393 -2.0
394 394 3.0714285714285716
395 395 -0.1428571428571428
396 396 2.1428571428571432
397 397 -1.5714285714285712
398 398 2.5714285714285707
399 399 5.2857142857142865
400 400 -2.2142857142857153
401 401 5.7142857142857135
402 402 -3.0
403 403 3.428571428571429
404 404 3.1428571428571432
405 405 -6.214285714285714
406 406 -1.0714285714285714
407 407 -0.42857142857142816
408 408 3.428571428571429
409 409 0.8571428571428574
410 410 -0.07142857142857162
411 411 2.7142857142857144
412 412 5.285714285714286
413 413 -2.428571428571429
414 414 1.0714285714285714
415 415 -4.357142857142857
416 416 -0.4285714285714286
417 417 1.857142857142858
418 418 -2.0714285714285716
419 419 1.1428571428571432
420 420 3.071428571428571
421 421 3.5
422 422 2.1428571428571432
423 423 0.7857142857142858
424 424 3.642857142857143
425 425 -1.8571428571428572
426 426 5.7142857142857135
427 427 2.6428571428571423
428 428 1.4285714285714288
429 429 4.357142857142858
430 430 -2.1428571428571423
431 431 4.928571428571429
432 432 -1.4285714285714286
433 433 -0.4285714285714286
434 434 -2.928571428571429
435 435 -3.3571428571428577
436 436 3.1428571428571432
437 437 2.2857142857142856
438 438 4.428571428571429
439 439 3.1428571428571423
440 440 -0.2857142857142858
441 441 5.142857142857143
442 442 -0.28571428571428603
443 443 -3.2142857142857144
444 444 -1.7857142857142856
445 445 2.2857142857142856
446 446 -3.6428571428571423
447 447 4.714285714285715
448 448 -4.714285714285714
449 449 0.5
450 450 -0.0714285714285714
451 451 -1.3571428571428577
452 452 2.714285714285714
453 453 3.3571428571428568
454 454 -4.428571428571429
455 455 1.2857142857142858
456 456 -2.071428571428572
457 457 -5.642857142857143
458 458 4.857142857142858
459 459 1.3571428571428572
460 460 2.857142857142857
461 461 1.6428571428571428
462 462 -2.0714285714285716
463 463 -1.2142857142857142
464 464 -2.928571428571429
465 465 -1.9285714285714286
466 466 0.14285714285714302
467 467 -3.2857142857142856
468 468 1.785714285714286
469 469 -1.4285714285714286
470 470 -2.071428571428571
471 471 -3.3571428571428568
472 472 2.571428571428571
473 473 -5.142857142857142
474 474 4.071428571428571
475 475 2.5714285714285716
476 476 -2.6428571428571432
477 477 5.357142857142858
478 478 -5.785714285714285
479 479 -3.3571428571428577
480 480 -0.9999999999999996
481 481 3.1428571428571432
482 482 2.071428571428571
483 483 -2.571428571428571
484 484 -0.4285714285714286
485 485 1.3571428571428572
486 486 1.5000000000000002
487 487 2.7857142857142856
488 488 -7.214285714285715
489 489 -4.714285714285714
490 490 0.2857142857142858
491 491 0.4285714285714288
492 492 2.7857142857142856
493 493 -5.142857142857143
494 494 -1.0714285714285714
495 495 3.6428571428571432
496 496 0.4285714285714286
497 497 -3.3571428571428577
498 498 -5.642857142857143
499 499 0.07142857142857184
500 500 3.5
501 501 2.5
502 502 -2.357142857142857
503 503 -0.6428571428571428
504 504 7.428571428571429
505 505 4.214285714285714
506 506 2.428571428571429
507 507 -5.0
508 508 -0.785714285714286
509 509 7.071428571428571
510 510 -1.4999999999999998
511 511 1.2857142857142856
512 512 -2.1428571428571423
513 513 -3.285714285714286
514 514 -1.7142857142857144
515 515 -3.5000000000000004
516 516 3.7142857142857144
517 517 4.857142857142857
518 518 -3.2857142857142856
519 519 -2.0714285714285716
520 520 -0.21428571428571397
521 521 0.0714285714285714
522 522 0.14285714285714324
523 523 -2.428571428571429
524 524 7.214285714285714
525 525 -1.9999999999999998
526 526 2.2142857142857144
527 527 1.7142857142857142
528 528 -1.7857142857142863
529 529 -4.214285714285714
530 530 -2.1428571428571432
531 531 1.0
532 532 0.9285714285714286
533 533 6.7857142857142865
534 534 -2.5
535 535 4.571428571428571
536 536 -1.285714285714286
537 537 0.4285714285714286
538 538 2.571428571428572
539 539 -1.6428571428571426
540 540 5.857142857142857
541 541 4.2857142857142865
542 542 -2.571428571428571
543 543 0.5714285714285714
544 544 -3.428571428571428
545 545 4.0
546 546 3.3571428571428568
547 547 -1.0
548 548 -3.7142857142857144
549 549 -0.6428571428571428
550 550 -3.0714285714285716
551 551 -3.4285714285714284
552 552 -2.7857142857142856
553 553 -3.9285714285714284
554 554 -0.2857142857142856
555 555 3.6428571428571432
556 556 -0.21428571428571397
557 557 -1.1428571428571428
558 558 1.3571428571428574
559 559 1.928571428571428
560 560 1.8571428571428572
561 561 4.214285714285714
562 562 0.9285714285714288
563 563 1.7142857142857144
564 564 4.428571428571429
565 565 -3.5
566 566 -1.2857142857142856
567 567 0.6428571428571428
568 568 2.8571428571428568
569 569 4.428571428571429
570 570 -5.071428571428571
571 571 -2.7857142857142856
572 572 -6.642857142857142
573 573 3.0
574 574 -2.0
575 575 0.5000000000000002
576 576 2.928571428571429
577 577 -2.571428571428571
578 578 -5.357142857142858
579 579 0.8571428571428565
580 580 -1.0000000000000002
581 581 -0.7857142857142856
582 582 -2.357142857142857
583 583 -2.6428571428571423
584 584 1.7142857142857142
585 585 7.714285714285715
586 586 3.357142857142857
587 587 -4.071428571428571
588 588 4.5
589 589 5.071428571428571
590 590 -6.500000000000002
591 591 3.357142857142857
592 592 -1.7142857142857142
593 593 -0.6428571428571428
594 594 1.142857142857143
595 595 6.428571428571429
596 596 -2.7142857142857144
597 597 1.6428571428571428
598 598 0.7857142857142856
599 599 0.9285714285714284
600 600 -0.8571428571428572
601 601 -0.7857142857142858
602 602 -2.0
603 603 0.7857142857142858
604 604 1.5714285714285714
605 605 7.642857142857143
606 606 -0.1428571428571428
607 607 0.21428571428571397
608 608 3.2142857142857144
609 609 -4.2142857142857135
610 610 4.142857142857143
611 611 -0.14285714285714302
612 612 -4.071428571428571
613 613 -1.7142857142857144
614 614 -3.5
615 615 -3.071428571428572
616 616 1.857142857142857
617 617 5.642857142857142
618 618 -3.7857142857142856
619 619 -0.21428571428571463
620 620 -4.928571428571429
621 621 -1.0
622 622 3.7142857142857144
623 623 -2.357142857142857
624 624 -2.071428571428571
625 625 1.9285714285714286
626 626 -0.5714285714285714
627 627 -7.571428571428571
628 628 -3.928571428571428
629 629 2.2857142857142865
630 630 6.428571428571429
631 631 4.571428571428571
632 632 3.357142857142857
633 633 -1.0
634 634 -6.214285714285714
635 635 -5.2857142857142865
636 636 -3.6428571428571432
637 637 -4.0
638 638 -4.7857142857142865
639 639 -1.6428571428571428
640 640 5.857142857142857
641 641 2.928571428571429
642 642 6.92857142857143
643 643 3.071428571428572
644 644 -6.642857142857142
645 645 -4.071428571428571
646 646 0.5
647 647 -4.142857142857143
648 648 2.1428571428571423
649 649 -3.1428571428571432
650 650 -0.8571428571428579
651 651 5.999999999999998
652 652 0.4285714285714286
653 653 -5.714285714285714
654 654 0.4285714285714286
655 655 2.7142857142857144
656 656 1.7857142857142856
657 657 -3.071428571428571
658 658 -4.214285714285714
659 659 1.8571428571428579
660 660 1.285714285714286
661 661 3.5
662 662 0.7142857142857142
663 663 -0.7142857142857144
664 664 -3.785714285714285
665 665 1.0714285714285712
666 666 -3.2857142857142856
667 667 2.428571428571429
668 668 3.642857142857143
669 669 2.5
670 670 -0.07142857142857162
671 671 -3.8571428571428577
672 672 -3.8571428571428577
673 673 -4.214285714285714
674 674 0.7857142857142865
675 675 -2.357142857142857
676 676 2.2142857142857144
677 677 -2.5714285714285716
678 678 -5.571428571428573
679 679 1.8571428571428574
680 680 5.357142857142857
681 681 -5.928571428571428
682 682 -4.357142857142858
683 683 2.5
684 684 -2.571428571428571
685 685 3.928571428571429
686 686 -3.571428571428571
687 687 -0.21428571428571397
688 688 1.1428571428571428
689 689 1.2857142857142854
690 690 3.714285714285715
691 691 -0.5
692 692 1.9285714285714284
693 693 -0.5000000000000002
694 694 -2.2857142857142856
695 695 -5.7142857142857135
696 696 3.2857142857142856
697 697 -3.3571428571428585
698 698 -0.9999999999999998
699 699 -4.642857142857143
700 700 -4.785714285714286
701 701 -4.7142857142857135
702 702 1.142857142857143
703 703 2.785714285714286
704 704 -0.7142857142857144
705 705 0.642857142857143
706 706 -1.357142857142857
707 707 -7.928571428571428
708 708 -1.0000000000000002
709 709 0.571428571428571
710 710 -0.21428571428571463
711 711 6.714285714285715
712 712 1.0714285714285714
713 713 0.2142857142857142
714 714 -3.7142857142857135
715 715 -4.785714285714286
716 716 2.3571428571428568
717 717 3.2857142857142856
718 718 4.214285714285714
719 719 1.0714285714285714
720 720 -6.7857142857142865
721 721 -1.4285714285714284
722 722 -4.0
723 723 -4.428571428571429
724 724 0.5
725 725 -4.642857142857142
726 726 -5.214285714285714
727 727 -5.857142857142858
728 728 -1.2857142857142858
729 729 1.0
730 730 -2.5714285714285716
731 731 -2.0
732 732 -2.142857142857143
733 733 -3.9285714285714293
734 734 0.7857142857142858
735 735 -2.071428571428571
736 736 0.21428571428571508
737 737 -4.571428571428572
738 738 0.3571428571428572
739 739 3.357142857142857
740 740 5.642857142857143
741 741 -2.357142857142857
742 742 -6.357142857142858
743 743 5.142857142857142
744 744 5.928571428571428
745 745 5.642857142857143
746 746 -1.2857142857142858
747 747 4.071428571428571
748 748 0.4285714285714288
749 749 1.7857142857142851
750 750 -4.642857142857143
751 751 0.14285714285714302
752 752 -1.7857142857142858
753 753 -5.142857142857142
754 754 0.6428571428571432
755 755 1.3571428571428572
756 756 1.9285714285714286
757 757 -1.8571428571428572
758 758 -0.4285714285714286
759 759 -0.2142857142857144
760 760 4.857142857142857
761 761 1.785714285714286
762 762 0.2142857142857144
763 763 1.0714285714285716
764 764 1.0
765 765 -2.5714285714285716
766 766 -1.5714285714285714
767 767 -0.2857142857142858
768 768 -2.8571428571428568
769 769 -3.642857142857143
770 770 4.928571428571429
771 771 -2.214285714285714
772 772 -1.4285714285714282
773 773 3.785714285714286
774 774 -1.5714285714285716
775 775 0.4285714285714286
776 776 -5.214285714285714
777 777 -2.1428571428571432
778 778 -1.2142857142857144
779 779 -1.4999999999999998
780 780 7.285714285714286
781 781 -5.857142857142857
782 782 -2.428571428571429
783 783 -1.4285714285714286
784 784 2.3571428571428568
785 785 -0.2142857142857144
786 786 -0.7142857142857142
787 787 1.1428571428571428
788 788 -2.0714285714285716
789 789 -6.071428571428571
790 790 1.2142857142857146
791 791 3.6428571428571432
792 792 -1.0
793 793 -1.9285714285714284
794 794 2.3571428571428568
795 795 7.071428571428571
796 796 -0.7857142857142858
797 797 -2.6428571428571432
798 798 -5.714285714285714
799 799 -3.428571428571429
800 800 1.5714285714285718
801 801 -1.5714285714285716
802 802 -1.4999999999999996
803 803 -2.7142857142857144
804 804 -4.571428571428571
805 805 -4.571428571428572
806 806 -3.2857142857142856
807 807 3.571428571428571
808 808 3.571428571428571
809 809 2.9285714285714284
810 810 1.6428571428571428
811 811 -0.642857142857143
812 812 1.642857142857143
813 813 0.5714285714285714
814 814 -0.5000000000000009
815 815 -1.4285714285714288
816 816 -3.1428571428571423
817 817 -1.5714285714285714
818 818 -3.1428571428571432
819 819 9.5
820 820 2.5714285714285716
821 821 2.4285714285714284
822 822 -4.928571428571429
823 823 1.142857142857143
824 824 2.7142857142857144
825 825 3.7857142857142856
826 826 -8.071428571428571
827 827 -0.9285714285714282
828 828 -1.6428571428571432
829 829 1.3571428571428572
830 830 -0.6428571428571428
831 831 -3.2857142857142865
832 832 -2.0000000000000004
833 833 3.2142857142857144
834 834 -5.928571428571429
835 835 3.8571428571428568
836 836 5.5
837 837 7.571428571428571
838 838 0.07142857142857117
839 839 3.7857142857142856
1 2 0.9285714285714286
1 10 1.3571428571428572
1 44 0.5714285714285714
1 53 -1.7857142857142858
1 97 -2.0
1 107 1.3571428571428572
2 3 -2.0
2 10 0.9285714285714286
2 11 -1.7857142857142858
2 136 1.3571428571428572
2 145 1.3571428571428572
2 169 0.5714285714285714
2 174 1.7857142857142858
3 11 -1.3571428571428572
3 12 -2.0
3 223 1.7857142857142858
3 230 -2.0
3 272 2.0
3 280 -2.0
4 5 -0.5714285714285714
4 376 -0.9285714285714286
4 385 -0.9285714285714286
4 412 -2.0
5 6 0.5714285714285714
5 452 -0.5714285714285714
5 461 -2.0
5 491 -1.3571428571428572
6 7 0.5714285714285714
6 13 2.0
6 524 -0.5714285714285714
6 533 -1.3571428571428572
6 556 -1.7857142857142858
7 8 -0.5714285714285714
7 13 1.7857142857142858
7 14 0.9285714285714286
7 591 -0.5714285714285714
7 630 -0.5714285714285714
7 641 2.0
8 9 -0.9285714285714286
8 14 -0.5714285714285714
8 15 2.0
8 672 0.5714285714285714
8 682 0.9285714285714286
8 712 -0.5714285714285714
8 720 -0.5714285714285714
9 15 0.9285714285714286
9 16 -1.3571428571428572
9 749 -2.0
9 760 -2.0
9 791 0.9285714285714286
9 800 -0.9285714285714286
10 11 -1.3571428571428572
10 97 -0.5714285714285714
10 107 -1.3571428571428572
10 136 -0.5714285714285714
10 145 -2.0
11 12 2.0
11 169 2.0
11 174 -2.0
11 223 0.9285714285714286
11 230 1.3571428571428572
12 272 1.7857142857142858
12 280 -1.3571428571428572
12 305 0.5714285714285714
12 313 -0.9285714285714286
13 14 1.7857142857142858
13 556 0.9285714285714286
13 591 -1.7857142857142858
14 15 1.3571428571428572
14 641 -0.5714285714285714
14 672 -1.3571428571428572
14 682 -2.0
15 16 0.5714285714285714
15 712 2.0
15 720 1.3571428571428572
15 749 -1.7857142857142858
15 760 -1.3571428571428572
16 17 1.7857142857142858
16 791 0.5714285714285714
16 800 0.5714285714285714
16 829 -0.9285714285714286
16 837 -1.3571428571428572
17 35 2.0
17 78 1.7857142857142858
17 87 -1.7857142857142858
18 19 -1.7857142857142858
18 27 -1.7857142857142858
18 205 -2.0
18 215 -0.5714285714285714
18 258 0.5714285714285714
18 267 2.0
19 27 2.0
19 28 0.5714285714285714
19 290 -1.7857142857142858
19 298 -2.0
19 320 0.9285714285714286
20 21 1.3571428571428572
20 29 0.9285714285714286
20 30 1.7857142857142858
20 434 0.9285714285714286
20 444 -1.3571428571428572
20 474 0.9285714285714286
21 22 -2.0
21 30 1.3571428571428572
21 31 1.3571428571428572
21 508 1.3571428571428572
21 515 -1.7857142857142858
21 548 1.7857142857142858
22 23 1.3571428571428572
22 31 -1.7857142857142858
22 32 1.3571428571428572
22 572 1.7857142857142858
22 583 -1.3571428571428572
22 612 0.5714285714285714
22 621 2.0
23 24 -0.9285714285714286
23 32 2.0
23 33 -1.7857142857142858
23 653 -0.5714285714285714
23 664 0.9285714285714286
23 693 1.3571428571428572
23 704 2.0
24 33 -0.9285714285714286
24 34 -2.0
24 729 0.5714285714285714
24 740 -1.3571428571428572
24 772 2.0
24 782 0.5714285714285714
25 26 -0.9285714285714286
25 35 2.0
25 36 -1.3571428571428572
25 69 0.9285714285714286
25 118 -1.7857142857142858
26 36 1.7857142857142858
26 37 1.3571428571428572
26 154 -1.7857142857142858
26 162 -2.0
26 194 0.5714285714285714
27 28 -1.3571428571428572
27 258 0.5714285714285714
27 267 0.5714285714285714
27 290 -1.3571428571428572
27 298 0.5714285714285714
28 29 -0.9285714285714286
28 320 -1.7857142857142858
28 358 2.0
28 368 0.9285714285714286
29 30 1.7857142857142858
29 395 0.5714285714285714
29 434 1.3571428571428572
29 444 -2.0
30 31 -2.0
30 474 -1.7857142857142858
30 482 -0.5714285714285714
30 508 2.0
30 515 1.3571428571428572
31 32 0.9285714285714286
31 548 0.5714285714285714
31 572 0.9285714285714286
31 583 0.9285714285714286
32 612 -0.5714285714285714
32 621 -2.0
32 653 2.0
32 664 2.0
33 34 1.3571428571428572
33 693 -2.0
33 704 0.5714285714285714
33 729 0.5714285714285714
33 740 -2.0
34 35 -1.3571428571428572
34 772 0.5714285714285714
34 782 -0.9285714285714286
34 811 -0.9285714285714286
34 821 -0.5714285714285714
35 36 1.7857142857142858
35 69 -0.9285714285714286
36 37 -1.7857142857142858
36 118 1.3571428571428572
36 154 -0.5714285714285714
36 162 0.9285714285714286
37 194 0.5714285714285714
37 243 2.0
37 250 -0.5714285714285714
38 39 0.9285714285714286
38 47 2.0
38 195 1.7857142857142858
38 251 -0.5714285714285714
39 40 2.0
39 47 2.0
39 48 -0.5714285714285714
39 283 -1.7857142857142858
39 314 -1.7857142857142858
40 41 -2.0
40 48 -1.3571428571428572
40 49 -1.3571428571428572
40 349 -2.0
40 387 0.5714285714285714
41 49 -1.7857142857142858
41 50 1.7857142857142858
41 424 -1.7857142857142858
41 464 -0.5714285714285714
42 43 2.0
42 51 -1.7857142857142858
42 565 0.9285714285714286
42 603 -1.7857142857142858
43 51 -2.0
43 52 -0.5714285714285714
43 644 1.7857142857142858
43 685 0.9285714285714286
44 45 -0.9285714285714286
44 53 1.7857142857142858
44 803 0.9285714285714286
45 46 -1.7857142857142858
45 53 -2.0
45 55 1.7857142857142858
46 54 -0.5714285714285714
46 147 -2.0
46 177 -2.0
47 48 -0.9285714285714286
47 251 0.9285714285714286
47 283 0.5714285714285714
48 49 1.3571428571428572
48 314 2.0
48 349 -2.0
49 50 1.7857142857142858
49 387 0.9285714285714286
49 424 0.5714285714285714
50 464 0.5714285714285714
51 52 -0.5714285714285714
51 603 -1.7857142857142858
51 644 0.9285714285714286
52 685 -2.0
53 55 2.0
54 177 -1.7857142857142858
54 233 2.0
55 61 2.0
55 98 1.3571428571428572
55 107 0.5714285714285714
56 62 -0.9285714285714286
56 63 1.7857142857142858
56 230 2.0
56 273 -0.5714285714285714
56 280 -0.5714285714285714
57 58 1.7857142857142858
57 64 -0.5714285714285714
57 385 0.5714285714285714
57 413 0.9285714285714286
58 64 1.3571428571428572
58 65 -2.0
58 453 -1.3571428571428572
58 461 1.7857142857142858
58 492 -0.9285714285714286
59 67 0.9285714285714286
59 592 1.3571428571428572
59 631 -2.0
59 641 1.7857142857142858
60 67 1.7857142857142858
60 673 -1.7857142857142858
60 682 1.3571428571428572
60 713 -2.0
60 720 1.7857142857142858
61 62 -2.0
61 98 1.7857142857142858
61 107 -1.3571428571428572
61 137 1.7857142857142858
61 145 2.0
62 63 0.5714285714285714
62 170 1.7857142857142858
62 174 1.7857142857142858
62 230 1.7857142857142858
63 273 -1.7857142857142858
63 280 -0.5714285714285714
63 306 -2.0
63 313 1.7857142857142858
64 65 -0.9285714285714286
64 413 1.7857142857142858
64 453 1.7857142857142858
64 461 0.9285714285714286
65 66 -1.7857142857142858
65 492 -2.0
65 525 -1.7857142857142858
65 533 -1.3571428571428572
66 67 2.0
66 592 0.9285714285714286
67 631 1.3571428571428572
67 641 -1.7857142857142858
67 673 1.3571428571428572
67 682 0.9285714285714286
68 69 2.0
68 792 0.5714285714285714
68 800 -1.7857142857142858
68 830 2.0
68 837 -0.5714285714285714
69 79 0.9285714285714286
69 87 0.5714285714285714
70 71 -0.9285714285714286
70 81 -0.9285714285714286
70 215 1.3571428571428572
70 267 -0.5714285714285714
71 72 -1.7857142857142858
71 298 1.3571428571428572
72 73 -1.3571428571428572
72 82 2.0
72 368 -2.0
73 74 -2.0
73 82 -0.5714285714285714
73 83 0.9285714285714286
73 444 0.5714285714285714
73 482 -0.5714285714285714
74 75 -1.7857142857142858
74 83 -1.3571428571428572
74 515 1.3571428571428572
74 548 1.3571428571428572
75 76 -2.0
75 84 1.7857142857142858
75 583 2.0
75 621 -1.3571428571428572
76 77 -0.5714285714285714
76 84 -1.7857142857142858
76 85 1.7857142857142858
76 664 -0.9285714285714286
76 704 0.5714285714285714
77 78 -0.9285714285714286
77 85 2.0
77 86 -1.3571428571428572
77 740 -0.9285714285714286
77 782 -0.9285714285714286
78 79 -1.3571428571428572
78 86 1.7857142857142858
78 87 -0.5714285714285714
78 821 -2.0
79 80 1.3571428571428572
79 87 -0.5714285714285714
79 88 -0.5714285714285714
80 88 -2.0
80 89 0.9285714285714286
80 162 -0.9285714285714286
80 194 -1.3571428571428572
81 267 0.5714285714285714
81 298 -0.5714285714285714
82 444 0.5714285714285714
83 482 -0.9285714285714286
83 515 1.7857142857142858
84 85 0.5714285714285714
84 621 0.9285714285714286
84 664 1.7857142857142858
85 86 -2.0
85 704 1.3571428571428572
85 740 1.7857142857142858
86 87 0.9285714285714286
86 782 1.3571428571428572
86 821 1.3571428571428572
87 88 -1.3571428571428572
88 89 0.9285714285714286
88 162 -0.9285714285714286
89 194 1.7857142857142858
89 250 0.9285714285714286
90 206 -0.9285714285714286
90 251 1.7857142857142858
90 259 1.3571428571428572
91 92 0.9285714285714286
91 101 -1.7857142857142858
91 349 -1.7857142857142858
91 359 0.9285714285714286
91 387 0.5714285714285714
92 93 0.9285714285714286
92 101 1.3571428571428572
92 102 -1.3571428571428572
92 424 -2.0
92 464 0.5714285714285714
93 94 -1.3571428571428572
93 102 0.9285714285714286
93 103 -1.7857142857142858
93 543 2.0
94 95 0.5714285714285714
94 103 -0.9285714285714286
94 104 -1.7857142857142858
94 565 1.7857142857142858
94 573 0.5714285714285714
94 603 1.7857142857142858
94 613 1.3571428571428572
95 96 0.5714285714285714
95 104 2.0
95 105 -1.7857142857142858
95 644 2.0
95 654 -1.3571428571428572
95 685 0.5714285714285714
95 694 -0.5714285714285714
96 97 2.0
96 105 1.7857142857142858
96 106 1.7857142857142858
96 730 -1.7857142857142858
96 773 -1.7857142857142858
97 98 1.3571428571428572
97 106 1.3571428571428572
97 107 0.5714285714285714
97 803 -1.7857142857142858
97 812 0.5714285714285714
98 99 0.5714285714285714
98 107 -0.9285714285714286
98 108 -1.3571428571428572
98 119 -2.0
99 108 2.0
99 109 -0.5714285714285714
99 147 -1.3571428571428572
99 155 -1.7857142857142858
99 177 1.3571428571428572
100 251 -0.9285714285714286
100 259 0.9285714285714286
100 283 0.9285714285714286
100 291 2.0
101 387 1.3571428571428572
101 424 -1.7857142857142858
102 464 1.7857142857142858
103 104 0.9285714285714286
103 543 -0.5714285714285714
103 565 1.3571428571428572
103 573 1.3571428571428572
104 105 -1.7857142857142858
104 603 0.5714285714285714
104 613 0.9285714285714286
104 644 0.5714285714285714
104 654 1.3571428571428572
105 106 0.5714285714285714
105 685 -2.0
105 694 2.0
105 730 1.3571428571428572
106 107 1.7857142857142858
106 773 -0.5714285714285714
106 803 1.7857142857142858
107 108 -0.9285714285714286
108 109 -2.0
108 119 -1.3571428571428572
108 147 -1.7857142857142858
108 155 1.3571428571428572
109 177 -1.7857142857142858
109 233 -2.0
109 244 1.3571428571428572
110 111 1.7857142857142858
110 119 1.3571428571428572
110 120 -2.0
110 137 -1.7857142857142858
110 170 1.3571428571428572
110 175 1.3571428571428572
111 112 0.9285714285714286
111 120 -1.7857142857142858
111 231 -0.5714285714285714
111 273 -2.0
111 281 -0.9285714285714286
112 113 0.9285714285714286
112 121 -1.7857142857142858
112 306 0.5714285714285714
112 347 0.5714285714285714
113 114 0.9285714285714286
113 121 -1.7857142857142858
113 122 -1.7857142857142858
113 386 0.5714285714285714
113 413 0.9285714285714286
113 422 -1.3571428571428572
114 115 -0.5714285714285714
114 122 1.7857142857142858
114 123 -0.5714285714285714
114 453 -0.5714285714285714
114 462 1.7857142857142858
114 492 0.9285714285714286
114 500 -1.7857142857142858
115 123 0.5714285714285714
115 124 1.3571428571428572
115 525 0.9285714285714286
115 534 2.0
115 563 -1.3571428571428572
116 117 -2.0
116 125 -2.0
116 126 1.3571428571428572
116 673 2.0
116 683 2.0
116 713 0.9285714285714286
116 721 1.3571428571428572
117 118 -2.0
117 126 1.3571428571428572
117 127 0.5714285714285714
117 750 -0.9285714285714286
117 761 0.5714285714285714
117 792 1.7857142857142858
117 801 -0.9285714285714286
118 127 -2.0
118 830 2.0
118 838 2.0
119 120 -1.7857142857142858
119 137 1.7857142857142858
120 170 -1.3571428571428572
120 175 -1.3571428571428572
120 231 1.7857142857142858
121 122 1.7857142857142858
121 347 2.0
121 386 0.9285714285714286
122 123 1.3571428571428572
122 413 0.5714285714285714
122 422 1.3571428571428572
122 462 0.5714285714285714
123 124 -1.3571428571428572
123 492 -0.9285714285714286
123 500 2.0
123 525 1.3571428571428572
123 534 2.0
124 125 -0.9285714285714286
124 563 0.5714285714285714
124 592 1.7857142857142858
125 126 -2.0
125 631 1.3571428571428572
125 642 -1.7857142857142858
125 673 1.3571428571428572
125 683 -2.0
126 127 -0.5714285714285714
126 713 1.3571428571428572
126 721 0.9285714285714286
126 750 -1.3571428571428572
126 761 -1.3571428571428572
127 792 -0.9285714285714286
127 801 0.9285714285714286
127 830 -1.3571428571428572
127 838 1.3571428571428572
128 129 -2.0
128 139 -1.7857142857142858
128 206 2.0
128 252 1.3571428571428572
128 259 2.0
129 130 -2.0
129 139 -1.7857142857142858
129 140 -1.3571428571428572
129 291 -0.9285714285714286
129 321 0.9285714285714286
130 131 -0.5714285714285714
130 140 -1.7857142857142858
130 141 -0.9285714285714286
130 350 -2.0
130 359 0.9285714285714286
130 388 1.3571428571428572
131 132 0.9285714285714286
131 141 1.3571428571428572
131 142 1.3571428571428572
131 425 -0.5714285714285714
131 465 1.7857142857142858
132 133 1.7857142857142858
132 142 -0.5714285714285714
132 502 0.5714285714285714
132 543 -2.0
133 134 -1.3571428571428572
133 143 1.3571428571428572
133 566 0.9285714285714286
133 573 -1.3571428571428572
133 604 0.5714285714285714
133 613 0.9285714285714286
134 135 -0.9285714285714286
134 143 0.5714285714285714
134 654 -1.3571428571428572
134 686 0.5714285714285714
134 694 0.9285714285714286
135 136 0.5714285714285714
135 144 2.0
135 722 -0.5714285714285714
135 730 -0.5714285714285714
135 763 0.5714285714285714
135 773 1.7857142857142858
136 137 -0.5714285714285714
136 144 -0.9285714285714286
136 145 0.5714285714285714
136 812 -2.0
137 138 0.9285714285714286
137 145 1.7857142857142858
138 146 -0.9285714285714286
138 155 -1.3571428571428572
138 178 -1.7857142857142858
139 140 -0.5714285714285714
139 252 -1.3571428571428572
139 259 2.0
139 291 1.7857142857142858
140 141 1.3571428571428572
140 321 0.5714285714285714
140 350 -1.3571428571428572
140 359 1.3571428571428572
141 142 0.5714285714285714
141 388 2.0
141 425 1.7857142857142858
142 465 -1.7857142857142858
142 502 1.7857142857142858
143 604 -0.5714285714285714
143 613 -2.0
143 654 0.9285714285714286
144 145 -0.5714285714285714
144 763 -1.3571428571428572
144 773 -0.9285714285714286
144 812 -2.0
146 178 1.3571428571428572
146 234 0.9285714285714286
146 244 1.3571428571428572
147 155 -0.9285714285714286
148 149 0.9285714285714286
148 156 -2.0
148 157 -0.9285714285714286
148 224 -0.5714285714285714
148 231 2.0
148 274 0.9285714285714286
148 281 2.0
149 150 -2.0
149 157 1.3571428571428572
149 158 -0.5714285714285714
149 307 0.9285714285714286
149 338 -1.7857142857142858
149 347 0.9285714285714286
150 151 -0.5714285714285714
150 158 0.9285714285714286
150 159 -2.0
150 377 0.9285714285714286
150 386 -0.9285714285714286
150 422 1.3571428571428572
151 159 1.7857142857142858
151 462 0.5714285714285714
151 493 -1.3571428571428572
151 500 -0.9285714285714286
152 153 0.9285714285714286
152 160 -1.3571428571428572
152 593 -0.9285714285714286
152 632 -0.5714285714285714
152 642 -1.3571428571428572
153 160 -1.3571428571428572
153 674 0.5714285714285714
153 683 -2.0
153 721 -2.0
154 161 1.3571428571428572
154 162 0.5714285714285714
154 838 0.5714285714285714
155 156 0.5714285714285714
156 157 -1.3571428571428572
156 175 -0.9285714285714286
156 224 -2.0
157 158 -0.5714285714285714
157 274 1.3571428571428572
157 281 0.5714285714285714
157 307 -0.5714285714285714
158 159 -0.5714285714285714
158 338 -2.0
158 347 -0.5714285714285714
158 377 0.9285714285714286
159 414 1.3571428571428572
159 422 -1.7857142857142858
159 462 -2.0
160 632 1.3571428571428572
160 642 0.5714285714285714
160 674 1.7857142857142858
160 683 -1.3571428571428572
161 162 0.5714285714285714
161 793 1.7857142857142858
161 801 1.7857142857142858
161 838 -2.0
163 164 2.0
163 196 -1.7857142857142858
163 252 1.3571428571428572
163 260 2.0
164 165 2.0
164 292 -0.9285714285714286
165 171 0.9285714285714286
165 350 0.9285714285714286
165 360 -1.3571428571428572
165 388 0.5714285714285714
165 396 -0.5714285714285714
166 167 1.7857142857142858
166 172 1.3571428571428572
166 566 1.3571428571428572
166 574 0.5714285714285714
166 604 1.7857142857142858
166 614 1.7857142857142858
167 168 0.5714285714285714
167 655 -1.7857142857142858
167 686 -0.9285714285714286
167 695 1.3571428571428572
168 169 -2.0
168 173 2.0
168 722 0.9285714285714286
168 731 -1.7857142857142858
168 763 -1.7857142857142858
168 774 -0.5714285714285714
169 170 -0.5714285714285714
169 173 -0.9285714285714286
169 174 0.9285714285714286
170 174 -2.0
170 175 -0.9285714285714286
171 396 -1.7857142857142858
171 425 -0.9285714285714286
171 435 1.3571428571428572
172 604 0.5714285714285714
172 614 0.9285714285714286
172 655 1.3571428571428572
173 174 0.9285714285714286
173 763 -1.3571428571428572
173 774 1.7857142857142858
174 175 0.9285714285714286
175 176 1.7857142857142858
176 178 0.5714285714285714
176 186 1.7857142857142858
176 234 2.0
177 178 2.0
178 179 -1.7857142857142858
178 186 0.5714285714285714
179 180 -0.5714285714285714
179 186 0.9285714285714286
179 187 0.9285714285714286
179 224 1.7857142857142858
179 232 -1.3571428571428572
179 274 -0.9285714285714286
179 282 -0.9285714285714286
180 181 0.9285714285714286
180 187 1.3571428571428572
180 188 -0.5714285714285714
180 307 1.7857142857142858
180 338 0.5714285714285714
181 182 -1.7857142857142858
181 188 -2.0
181 189 -1.7857142857142858
181 377 -0.5714285714285714
181 414 1.3571428571428572
181 423 -1.3571428571428572
182 183 -1.3571428571428572
182 189 1.7857142857142858
182 190 -1.3571428571428572
182 463 2.0
182 493 2.0
182 501 -1.3571428571428572
183 190 -1.3571428571428572
183 191 -1.7857142857142858
183 526 -0.9285714285714286
183 535 -0.5714285714285714
183 564 -0.9285714285714286
184 185 2.0
184 192 2.0
185 193 -1.3571428571428572
185 751 -0.9285714285714286
185 762 1.3571428571428572
185 793 2.0
185 802 1.7857142857142858
186 187 0.9285714285714286
186 224 0.5714285714285714
186 232 1.3571428571428572
187 188 1.3571428571428572
187 274 -1.3571428571428572
187 282 -1.3571428571428572
187 307 0.5714285714285714
188 189 -0.5714285714285714
188 348 1.7857142857142858
188 377 1.3571428571428572
189 190 0.5714285714285714
189 414 -2.0
189 423 0.9285714285714286
189 463 -0.9285714285714286
190 191 -0.5714285714285714
190 493 2.0
190 501 -1.3571428571428572
190 526 -1.3571428571428572
191 192 1.3571428571428572
191 593 1.3571428571428572
191 602 2.0
192 632 -1.7857142857142858
192 643 -1.3571428571428572
192 674 0.9285714285714286
192 684 2.0
193 194 -0.9285714285714286
193 793 -0.9285714285714286
193 802 -0.5714285714285714
193 839 -1.7857142857142858
195 196 -0.9285714285714286
195 206 -2.0
196 197 -1.3571428571428572
196 207 2.0
197 207 -0.9285714285714286
197 208 -0.9285714285714286
197 216 0.9285714285714286
197 268 0.5714285714285714
198 199 0.5714285714285714
198 208 -1.3571428571428572
198 209 0.5714285714285714
198 330 -0.5714285714285714
199 200 1.3571428571428572
199 209 0.9285714285714286
199 210 -0.5714285714285714
199 369 1.7857142857142858
199 405 0.9285714285714286
200 201 1.7857142857142858
200 210 -0.5714285714285714
200 211 0.5714285714285714
200 483 0.5714285714285714
201 202 1.3571428571428572
201 211 1.7857142857142858
201 212 -2.0
201 516 0.9285714285714286
201 549 0.5714285714285714
202 203 -0.9285714285714286
202 212 -0.9285714285714286
202 584 2.0
202 622 -2.0
203 204 -0.9285714285714286
203 213 -0.5714285714285714
203 665 -1.7857142857142858
203 705 2.0
204 205 1.7857142857142858
204 213 -0.5714285714285714
204 214 1.3571428571428572
204 741 0.5714285714285714
204 783 0.5714285714285714
205 214 0.5714285714285714
205 822 2.0
206 207 -2.0
207 208 -1.3571428571428572
207 216 -0.5714285714285714
208 209 1.7857142857142858
209 210 -1.3571428571428572
209 330 1.7857142857142858
209 369 -2.0
210 211 0.5714285714285714
210 405 1.7857142857142858
211 212 -1.7857142857142858
211 483 2.0
211 516 -1.7857142857142858
212 549 -1.7857142857142858
212 584 2.0
213 214 1.3571428571428572
213 705 -1.7857142857142858
213 741 1.3571428571428572
214 215 1.7857142857142858
214 783 0.5714285714285714
214 822 0.9285714285714286
216 217 -1.7857142857142858
216 225 0.5714285714285714
216 253 2.0
216 260 -1.3571428571428572
217 218 -0.5714285714285714
217 225 -2.0
217 226 -2.0
217 292 1.3571428571428572
217 315 0.9285714285714286
217 322 0.5714285714285714
218 226 2.0
218 227 0.9285714285714286
218 351 -1.7857142857142858
218 360 -2.0
218 389 0.9285714285714286
218 396 2.0
219 227 0.9285714285714286
219 228 0.9285714285714286
219 426 1.3571428571428572
219 435 -0.9285714285714286
219 466 -0.9285714285714286
219 475 0.5714285714285714
220 221 -1.7857142857142858
220 574 0.9285714285714286
220 605 -2.0
220 614 2.0
221 222 1.3571428571428572
221 229 0.9285714285714286
221 645 1.7857142857142858
221 655 -1.7857142857142858
221 695 1.3571428571428572
222 223 1.3571428571428572
222 229 -0.9285714285714286
222 723 -0.5714285714285714
222 731 0.9285714285714286
222 764 -2.0
222 774 1.3571428571428572
223 230 1.3571428571428572
223 804 -0.5714285714285714
224 231 0.9285714285714286
224 232 1.3571428571428572
225 226 -1.3571428571428572
225 253 0.9285714285714286
225 260 -0.9285714285714286
225 292 0.5714285714285714
226 227 -0.5714285714285714
226 315 -1.3571428571428572
226 322 -0.9285714285714286
226 351 -2.0
226 360 -0.9285714285714286
227 228 -1.7857142857142858
227 389 1.7857142857142858
227 396 -1.7857142857142858
227 426 -0.9285714285714286
227 435 0.5714285714285714
228 466 0.5714285714285714
228 475 -1.3571428571428572
229 695 1.7857142857142858
229 723 1.7857142857142858
229 731 -1.3571428571428572
230 231 -2.0
231 232 0.5714285714285714
232 235 -0.9285714285714286
233 234 -1.7857142857142858
233 244 -2.0
234 235 -0.9285714285714286
234 244 -2.0
235 236 1.7857142857142858
235 245 -1.7857142857142858
235 282 -2.0
236 237 -1.7857142857142858
236 245 0.5714285714285714
236 348 0.9285714285714286
237 238 0.5714285714285714
237 246 -2.0
237 423 -1.3571428571428572
238 239 -1.7857142857142858
238 246 2.0
238 247 -2.0
238 463 0.5714285714285714
238 501 -0.9285714285714286
239 240 0.5714285714285714
239 247 -0.5714285714285714
239 248 0.5714285714285714
239 535 0.9285714285714286
239 564 -2.0
240 241 0.5714285714285714
240 248 -1.7857142857142858
240 643 -1.3571428571428572
241 242 1.3571428571428572
241 684 0.5714285714285714
242 243 1.7857142857142858
242 249 -1.3571428571428572
242 762 2.0
242 802 2.0
243 249 -1.7857142857142858
243 250 -1.7857142857142858
243 839 -2.0
245 282 1.7857142857142858
246 247 -1.7857142857142858
246 423 -0.9285714285714286
246 463 -1.3571428571428572
247 248 2.0
247 501 1.7857142857142858
247 535 -1.7857142857142858
248 564 -0.5714285714285714
248 602 -2.0
249 250 1.3571428571428572
249 802 0.5714285714285714
249 839 -2.0
251 252 0.9285714285714286
251 259 1.7857142857142858
252 253 -1.7857142857142858
252 259 0.9285714285714286
252 260 0.5714285714285714
253 254 -2.0
253 260 -1.7857142857142858
253 261 -0.9285714285714286
253 268 0.9285714285714286
253 275 0.5714285714285714
254 261 0.9285714285714286
254 262 1.3571428571428572
254 330 -1.7857142857142858
254 339 2.0
255 256 -0.5714285714285714
255 265 0.5714285714285714
255 584 -1.7857142857142858
255 594 2.0
255 622 -0.9285714285714286
255 633 0.5714285714285714
256 257 -1.3571428571428572
256 266 1.7857142857142858
256 665 -2.0
256 675 -1.3571428571428572
256 705 0.9285714285714286
257 258 1.3571428571428572
257 266 2.0
257 741 -2.0
257 783 -0.9285714285714286
257 794 -0.9285714285714286
258 267 1.3571428571428572
258 822 2.0
259 260 1.3571428571428572
260 261 -0.9285714285714286
261 268 -2.0
261 275 0.5714285714285714
262 263 0.5714285714285714
262 330 -0.9285714285714286
262 339 1.7857142857142858
262 369 2.0
262 378 -1.3571428571428572
263 264 1.3571428571428572
263 405 0.9285714285714286
263 415 -0.5714285714285714
264 265 -1.3571428571428572
264 483 -2.0
264 494 1.7857142857142858
264 516 -2.0
264 527 0.9285714285714286
265 549 0.9285714285714286
265 584 -0.5714285714285714
265 594 1.3571428571428572
266 705 -1.7857142857142858
266 741 2.0
266 752 -0.5714285714285714
268 269 -0.5714285714285714
268 275 1.3571428571428572
269 275 2.0
269 276 -1.3571428571428572
269 293 2.0
269 315 -2.0
269 323 1.3571428571428572
270 278 1.7857142857142858
270 575 0.5714285714285714
270 605 -1.3571428571428572
270 615 1.7857142857142858
271 272 0.5714285714285714
271 279 0.9285714285714286
271 723 -0.9285714285714286
271 732 -1.3571428571428572
271 775 -0.9285714285714286
272 273 -2.0
272 279 1.7857142857142858
272 280 0.5714285714285714
272 804 2.0
272 813 -0.5714285714285714
273 274 -2.0
273 280 -1.3571428571428572
273 281 0.5714285714285714
274 281 1.7857142857142858
274 282 0.5714285714285714
275 276 -2.0
275 293 0.9285714285714286
276 315 -2.0
276 323 -0.5714285714285714
276 351 -1.3571428571428572
276 361 0.5714285714285714
277 466 -1.3571428571428572
278 605 2.0
278 615 1.7857142857142858
278 645 2.0
278 656 -1.7857142857142858
279 280 2.0
279 764 -2.0
279 775 2.0
279 804 2.0
279 813 0.9285714285714286
280 281 1.7857142857142858
281 282 2.0
283 291 -0.9285714285714286
284 285 1.3571428571428572
284 293 0.9285714285714286
284 294 -0.9285714285714286
284 299 0.5714285714285714
284 331 -0.5714285714285714
284 339 -1.7857142857142858
285 286 -1.7857142857142858
285 294 0.9285714285714286
285 378 -1.7857142857142858
285 415 1.7857142857142858
286 287 2.0
286 295 -1.3571428571428572
286 445 -0.9285714285714286
286 484 1.3571428571428572
286 494 -0.9285714285714286
287 288 1.7857142857142858
287 295 -0.5714285714285714
287 517 -2.0
287 527 0.5714285714285714
287 550 0.5714285714285714
288 585 -0.9285714285714286
288 594 -0.5714285714285714
288 623 -0.5714285714285714
288 633 -0.9285714285714286
289 290 0.5714285714285714
289 296 0.9285714285714286
289 297 2.0
289 742 1.7857142857142858
289 784 0.5714285714285714
289 794 1.7857142857142858
290 297 -1.3571428571428572
290 298 -1.3571428571428572
291 292 1.3571428571428572
292 293 -1.3571428571428572
293 294 -2.0
293 299 -1.7857142857142858
294 331 0.5714285714285714
294 339 -0.5714285714285714
294 378 0.5714285714285714
295 484 -1.3571428571428572
295 494 -1.3571428571428572
295 517 -0.5714285714285714
295 527 0.9285714285714286
296 297 -1.7857142857142858
296 742 1.3571428571428572
296 752 1.3571428571428572
297 298 -1.7857142857142858
297 784 2.0
297 794 1.3571428571428572
299 300 1.3571428571428572
299 308 0.9285714285714286
299 316 2.0
299 323 2.0
300 301 -0.9285714285714286
300 308 2.0
300 309 0.5714285714285714
300 352 -2.0
300 361 -1.7857142857142858
300 390 1.7857142857142858
300 397 0.5714285714285714
301 302 2.0
301 309 0.9285714285714286
301 310 1.7857142857142858
301 427 1.7857142857142858
301 436 -2.0
301 467 0.9285714285714286
302 303 1.7857142857142858
302 310 1.7857142857142858
302 503 -2.0
302 536 1.7857142857142858
303 311 0.9285714285714286
303 567 0.9285714285714286
303 575 2.0
304 305 1.7857142857142858
304 312 0.9285714285714286
304 724 -2.0
304 732 1.3571428571428572
304 765 -0.5714285714285714
304 775 2.0
305 306 0.5714285714285714
305 312 0.9285714285714286
305 313 1.7857142857142858
305 805 1.3571428571428572
305 813 -1.7857142857142858
306 307 0.5714285714285714
306 313 1.3571428571428572
308 309 -0.9285714285714286
308 316 -1.7857142857142858
308 323 -2.0
308 352 0.9285714285714286
308 361 1.3571428571428572
309 310 -0.9285714285714286
309 390 1.7857142857142858
309 397 0.5714285714285714
309 427 -0.5714285714285714
309 436 2.0
310 467 -2.0
310 503 1.7857142857142858
311 606 -2.0
311 615 -0.9285714285714286
311 656 1.3571428571428572
312 313 -2.0
312 765 -0.5714285714285714
312 775 1.3571428571428572
312 805 0.5714285714285714
312 813 1.3571428571428572
314 321 -1.3571428571428572
315 316 2.0
315 322 0.9285714285714286
315 323 -1.7857142857142858
316 317 0.9285714285714286
316 323 1.3571428571428572
316 324 -1.7857142857142858
316 331 -2.0
316 340 -2.0
317 324 -0.9285714285714286
317 325 0.9285714285714286
317 379 2.0
317 406 -0.5714285714285714
317 416 0.9285714285714286
318 326 -1.7857142857142858
318 327 -0.5714285714285714
318 528 1.3571428571428572
318 550 -2.0
319 320 2.0
319 329 2.0
319 742 -0.5714285714285714
319 753 -0.5714285714285714
319 784 -0.5714285714285714
319 795 -1.3571428571428572
320 329 -0.9285714285714286
321 322 -1.7857142857142858
322 323 1.3571428571428572
323 324 -0.9285714285714286
324 325 -0.9285714285714286
324 331 -1.7857142857142858
324 340 -1.3571428571428572
324 379 -2.0
325 326 0.9285714285714286
325 406 0.5714285714285714
325 416 1.7857142857142858
325 445 -0.9285714285714286
325 454 0.9285714285714286
326 327 1.3571428571428572
326 484 -1.3571428571428572
326 495 -0.9285714285714286
326 517 -2.0
326 528 1.7857142857142858
327 328 -2.0
327 550 1.7857142857142858
327 585 -1.3571428571428572
327 595 -1.7857142857142858
328 623 0.5714285714285714
328 634 0.5714285714285714
328 666 1.3571428571428572
328 676 -1.3571428571428572
329 784 -1.7857142857142858
329 795 -0.5714285714285714
330 331 1.7857142857142858
330 339 -0.5714285714285714
331 332 0.5714285714285714
331 339 1.3571428571428572
331 340 1.3571428571428572
332 333 0.9285714285714286
332 340 0.5714285714285714
332 341 -1.3571428571428572
332 352 1.7857142857142858
332 362 0.9285714285714286
332 390 -1.7857142857142858
332 398 -0.5714285714285714
333 334 1.7857142857142858
333 341 -2.0
333 342 -0.9285714285714286
333 427 0.9285714285714286
333 437 -0.5714285714285714
333 467 1.7857142857142858
333 476 0.5714285714285714
334 335 -1.3571428571428572
334 342 -0.9285714285714286
334 343 -2.0
334 503 -2.0
334 509 -2.0
334 536 1.7857142857142858
334 544 2.0
335 336 -2.0
335 343 1.3571428571428572
335 344 1.3571428571428572
335 576 0.5714285714285714
335 606 0.5714285714285714
335 616 1.7857142857142858
336 337 -1.3571428571428572
336 646 0.5714285714285714
336 657 2.0
336 687 2.0
336 697 1.3571428571428572
337 345 -0.5714285714285714
337 724 0.5714285714285714
337 733 -0.5714285714285714
337 765 -0.5714285714285714
337 776 -1.7857142857142858
338 347 -1.7857142857142858
338 348 2.0
339 340 0.9285714285714286
340 341 2.0
340 352 -0.5714285714285714
340 362 1.3571428571428572
341 342 2.0
341 390 1.7857142857142858
341 398 -2.0
341 427 0.9285714285714286
341 437 0.9285714285714286
342 343 1.7857142857142858
342 467 2.0
342 476 0.5714285714285714
342 503 2.0
342 509 -2.0
343 344 0.9285714285714286
343 544 1.7857142857142858
343 567 1.7857142857142858
343 576 -0.5714285714285714
344 606 2.0
344 616 -0.9285714285714286
345 346 -1.7857142857142858
345 765 2.0
345 776 0.9285714285714286
345 805 -1.7857142857142858
345 814 1.3571428571428572
346 347 0.5714285714285714
347 348 2.0
349 350 1.7857142857142858
349 359 2.0
350 351 -0.9285714285714286
350 359 0.5714285714285714
350 360 -0.9285714285714286
351 352 1.3571428571428572
351 360 -0.5714285714285714
351 361 0.9285714285714286
352 353 1.3571428571428572
352 361 -1.7857142857142858
352 362 -1.7857142857142858
353 354 1.3571428571428572
353 362 -0.5714285714285714
353 363 -0.5714285714285714
353 370 -0.9285714285714286
353 379 -0.9285714285714286
353 407 2.0
353 416 -1.3571428571428572
354 363 -1.3571428571428572
354 364 0.9285714285714286
354 446 1.7857142857142858
354 454 2.0
354 485 -1.3571428571428572
354 495 -0.5714285714285714
355 356 -1.3571428571428572
355 365 -2.0
355 366 -1.3571428571428572
355 586 -0.9285714285714286
355 595 -1.7857142857142858
355 624 -1.3571428571428572
355 634 -0.9285714285714286
356 357 -2.0
356 366 1.7857142857142858
356 367 -1.3571428571428572
356 667 -1.3571428571428572
356 676 -2.0
356 706 -0.9285714285714286
356 714 2.0
357 358 2.0
357 367 -1.7857142857142858
357 743 -2.0
357 753 1.3571428571428572
357 785 -0.5714285714285714
357 795 1.3571428571428572
358 368 0.5714285714285714
358 823 1.3571428571428572
359 360 1.3571428571428572
360 361 1.3571428571428572
361 362 -0.5714285714285714
362 363 -2.0
362 370 -1.7857142857142858
362 379 1.7857142857142858
363 364 -2.0
363 407 2.0
363 416 2.0
363 446 1.7857142857142858
363 454 -1.7857142857142858
364 365 0.5714285714285714
364 485 -0.5714285714285714
364 518 0.9285714285714286
364 528 -2.0
365 366 1.7857142857142858
365 551 -0.5714285714285714
365 586 1.3571428571428572
365 595 -1.3571428571428572
366 367 2.0
366 624 0.5714285714285714
366 634 -0.5714285714285714
366 667 2.0
366 676 0.9285714285714286
367 706 0.9285714285714286
367 714 0.5714285714285714
367 743 -0.5714285714285714
367 753 1.7857142857142858
369 378 -1.7857142857142858
370 371 0.5714285714285714
370 379 2.0
370 380 0.5714285714285714
370 398 -1.3571428571428572
371 372 -1.7857142857142858
371 380 -0.9285714285714286
371 381 -0.5714285714285714
371 437 1.7857142857142858
371 468 0.9285714285714286
371 476 0.5714285714285714
372 373 2.0
372 381 2.0
372 504 -2.0
372 509 -2.0
372 537 0.9285714285714286
372 544 0.5714285714285714
373 374 -0.5714285714285714
373 382 0.9285714285714286
373 576 -1.3571428571428572
373 607 2.0
373 616 -2.0
374 375 -2.0
374 382 2.0
374 383 0.5714285714285714
374 647 0.5714285714285714
374 657 0.9285714285714286
374 688 1.7857142857142858
374 697 1.7857142857142858
375 376 -0.5714285714285714
375 383 1.7857142857142858
375 384 1.7857142857142858
375 733 -2.0
375 766 -2.0
375 776 1.3571428571428572
376 384 -1.3571428571428572
376 385 -1.7857142857142858
376 806 1.7857142857142858
376 814 2.0
377 386 2.0
378 379 -1.3571428571428572
379 380 -1.3571428571428572
380 391 -1.7857142857142858
380 398 -0.9285714285714286
380 428 -0.9285714285714286
380 437 0.5714285714285714
381 468 -2.0
381 476 2.0
381 504 -1.3571428571428572
381 509 0.9285714285714286
382 383 2.0
382 607 -0.5714285714285714
382 647 -2.0
382 657 2.0
383 384 -1.3571428571428572
383 688 0.9285714285714286
383 697 -0.5714285714285714
383 733 1.3571428571428572
384 385 -0.9285714285714286
384 766 0.9285714285714286
384 776 1.3571428571428572
384 806 -1.3571428571428572
384 814 2.0
385 386 2.0
387 388 0.5714285714285714
388 389 -0.9285714285714286
388 396 1.7857142857142858
389 390 2.0
389 397 -1.7857142857142858
390 391 0.9285714285714286
390 397 2.0
390 398 -2.0
391 398 0.9285714285714286
391 399 -2.0
391 407 -0.9285714285714286
391 417 -1.7857142857142858
392 393 2.0
392 399 -0.9285714285714286
392 400 -2.0
392 446 2.0
392 455 1.7857142857142858
392 485 -1.7857142857142858
392 496 -2.0
393 400 -1.3571428571428572
393 401 -0.5714285714285714
393 518 -0.9285714285714286
393 529 1.7857142857142858
393 551 -0.9285714285714286
393 557 2.0
394 395 1.3571428571428572
394 403 -1.7857142857142858
394 404 -1.3571428571428572
394 743 0.9285714285714286
394 754 -1.7857142857142858
394 785 1.3571428571428572
394 796 -1.7857142857142858
395 404 -0.5714285714285714
395 823 -1.7857142857142858
395 831 0.5714285714285714
396 397 -1.7857142857142858
397 398 2.0
398 399 1.3571428571428572
399 400 1.3571428571428572
399 407 -1.3571428571428572
399 417 -0.5714285714285714
399 446 -1.3571428571428572
399 455 -1.7857142857142858
400 401 -0.5714285714285714
400 485 1.7857142857142858
400 496 1.7857142857142858
400 518 1.7857142857142858
400 529 -0.5714285714285714
401 402 -0.5714285714285714
401 551 0.5714285714285714
401 557 -0.5714285714285714
401 586 -2.0
401 596 -2.0
402 403 2.0
402 624 2.0
402 635 1.3571428571428572
402 667 -1.7857142857142858
403 404 -2.0
403 706 2.0
403 715 -1.7857142857142858
403 743 -0.9285714285714286
403 754 -0.9285714285714286
404 785 -0.5714285714285714
404 796 1.7857142857142858
404 823 -1.3571428571428572
404 831 0.9285714285714286
405 406 2.0
405 415 0.5714285714285714
406 407 -0.9285714285714286
406 415 2.0
406 416 -2.0
407 408 2.0
407 416 -0.5714285714285714
407 417 -1.7857142857142858
408 409 -1.7857142857142858
408 417 0.5714285714285714
408 418 -1.7857142857142858
408 428 -2.0
408 438 1.3571428571428572
408 468 -1.7857142857142858
409 410 -1.3571428571428572
409 418 2.0
409 504 -0.5714285714285714
409 510 -0.9285714285714286
409 537 1.7857142857142858
410 419 2.0
410 577 -0.5714285714285714
410 607 2.0
410 617 -2.0
411 412 -1.7857142857142858
411 420 0.5714285714285714
411 421 -2.0
411 734 1.3571428571428572
411 766 0.9285714285714286
411 777 -1.7857142857142858
412 413 0.9285714285714286
412 421 -1.3571428571428572
412 806 0.9285714285714286
412 815 -2.0
413 414 -1.7857142857142858
413 422 -0.9285714285714286
414 422 -1.3571428571428572
414 423 1.3571428571428572
415 416 0.5714285714285714
416 417 -0.9285714285714286
417 418 2.0
417 428 2.0
417 438 -1.3571428571428572
418 468 -1.3571428571428572
418 504 -0.5714285714285714
418 510 1.7857142857142858
419 420 -1.3571428571428572
419 607 -1.7857142857142858
419 617 -1.7857142857142858
419 647 1.7857142857142858
420 421 -0.9285714285714286
420 688 -0.9285714285714286
420 698 1.3571428571428572
420 734 -1.7857142857142858
421 766 0.9285714285714286
421 777 0.9285714285714286
421 806 0.9285714285714286
421 815 -2.0
422 423 0.5714285714285714
424 425 1.3571428571428572
425 426 -1.7857142857142858
425 435 2.0
426 427 -2.0
426 435 -0.5714285714285714
426 436 -1.7857142857142858
427 428 -0.5714285714285714
427 436 -1.3571428571428572
427 437 -1.7857142857142858
428 429 2.0
428 437 -1.3571428571428572
428 438 -0.5714285714285714
429 430 0.5714285714285714
429 438 -2.0
429 439 -0.5714285714285714
429 447 0.5714285714285714
429 455 -1.7857142857142858
429 486 -1.7857142857142858
429 496 -1.3571428571428572
430 431 -0.9285714285714286
430 439 -0.5714285714285714
430 440 -0.5714285714285714
430 519 0.5714285714285714
430 529 2.0
430 552 2.0
430 557 -0.9285714285714286
431 432 -1.7857142857142858
431 440 -1.7857142857142858
431 441 -1.7857142857142858
431 596 0.9285714285714286
431 625 -1.3571428571428572
431 635 1.7857142857142858
432 433 1.3571428571428572
432 441 0.5714285714285714
432 442 -0.9285714285714286
432 668 -0.9285714285714286
432 707 1.3571428571428572
432 715 1.7857142857142858
433 434 -0.5714285714285714
433 442 -0.9285714285714286
433 443 1.3571428571428572
433 744 -1.3571428571428572
433 754 0.5714285714285714
433 786 -1.3571428571428572
433 796 1.3571428571428572
434 443 -2.0
434 444 2.0
434 824 1.7857142857142858
434 831 -0.5714285714285714
435 436 0.9285714285714286
436 437 -0.9285714285714286
437 438 -0.9285714285714286
438 439 -0.9285714285714286
438 447 -0.9285714285714286
438 455 0.9285714285714286
439 440 1.7857142857142858
439 486 -2.0
439 496 0.5714285714285714
439 519 0.5714285714285714
439 529 -2.0
440 441 -2.0
440 552 2.0
440 557 -0.9285714285714286
440 596 1.7857142857142858
441 442 -0.9285714285714286
441 625 -1.3571428571428572
441 635 0.9285714285714286
441 668 -0.5714285714285714
442 443 -1.3571428571428572
442 707 2.0
442 715 2.0
442 744 -0.9285714285714286
442 754 1.3571428571428572
443 444 2.0
443 786 1.7857142857142858
443 796 -0.5714285714285714
443 824 2.0
445 446 -1.7857142857142858
445 454 1.3571428571428572
446 447 -1.3571428571428572
446 454 0.5714285714285714
446 455 2.0
447 448 -1.7857142857142858
447 455 -2.0
447 456 -0.5714285714285714
447 469 1.3571428571428572
448 449 -0.9285714285714286
448 456 1.7857142857142858
448 457 1.7857142857142858
448 505 0.9285714285714286
448 510 0.9285714285714286
448 538 2.0
449 450 1.3571428571428572
449 457 1.7857142857142858
449 458 -0.9285714285714286
449 577 -0.5714285714285714
449 608 0.5714285714285714
449 617 -1.7857142857142858
450 458 1.3571428571428572
450 459 -0.9285714285714286
450 648 -1.3571428571428572
450 658 -0.5714285714285714
450 689 -1.7857142857142858
450 698 2.0
451 452 -2.0
451 460 -0.5714285714285714
451 725 0.5714285714285714
451 767 1.3571428571428572
451 777 2.0
452 453 0.5714285714285714
452 460 -0.5714285714285714
452 461 -0.5714285714285714
452 807 -0.9285714285714286
452 815 1.3571428571428572
453 461 -2.0
453 462 -1.7857142857142858
454 455 1.3571428571428572
455 456 -1.7857142857142858
456 457 1.3571428571428572
456 469 0.9285714285714286
456 505 -0.5714285714285714
456 510 0.9285714285714286
457 458 1.3571428571428572
457 538 -2.0
457 577 1.3571428571428572
458 459 -2.0
458 608 -0.5714285714285714
458 617 -1.7857142857142858
458 648 -1.3571428571428572
458 658 -0.9285714285714286
459 460 -1.3571428571428572
459 689 0.9285714285714286
459 698 0.9285714285714286
459 725 2.0
459 734 -0.9285714285714286
460 461 -1.7857142857142858
460 767 2.0
460 777 -0.5714285714285714
460 807 -1.3571428571428572
460 815 1.3571428571428572
461 462 2.0
462 463 0.9285714285714286
464 465 0.5714285714285714
465 466 1.3571428571428572
466 467 2.0
466 475 -1.7857142857142858
467 468 0.5714285714285714
467 476 -2.0
468 469 0.9285714285714286
468 476 0.9285714285714286
469 470 -1.7857142857142858
469 477 -1.7857142857142858
469 486 1.7857142857142858
470 471 -0.5714285714285714
470 477 -0.9285714285714286
470 478 2.0
470 519 1.3571428571428572
470 530 2.0
470 552 -1.3571428571428572
470 558 1.3571428571428572
471 472 1.7857142857142858
471 478 1.7857142857142858
471 479 -0.5714285714285714
471 597 1.7857142857142858
471 625 -1.7857142857142858
471 636 0.9285714285714286
472 473 2.0
472 479 -2.0
472 480 -1.7857142857142858
472 668 -0.5714285714285714
472 677 -0.9285714285714286
472 707 0.9285714285714286
472 716 -2.0
473 474 -1.3571428571428572
473 480 0.5714285714285714
473 481 1.7857142857142858
473 744 0.5714285714285714
473 755 2.0
473 786 -1.7857142857142858
473 797 1.3571428571428572
474 481 -1.7857142857142858
474 482 1.3571428571428572
474 824 -2.0
474 832 0.5714285714285714
477 478 1.3571428571428572
477 486 -2.0
477 530 -2.0
478 479 2.0
478 597 -1.3571428571428572
479 480 2.0
479 625 1.7857142857142858
479 636 0.5714285714285714
479 668 -1.7857142857142858
479 677 1.3571428571428572
480 481 -1.7857142857142858
480 707 2.0
480 716 0.5714285714285714
480 755 -0.5714285714285714
481 482 -1.3571428571428572
481 786 2.0
481 797 -2.0
481 824 -1.7857142857142858
481 832 1.7857142857142858
483 494 2.0
484 485 1.3571428571428572
484 494 1.3571428571428572
484 495 -0.9285714285714286
485 486 0.5714285714285714
485 496 -1.3571428571428572
486 487 0.5714285714285714
486 496 1.3571428571428572
487 488 0.9285714285714286
487 505 -2.0
487 511 -0.9285714285714286
487 538 -1.3571428571428572
488 489 1.7857142857142858
488 497 1.7857142857142858
488 578 1.7857142857142858
488 608 0.9285714285714286
489 490 0.5714285714285714
489 497 1.3571428571428572
489 498 1.7857142857142858
489 648 -1.7857142857142858
489 659 -0.9285714285714286
489 689 0.5714285714285714
489 699 1.3571428571428572
490 491 -0.5714285714285714
490 498 0.9285714285714286
490 499 2.0
490 725 -1.7857142857142858
490 735 0.5714285714285714
490 778 -2.0
491 492 0.9285714285714286
491 499 1.3571428571428572
491 807 -1.3571428571428572
491 816 0.5714285714285714
492 493 0.5714285714285714
492 500 -1.3571428571428572
493 500 0.5714285714285714
493 501 1.3571428571428572
494 495 -1.7857142857142858
495 496 0.5714285714285714
497 498 -0.9285714285714286
497 608 -1.7857142857142858
497 648 0.9285714285714286
497 659 2.0
498 499 -2.0
498 689 1.7857142857142858
498 699 1.3571428571428572
498 725 1.3571428571428572
498 735 1.3571428571428572
499 767 -2.0
499 778 0.9285714285714286
499 807 -0.9285714285714286
499 816 0.5714285714285714
500 501 -2.0
503 504 1.7857142857142858
503 509 -0.9285714285714286
504 505 -1.7857142857142858
504 509 -2.0
504 510 -0.9285714285714286
505 510 0.5714285714285714
505 511 -1.3571428571428572
506 507 -1.3571428571428572
506 512 -1.3571428571428572
506 513 -2.0
506 587 2.0
506 597 1.3571428571428572
506 626 -2.0
506 636 0.9285714285714286
507 513 0.5714285714285714
507 669 2.0
507 708 2.0
507 716 1.7857142857142858
508 514 1.7857142857142858
508 515 -0.5714285714285714
508 825 -1.7857142857142858
508 832 -2.0
509 510 0.9285714285714286
510 511 -1.7857142857142858
511 512 0.9285714285714286
511 520 0.9285714285714286
511 530 0.9285714285714286
512 513 1.7857142857142858
512 558 -1.7857142857142858
512 587 2.0
512 597 0.5714285714285714
513 626 1.7857142857142858
513 636 -1.7857142857142858
513 669 0.9285714285714286
513 677 2.0
514 515 1.3571428571428572
514 787 -1.3571428571428572
514 797 1.3571428571428572
514 825 -2.0
514 832 0.5714285714285714
516 517 0.9285714285714286
516 527 -1.7857142857142858
517 518 0.5714285714285714
517 527 -1.7857142857142858
518 519 0.9285714285714286
518 528 -0.5714285714285714
518 529 0.5714285714285714
519 520 -1.7857142857142858
519 529 -1.3571428571428572
519 530 1.7857142857142858
520 521 -0.9285714285714286
520 530 -0.5714285714285714
520 531 2.0
520 539 0.5714285714285714
521 531 -0.5714285714285714
521 532 -0.9285714285714286
521 568 0.5714285714285714
521 578 1.7857142857142858
522 523 2.0
522 532 0.5714285714285714
522 649 1.3571428571428572
522 659 -1.7857142857142858
522 690 -0.9285714285714286
522 699 -1.3571428571428572
523 524 -1.3571428571428572
523 726 1.7857142857142858
523 735 -0.5714285714285714
523 778 0.5714285714285714
524 525 -0.9285714285714286
524 533 -1.7857142857142858
524 808 -2.0
524 816 -0.5714285714285714
525 526 2.0
525 533 -1.3571428571428572
525 534 1.7857142857142858
526 534 -0.5714285714285714
526 535 -1.3571428571428572
527 528 -0.5714285714285714
528 529 1.7857142857142858
529 530 2.0
530 531 -2.0
531 532 -1.3571428571428572
531 539 0.9285714285714286
531 568 -0.5714285714285714
531 578 0.5714285714285714
532 649 1.3571428571428572
532 659 -0.5714285714285714
533 534 -0.9285714285714286
534 535 -1.7857142857142858
536 537 -1.3571428571428572
536 544 -0.9285714285714286
537 538 -1.7857142857142858
538 539 0.5714285714285714
539 540 0.9285714285714286
539 545 -1.3571428571428572
540 541 0.5714285714285714
540 545 -2.0
540 546 -2.0
540 587 -2.0
540 598 -0.5714285714285714
540 626 -1.3571428571428572
540 637 0.5714285714285714
541 542 0.9285714285714286
541 546 0.9285714285714286
541 547 -2.0
541 669 -0.9285714285714286
541 708 -2.0
541 717 -1.7857142857142858
542 547 2.0
542 745 -0.9285714285714286
542 756 -0.5714285714285714
542 787 0.5714285714285714
542 798 0.5714285714285714
545 546 -2.0
545 559 -1.3571428571428572
545 587 1.7857142857142858
545 598 0.9285714285714286
546 547 -1.3571428571428572
546 626 2.0
546 637 -0.9285714285714286
546 669 -1.3571428571428572
546 678 1.3571428571428572
547 708 1.7857142857142858
547 717 -0.5714285714285714
547 745 0.5714285714285714
547 756 0.5714285714285714
549 550 0.9285714285714286
550 551 1.7857142857142858
551 552 0.5714285714285714
551 557 2.0
552 557 0.9285714285714286
552 558 -1.3571428571428572
553 554 1.3571428571428572
553 559 2.0
553 560 2.0
553 568 0.5714285714285714
553 579 -2.0
554 555 -0.9285714285714286
554 560 -2.0
554 649 1.7857142857142858
554 660 2.0
554 690 -0.5714285714285714
554 700 -1.3571428571428572
555 556 -2.0
555 561 -0.5714285714285714
555 562 -0.5714285714285714
555 726 0.9285714285714286
555 736 -2.0
555 768 0.9285714285714286
555 779 0.5714285714285714
556 562 2.0
556 808 -0.9285714285714286
556 817 2.0
557 558 -1.3571428571428572
558 559 1.7857142857142858
559 560 -2.0
559 568 -0.5714285714285714
559 579 -1.7857142857142858
560 561 1.3571428571428572
560 649 -1.7857142857142858
560 660 0.5714285714285714
561 562 -1.7857142857142858
561 690 -1.3571428571428572
561 726 -0.9285714285714286
561 736 -0.9285714285714286
562 768 0.5714285714285714
562 779 2.0
562 808 -1.7857142857142858
562 817 -1.3571428571428572
563 564 -0.9285714285714286
565 566 -0.5714285714285714
566 573 -1.7857142857142858
566 574 1.3571428571428572
567 575 -2.0
567 576 -1.3571428571428572
568 569 -0.9285714285714286
568 578 -1.3571428571428572
568 579 -0.5714285714285714
569 570 -1.3571428571428572
569 579 0.9285714285714286
569 580 -0.5714285714285714
569 588 -2.0
569 598 -2.0
569 627 0.9285714285714286
569 637 0.5714285714285714
570 571 1.7857142857142858
570 580 0.9285714285714286
570 581 1.7857142857142858
570 670 1.3571428571428572
570 678 2.0
570 709 -2.0
570 717 0.5714285714285714
571 572 1.3571428571428572
571 581 0.5714285714285714
571 582 0.9285714285714286
571 746 0.5714285714285714
571 756 -2.0
571 788 -1.7857142857142858
571 798 1.3571428571428572
572 582 0.5714285714285714
572 583 2.0
572 826 -1.7857142857142858
572 833 1.7857142857142858
573 574 -1.7857142857142858
574 575 0.9285714285714286
575 576 -2.0
576 577 1.7857142857142858
577 578 0.5714285714285714
578 579 2.0
579 580 -1.7857142857142858
579 588 1.7857142857142858
579 598 0.5714285714285714
580 581 1.3571428571428572
580 627 1.3571428571428572
580 637 -0.9285714285714286
580 670 -1.3571428571428572
580 678 2.0
581 582 -1.3571428571428572
581 709 0.5714285714285714
581 717 -0.9285714285714286
581 746 -1.7857142857142858
581 756 0.5714285714285714
582 583 -0.9285714285714286
582 788 1.3571428571428572
582 798 1.7857142857142858
582 826 1.7857142857142858
582 833 -1.7857142857142858
584 585 -1.3571428571428572
584 594 -2.0
585 586 -1.7857142857142858
585 594 -1.3571428571428572
585 595 -0.9285714285714286
586 595 -2.0
586 596 2.0
587 588 1.3571428571428572
587 597 -2.0
587 598 0.9285714285714286
588 589 -1.7857142857142858
588 598 -2.0
588 599 -0.9285714285714286
588 609 -0.9285714285714286
589 590 1.3571428571428572
589 599 -1.3571428571428572
589 600 -1.3571428571428572
589 650 -1.7857142857142858
589 660 -0.5714285714285714
589 691 1.7857142857142858
589 700 -1.3571428571428572
590 591 1.3571428571428572
590 600 2.0
590 601 2.0
590 727 -2.0
590 736 -1.3571428571428572
590 769 1.7857142857142858
590 779 1.3571428571428572
591 592 -0.5714285714285714
591 601 -1.7857142857142858
591 809 1.7857142857142858
591 817 -1.7857142857142858
592 593 -1.7857142857142858
593 602 2.0
594 595 -0.5714285714285714
595 596 2.0
596 597 -2.0
598 599 1.3571428571428572
599 600 -2.0
599 609 2.0
599 650 0.5714285714285714
599 660 -0.5714285714285714
600 601 2.0
600 691 -2.0
600 700 1.7857142857142858
600 727 1.7857142857142858
600 736 -1.3571428571428572
601 769 0.5714285714285714
601 779 -2.0
601 809 -0.9285714285714286
601 817 0.9285714285714286
603 604 -0.9285714285714286
603 613 1.3571428571428572
604 605 -1.7857142857142858
604 613 -1.7857142857142858
604 614 0.5714285714285714
605 606 -1.7857142857142858
605 614 -1.7857142857142858
605 615 -0.9285714285714286
606 607 0.5714285714285714
606 615 1.3571428571428572
606 616 -0.5714285714285714
607 608 -1.7857142857142858
607 616 -2.0
607 617 1.3571428571428572
608 617 -0.5714285714285714
609 610 0.5714285714285714
609 627 0.5714285714285714
609 638 2.0
610 611 -1.3571428571428572
610 618 1.7857142857142858
610 619 -0.9285714285714286
610 670 -0.9285714285714286
610 679 -0.5714285714285714
610 709 -1.3571428571428572
610 718 -1.3571428571428572
611 612 -1.3571428571428572
611 619 -1.3571428571428572
611 620 1.7857142857142858
611 746 0.9285714285714286
611 757 0.9285714285714286
611 788 0.5714285714285714
612 620 2.0
612 621 -0.5714285714285714
612 826 2.0
612 834 2.0
613 614 0.9285714285714286
614 615 -0.9285714285714286
615 616 0.9285714285714286
616 617 0.9285714285714286
618 619 2.0
618 627 1.3571428571428572
618 638 -1.3571428571428572
618 670 -0.5714285714285714
618 679 0.5714285714285714
619 620 0.9285714285714286
619 709 -1.3571428571428572
619 718 -2.0
619 746 2.0
619 757 0.9285714285714286
620 621 2.0
620 788 -1.7857142857142858
620 826 1.7857142857142858
620 834 -1.7857142857142858
622 623 0.5714285714285714
622 633 -1.3571428571428572
623 624 -0.9285714285714286
623 633 0.9285714285714286
623 634 1.7857142857142858
624 625 1.7857142857142858
624 634 1.7857142857142858
624 635 -1.7857142857142858
625 626 0.9285714285714286
625 635 -0.5714285714285714
625 636 -1.3571428571428572
626 627 -1.3571428571428572
626 636 0.5714285714285714
627 628 1.7857142857142858
627 637 0.9285714285714286
627 638 2.0
628 629 0.5714285714285714
628 639 -1.3571428571428572
628 650 -1.7857142857142858
628 661 1.7857142857142858
628 691 2.0
628 701 0.9285714285714286
629 630 0.5714285714285714
629 639 -2.0
629 640 -1.7857142857142858
629 727 1.3571428571428572
629 737 -0.5714285714285714
629 769 0.9285714285714286
629 780 -1.3571428571428572
630 631 -0.5714285714285714
630 640 -1.7857142857142858
630 641 -1.7857142857142858
630 809 -0.9285714285714286
630 818 -1.3571428571428572
631 632 -0.9285714285714286
631 641 -1.7857142857142858
631 642 -2.0
632 642 -2.0
632 643 0.5714285714285714
633 634 1.7857142857142858
634 635 1.7857142857142858
635 636 1.7857142857142858
636 637 2.0
637 638 1.7857142857142858
638 650 0.9285714285714286
638 661 -0.5714285714285714
639 640 1.7857142857142858
639 701 1.3571428571428572
639 727 0.9285714285714286
639 737 0.9285714285714286
640 641 -1.3571428571428572
640 769 -1.7857142857142858
640 780 -1.7857142857142858
640 809 -0.9285714285714286
640 818 1.7857142857142858
641 642 0.5714285714285714
642 643 -0.9285714285714286
644 654 1.3571428571428572
645 646 1.7857142857142858
645 655 -0.9285714285714286
645 656 -0.5714285714285714
646 647 -0.9285714285714286
646 656 -0.5714285714285714
646 657 -1.3571428571428572
647 648 2.0
647 657 0.9285714285714286
647 658 1.7857142857142858
648 649 -0.5714285714285714
648 658 1.3571428571428572
648 659 -1.3571428571428572
649 650 1.7857142857142858
649 659 0.5714285714285714
649 660 -1.3571428571428572
650 651 1.3571428571428572
650 660 1.7857142857142858
650 661 -2.0
651 652 -1.3571428571428572
651 661 -1.3571428571428572
651 662 -1.7857142857142858
651 679 -1.7857142857142858
651 710 -2.0
651 718 0.9285714285714286
652 662 1.7857142857142858
652 663 0.9285714285714286
652 747 -1.3571428571428572
652 757 -1.7857142857142858
652 789 1.3571428571428572
653 663 0.5714285714285714
653 664 1.3571428571428572
653 827 0.5714285714285714
653 834 1.7857142857142858
654 655 -1.3571428571428572
655 656 1.7857142857142858
656 657 -2.0
657 658 0.5714285714285714
658 659 2.0
659 660 -1.7857142857142858
660 661 -1.3571428571428572
661 662 1.7857142857142858
661 679 -1.7857142857142858
662 663 -0.5714285714285714
662 710 -0.5714285714285714
662 718 -1.7857142857142858
662 747 -1.3571428571428572
662 757 1.7857142857142858
663 664 -1.3571428571428572
663 789 1.7857142857142858
663 827 -2.0
663 834 1.3571428571428572
665 666 0.9285714285714286
665 675 1.7857142857142858
666 667 -0.9285714285714286
666 675 1.3571428571428572
666 676 0.5714285714285714
667 668 0.5714285714285714
667 676 -0.9285714285714286
668 669 -0.9285714285714286
668 677 0.5714285714285714
669 670 -1.3571428571428572
669 677 0.9285714285714286
669 678 -1.7857142857142858
670 678 2.0
670 679 0.9285714285714286
671 672 1.7857142857142858
671 680 -2.0
671 681 1.7857142857142858
671 728 1.3571428571428572
671 737 1.7857142857142858
671 770 -1.7857142857142858
671 780 0.9285714285714286
672 673 -0.9285714285714286
672 681 2.0
672 682 1.3571428571428572
672 810 -1.3571428571428572
672 818 1.7857142857142858
673 674 -0.9285714285714286
673 682 1.7857142857142858
673 683 1.3571428571428572
674 683 -1.3571428571428572
674 684 -1.7857142857142858
675 676 0.5714285714285714
677 678 -1.3571428571428572
678 679 1.3571428571428572
679 680 -0.5714285714285714
680 681 1.7857142857142858
680 692 -2.0
680 701 -1.7857142857142858
680 728 0.5714285714285714
680 737 -1.3571428571428572
681 682 0.9285714285714286
681 770 0.5714285714285714
681 780 -1.3571428571428572
681 810 -1.7857142857142858
681 818 2.0
682 683 -0.9285714285714286
683 684 1.7857142857142858
685 686 0.5714285714285714
685 694 -2.0
686 694 1.3571428571428572
686 695 2.0
687 688 -1.7857142857142858
687 696 -1.3571428571428572
687 697 1.3571428571428572
688 689 -2.0
688 697 1.7857142857142858
688 698 -0.9285714285714286
689 690 -2.0
689 698 -0.5714285714285714
689 699 1.7857142857142858
690 691 -1.7857142857142858
690 699 0.9285714285714286
690 700 2.0
691 692 -1.7857142857142858
691 700 1.3571428571428572
691 701 0.9285714285714286
692 701 0.9285714285714286
692 710 0.9285714285714286
693 704 -1.7857142857142858
693 827 2.0
693 835 0.9285714285714286
694 695 0.5714285714285714
695 696 -1.3571428571428572
696 697 -0.5714285714285714
697 698 -1.7857142857142858
699 700 0.5714285714285714
700 701 1.7857142857142858
701 702 0.5714285714285714
702 703 1.3571428571428572
702 710 0.9285714285714286
702 747 -2.0
702 758 -2.0
703 704 -2.0
703 789 0.5714285714285714
703 827 -1.3571428571428572
703 835 -1.3571428571428572
706 707 0.5714285714285714
706 714 0.5714285714285714
706 715 -1.7857142857142858
707 715 2.0
707 716 -0.9285714285714286
708 709 1.7857142857142858
708 716 -2.0
708 717 -0.5714285714285714
709 710 0.9285714285714286
709 717 1.7857142857142858
709 718 -0.9285714285714286
710 711 -0.9285714285714286
710 718 0.9285714285714286
711 712 -1.7857142857142858
711 719 -2.0
711 728 1.3571428571428572
711 738 -2.0
711 770 -1.3571428571428572
712 713 -2.0
712 719 0.5714285714285714
712 720 1.7857142857142858
712 810 0.9285714285714286
712 819 -2.0
713 720 0.9285714285714286
713 721 0.5714285714285714
714 715 0.5714285714285714
715 716 2.0
716 717 -1.7857142857142858
719 720 0.9285714285714286
719 770 -0.5714285714285714
719 810 1.3571428571428572
719 819 -1.3571428571428572
720 721 0.5714285714285714
722 723 0.9285714285714286
722 730 1.7857142857142858
722 731 0.9285714285714286
723 724 0.9285714285714286
723 731 0.9285714285714286
723 732 1.3571428571428572
724 732 -1.7857142857142858
724 733 1.7857142857142858
725 726 1.3571428571428572
725 734 0.5714285714285714
725 735 0.5714285714285714
726 727 0.5714285714285714
726 735 0.5714285714285714
726 736 0.9285714285714286
727 728 -0.5714285714285714
727 736 1.7857142857142858
727 737 2.0
728 737 -2.0
728 738 0.5714285714285714
729 739 -0.5714285714285714
729 740 -1.3571428571428572
729 828 1.7857142857142858
729 835 -2.0
730 731 1.7857142857142858
731 732 0.5714285714285714
732 733 2.0
733 734 1.3571428571428572
734 735 -1.3571428571428572
735 736 0.9285714285714286
736 737 1.7857142857142858
737 738 2.0
738 739 -1.7857142857142858
738 748 1.7857142857142858
738 758 -0.9285714285714286
739 740 -1.7857142857142858
739 790 -1.7857142857142858
739 828 0.5714285714285714
739 835 2.0
741 742 1.7857142857142858
741 752 -1.3571428571428572
742 743 -1.7857142857142858
742 752 1.7857142857142858
742 753 2.0
743 744 -1.3571428571428572
743 754 0.5714285714285714
744 745 -0.9285714285714286
744 754 -1.3571428571428572
744 755 -0.5714285714285714
745 746 -2.0
745 755 -1.7857142857142858
745 756 -0.5714285714285714
746 747 0.9285714285714286
746 756 2.0
746 757 -1.3571428571428572
747 748 0.9285714285714286
747 757 0.5714285714285714
747 758 -1.7857142857142858
748 749 -1.3571428571428572
748 758 2.0
748 759 -1.7857142857142858
748 771 -2.0
749 750 2.0
749 759 1.3571428571428572
749 760 1.3571428571428572
749 819 -1.3571428571428572
750 751 2.0
750 760 0.9285714285714286
750 761 2.0
751 761 0.5714285714285714
751 762 -1.7857142857142858
752 753 0.5714285714285714
754 755 0.9285714285714286
755 756 -1.3571428571428572
756 757 -0.5714285714285714
757 758 1.3571428571428572
758 759 1.7857142857142858
759 760 -2.0
759 771 1.7857142857142858
759 819 -0.9285714285714286
760 761 -1.7857142857142858
761 762 -1.7857142857142858
763 764 2.0
763 773 -0.9285714285714286
763 774 1.7857142857142858
764 765 1.7857142857142858
764 774 0.5714285714285714
764 775 -1.3571428571428572
765 766 -0.9285714285714286
765 775 -0.5714285714285714
765 776 2.0
766 767 0.9285714285714286
766 776 1.3571428571428572
766 777 -0.5714285714285714
767 768 0.5714285714285714
767 777 -0.5714285714285714
767 778 -2.0
768 769 2.0
768 778 0.5714285714285714
768 779 -1.7857142857142858
769 770 0.9285714285714286
769 779 0.5714285714285714
769 780 -1.3571428571428572
770 771 -0.9285714285714286
770 780 -1.7857142857142858
771 772 0.5714285714285714
771 781 0.9285714285714286
771 790 0.9285714285714286
771 799 0.9285714285714286
772 781 -0.9285714285714286
772 782 1.7857142857142858
772 828 -0.5714285714285714
772 836 -2.0
773 774 -1.3571428571428572
774 775 -2.0
775 776 -0.9285714285714286
776 777 0.9285714285714286
777 778 1.7857142857142858
778 779 1.3571428571428572
779 780 -0.5714285714285714
781 782 0.5714285714285714
781 790 2.0
781 799 0.5714285714285714
781 828 0.9285714285714286
781 836 1.7857142857142858
783 784 1.7857142857142858
783 794 -0.5714285714285714
784 785 -0.5714285714285714
784 794 -2.0
784 795 -1.7857142857142858
785 786 0.5714285714285714
785 795 -0.9285714285714286
785 796 0.9285714285714286
786 787 1.3571428571428572
786 796 -0.9285714285714286
786 797 -0.9285714285714286
787 788 0.5714285714285714
787 797 -0.9285714285714286
787 798 -1.3571428571428572
788 789 1.7857142857142858
788 798 1.3571428571428572
789 790 0.5714285714285714
790 791 -2.0
790 799 -0.9285714285714286
791 792 -1.7857142857142858
791 799 1.3571428571428572
791 800 -1.3571428571428572
791 820 -1.3571428571428572
792 793 -0.5714285714285714
792 800 1.3571428571428572
792 801 0.5714285714285714
793 801 0.5714285714285714
793 802 -0.9285714285714286
794 795 -2.0
795 796 -1.7857142857142858
796 797 1.7857142857142858
797 798 2.0
799 800 0.5714285714285714
799 820 0.9285714285714286
801 802 -1.3571428571428572
803 812 1.7857142857142858
804 805 0.5714285714285714
804 813 0.5714285714285714
805 806 2.0
805 813 0.9285714285714286
805 814 0.9285714285714286
806 807 -0.5714285714285714
806 814 -1.7857142857142858
806 815 1.3571428571428572
807 808 0.9285714285714286
807 815 2.0
807 816 -1.3571428571428572
808 809 -1.7857142857142858
808 816 2.0
809 810 -0.5714285714285714
809 817 1.7857142857142858
809 818 -1.3571428571428572
810 818 1.7857142857142858
810 819 -2.0
811 820 0.5714285714285714
811 821 0.5714285714285714
811 829 1.7857142857142858
811 836 -1.3571428571428572
813 814 -2.0
814 815 -2.0
815 816 1.3571428571428572
816 817 0.5714285714285714
817 818 -0.5714285714285714
818 819 -0.9285714285714286
819 820 -0.9285714285714286
820 821 -1.7857142857142858
820 829 -1.7857142857142858
820 836 1.7857142857142858
823 824 -1.3571428571428572
823 831 2.0
824 825 -1.3571428571428572
824 831 -0.5714285714285714
824 832 0.5714285714285714
825 826 1.3571428571428572
825 832 0.9285714285714286
825 833 -0.9285714285714286
826 827 0.9285714285714286
826 834 2.0
827 828 2.0
827 834 0.5714285714285714
827 835 -1.7857142857142858
828 829 0.9285714285714286
828 835 -2.0
828 836 -2.0
829 830 1.3571428571428572
829 836 -1.7857142857142858
829 837 -0.9285714285714286
830 837 -1.3571428571428572
830 838 -2.0
831 832 0.9285714285714286
832 833 -1.3571428571428572
833 834 -0.9285714285714286
834 835 0.9285714285714286
835 836 -0.5714285714285714
836 837 -1.3571428571428572
837 838 -2.0
838 839 2.0
