72 258
1 1 -1.2142857142857142
2 2 -3.428571428571428
3 3 3.7142857142857144
4 4 -2.214285714285714
5 5 1.3571428571428568
6 6 -1.2857142857142856
7 7 5.0
8 8 -5.285714285714286
9 9 2.2857142857142865
10 10 -2.928571428571429
11 11 -2.7857142857142856
12 12 4.142857142857142
13 13 2.714285714285714
14 14 -2.4285714285714284
15 15 -6.642857142857142
16 16 0.14285714285714324
17 17 -2.0714285714285716
18 18 -1.4285714285714286
19 19 -4.928571428571429
20 20 -7.071428571428571
21 21 3.142857142857143
22 22 -1.4285714285714286
23 23 4.642857142857143
24 24 4.714285714285714
25 25 -0.35714285714285676
26 26 4.357142857142857
27 27 -8.142857142857142
28 28 -0.5
29 29 -5.357142857142858
30 30 -0.14285714285714302
31 31 -0.2142857142857142
32 32 -0.4999999999999998
33 33 4.285714285714286
34 34 3.642857142857143
35 35 -6.5
36 36 3.642857142857143
37 37 0.4285714285714284
38 38 -5.642857142857143
39 39 -0.7857142857142858
40 40 -4.214285714285714
41 41 -2.2142857142857144
42 42 0.5714285714285714
43 43 -1.2142857142857142
44 44 -0.8571428571428568
45 45 -0.357142857142857
46 46 2.0
47 47 0.2142857142857142
48 48 0.357142857142857
49 49 -1.5714285714285716
50 50 -2.571428571428572
51 51 -0.8571428571428572
52 52 2.071428571428571
53 53 0.5714285714285714
54 54 -1.4285714285714282
55 55 -1.5
56 56 -3.7142857142857144
57 57 -3.3571428571428568
58 58 -2.0714285714285716
59 59 -4.214285714285714
60 60 -1.3571428571428572
61 61 -0.9285714285714284
62 62 4.785714285714286
63 63 -0.642857142857143
64 64 3.5
65 65 -1.4285714285714284
66 66 0.4285714285714286
67 67 -1.5714285714285712
68 68 1.1428571428571423
69 69 3.6428571428571432
70 70 -7.5
71 71 -0.5714285714285714
72 72 -1.928571428571429
1 2 0.9285714285714286
1 13 -0.5714285714285714
1 30 0.9285714285714286
1 40 1.3571428571428572
1 44 -2.0
1 54 0.5714285714285714
2 4 0.9285714285714286
2 7 -1.3571428571428572
2 13 1.7857142857142858
2 14 2.0
2 18 0.9285714285714286
2 64 -1.7857142857142858
3 5 2.0
3 6 -0.5714285714285714
3 11 -1.7857142857142858
3 15 -1.3571428571428572
3 22 -2.0
3 66 -0.9285714285714286
3 72 0.9285714285714286
4 14 0.5714285714285714
4 16 2.0
4 31 2.0
4 41 -0.5714285714285714
4 46 -1.7857142857142858
4 55 -0.9285714285714286
5 33 -1.3571428571428572
5 42 -0.5714285714285714
5 49 0.5714285714285714
5 58 -2.0
6 15 0.9285714285714286
6 17 1.3571428571428572
6 50 0.9285714285714286
6 59 -1.3571428571428572
7 9 0.5714285714285714
7 13 -1.3571428571428572
7 18 -1.7857142857142858
7 26 -2.0
7 34 0.9285714285714286
8 10 1.7857142857142858
8 16 0.5714285714285714
8 19 0.9285714285714286
8 38 2.0
9 11 -1.3571428571428572
9 18 1.7857142857142858
9 20 -0.9285714285714286
9 51 -0.5714285714285714
9 67 -1.7857142857142858
10 12 -0.9285714285714286
10 19 2.0
10 21 -1.7857142857142858
10 53 0.9285714285714286
10 70 0.9285714285714286
11 20 0.5714285714285714
11 22 2.0
11 27 2.0
11 35 1.3571428571428572
12 17 -2.0
12 21 1.3571428571428572
12 23 -2.0
12 39 -0.5714285714285714
13 14 -0.5714285714285714
13 18 0.9285714285714286
13 30 -2.0
13 40 -0.9285714285714286
14 16 -0.9285714285714286
14 46 -0.5714285714285714
14 55 0.5714285714285714
14 64 1.3571428571428572
15 17 1.7857142857142858
15 50 0.5714285714285714
15 59 1.7857142857142858
15 66 0.9285714285714286
15 72 2.0
16 19 -1.7857142857142858
16 31 -1.7857142857142858
16 41 1.7857142857142858
17 23 0.9285714285714286
18 20 0.9285714285714286
18 67 -1.3571428571428572
19 21 1.7857142857142858
19 70 2.0
20 22 2.0
20 27 1.3571428571428572
20 35 1.3571428571428572
20 51 1.7857142857142858
21 23 -1.7857142857142858
21 39 -1.3571428571428572
21 53 -1.3571428571428572
22 62 -0.5714285714285714
23 71 -1.7857142857142858
24 26 -1.7857142857142858
24 34 -2.0
24 44 -0.9285714285714286
25 27 0.5714285714285714
25 33 -2.0
25 35 2.0
25 49 1.7857142857142858
25 56 -2.0
26 28 2.0
26 36 -0.5714285714285714
26 64 -2.0
27 29 1.3571428571428572
27 35 1.7857142857142858
27 37 -0.9285714285714286
27 66 2.0
28 31 -1.3571428571428572
28 36 -0.9285714285714286
28 38 1.3571428571428572
28 46 -0.5714285714285714
29 37 -1.3571428571428572
29 39 1.7857142857142858
29 50 1.7857142857142858
29 57 1.7857142857142858
30 34 -0.5714285714285714
30 40 1.7857142857142858
31 32 -1.3571428571428572
31 38 1.3571428571428572
31 41 1.3571428571428572
32 41 -0.9285714285714286
32 45 1.3571428571428572
32 53 -0.5714285714285714
32 70 2.0
33 42 -0.9285714285714286
34 36 -2.0
36 38 0.9285714285714286
36 46 0.9285714285714286
36 64 -2.0
37 39 0.9285714285714286
37 50 0.9285714285714286
37 57 2.0
37 66 -2.0
40 67 2.0
41 70 0.5714285714285714
42 61 0.9285714285714286
43 47 -1.3571428571428572
43 51 0.5714285714285714
43 56 2.0
44 47 1.7857142857142858
44 54 2.0
45 48 0.5714285714285714
45 52 -0.9285714285714286
45 53 1.3571428571428572
45 57 -2.0
46 48 -2.0
46 55 2.0
47 49 -2.0
47 54 -1.3571428571428572
47 56 1.3571428571428572
47 60 1.3571428571428572
48 50 -0.5714285714285714
48 52 1.3571428571428572
48 55 -0.5714285714285714
48 57 1.7857142857142858
48 68 -0.9285714285714286
49 56 -0.5714285714285714
49 58 1.7857142857142858
50 57 -2.0
50 59 0.9285714285714286
51 52 -0.9285714285714286
52 53 -0.9285714285714286
52 57 -2.0
52 65 1.3571428571428572
54 56 2.0
54 60 -1.7857142857142858
55 57 1.7857142857142858
55 68 -1.3571428571428572
56 58 0.9285714285714286
57 59 2.0
58 61 1.3571428571428572
59 63 1.7857142857142858
59 69 -0.9285714285714286
60 67 1.7857142857142858
61 62 -1.3571428571428572
62 63 -2.0
62 69 -1.7857142857142858
62 72 0.9285714285714286
63 69 -0.9285714285714286
63 71 1.7857142857142858
64 65 0.9285714285714286
65 66 0.9285714285714286
65 68 -1.7857142857142858
66 72 -1.3571428571428572
67 68 0.9285714285714286
68 70 2.0
69 71 0.5714285714285714
69 72 -0.5714285714285714
