839 3395
1 1 3.571428571428571
2 2 -2.9285714285714284
3 3 3.5
4 4 -5.5
5 5 -3.642857142857143
6 6 -5.642857142857143
7 7 1.214285714285714
8 8 0.7142857142857144
9 9 0.9285714285714286
10 10 -3.071428571428572
11 11 1.4285714285714284
13 13 -5.5
14 14 5.642857142857142
15 15 1.6428571428571428
16 16 2.214285714285714
17 17 -0.0714285714285714
18 18 5.928571428571429
19 19 5.571428571428572
20 20 1.9285714285714286
21 21 0.3571428571428572
22 22 -3.142857142857143
23 23 -6.5
24 24 -3.6428571428571432
25 25 -3.5
26 26 -1.4999999999999998
27 27 -0.07142857142857117
28 28 3.571428571428572
29 29 3.1428571428571432
30 30 3.1428571428571432
31 31 8.071428571428571
32 32 0.5714285714285721
33 33 -0.28571428571428603
34 34 -0.5
35 35 -0.2857142857142856
36 36 -3.1428571428571423
37 37 -2.928571428571429
38 38 -0.5714285714285714
39 39 -0.35714285714285743
40 40 -0.8571428571428568
41 41 4.0
42 42 -3.2142857142857144
43 43 0.5714285714285716
44 44 -2.357142857142857
45 45 -2.0714285714285716
46 46 -1.5
47 47 2.357142857142857
48 48 -1.2142857142857144
49 49 -2.071428571428571
50 50 -1.6428571428571426
51 51 -4.928571428571429
52 52 1.7857142857142858
53 53 -3.071428571428572
54 54 -3.6428571428571432
55 55 2.357142857142857
56 56 -4.071428571428572
57 57 0.14285714285714324
58 58 -3.1428571428571432
59 59 3.1428571428571432
60 60 2.428571428571429
61 61 -1.857142857142857
62 62 -5.857142857142857
63 63 -4.214285714285714
64 64 0.1428571428571428
65 65 1.4285714285714288
66 66 -3.857142857142857
67 67 1.2142857142857144
68 68 -4.5
69 69 3.2142857142857144
70 70 1.0
71 71 1.7857142857142858
72 72 4.642857142857142
73 73 1.6428571428571428
74 74 5.071428571428571
75 75 -0.0714285714285714
76 76 0.8571428571428572
77 77 3.7857142857142856
78 78 9.214285714285715
79 79 -3.7142857142857144
80 80 -5.0
81 81 -1.0
82 82 0.14285714285714302
83 83 1.9285714285714286
84 84 -6.428571428571429
85 85 3.357142857142857
86 86 5.2857142857142865
87 87 0.7857142857142858
88 88 -3.428571428571429
89 89 -2.7857142857142856
90 90 2.6428571428571432
91 91 -3.0714285714285716
92 92 5.428571428571429
93 93 -2.642857142857143
94 94 -0.1428571428571428
95 95 -1.1428571428571432
96 96 -3.4285714285714284
97 97 -0.14285714285714213
98 98 -0.1428571428571428
99 99 2.071428571428572
100 100 -3.1428571428571432
101 101 5.428571428571429
102 102 2.5
103 103 -0.35714285714285676
104 104 -3.2142857142857144
105 105 -3.9285714285714284
106 106 -0.9285714285714288
107 107 -0.4285714285714286
108 108 1.7857142857142858
109 109 2.2142857142857144
110 110 -0.9285714285714286
111 111 5.071428571428571
112 112 -0.07142857142857162
113 113 0.8571428571428574
114 114 0.7857142857142858
115 115 -1.3571428571428572
116 116 -3.4999999999999996
117 117 -1.4285714285714288
118 118 -1.8571428571428574
119 119 1.1428571428571428
120 120 2.571428571428571
121 121 1.7857142857142858
122 122 4.357142857142857
123 123 -8.857142857142858
124 124 -0.3571428571428572
125 125 2.142857142857143
126 126 -8.285714285714285
127 127 0.5714285714285714
128 128 -2.357142857142857
129 129 -2.071428571428572
130 130 1.7142857142857137
131 131 -0.0714285714285714
132 132 2.0
133 133 3.2857142857142856
134 134 -5.0
135 135 5.571428571428571
136 136 -0.3571428571428572
137 137 1.5
138 138 0.4285714285714286
139 139 1.7857142857142856
140 140 -0.35714285714285765
141 141 -1.5
142 142 -2.7857142857142856
143 143 -2.428571428571429
144 144 0.4285714285714284
145 145 -1.0000000000000002
146 146 -4.571428571428571
147 147 1.2142857142857146
148 148 0.5714285714285716
149 149 0.5
150 150 -4.0
151 151 5.071428571428571
152 152 0.2857142857142858
153 153 -1.3571428571428565
154 154 -0.5
155 155 -5.785714285714286
156 156 2.142857142857143
157 157 -3.571428571428571
158 158 0.49999999999999956
159 159 4.928571428571428
160 160 -1.7142857142857144
161 161 -1.7142857142857144
162 162 -0.2857142857142856
163 163 -3.2857142857142856
165 165 -1.0000000000000002
166 166 5.857142857142858
167 167 -2.2142857142857144
168 168 -3.5
169 169 0.35714285714285743
170 170 -2.7857142857142856
171 171 -3.571428571428571
172 172 4.642857142857142
173 173 2.2142857142857144
174 174 4.857142857142858
175 175 -0.4285714285714286
176 176 -5.714285714285714
177 177 0.5714285714285714
178 178 0.4285714285714286
179 179 1.5
180 180 -2.1428571428571432
181 181 -1.4285714285714286
182 182 3.7857142857142856
183 183 -2.0
184 184 0.2142857142857144
185 185 -6.642857142857142
186 186 0.7857142857142858
187 187 5.500000000000001
188 188 1.642857142857143
189 189 -0.2857142857142858
190 190 0.2142857142857144
191 191 0.5714285714285714
192 192 -2.0
193 193 -4.571428571428571
194 194 -0.7857142857142856
195 195 2.1428571428571432
196 196 -1.0714285714285714
197 197 4.357142857142858
198 198 -1.2857142857142856
199 199 -0.7142857142857142
200 200 -2.2142857142857144
201 201 -0.8571428571428568
202 202 0.5714285714285714
203 203 -1.9999999999999998
204 204 -0.6428571428571428
205 205 2.928571428571429
206 206 3.2142857142857144
207 207 1.0714285714285712
208 208 -2.0
209 209 -0.2857142857142858
210 210 -3.071428571428571
211 211 -5.642857142857142
212 212 -3.642857142857143
213 213 -1.9285714285714288
214 214 0.5714285714285714
215 215 1.4999999999999998
216 216 -0.3571428571428572
217 217 1.7857142857142863
218 218 -2.4285714285714284
219 219 -1.0714285714285712
220 220 4.0
221 221 6.0
222 222 6.357142857142858
223 223 1.3571428571428568
224 224 -1.5
225 225 2.2857142857142856
226 226 1.0000000000000002
227 227 0.642857142857143
228 228 -2.2857142857142856
229 229 -0.1428571428571428
230 230 -3.928571428571429
231 231 1.0714285714285712
232 232 1.2142857142857142
233 233 3.785714285714286
234 234 -0.07142857142857162
235 235 3.428571428571429
236 236 -0.4285714285714286
237 237 -0.3571428571428572
238 238 3.571428571428571
239 239 -0.8571428571428572
240 240 -4.357142857142857
241 241 -0.9285714285714286
242 242 -2.7857142857142856
243 243 -3.642857142857143
244 244 -1.9285714285714286
245 245 0.2142857142857144
246 246 1.0714285714285714
247 247 -5.071428571428571
248 248 -6.642857142857142
249 249 1.2857142857142858
250 250 -1.1428571428571426
251 251 5.0
252 252 3.5
253 253 -3.642857142857143
254 254 -2.428571428571429
255 255 -1.7142857142857142
256 256 -4.142857142857143
257 257 1.7142857142857146
258 258 2.1428571428571432
259 259 3.1428571428571432
260 260 -2.2142857142857144
261 261 6.928571428571429
262 262 4.071428571428571
263 263 -0.7857142857142858
264 264 -2.571428571428572
265 265 5.357142857142857
266 266 -1.2142857142857144
267 267 2.8571428571428577
268 268 1.9285714285714288
269 269 0.7857142857142858
270 270 0.2142857142857142
271 271 4.214285714285714
272 272 3.4285714285714284
273 273 -2.0714285714285716
274 274 -3.071428571428571
275 275 4.214285714285714
276 276 0.2857142857142856
277 277 1.3571428571428572
278 278 2.8571428571428568
279 279 -2.7857142857142856
280 280 -2.1428571428571432
281 281 2.3571428571428568
282 282 0.785714285714286
283 283 -0.4285714285714286
284 284 2.142857142857143
285 285 3.2857142857142856
286 286 2.7857142857142856
287 287 -7.857142857142858
288 288 -1.8571428571428574
289 289 -2.0
290 290 0.8571428571428572
291 291 0.4285714285714286
292 292 1.9285714285714286
293 293 5.857142857142858
294 294 1.4999999999999998
295 295 -3.0
297 297 -1.2142857142857144
298 298 -5.642857142857142
299 299 1.4285714285714288
300 300 5.5
301 301 3.7142857142857144
302 302 0.2857142857142858
303 303 -7.142857142857143
304 304 -1.2142857142857142
305 305 -5.142857142857143
306 306 -3.5
307 307 -3.7857142857142856
308 308 9.142857142857144
309 309 0.7857142857142858
310 310 6.142857142857142
311 311 -5.928571428571429
312 312 7.071428571428573
313 313 -1.8571428571428574
314 314 2.0
315 315 -0.9285714285714286
316 316 -0.357142857142857
317 317 4.642857142857143
318 318 1.5714285714285712
319 319 1.2857142857142856
320 320 1.071428571428571
321 321 -3.142857142857143
322 322 -5.071428571428572
323 323 0.5714285714285718
324 324 2.785714285714286
325 325 -1.1428571428571428
327 327 -4.285714285714286
328 328 2.4999999999999996
329 329 -6.142857142857142
330 330 4.357142857142858
331 331 1.7142857142857149
332 332 8.571428571428571
333 333 -1.4285714285714284
334 334 3.7857142857142856
335 335 4.928571428571429
336 336 10.285714285714286
337 337 -0.0714285714285714
338 338 4.7857142857142865
340 340 4.571428571428572
341 341 1.9999999999999998
342 342 3.5714285714285716
343 343 1.0
344 344 -5.285714285714286
345 345 -4.571428571428571
346 346 -2.7142857142857144
347 347 -2.2142857142857144
348 348 -2.7857142857142856
349 349 -3.0714285714285716
350 350 -0.1428571428571428
351 351 -3.9285714285714284
352 352 -5.285714285714286
353 353 0.5
354 354 -3.2857142857142856
355 355 -1.571428571428572
356 356 -5.071428571428571
357 357 2.571428571428571
358 358 -2.2142857142857144
359 359 -8.881784197001252e-16
360 360 5.357142857142858
361 361 -3.2857142857142856
362 362 -7.357142857142858
363 363 -0.3571428571428572
364 364 4.714285714285715
365 365 -4.928571428571429
366 366 -4.214285714285714
367 367 4.642857142857142
368 368 -0.9285714285714286
369 369 2.571428571428571
370 370 -0.9285714285714286
371 371 -2.0000000000000004
372 372 1.0
373 373 2.142857142857143
374 374 -6.714285714285714
375 375 -2.142857142857143
376 376 -1.9285714285714284
377 377 -1.5714285714285718
378 378 3.6428571428571432
379 379 0.9285714285714277
380 380 -5.285714285714286
381 381 3.1428571428571432
382 382 7.142857142857142
383 383 1.1428571428571432
384 384 -2.7142857142857144
385 385 -0.4999999999999998
386 386 2.357142857142857
387 387 1.8571428571428572
388 388 -1.1428571428571423
389 389 0.8571428571428572
390 390 6.642857142857144
391 391 -1.5714285714285714
392 392 1.4999999999999993
393 393 0.5
394 394 -6.2142857142857135
395 395 -3.785714285714285
396 396 -4.142857142857143
397 397 -1.4999999999999998
398 398 5.142857142857142
399 399 -4.642857142857142
400 400 -4.5
401 401 7.928571428571429
402 402 4.5
403 403 0.07142857142857162
405 405 4.214285714285714
406 406 3.1428571428571432
407 407 2.857142857142857
408 408 0.9285714285714286
409 409 5.714285714285714
410 410 -2.928571428571429
411 411 3.2857142857142856
412 412 -2.5
413 413 -1.7857142857142858
414 414 0.4285714285714286
415 415 7.2857142857142865
416 416 4.142857142857143
417 417 3.0
418 418 -6.2857142857142865
419 419 -4.785714285714286
420 420 -6.928571428571429
421 421 -2.642857142857143
422 422 1.3571428571428568
423 423 -1.5000000000000004
424 424 7.428571428571429
425 425 0.2142857142857144
426 426 1.0000000000000004
427 427 -1.0714285714285712
428 428 0.28571428571428537
429 429 -3.7857142857142856
430 430 -1.857142857142857
431 431 1.857142857142857
432 432 0.8571428571428572
433 433 5.642857142857143
434 434 -0.6428571428571432
435 435 0.14285714285714324
437 437 -2.2142857142857153
438 438 -3.142857142857143
439 439 -5.857142857142858
440 440 -2.857142857142858
441 441 -7.428571428571429
442 442 -1.9285714285714286
443 443 -2.214285714285715
444 444 -0.642857142857143
445 445 -1.2142857142857144
446 446 -1.142857142857143
447 447 -3.571428571428571
448 448 5.857142857142858
449 449 -2.8571428571428577
450 450 -5.2857142857142865
451 451 2.9285714285714284
452 452 -1.9285714285714288
453 453 -4.5
454 454 -2.2857142857142856
455 455 -0.28571428571428537
456 456 -4.2857142857142865
457 457 -5.2857142857142865
458 458 -1.5
459 459 -5.214285714285714
460 460 -0.0714285714285714
461 461 0.35714285714285765
462 462 -1.0714285714285716
463 463 4.714285714285714
464 464 3.642857142857143
465 465 5.571428571428571
466 466 2.071428571428572
467 467 -6.428571428571428
468 468 -0.0714285714285714
469 469 1.9285714285714284
470 470 1.0
471 471 -0.928571428571429
472 472 7.785714285714286
473 473 1.7857142857142854
474 474 5.071428571428571
475 475 -0.8571428571428572
476 476 -9.5
477 477 -0.9285714285714286
478 478 4.357142857142857
479 479 1.928571428571429
480 480 6.500000000000001
481 481 -0.357142857142857
482 482 2.8571428571428568
483 483 1.7857142857142858
484 484 0.9285714285714288
485 485 -5.214285714285714
486 486 -2.1428571428571432
487 487 1.1428571428571428
488 488 -0.2857142857142856
489 489 -3.928571428571429
490 490 6.071428571428573
491 491 -2.928571428571429
492 492 -4.571428571428571
493 493 -0.21428571428571463
494 494 -3.1428571428571432
495 495 -1.5714285714285718
496 496 0.3571428571428572
497 497 -2.5
498 498 5.928571428571429
499 499 -1.2857142857142865
500 500 1.9285714285714286
501 501 -2.071428571428571
502 502 -2.7142857142857144
503 503 5.214285714285714
504 504 6.2857142857142865
505 505 3.7142857142857144
506 506 3.928571428571429
507 507 2.2857142857142856
508 508 3.4285714285714284
509 509 -4.071428571428571
510 510 1.4285714285714286
511 511 1.4285714285714288
512 512 -2.928571428571429
513 513 2.000000000000001
514 514 2.3571428571428568
515 515 -1.0
516 516 -2.7857142857142856
517 517 -1.7142857142857146
518 518 1.6428571428571432
519 519 2.9285714285714284
520 520 2.8571428571428568
521 521 2.2142857142857144
522 522 -1.1428571428571428
523 523 0.7142857142857144
524 524 -0.7857142857142856
525 525 -2.642857142857143
526 526 -7.071428571428571
527 527 -5.857142857142858
528 528 1.4285714285714286
529 529 -6.428571428571429
530 530 -0.28571428571428537
531 531 -1.6428571428571428
532 532 -0.7142857142857144
533 533 2.142857142857143
534 534 1.0
535 535 -3.2142857142857144
536 536 -1.3571428571428572
537 537 -2.357142857142857
538 538 1.4285714285714284
540 540 2.214285714285714
541 541 -4.142857142857144
542 542 -0.28571428571428537
543 543 0.7142857142857144
544 544 -1.7857142857142858
545 545 -1.9285714285714286
546 546 -6.0
547 547 -3.2142857142857144
548 548 -1.0
549 549 -1.5714285714285714
550 550 -0.357142857142857
551 551 0.642857142857143
552 552 -0.5714285714285714
553 553 -1.5714285714285714
554 554 1.0
555 555 5.571428571428572
556 556 1.0714285714285714
557 557 -5.571428571428572
558 558 1.2142857142857142
559 559 1.3571428571428574
561 561 -4.071428571428571
562 562 3.2857142857142865
563 563 2.4285714285714284
564 564 0.0714285714285714
565 565 -5.571428571428571
566 566 4.142857142857143
567 567 1.0714285714285714
568 568 -4.214285714285714
569 569 3.2857142857142865
570 570 -5.5
571 571 -0.6428571428571426
572 572 -0.9999999999999996
573 573 -1.2857142857142858
574 574 4.714285714285715
575 575 0.5714285714285712
576 576 -3.2857142857142856
577 577 -3.1428571428571423
578 578 4.928571428571429
579 579 -0.1428571428571428
580 580 -1.7142857142857142
581 581 -2.3571428571428568
582 582 4.285714285714286
583 583 7.428571428571429
584 584 -3.1428571428571423
585 585 0.3571428571428572
586 586 -0.4285714285714286
587 587 -4.785714285714286
588 588 2.2142857142857144
589 589 -1.6428571428571423
590 590 -0.35714285714285654
591 591 3.214285714285714
592 592 2.5
593 593 1.2857142857142856
594 594 4.785714285714286
595 595 6.714285714285714
596 596 -2.928571428571429
597 597 -2.0714285714285716
598 598 0.8571428571428574
599 599 -0.9285714285714286
600 600 2.7857142857142856
601 601 5.5
602 602 -5.285714285714286
603 603 0.7142857142857144
604 604 3.5714285714285716
605 605 -2.857142857142857
606 606 -4.428571428571429
607 607 -0.5714285714285716
608 608 2.357142857142857
609 609 -0.8571428571428572
610 610 4.571428571428571
611 611 4.357142857142857
612 612 -7.428571428571429
613 613 2.571428571428571
614 614 1.9285714285714284
615 615 -3.428571428571428
616 616 1.7857142857142856
617 617 3.6428571428571432
618 618 -2.1428571428571432
619 619 -0.14285714285714324
620 620 2.2142857142857144
621 621 -7.5
622 622 -2.7857142857142856
623 623 -2.2857142857142856
624 624 1.8571428571428565
625 625 -2.714285714285714
626 626 2.5
627 627 1.4285714285714284
628 628 0.5714285714285714
629 629 5.285714285714286
630 630 8.214285714285715
631 631 -0.7142857142857144
632 632 -3.7142857142857144
633 633 -2.1428571428571432
634 634 5.357142857142858
635 635 3.2142857142857144
636 636 -4.357142857142858
637 637 3.3571428571428568
638 638 -2.7857142857142856
639 639 -1.9285714285714288
640 640 -3.1428571428571432
642 642 4.214285714285715
643 643 2.2857142857142856
644 644 -0.5714285714285714
645 645 2.357142857142857
646 646 4.071428571428571
647 647 -2.857142857142857
648 648 -1.642857142857143
649 649 7.142857142857142
650 650 2.6428571428571423
651 651 -1.5714285714285714
652 652 0.5714285714285723
653 653 4.071428571428571
654 654 -1.7857142857142863
655 655 2.2142857142857144
656 656 5.928571428571428
657 657 8.142857142857142
658 658 3.1428571428571432
659 659 -5.357142857142858
660 660 1.6428571428571426
661 661 -0.7857142857142856
662 662 6.071428571428571
663 663 -1.285714285714286
664 664 -0.5714285714285712
665 665 -6.2857142857142865
666 666 3.0714285714285716
667 667 -7.2857142857142865
668 668 -3.7142857142857144
669 669 -4.142857142857142
670 670 -4.999999999999999
671 671 -6.071428571428571
672 672 -4.142857142857143
673 673 -3.3571428571428568
674 674 -6.642857142857143
675 675 -0.3571428571428572
676 676 -2.5
677 677 0.7142857142857142
678 678 -2.571428571428571
679 679 1.2142857142857146
680 680 -3.2142857142857144
681 681 -9.571428571428571
682 682 -1.2857142857142851
683 683 -3.2142857142857144
684 684 -0.4285714285714286
685 685 -2.3571428571428568
686 686 -0.1428571428571428
687 687 3.1428571428571432
688 688 2.2142857142857144
689 689 -10.5
690 690 -4.499999999999999
691 691 -2.8571428571428577
692 692 -1.142857142857143
693 693 -3.4285714285714284
694 694 -0.4285714285714286
695 695 -1.0714285714285716
696 696 1.3571428571428572
697 697 3.2857142857142856
698 698 -8.285714285714286
699 699 -5.642857142857142
700 700 -3.6428571428571415
701 701 -1.642857142857143
702 702 -0.5714285714285721
703 703 1.2857142857142856
704 704 -6.285714285714286
705 705 -3.7857142857142856
706 706 -3.0
707 707 -2.9285714285714297
708 708 5.571428571428572
709 709 1.7142857142857142
710 710 0.7142857142857142
711 711 2.142857142857143
712 712 -2.714285714285714
713 713 -4.928571428571428
714 714 3.7857142857142856
715 715 5.428571428571428
716 716 -0.2857142857142856
717 717 2.928571428571428
718 718 4.285714285714286
719 719 2.7857142857142856
720 720 2.2142857142857135
721 721 -4.928571428571429
722 722 -7.642857142857143
723 723 2.7857142857142865
724 724 -1.6428571428571428
725 725 2.5714285714285716
726 726 -4.285714285714286
727 727 -5.642857142857143
728 728 -3.785714285714286
729 729 0.3571428571428572
730 730 -2.428571428571429
731 731 -4.7142857142857135
732 732 -3.7142857142857144
733 733 -7.0
734 734 1.9285714285714282
735 735 1.7857142857142863
736 736 -4.142857142857143
737 737 -7.071428571428571
738 738 2.071428571428571
739 739 5.0
740 740 3.7857142857142856
741 741 -0.857142857142857
742 742 5.071428571428571
743 743 1.4285714285714288
744 744 1.8571428571428565
745 745 -2.0
746 746 4.2857142857142865
747 747 3.071428571428571
748 748 0.0714285714285714
749 749 -2.8571428571428568
750 750 -0.07142857142857162
751 751 1.4285714285714286
752 752 1.6428571428571423
753 753 3.785714285714286
754 754 0.21428571428571375
755 755 2.071428571428571
756 756 0.571428571428571
757 757 -3.2142857142857144
758 758 -1.642857142857143
759 759 -2.928571428571429
760 760 -7.285714285714286
761 761 -4.142857142857143
762 762 -2.7142857142857144
763 763 2.2142857142857144
764 764 6.142857142857142
765 765 -1.7857142857142856
766 766 -0.4285714285714286
767 767 -1.8571428571428574
768 768 -2.2857142857142856
769 769 -4.214285714285714
770 770 -2.571428571428572
771 771 -0.857142857142857
772 772 -1.8571428571428577
773 773 -5.071428571428571
774 774 -1.4285714285714286
775 775 2.7857142857142856
776 776 3.428571428571429
777 777 6.499999999999999
778 778 0.357142857142857
779 779 -3.5
780 780 -1.3571428571428572
781 781 -4.928571428571429
782 782 1.2857142857142851
783 783 0.7142857142857144
784 784 0.2857142857142856
785 785 -5.0
786 786 -6.928571428571429
788 788 -2.7857142857142856
789 789 -4.2857142857142865
790 790 -6.5
791 791 -1.2857142857142858
792 792 -5.857142857142858
793 793 -0.6428571428571428
794 794 0.5714285714285716
795 795 -2.428571428571429
796 796 -4.357142857142857
797 797 -1.2857142857142854
798 798 -6.571428571428571
799 799 3.571428571428572
800 800 1.0714285714285714
801 801 -0.8571428571428572
802 802 -3.7857142857142856
803 803 2.071428571428571
804 804 0.2857142857142858
805 805 3.071428571428571
806 806 5.5
807 807 -6.571428571428571
808 808 -4.642857142857143
809 809 3.428571428571429
810 810 -3.2142857142857144
811 811 -1.142857142857143
812 812 -2.357142857142857
813 813 2.357142857142857
814 814 -4.5
815 815 2.571428571428571
816 816 -5.642857142857142
817 817 3.5714285714285716
818 818 -0.9285714285714282
819 819 -2.7142857142857144
820 820 -1.5714285714285714
821 821 2.7142857142857144
822 822 -0.5714285714285714
823 823 3.7142857142857144
824 824 0.8571428571428572
825 825 0.14285714285714324
826 826 -1.7857142857142858
827 827 -0.357142857142857
828 828 -0.2142857142857142
829 829 0.3571428571428572
830 830 3.428571428571429
831 831 -0.4285714285714297
832 832 3.785714285714286
833 833 2.571428571428571
834 834 0.3571428571428572
835 835 -4.928571428571428
836 836 -2.0714285714285716
837 837 -5.214285714285715
838 838 -0.2857142857142858
839 839 -3.7857142857142856
1 2 1.3571428571428572
1 10 -2.0
1 44 0.5714285714285714
1 53 -0.5714285714285714
1 97 -0.9285714285714286
1 107 -2.0
2 3 1.7857142857142858
2 10 -2.0
2 11 -2.0
2 136 2.0
2 145 -0.5714285714285714
2 169 1.7857142857142858
2 174 0.5714285714285714
3 11 -0.5714285714285714
3 12 -2.0
3 223 -1.3571428571428572
3 230 -0.5714285714285714
3 272 0.5714285714285714
3 280 -1.3571428571428572
4 5 1.3571428571428572
4 376 0.5714285714285714
4 385 1.7857142857142858
4 412 1.7857142857142858
5 6 1.7857142857142858
5 452 0.9285714285714286
5 461 -1.3571428571428572
5 491 0.9285714285714286
6 7 1.3571428571428572
6 13 2.0
6 524 2.0
6 533 -0.5714285714285714
6 556 -0.9285714285714286
7 8 -1.7857142857142858
7 13 0.9285714285714286
7 14 -0.5714285714285714
7 591 -2.0
7 630 -0.9285714285714286
7 641 1.7857142857142858
8 9 -0.9285714285714286
8 14 0.5714285714285714
8 15 1.7857142857142858
8 672 -0.9285714285714286
8 682 0.5714285714285714
8 712 1.3571428571428572
8 720 -1.3571428571428572
9 15 0.5714285714285714
9 16 -2.0
9 749 2.0
9 760 2.0
9 791 -0.5714285714285714
9 800 -2.0
10 11 1.3571428571428572
10 97 0.5714285714285714
10 107 1.3571428571428572
10 136 2.0
10 145 1.7857142857142858
11 12 -0.9285714285714286
11 169 0.5714285714285714
11 174 -0.9285714285714286
11 223 -0.9285714285714286
11 230 2.0
12 272 -2.0
12 280 1.7857142857142858
12 305 1.3571428571428572
12 313 1.7857142857142858
13 14 1.3571428571428572
13 556 1.7857142857142858
13 591 -0.5714285714285714
14 15 -2.0
14 630 -1.7857142857142858
14 641 -1.3571428571428572
14 672 -0.9285714285714286
14 682 -0.9285714285714286
15 16 -2.0
15 712 0.9285714285714286
15 720 -0.9285714285714286
15 749 -0.5714285714285714
15 760 0.5714285714285714
16 17 -1.3571428571428572
16 791 2.0
16 800 0.9285714285714286
16 829 -1.7857142857142858
16 837 2.0
17 35 1.7857142857142858
17 78 -0.9285714285714286
17 87 0.5714285714285714
18 19 -1.7857142857142858
18 27 -1.7857142857142858
18 205 -0.5714285714285714
18 215 -1.3571428571428572
18 258 -1.7857142857142858
18 267 1.3571428571428572
19 27 -1.3571428571428572
19 28 -1.7857142857142858
19 298 1.3571428571428572
19 320 -2.0
20 29 -0.5714285714285714
20 30 -1.3571428571428572
20 434 0.5714285714285714
20 444 1.7857142857142858
20 474 -1.7857142857142858
20 482 -0.5714285714285714
21 22 1.3571428571428572
21 30 -1.3571428571428572
21 31 -0.9285714285714286
21 508 -1.7857142857142858
21 515 0.5714285714285714
21 548 1.7857142857142858
22 23 1.7857142857142858
22 31 -2.0
22 32 -1.7857142857142858
22 572 1.7857142857142858
22 583 -0.9285714285714286
22 612 2.0
22 621 0.9285714285714286
23 24 2.0
23 32 -0.5714285714285714
23 33 1.7857142857142858
23 653 -1.3571428571428572
23 664 0.9285714285714286
23 693 0.5714285714285714
23 704 1.3571428571428572
24 33 1.7857142857142858
24 34 1.3571428571428572
24 729 1.7857142857142858
24 740 -1.3571428571428572
24 772 -0.5714285714285714
24 782 -1.3571428571428572
25 26 0.5714285714285714
25 35 1.7857142857142858
25 36 2.0
25 69 -1.7857142857142858
25 118 0.9285714285714286
26 36 0.5714285714285714
26 37 0.5714285714285714
26 154 -1.3571428571428572
26 162 0.5714285714285714
26 194 0.5714285714285714
27 28 1.3571428571428572
27 258 -0.9285714285714286
27 267 0.9285714285714286
27 290 0.9285714285714286
27 298 0.9285714285714286
28 29 0.5714285714285714
28 320 -1.7857142857142858
28 358 -0.5714285714285714
28 368 -1.3571428571428572
29 30 0.9285714285714286
29 395 -1.3571428571428572
29 434 -1.3571428571428572
29 444 -1.3571428571428572
30 31 -1.7857142857142858
30 474 0.5714285714285714
30 482 -0.9285714285714286
30 508 -0.5714285714285714
30 515 1.3571428571428572
31 32 -2.0
31 548 -1.3571428571428572
31 572 2.0
31 583 -2.0
32 612 -0.9285714285714286
32 621 2.0
32 653 1.3571428571428572
32 664 1.3571428571428572
33 34 -1.3571428571428572
33 693 -0.9285714285714286
33 704 -0.5714285714285714
33 729 -1.3571428571428572
33 740 0.9285714285714286
34 35 -0.5714285714285714
34 772 -1.3571428571428572
34 782 -0.9285714285714286
34 811 1.3571428571428572
34 821 2.0
35 36 -1.3571428571428572
35 69 -1.3571428571428572
36 37 1.3571428571428572
36 118 0.9285714285714286
36 154 -0.9285714285714286
36 162 0.5714285714285714
37 194 -0.9285714285714286
37 243 1.3571428571428572
37 250 0.5714285714285714
38 47 0.5714285714285714
38 195 -0.9285714285714286
38 251 0.9285714285714286
39 40 -2.0
39 47 1.7857142857142858
39 48 -1.7857142857142858
39 283 1.7857142857142858
39 314 0.5714285714285714
40 41 0.5714285714285714
40 48 1.7857142857142858
40 49 2.0
40 349 -0.9285714285714286
40 387 -0.5714285714285714
41 49 -1.7857142857142858
41 50 0.5714285714285714
41 424 -2.0
41 464 -1.3571428571428572
42 43 2.0
42 51 2.0
42 565 0.5714285714285714
42 603 -1.3571428571428572
43 51 0.9285714285714286
43 52 -0.5714285714285714
43 644 -2.0
43 685 -0.9285714285714286
44 45 1.3571428571428572
44 53 1.3571428571428572
44 803 -0.9285714285714286
45 46 1.3571428571428572
45 53 1.3571428571428572
45 55 -2.0
46 54 0.9285714285714286
46 147 -1.3571428571428572
46 177 0.5714285714285714
47 48 -1.3571428571428572
47 251 -1.3571428571428572
47 283 -2.0
48 49 1.7857142857142858
48 314 -0.5714285714285714
48 349 1.3571428571428572
49 50 2.0
49 387 -0.5714285714285714
49 424 -1.3571428571428572
50 464 -0.9285714285714286
51 52 -1.7857142857142858
51 603 1.7857142857142858
51 644 2.0
52 685 0.5714285714285714
53 55 0.9285714285714286
54 177 1.7857142857142858
54 233 0.9285714285714286
55 61 -0.9285714285714286
55 98 0.5714285714285714
55 107 -0.9285714285714286
56 62 1.3571428571428572
56 63 1.7857142857142858
56 230 -0.5714285714285714
56 273 0.9285714285714286
56 280 0.5714285714285714
57 58 0.5714285714285714
57 64 2.0
57 385 -0.9285714285714286
57 413 -1.7857142857142858
58 64 1.3571428571428572
58 65 -1.3571428571428572
58 453 1.3571428571428572
58 461 -0.5714285714285714
58 492 1.7857142857142858
59 60 0.5714285714285714
59 66 0.5714285714285714
59 67 -1.3571428571428572
59 592 -0.5714285714285714
59 631 -1.7857142857142858
59 641 -0.5714285714285714
60 67 -2.0
60 673 2.0
60 682 -1.7857142857142858
60 713 0.5714285714285714
60 720 -1.7857142857142858
61 62 1.3571428571428572
61 98 0.5714285714285714
61 107 -0.5714285714285714
61 137 -0.5714285714285714
61 145 2.0
62 63 1.3571428571428572
62 170 1.3571428571428572
62 174 1.3571428571428572
62 230 -0.9285714285714286
63 273 -0.5714285714285714
63 280 0.5714285714285714
63 306 2.0
63 313 -0.9285714285714286
64 65 -1.7857142857142858
64 413 -0.5714285714285714
64 453 -0.5714285714285714
64 461 -0.5714285714285714
65 66 1.7857142857142858
65 492 -2.0
65 525 0.5714285714285714
65 533 1.3571428571428572
66 67 0.9285714285714286
66 592 0.5714285714285714
67 631 -0.5714285714285714
67 641 -0.9285714285714286
67 673 1.7857142857142858
67 682 0.9285714285714286
68 69 1.3571428571428572
68 792 2.0
68 800 1.3571428571428572
68 830 -2.0
68 837 1.7857142857142858
69 79 0.5714285714285714
69 87 -2.0
70 71 1.7857142857142858
70 81 0.5714285714285714
70 215 -1.3571428571428572
70 267 -2.0
71 72 -1.7857142857142858
71 298 -1.7857142857142858
72 73 -2.0
72 82 -1.7857142857142858
72 368 0.9285714285714286
73 74 -2.0
73 82 2.0
73 83 0.9285714285714286
73 444 -0.5714285714285714
74 75 -0.9285714285714286
74 83 -1.3571428571428572
74 515 -1.3571428571428572
74 548 0.5714285714285714
75 76 2.0
75 84 1.3571428571428572
75 583 -1.7857142857142858
75 621 -0.5714285714285714
76 77 -1.7857142857142858
76 84 0.9285714285714286
76 85 -0.5714285714285714
76 664 -2.0
76 704 0.5714285714285714
77 78 -1.7857142857142858
77 85 -1.3571428571428572
77 86 0.9285714285714286
77 740 2.0
77 782 -1.7857142857142858
78 79 -1.7857142857142858
78 86 -2.0
78 87 -0.9285714285714286
78 821 -1.7857142857142858
79 80 2.0
79 87 2.0
79 88 0.9285714285714286
80 88 2.0
80 89 -0.9285714285714286
80 162 0.5714285714285714
80 194 1.3571428571428572
81 267 -1.3571428571428572
81 298 1.7857142857142858
82 83 -0.9285714285714286
82 444 0.5714285714285714
83 482 -0.5714285714285714
84 85 0.5714285714285714
84 621 1.7857142857142858
84 664 1.7857142857142858
85 86 -1.3571428571428572
85 704 1.3571428571428572
85 740 -2.0
86 87 -1.3571428571428572
86 782 -0.5714285714285714
86 821 -0.9285714285714286
87 88 0.9285714285714286
88 89 1.3571428571428572
88 162 -1.7857142857142858
89 194 1.7857142857142858
89 250 0.5714285714285714
90 100 -1.7857142857142858
90 206 0.9285714285714286
90 251 -1.7857142857142858
91 92 -0.9285714285714286
91 101 -0.9285714285714286
91 349 2.0
91 359 0.9285714285714286
91 387 2.0
92 93 2.0
92 101 -1.7857142857142858
92 102 -2.0
92 424 -1.3571428571428572
92 464 -1.3571428571428572
93 94 0.9285714285714286
93 102 -1.3571428571428572
93 103 -0.9285714285714286
93 543 2.0
94 95 -0.5714285714285714
94 103 -1.7857142857142858
94 104 0.9285714285714286
94 565 1.3571428571428572
94 573 2.0
94 603 -1.3571428571428572
94 613 -1.3571428571428572
95 96 -1.3571428571428572
95 104 1.3571428571428572
95 105 2.0
95 644 1.7857142857142858
95 654 -0.5714285714285714
95 685 -0.9285714285714286
95 694 -0.5714285714285714
96 97 0.5714285714285714
96 105 1.3571428571428572
96 106 0.5714285714285714
96 730 0.9285714285714286
96 773 1.3571428571428572
97 98 -0.9285714285714286
97 106 1.7857142857142858
97 107 2.0
97 803 -0.9285714285714286
97 812 -2.0
98 99 0.9285714285714286
98 107 1.3571428571428572
98 108 -1.7857142857142858
98 119 -0.5714285714285714
99 108 -2.0
99 109 -1.7857142857142858
99 147 0.5714285714285714
99 155 2.0
99 177 -1.7857142857142858
100 251 0.5714285714285714
100 259 1.7857142857142858
100 283 2.0
100 291 0.5714285714285714
101 387 -1.7857142857142858
101 424 -0.9285714285714286
102 103 -0.9285714285714286
102 464 1.7857142857142858
103 104 2.0
103 543 -1.7857142857142858
103 565 1.7857142857142858
103 573 2.0
104 105 -0.5714285714285714
104 613 -2.0
104 644 0.5714285714285714
104 654 0.9285714285714286
105 106 0.5714285714285714
105 685 1.3571428571428572
105 694 -1.3571428571428572
105 730 0.5714285714285714
106 107 -1.3571428571428572
106 773 1.3571428571428572
106 803 -2.0
107 108 0.5714285714285714
108 109 1.3571428571428572
108 119 -0.5714285714285714
108 147 -1.3571428571428572
108 155 2.0
109 177 -0.5714285714285714
109 233 -1.7857142857142858
109 244 0.5714285714285714
110 111 0.9285714285714286
110 120 0.9285714285714286
110 137 1.3571428571428572
110 170 -1.3571428571428572
110 175 -0.9285714285714286
111 112 -2.0
111 120 -2.0
111 231 -1.3571428571428572
111 273 1.3571428571428572
111 281 -2.0
112 113 -0.9285714285714286
112 121 1.7857142857142858
112 306 1.7857142857142858
112 347 -0.5714285714285714
113 114 0.5714285714285714
113 121 -1.3571428571428572
113 122 -0.9285714285714286
113 386 2.0
113 413 1.7857142857142858
113 422 -2.0
114 115 2.0
114 122 1.3571428571428572
114 123 0.5714285714285714
114 453 -0.5714285714285714
114 462 -2.0
114 492 -0.9285714285714286
114 500 -1.7857142857142858
115 123 1.7857142857142858
115 124 0.5714285714285714
115 525 0.5714285714285714
115 534 -1.7857142857142858
115 563 -1.7857142857142858
116 117 -2.0
116 125 -2.0
116 126 1.3571428571428572
116 673 1.7857142857142858
116 683 0.5714285714285714
116 713 2.0
116 721 1.7857142857142858
117 118 1.7857142857142858
117 126 1.3571428571428572
117 127 1.3571428571428572
117 750 -0.5714285714285714
117 761 1.7857142857142858
117 792 -1.3571428571428572
117 801 -0.9285714285714286
118 127 -1.7857142857142858
118 830 0.9285714285714286
118 838 -0.9285714285714286
119 120 -0.5714285714285714
119 137 0.5714285714285714
120 170 0.5714285714285714
120 175 -0.5714285714285714
120 231 -0.9285714285714286
121 122 -2.0
121 347 1.7857142857142858
121 386 -2.0
122 123 -0.5714285714285714
122 413 -1.7857142857142858
122 422 -1.7857142857142858
122 462 1.3571428571428572
123 124 1.3571428571428572
123 492 1.7857142857142858
123 500 2.0
123 525 0.5714285714285714
123 534 1.3571428571428572
124 125 1.7857142857142858
124 563 -2.0
124 592 -1.3571428571428572
125 126 0.5714285714285714
125 631 -0.9285714285714286
125 642 1.7857142857142858
125 673 -1.3571428571428572
125 683 -2.0
126 127 2.0
126 713 0.5714285714285714
126 721 -1.3571428571428572
126 750 1.7857142857142858
126 761 2.0
127 792 1.7857142857142858
127 801 -0.5714285714285714
127 830 -1.3571428571428572
127 838 -2.0
128 129 1.7857142857142858
128 139 0.5714285714285714
128 196 1.3571428571428572
128 206 -1.7857142857142858
128 252 -1.3571428571428572
128 259 1.7857142857142858
129 130 -0.5714285714285714
129 139 -0.9285714285714286
129 140 -1.7857142857142858
129 291 1.7857142857142858
129 321 1.7857142857142858
130 131 -0.5714285714285714
130 140 -2.0
130 141 -1.7857142857142858
130 350 -0.5714285714285714
130 359 2.0
130 388 1.7857142857142858
131 132 -2.0
131 141 1.3571428571428572
131 142 0.9285714285714286
131 425 0.9285714285714286
131 465 -0.5714285714285714
132 133 -1.7857142857142858
132 142 0.9285714285714286
132 502 1.7857142857142858
132 543 -0.9285714285714286
133 134 1.3571428571428572
133 143 -0.9285714285714286
133 566 -0.5714285714285714
133 573 -1.7857142857142858
133 604 1.3571428571428572
133 613 -0.9285714285714286
134 135 -2.0
134 143 0.9285714285714286
134 654 2.0
134 686 0.9285714285714286
134 694 1.7857142857142858
135 136 -1.3571428571428572
135 144 -2.0
135 722 1.7857142857142858
135 730 -1.7857142857142858
135 763 -2.0
135 773 1.7857142857142858
136 137 0.9285714285714286
136 144 -1.7857142857142858
136 145 -2.0
136 812 0.5714285714285714
137 138 -1.7857142857142858
137 145 -2.0
138 146 1.3571428571428572
138 155 1.7857142857142858
138 178 -1.7857142857142858
139 140 0.5714285714285714
139 252 1.7857142857142858
139 259 -1.7857142857142858
139 291 -2.0
140 141 -1.7857142857142858
140 321 2.0
140 350 2.0
140 359 1.3571428571428572
141 142 1.3571428571428572
141 388 1.7857142857142858
141 425 0.5714285714285714
142 465 -1.3571428571428572
142 502 0.9285714285714286
143 604 -1.3571428571428572
143 613 2.0
143 654 1.7857142857142858
144 145 1.7857142857142858
144 763 -1.3571428571428572
144 773 0.9285714285714286
144 812 2.0
146 178 0.9285714285714286
146 234 0.9285714285714286
146 244 1.3571428571428572
147 155 0.9285714285714286
148 149 0.5714285714285714
148 156 -1.3571428571428572
148 157 -1.7857142857142858
148 224 0.5714285714285714
148 231 1.7857142857142858
148 274 -0.9285714285714286
148 281 0.5714285714285714
149 150 1.3571428571428572
149 157 1.7857142857142858
149 158 -2.0
149 307 1.7857142857142858
149 338 -2.0
149 347 -2.0
150 151 -1.7857142857142858
150 158 1.7857142857142858
150 159 -2.0
150 377 1.7857142857142858
150 386 -0.9285714285714286
150 414 1.7857142857142858
150 422 2.0
151 159 -1.7857142857142858
151 462 -0.5714285714285714
151 500 -0.9285714285714286
152 153 -1.7857142857142858
152 160 1.7857142857142858
152 593 -0.9285714285714286
152 632 2.0
152 642 -1.3571428571428572
153 160 -0.9285714285714286
153 674 1.7857142857142858
153 683 1.3571428571428572
153 721 0.9285714285714286
154 161 0.9285714285714286
154 162 0.9285714285714286
154 838 0.9285714285714286
155 156 -0.9285714285714286
156 157 0.5714285714285714
156 175 0.9285714285714286
156 224 -1.3571428571428572
157 158 -0.9285714285714286
157 274 2.0
157 281 1.3571428571428572
157 307 0.5714285714285714
158 159 -0.5714285714285714
158 338 0.9285714285714286
158 347 -0.9285714285714286
158 377 1.7857142857142858
158 386 -0.5714285714285714
159 414 -0.9285714285714286
159 422 -0.5714285714285714
159 462 0.9285714285714286
160 632 0.9285714285714286
160 642 -2.0
160 674 1.3571428571428572
160 683 0.5714285714285714
161 162 -0.5714285714285714
161 793 -0.9285714285714286
161 801 0.9285714285714286
161 838 1.3571428571428572
163 164 0.9285714285714286
163 196 0.5714285714285714
163 207 0.5714285714285714
163 252 -0.5714285714285714
163 260 1.7857142857142858
164 165 -1.7857142857142858
164 292 -0.9285714285714286
164 322 1.7857142857142858
165 171 1.3571428571428572
165 350 -0.9285714285714286
165 360 -0.5714285714285714
165 388 2.0
165 396 0.9285714285714286
166 167 -0.9285714285714286
166 172 -1.3571428571428572
166 566 -1.7857142857142858
166 574 1.3571428571428572
166 604 -1.7857142857142858
166 614 -1.3571428571428572
167 168 1.3571428571428572
167 655 1.3571428571428572
167 686 -1.3571428571428572
167 695 1.7857142857142858
168 169 -1.3571428571428572
168 173 1.3571428571428572
168 722 1.3571428571428572
168 731 2.0
168 763 -1.7857142857142858
168 774 0.5714285714285714
169 170 1.7857142857142858
169 173 -1.7857142857142858
169 174 -1.3571428571428572
170 174 -1.3571428571428572
170 175 1.7857142857142858
171 388 -0.9285714285714286
171 396 0.5714285714285714
171 425 2.0
171 435 0.5714285714285714
172 604 -1.3571428571428572
172 614 -1.3571428571428572
172 655 -0.5714285714285714
173 174 -1.7857142857142858
173 763 0.9285714285714286
173 774 -0.9285714285714286
174 175 -1.3571428571428572
175 176 0.5714285714285714
176 178 1.3571428571428572
176 186 1.7857142857142858
176 234 2.0
177 178 -0.5714285714285714
178 179 -0.9285714285714286
178 186 0.5714285714285714
179 180 0.9285714285714286
179 186 -1.7857142857142858
179 187 -0.9285714285714286
179 224 1.3571428571428572
179 232 1.3571428571428572
179 274 -0.5714285714285714
179 282 -0.9285714285714286
180 181 -0.5714285714285714
180 187 -2.0
180 188 1.3571428571428572
180 307 1.7857142857142858
180 338 -1.3571428571428572
180 348 2.0
181 182 -0.5714285714285714
181 188 -0.5714285714285714
181 189 0.9285714285714286
181 377 -0.9285714285714286
181 414 1.3571428571428572
181 423 1.7857142857142858
182 183 0.5714285714285714
182 189 -1.7857142857142858
182 190 -0.5714285714285714
182 463 -1.7857142857142858
182 493 -0.5714285714285714
182 501 0.9285714285714286
183 190 1.3571428571428572
183 191 -1.3571428571428572
183 526 2.0
183 564 -0.5714285714285714
184 185 0.5714285714285714
184 192 0.5714285714285714
184 684 -1.3571428571428572
185 193 2.0
185 751 0.5714285714285714
185 762 0.5714285714285714
185 793 0.9285714285714286
185 802 2.0
186 187 -1.3571428571428572
186 224 0.5714285714285714
186 232 -0.5714285714285714
187 188 -1.7857142857142858
187 274 2.0
187 282 -2.0
187 307 0.5714285714285714
188 189 0.9285714285714286
188 338 -0.9285714285714286
188 348 1.3571428571428572
188 377 -2.0
189 190 -0.9285714285714286
189 414 -2.0
189 423 1.3571428571428572
189 463 1.7857142857142858
190 191 1.3571428571428572
190 493 -2.0
190 501 -0.9285714285714286
190 526 0.5714285714285714
190 535 0.9285714285714286
191 192 -0.5714285714285714
191 593 -1.7857142857142858
191 602 1.7857142857142858
192 643 -1.3571428571428572
192 674 1.3571428571428572
192 684 2.0
193 194 -2.0
193 793 2.0
193 802 0.5714285714285714
193 839 2.0
195 196 0.5714285714285714
195 206 -1.7857142857142858
196 197 0.5714285714285714
196 207 -2.0
197 198 0.5714285714285714
197 207 -1.7857142857142858
197 208 -0.5714285714285714
197 216 -1.3571428571428572
197 268 -1.7857142857142858
198 199 0.5714285714285714
198 208 0.5714285714285714
198 209 -1.3571428571428572
198 330 0.9285714285714286
199 200 1.3571428571428572
199 209 0.5714285714285714
199 210 0.5714285714285714
199 369 -0.5714285714285714
199 405 -1.7857142857142858
200 201 -2.0
200 210 0.9285714285714286
200 211 1.3571428571428572
200 483 0.5714285714285714
201 202 -0.5714285714285714
201 211 0.9285714285714286
201 212 1.3571428571428572
201 516 0.5714285714285714
201 549 0.5714285714285714
202 203 -1.7857142857142858
202 212 -1.3571428571428572
202 584 1.3571428571428572
202 622 1.7857142857142858
203 204 0.9285714285714286
203 213 0.9285714285714286
203 665 1.3571428571428572
203 705 0.5714285714285714
204 205 -1.7857142857142858
204 213 -0.5714285714285714
204 214 0.5714285714285714
204 741 0.5714285714285714
204 783 0.9285714285714286
205 214 -0.9285714285714286
205 215 -0.5714285714285714
205 822 0.9285714285714286
206 207 -0.5714285714285714
207 208 1.3571428571428572
207 216 1.3571428571428572
208 209 2.0
208 268 -1.3571428571428572
209 210 1.3571428571428572
209 330 -1.3571428571428572
209 369 -0.9285714285714286
210 211 2.0
210 405 -1.7857142857142858
211 212 1.3571428571428572
211 483 -0.5714285714285714
211 516 0.5714285714285714
212 549 1.3571428571428572
212 584 0.9285714285714286
213 214 -2.0
213 705 1.7857142857142858
213 741 1.7857142857142858
214 215 1.7857142857142858
214 783 0.9285714285714286
214 822 -0.9285714285714286
216 217 -0.5714285714285714
216 225 0.9285714285714286
216 253 1.7857142857142858
216 260 -1.7857142857142858
217 218 -1.3571428571428572
217 225 -1.7857142857142858
217 226 -2.0
217 292 1.3571428571428572
217 315 2.0
217 322 0.5714285714285714
218 226 1.7857142857142858
218 227 -1.3571428571428572
218 351 2.0
218 360 -1.3571428571428572
218 389 0.9285714285714286
218 396 1.7857142857142858
219 227 -1.3571428571428572
219 228 -1.3571428571428572
219 426 1.7857142857142858
219 435 2.0
219 466 -1.7857142857142858
219 475 1.7857142857142858
220 221 -2.0
220 574 -2.0
220 605 0.5714285714285714
220 614 -0.5714285714285714
221 222 0.5714285714285714
221 229 -0.9285714285714286
221 645 -0.9285714285714286
221 655 -1.3571428571428572
221 695 -1.3571428571428572
222 223 -2.0
222 229 -1.7857142857142858
222 723 -2.0
222 731 -0.9285714285714286
222 764 -2.0
222 774 1.7857142857142858
223 230 2.0
223 804 0.9285714285714286
224 231 -0.5714285714285714
224 232 0.9285714285714286
225 226 -2.0
225 253 0.5714285714285714
225 260 2.0
225 292 -2.0
226 227 2.0
226 315 -1.7857142857142858
226 322 1.3571428571428572
226 351 0.5714285714285714
226 360 -0.9285714285714286
227 228 1.7857142857142858
227 389 -1.7857142857142858
227 396 0.9285714285714286
227 426 0.9285714285714286
227 435 -1.7857142857142858
228 466 0.9285714285714286
228 475 0.9285714285714286
229 695 2.0
229 723 -0.9285714285714286
229 731 1.7857142857142858
230 231 2.0
231 232 -2.0
232 235 -0.9285714285714286
233 234 -2.0
233 244 -0.9285714285714286
234 235 -1.7857142857142858
234 244 0.9285714285714286
235 236 -1.3571428571428572
235 245 -1.3571428571428572
235 282 2.0
236 237 1.7857142857142858
236 245 0.5714285714285714
236 348 -0.5714285714285714
237 238 -2.0
237 423 0.5714285714285714
238 239 1.3571428571428572
238 246 -2.0
238 247 -0.9285714285714286
238 463 -0.9285714285714286
238 501 0.9285714285714286
239 240 -0.9285714285714286
239 247 -0.9285714285714286
239 248 1.7857142857142858
239 535 1.3571428571428572
239 564 -1.7857142857142858
240 241 0.5714285714285714
240 248 2.0
240 602 0.9285714285714286
240 643 1.7857142857142858
241 242 0.9285714285714286
241 684 -0.5714285714285714
242 243 0.9285714285714286
242 249 0.5714285714285714
242 762 0.9285714285714286
242 802 -0.5714285714285714
243 249 -1.3571428571428572
243 250 0.9285714285714286
243 839 1.7857142857142858
245 282 0.5714285714285714
246 247 1.7857142857142858
246 423 0.9285714285714286
246 463 -1.7857142857142858
247 248 1.3571428571428572
247 501 1.7857142857142858
247 535 2.0
248 564 0.9285714285714286
248 602 0.5714285714285714
249 250 -0.9285714285714286
249 802 1.7857142857142858
249 839 -1.3571428571428572
251 252 -1.3571428571428572
251 259 -2.0
252 253 -2.0
252 259 -2.0
252 260 2.0
253 254 1.7857142857142858
253 260 0.9285714285714286
253 261 0.5714285714285714
253 268 1.7857142857142858
253 275 -1.7857142857142858
254 261 -1.3571428571428572
254 262 1.7857142857142858
254 330 -1.7857142857142858
254 339 2.0
255 256 0.9285714285714286
255 265 -2.0
255 584 1.7857142857142858
255 594 0.5714285714285714
255 622 -0.9285714285714286
255 633 1.3571428571428572
256 257 -0.9285714285714286
256 266 0.9285714285714286
256 665 2.0
256 675 1.7857142857142858
256 705 -0.5714285714285714
257 258 1.7857142857142858
257 266 0.5714285714285714
257 741 1.3571428571428572
257 752 -0.9285714285714286
257 783 -1.7857142857142858
257 794 -1.7857142857142858
258 267 -1.7857142857142858
258 822 0.5714285714285714
259 260 -0.9285714285714286
260 261 -1.7857142857142858
261 262 -2.0
261 268 -0.5714285714285714
261 275 -1.7857142857142858
262 263 1.3571428571428572
262 330 0.5714285714285714
262 339 -2.0
262 369 -2.0
262 378 -1.7857142857142858
263 264 -0.5714285714285714
263 405 1.3571428571428572
263 415 -1.3571428571428572
264 265 -0.5714285714285714
264 494 1.3571428571428572
264 516 0.5714285714285714
264 527 1.7857142857142858
265 549 0.5714285714285714
265 584 -1.3571428571428572
265 594 -2.0
266 705 2.0
266 741 -0.9285714285714286
266 752 -1.3571428571428572
268 269 -1.7857142857142858
268 275 1.7857142857142858
269 275 1.3571428571428572
269 276 0.5714285714285714
269 293 -1.7857142857142858
269 315 -0.9285714285714286
269 323 1.7857142857142858
270 278 -2.0
270 575 -0.5714285714285714
270 605 0.5714285714285714
270 615 1.7857142857142858
271 272 -0.5714285714285714
271 279 -1.7857142857142858
271 723 0.5714285714285714
271 732 -0.5714285714285714
271 764 -0.9285714285714286
271 775 -0.9285714285714286
272 273 -0.5714285714285714
272 279 2.0
272 280 -0.5714285714285714
272 804 -1.3571428571428572
272 813 -0.9285714285714286
273 274 1.3571428571428572
273 280 1.3571428571428572
273 281 -1.7857142857142858
274 281 0.5714285714285714
274 282 -1.3571428571428572
275 276 -2.0
275 293 -1.7857142857142858
276 315 -0.5714285714285714
276 323 0.9285714285714286
276 351 -0.5714285714285714
276 361 1.3571428571428572
277 466 -1.3571428571428572
278 605 -0.5714285714285714
278 615 2.0
278 645 -0.9285714285714286
278 656 -1.3571428571428572
279 280 1.7857142857142858
279 764 -1.7857142857142858
279 804 2.0
279 813 0.5714285714285714
280 281 -2.0
281 282 0.9285714285714286
283 291 -1.3571428571428572
284 285 -2.0
284 293 1.3571428571428572
284 294 0.9285714285714286
284 299 -0.9285714285714286
284 331 -0.9285714285714286
284 339 -0.5714285714285714
285 286 -1.3571428571428572
285 294 2.0
285 378 -1.3571428571428572
285 415 -0.5714285714285714
286 287 1.3571428571428572
286 295 -1.3571428571428572
286 445 0.9285714285714286
286 484 -1.7857142857142858
286 494 -0.5714285714285714
287 295 1.7857142857142858
287 517 1.3571428571428572
287 527 1.3571428571428572
287 550 2.0
288 585 0.5714285714285714
288 594 0.9285714285714286
288 623 0.9285714285714286
288 633 -0.5714285714285714
289 290 -1.7857142857142858
289 296 0.5714285714285714
289 297 1.7857142857142858
289 742 -0.9285714285714286
289 784 1.7857142857142858
289 794 0.5714285714285714
290 297 -2.0
290 298 2.0
291 292 0.5714285714285714
292 293 -0.9285714285714286
293 294 -1.7857142857142858
293 299 -0.9285714285714286
294 331 -2.0
294 339 1.3571428571428572
294 378 -2.0
295 484 -0.9285714285714286
295 494 0.5714285714285714
295 517 2.0
295 527 0.9285714285714286
296 297 -0.5714285714285714
296 742 -0.5714285714285714
296 752 0.5714285714285714
297 298 1.3571428571428572
297 784 -1.3571428571428572
297 794 2.0
299 300 -0.9285714285714286
299 308 -2.0
299 316 1.3571428571428572
299 323 2.0
300 301 -1.7857142857142858
300 308 -1.3571428571428572
300 309 -0.5714285714285714
300 352 -0.9285714285714286
300 361 0.9285714285714286
300 390 -1.7857142857142858
300 397 0.9285714285714286
301 302 -2.0
301 309 0.5714285714285714
301 310 -0.5714285714285714
301 427 2.0
301 436 -0.5714285714285714
301 467 -1.3571428571428572
302 303 2.0
302 310 -1.7857142857142858
302 503 0.5714285714285714
302 536 0.9285714285714286
303 311 2.0
303 567 1.7857142857142858
303 575 1.3571428571428572
304 305 2.0
304 312 -1.3571428571428572
304 732 -1.3571428571428572
304 765 0.5714285714285714
304 775 1.3571428571428572
305 306 2.0
305 312 -2.0
305 313 1.7857142857142858
305 805 -1.3571428571428572
305 813 1.3571428571428572
306 307 -0.9285714285714286
306 313 -1.3571428571428572
308 309 0.9285714285714286
308 316 -1.7857142857142858
308 323 -1.7857142857142858
308 352 -1.3571428571428572
308 361 -1.7857142857142858
309 390 -1.3571428571428572
309 397 -0.5714285714285714
309 427 2.0
309 436 -1.7857142857142858
310 467 -1.7857142857142858
310 503 -2.0
311 606 1.3571428571428572
311 615 2.0
311 656 0.5714285714285714
312 313 0.5714285714285714
312 765 -0.5714285714285714
312 775 -1.3571428571428572
312 805 -0.5714285714285714
312 813 -1.7857142857142858
314 321 -2.0
315 316 1.3571428571428572
315 322 1.7857142857142858
315 323 -0.9285714285714286
316 317 -0.9285714285714286
316 323 0.5714285714285714
316 324 0.5714285714285714
316 331 0.5714285714285714
316 340 -1.3571428571428572
317 324 0.9285714285714286
317 325 0.9285714285714286
317 379 -2.0
317 406 -1.7857142857142858
317 416 -1.7857142857142858
318 326 0.9285714285714286
318 327 1.7857142857142858
318 517 -0.9285714285714286
318 528 -2.0
318 550 -1.3571428571428572
319 320 0.9285714285714286
319 329 2.0
319 742 -0.5714285714285714
319 753 -0.9285714285714286
319 784 -0.9285714285714286
319 795 -1.7857142857142858
320 329 1.7857142857142858
321 322 1.3571428571428572
322 323 -1.7857142857142858
323 324 -1.3571428571428572
324 325 -1.7857142857142858
324 331 2.0
324 340 -1.3571428571428572
324 379 -1.7857142857142858
325 326 -0.9285714285714286
325 406 2.0
325 416 0.5714285714285714
325 445 0.9285714285714286
325 454 -0.5714285714285714
326 327 0.9285714285714286
326 495 0.5714285714285714
326 517 -0.9285714285714286
326 528 -0.5714285714285714
327 328 1.3571428571428572
327 550 2.0
327 585 -1.7857142857142858
328 623 -0.5714285714285714
328 634 -0.5714285714285714
328 666 -1.3571428571428572
328 676 -1.3571428571428572
329 784 0.5714285714285714
329 795 1.7857142857142858
330 331 -1.3571428571428572
330 339 -1.3571428571428572
331 332 -0.9285714285714286
331 340 0.9285714285714286
332 333 -1.3571428571428572
332 340 -2.0
332 341 -1.3571428571428572
332 352 1.7857142857142858
332 362 -2.0
332 390 -0.9285714285714286
332 398 -1.7857142857142858
333 334 -0.5714285714285714
333 341 -0.5714285714285714
333 342 1.3571428571428572
333 427 -1.3571428571428572
333 437 0.5714285714285714
333 467 2.0
333 476 1.3571428571428572
334 335 0.5714285714285714
334 342 -2.0
334 343 1.3571428571428572
334 503 -1.7857142857142858
334 509 -0.5714285714285714
334 536 -1.3571428571428572
334 544 0.5714285714285714
335 336 -2.0
335 343 -2.0
335 344 0.9285714285714286
335 576 -1.7857142857142858
335 606 1.3571428571428572
335 616 -2.0
336 337 -1.3571428571428572
336 646 -1.3571428571428572
336 657 -2.0
336 687 -1.7857142857142858
336 697 -1.7857142857142858
337 345 -0.5714285714285714
337 724 -0.5714285714285714
337 733 1.7857142857142858
337 765 -0.5714285714285714
337 776 1.3571428571428572
338 347 0.5714285714285714
338 348 -2.0
339 340 0.5714285714285714
340 341 -1.3571428571428572
340 352 -1.7857142857142858
340 362 1.7857142857142858
341 342 -2.0
341 390 1.7857142857142858
341 427 0.9285714285714286
341 437 0.5714285714285714
342 343 -1.3571428571428572
342 467 1.7857142857142858
342 476 2.0
342 503 -2.0
342 509 -1.3571428571428572
343 344 0.5714285714285714
343 536 1.7857142857142858
343 544 -0.9285714285714286
343 567 -1.7857142857142858
343 576 1.3571428571428572
344 606 2.0
344 616 1.7857142857142858
345 346 1.3571428571428572
345 765 2.0
345 776 -1.7857142857142858
345 805 1.7857142857142858
345 814 1.7857142857142858
346 347 1.3571428571428572
347 348 2.0
349 350 2.0
349 359 -1.3571428571428572
350 351 0.5714285714285714
350 359 -0.9285714285714286
350 360 -2.0
351 352 1.7857142857142858
351 360 0.9285714285714286
351 361 -1.3571428571428572
352 353 2.0
352 361 1.7857142857142858
352 362 2.0
353 354 0.9285714285714286
353 362 -0.9285714285714286
353 363 -2.0
353 370 -0.9285714285714286
353 379 -1.3571428571428572
353 416 1.7857142857142858
354 363 -1.3571428571428572
354 364 -1.3571428571428572
354 446 1.3571428571428572
354 454 0.5714285714285714
354 485 1.3571428571428572
354 495 1.7857142857142858
355 356 1.3571428571428572
355 365 2.0
355 366 0.9285714285714286
355 586 -0.9285714285714286
355 595 -1.7857142857142858
355 624 -0.5714285714285714
355 634 0.5714285714285714
356 357 2.0
356 366 -1.7857142857142858
356 367 -1.3571428571428572
356 667 1.3571428571428572
356 676 2.0
356 706 0.5714285714285714
356 714 0.9285714285714286
357 358 2.0
357 367 -2.0
357 743 -1.7857142857142858
357 753 -2.0
357 785 0.5714285714285714
357 795 -1.3571428571428572
358 368 1.3571428571428572
358 823 -0.5714285714285714
359 360 -2.0
360 361 0.5714285714285714
361 362 1.7857142857142858
362 363 1.7857142857142858
362 370 2.0
362 379 0.9285714285714286
363 364 2.0
363 407 0.9285714285714286
363 416 -1.7857142857142858
363 446 1.3571428571428572
363 454 -0.5714285714285714
364 365 -1.3571428571428572
364 485 0.9285714285714286
364 495 -0.9285714285714286
364 518 -2.0
364 528 -2.0
365 366 0.5714285714285714
365 551 1.3571428571428572
365 586 1.7857142857142858
365 595 0.5714285714285714
366 367 2.0
366 624 -2.0
366 634 0.9285714285714286
366 667 1.7857142857142858
366 676 1.7857142857142858
367 706 -1.3571428571428572
367 714 -1.3571428571428572
367 753 -0.5714285714285714
369 378 0.9285714285714286
370 371 0.9285714285714286
370 379 0.9285714285714286
370 398 -2.0
371 372 -0.9285714285714286
371 380 -1.3571428571428572
371 381 0.9285714285714286
371 428 -0.5714285714285714
371 437 1.7857142857142858
371 468 -0.5714285714285714
371 476 1.7857142857142858
372 373 -0.5714285714285714
372 381 -0.9285714285714286
372 504 -1.7857142857142858
372 509 1.7857142857142858
372 537 2.0
372 544 -0.5714285714285714
373 374 2.0
373 382 -2.0
373 576 1.3571428571428572
373 607 -0.9285714285714286
373 616 -2.0
374 375 2.0
374 382 -1.7857142857142858
374 383 0.9285714285714286
374 647 2.0
374 657 2.0
374 688 0.9285714285714286
374 697 -1.3571428571428572
375 376 -1.7857142857142858
375 383 0.9285714285714286
375 384 0.9285714285714286
375 733 0.9285714285714286
375 766 0.9285714285714286
375 776 -1.7857142857142858
376 384 1.7857142857142858
376 385 2.0
376 806 -2.0
376 814 1.3571428571428572
377 386 0.9285714285714286
378 379 0.5714285714285714
379 380 1.7857142857142858
380 391 2.0
380 398 0.5714285714285714
380 428 0.9285714285714286
380 437 1.3571428571428572
381 468 -1.7857142857142858
381 476 2.0
381 504 -2.0
381 509 -1.3571428571428572
382 383 1.3571428571428572
382 607 -0.9285714285714286
382 647 -1.7857142857142858
382 657 -2.0
383 384 -2.0
383 688 -1.7857142857142858
383 697 -0.5714285714285714
384 385 -0.5714285714285714
384 766 1.7857142857142858
384 806 -0.5714285714285714
384 814 1.3571428571428572
385 386 -1.7857142857142858
387 388 -0.9285714285714286
388 389 -0.5714285714285714
388 396 -2.0
389 390 -1.3571428571428572
389 396 1.3571428571428572
389 397 0.5714285714285714
390 391 -1.7857142857142858
390 397 0.5714285714285714
390 398 -1.7857142857142858
391 392 0.9285714285714286
391 398 1.7857142857142858
391 399 0.9285714285714286
391 407 -0.9285714285714286
391 417 -1.3571428571428572
392 393 -0.9285714285714286
392 399 1.7857142857142858
392 400 1.3571428571428572
392 446 -1.7857142857142858
392 455 -1.7857142857142858
392 485 0.9285714285714286
392 496 -2.0
393 400 0.5714285714285714
393 401 -2.0
393 518 -1.3571428571428572
393 529 0.9285714285714286
393 551 0.9285714285714286
393 557 1.3571428571428572
394 395 2.0
394 403 1.7857142857142858
394 404 -1.3571428571428572
394 743 0.5714285714285714
394 754 -0.5714285714285714
394 785 1.7857142857142858
394 796 2.0
395 404 0.5714285714285714
395 823 0.5714285714285714
395 831 2.0
396 397 0.5714285714285714
397 398 -0.5714285714285714
398 399 -1.3571428571428572
399 400 0.9285714285714286
399 407 0.5714285714285714
399 417 -2.0
399 446 2.0
399 455 1.7857142857142858
400 401 -0.5714285714285714
400 485 0.9285714285714286
400 496 0.9285714285714286
400 518 -0.5714285714285714
400 529 0.9285714285714286
401 402 -2.0
401 551 -2.0
401 557 1.7857142857142858
401 586 -1.3571428571428572
401 596 -1.7857142857142858
402 403 0.5714285714285714
402 624 -2.0
402 635 -2.0
402 667 0.9285714285714286
403 404 -0.5714285714285714
403 706 1.3571428571428572
403 715 -1.7857142857142858
403 743 -2.0
403 754 0.5714285714285714
404 785 1.7857142857142858
404 823 -1.7857142857142858
404 831 1.3571428571428572
405 415 -2.0
406 407 -2.0
406 415 -1.3571428571428572
407 408 -2.0
407 417 0.5714285714285714
408 409 -0.9285714285714286
408 417 0.9285714285714286
408 418 0.9285714285714286
408 428 0.9285714285714286
408 438 0.5714285714285714
408 468 -1.3571428571428572
409 410 -0.5714285714285714
409 418 -1.3571428571428572
409 504 -0.9285714285714286
409 510 -1.3571428571428572
409 537 -0.5714285714285714
410 577 0.5714285714285714
410 607 0.9285714285714286
410 617 2.0
411 412 -0.9285714285714286
411 420 1.7857142857142858
411 421 0.5714285714285714
411 734 -1.7857142857142858
411 766 -2.0
411 777 -0.9285714285714286
412 413 1.7857142857142858
412 421 0.9285714285714286
412 806 -2.0
412 815 0.9285714285714286
413 414 0.5714285714285714
413 422 1.7857142857142858
414 422 0.5714285714285714
414 423 -1.7857142857142858
415 416 -2.0
416 417 -0.9285714285714286
417 418 1.7857142857142858
417 428 -2.0
418 468 1.7857142857142858
418 504 1.3571428571428572
418 510 1.7857142857142858
419 420 2.0
419 607 1.3571428571428572
419 617 -0.5714285714285714
419 647 2.0
420 421 2.0
420 688 1.7857142857142858
420 698 1.3571428571428572
420 734 -2.0
421 766 0.9285714285714286
421 777 0.5714285714285714
421 806 -1.7857142857142858
421 815 -0.5714285714285714
422 423 -1.3571428571428572
424 425 -1.7857142857142858
425 426 -1.3571428571428572
425 435 -0.5714285714285714
426 427 -2.0
426 435 -0.9285714285714286
426 436 0.5714285714285714
427 428 -1.3571428571428572
427 436 1.7857142857142858
427 437 -0.9285714285714286
428 429 0.5714285714285714
428 437 -0.5714285714285714
428 438 1.7857142857142858
429 430 2.0
429 438 -0.5714285714285714
429 439 1.3571428571428572
429 447 0.5714285714285714
429 455 -1.3571428571428572
429 486 -0.5714285714285714
429 496 1.7857142857142858
430 431 -0.5714285714285714
430 439 2.0
430 440 -1.7857142857142858
430 519 -0.9285714285714286
430 529 2.0
430 552 -1.7857142857142858
430 557 0.9285714285714286
431 432 -0.9285714285714286
431 440 -0.5714285714285714
431 441 -2.0
431 596 1.7857142857142858
431 625 1.3571428571428572
431 635 -0.9285714285714286
432 433 -1.7857142857142858
432 441 2.0
432 442 0.9285714285714286
432 707 0.9285714285714286
432 715 -2.0
433 434 -2.0
433 442 -0.9285714285714286
433 443 -0.9285714285714286
433 744 -1.3571428571428572
433 754 1.7857142857142858
433 786 1.3571428571428572
433 796 -1.7857142857142858
434 444 2.0
434 824 -0.5714285714285714
434 831 2.0
435 436 0.5714285714285714
436 437 -0.5714285714285714
438 439 0.9285714285714286
438 447 1.3571428571428572
438 455 -0.9285714285714286
439 486 0.9285714285714286
439 496 1.7857142857142858
439 519 -0.5714285714285714
439 529 -0.5714285714285714
440 441 1.3571428571428572
440 552 0.9285714285714286
440 557 2.0
440 596 0.9285714285714286
441 442 1.7857142857142858
441 625 0.9285714285714286
441 635 2.0
441 668 1.3571428571428572
442 443 0.5714285714285714
442 707 2.0
442 715 -0.5714285714285714
442 744 -0.9285714285714286
442 754 -0.9285714285714286
443 444 -1.7857142857142858
443 786 2.0
443 796 0.9285714285714286
443 824 2.0
443 831 -0.5714285714285714
445 446 -2.0
445 454 1.3571428571428572
446 447 0.5714285714285714
446 454 0.5714285714285714
446 455 -0.9285714285714286
447 448 -0.9285714285714286
447 455 0.5714285714285714
447 456 2.0
447 469 -0.5714285714285714
448 449 -0.9285714285714286
448 456 -0.5714285714285714
448 457 -2.0
448 505 -1.7857142857142858
448 510 0.9285714285714286
448 538 -0.5714285714285714
449 450 1.3571428571428572
449 457 2.0
449 458 2.0
449 577 2.0
449 608 -1.7857142857142858
449 617 -1.7857142857142858
450 451 -0.9285714285714286
450 458 -1.3571428571428572
450 459 1.7857142857142858
450 648 1.3571428571428572
450 658 -0.9285714285714286
450 689 2.0
450 698 2.0
451 452 0.9285714285714286
451 460 -0.9285714285714286
451 725 0.5714285714285714
451 767 -0.5714285714285714
451 777 -2.0
452 453 2.0
452 460 1.7857142857142858
452 461 -1.3571428571428572
452 807 -0.5714285714285714
452 815 -1.7857142857142858
453 461 0.9285714285714286
453 462 1.3571428571428572
454 455 0.9285714285714286
455 456 2.0
456 457 1.3571428571428572
456 469 -0.9285714285714286
456 505 1.7857142857142858
456 510 -1.3571428571428572
457 458 2.0
457 538 1.3571428571428572
457 577 0.5714285714285714
458 459 1.3571428571428572
458 608 0.9285714285714286
458 617 0.5714285714285714
458 648 -2.0
458 658 -2.0
459 460 -1.3571428571428572
459 689 0.5714285714285714
459 698 2.0
459 725 -0.9285714285714286
459 734 1.7857142857142858
460 461 0.5714285714285714
460 767 -1.7857142857142858
460 777 -1.3571428571428572
460 807 1.7857142857142858
460 815 1.3571428571428572
461 462 2.0
462 463 -2.0
464 465 -1.7857142857142858
465 466 -0.9285714285714286
465 475 -0.9285714285714286
466 467 2.0
466 475 -0.9285714285714286
467 468 2.0
467 476 1.7857142857142858
468 469 -0.5714285714285714
468 476 0.5714285714285714
469 470 0.5714285714285714
469 477 -1.3571428571428572
469 486 0.9285714285714286
470 471 0.5714285714285714
470 477 0.9285714285714286
470 478 -2.0
470 519 -2.0
470 530 0.9285714285714286
470 552 2.0
470 558 -2.0
471 472 -2.0
471 478 -0.5714285714285714
471 479 -1.7857142857142858
471 597 2.0
471 625 1.7857142857142858
471 636 0.9285714285714286
472 473 0.5714285714285714
472 479 -1.3571428571428572
472 480 -2.0
472 668 -1.7857142857142858
472 677 -2.0
472 707 1.3571428571428572
472 716 -0.5714285714285714
473 474 -2.0
473 480 -0.9285714285714286
473 481 -1.7857142857142858
473 744 0.5714285714285714
473 755 1.7857142857142858
473 786 1.3571428571428572
473 797 -1.3571428571428572
474 481 0.5714285714285714
474 482 -1.3571428571428572
474 824 -2.0
474 832 0.9285714285714286
477 478 -1.7857142857142858
477 486 1.7857142857142858
477 530 1.3571428571428572
478 479 1.3571428571428572
478 597 -1.3571428571428572
479 480 -1.3571428571428572
479 625 -1.3571428571428572
479 636 2.0
479 677 0.5714285714285714
480 481 0.9285714285714286
480 707 1.3571428571428572
480 716 -1.7857142857142858
480 744 -1.3571428571428572
480 755 -1.3571428571428572
481 482 0.5714285714285714
481 786 -0.9285714285714286
481 797 0.5714285714285714
481 824 1.7857142857142858
481 832 -1.3571428571428572
483 494 -1.7857142857142858
484 485 2.0
484 494 1.7857142857142858
484 495 -2.0
485 486 -0.9285714285714286
485 495 0.9285714285714286
485 496 -0.9285714285714286
486 487 1.3571428571428572
486 496 -1.3571428571428572
487 488 1.3571428571428572
487 505 -0.9285714285714286
487 511 -0.9285714285714286
487 538 -2.0
488 489 0.9285714285714286
488 497 0.9285714285714286
488 578 -2.0
488 608 -0.9285714285714286
489 490 2.0
489 497 0.9285714285714286
489 498 -0.5714285714285714
489 648 -1.3571428571428572
489 659 -0.9285714285714286
489 689 2.0
489 699 0.9285714285714286
490 491 -0.9285714285714286
490 498 -1.3571428571428572
490 499 -2.0
490 725 1.3571428571428572
490 735 -1.7857142857142858
490 767 -1.3571428571428572
490 778 -2.0
491 492 0.5714285714285714
491 499 -0.5714285714285714
491 807 0.9285714285714286
491 816 2.0
492 493 2.0
492 500 1.3571428571428572
493 500 -0.5714285714285714
493 501 1.3571428571428572
494 495 1.7857142857142858
495 496 -0.5714285714285714
497 498 -1.7857142857142858
497 608 0.9285714285714286
497 648 0.9285714285714286
497 659 0.5714285714285714
498 499 -2.0
498 689 2.0
498 699 0.9285714285714286
498 725 -1.7857142857142858
498 735 -1.3571428571428572
499 767 1.3571428571428572
499 778 1.3571428571428572
499 807 1.7857142857142858
499 816 1.3571428571428572
500 501 -2.0
503 504 -1.7857142857142858
503 509 1.7857142857142858
504 505 -1.3571428571428572
504 509 2.0
504 510 -1.7857142857142858
505 510 0.5714285714285714
505 511 -2.0
506 507 -2.0
506 512 2.0
506 513 -0.5714285714285714
506 587 -2.0
506 597 -0.9285714285714286
506 626 -1.7857142857142858
506 636 1.3571428571428572
507 513 0.9285714285714286
507 669 0.5714285714285714
507 677 -2.0
507 708 -1.7857142857142858
507 716 2.0
508 514 0.9285714285714286
508 515 1.7857142857142858
508 825 -1.7857142857142858
508 832 -2.0
509 510 1.7857142857142858
510 511 -2.0
511 512 0.9285714285714286
511 520 2.0
511 530 0.5714285714285714
512 513 -1.7857142857142858
512 558 0.9285714285714286
512 587 -0.9285714285714286
512 597 1.7857142857142858
513 626 0.5714285714285714
513 636 2.0
513 669 -1.3571428571428572
513 677 -1.7857142857142858
514 515 -1.3571428571428572
514 787 -0.9285714285714286
514 797 -1.3571428571428572
514 825 0.9285714285714286
514 832 -0.5714285714285714
516 517 -0.9285714285714286
516 527 2.0
517 518 1.7857142857142858
517 527 -2.0
517 528 1.3571428571428572
518 519 1.3571428571428572
518 528 -1.7857142857142858
518 529 0.9285714285714286
519 520 -0.5714285714285714
519 529 1.7857142857142858
519 530 -2.0
520 521 -1.3571428571428572
520 530 -0.5714285714285714
520 531 -1.7857142857142858
520 539 -0.5714285714285714
521 531 -0.9285714285714286
521 532 -0.5714285714285714
521 568 2.0
521 578 -1.3571428571428572
522 523 0.9285714285714286
522 532 0.5714285714285714
522 649 -1.3571428571428572
522 659 -0.9285714285714286
522 690 0.5714285714285714
522 699 1.3571428571428572
523 524 -1.7857142857142858
523 726 2.0
523 735 -0.9285714285714286
523 778 -0.9285714285714286
524 525 0.5714285714285714
524 808 -0.9285714285714286
524 816 0.9285714285714286
525 526 1.7857142857142858
525 533 -2.0
525 534 0.5714285714285714
526 534 1.7857142857142858
526 535 0.9285714285714286
527 528 1.7857142857142858
528 529 1.7857142857142858
529 530 -1.3571428571428572
530 531 1.3571428571428572
531 532 1.7857142857142858
531 539 2.0
531 568 0.5714285714285714
531 578 -1.3571428571428572
532 649 -2.0
532 659 0.9285714285714286
533 534 -0.9285714285714286
534 535 -2.0
536 537 -1.7857142857142858
536 544 1.7857142857142858
537 538 1.7857142857142858
537 544 0.9285714285714286
538 539 -2.0
539 540 -1.7857142857142858
539 545 1.7857142857142858
539 559 0.5714285714285714
540 541 -0.5714285714285714
540 545 -0.5714285714285714
540 546 1.7857142857142858
540 587 2.0
540 598 -2.0
540 626 0.9285714285714286
540 637 -2.0
541 542 0.5714285714285714
541 546 0.9285714285714286
541 547 0.9285714285714286
541 669 0.9285714285714286
541 678 0.9285714285714286
541 708 -1.3571428571428572
541 717 1.7857142857142858
542 547 0.9285714285714286
542 745 1.3571428571428572
542 756 -1.3571428571428572
542 787 -1.7857142857142858
542 798 0.5714285714285714
545 546 0.5714285714285714
545 559 -1.3571428571428572
545 587 0.5714285714285714
545 598 0.9285714285714286
546 547 2.0
546 626 0.5714285714285714
546 637 -1.7857142857142858
546 669 0.5714285714285714
546 678 1.3571428571428572
547 708 -2.0
547 717 1.3571428571428572
547 745 -1.3571428571428572
547 756 1.3571428571428572
549 550 -0.9285714285714286
550 551 -1.3571428571428572
551 552 1.3571428571428572
551 557 -0.9285714285714286
552 557 -1.3571428571428572
552 558 -0.5714285714285714
553 554 2.0
553 559 -0.9285714285714286
553 560 -1.7857142857142858
553 568 0.9285714285714286
553 579 1.3571428571428572
554 555 -0.9285714285714286
554 560 0.9285714285714286
554 649 -1.7857142857142858
554 690 -1.7857142857142858
554 700 0.5714285714285714
555 556 -2.0
555 561 0.5714285714285714
555 562 -1.7857142857142858
555 726 -2.0
555 736 1.7857142857142858
555 768 0.5714285714285714
555 779 -1.7857142857142858
556 562 -1.3571428571428572
556 808 2.0
556 817 -0.5714285714285714
557 558 1.7857142857142858
558 559 -1.3571428571428572
559 560 1.3571428571428572
559 568 0.9285714285714286
559 579 -0.5714285714285714
560 561 -0.9285714285714286
560 649 -1.3571428571428572
560 660 1.7857142857142858
561 562 -0.9285714285714286
561 690 2.0
561 726 1.3571428571428572
561 736 2.0
562 768 -0.5714285714285714
562 779 0.9285714285714286
562 808 1.3571428571428572
562 817 -0.9285714285714286
563 564 1.3571428571428572
565 566 0.9285714285714286
565 573 0.9285714285714286
566 573 -0.9285714285714286
566 574 -1.7857142857142858
567 575 -2.0
567 576 0.9285714285714286
568 569 0.5714285714285714
568 578 0.5714285714285714
568 579 -1.3571428571428572
569 570 0.5714285714285714
569 579 0.9285714285714286
569 580 -1.3571428571428572
569 588 -2.0
569 598 -1.7857142857142858
569 627 -2.0
569 637 1.7857142857142858
570 571 0.5714285714285714
570 580 0.9285714285714286
570 581 2.0
570 670 2.0
570 678 2.0
570 709 -0.5714285714285714
570 717 -2.0
571 572 -0.9285714285714286
571 581 -1.3571428571428572
571 582 -1.3571428571428572
571 746 -0.5714285714285714
571 756 0.9285714285714286
571 788 1.3571428571428572
571 798 2.0
572 582 -0.9285714285714286
572 583 -0.9285714285714286
572 826 0.9285714285714286
572 833 -0.9285714285714286
573 574 -0.9285714285714286
574 575 -1.3571428571428572
575 576 2.0
576 577 -0.5714285714285714
577 578 0.5714285714285714
578 579 -1.3571428571428572
579 580 2.0
579 588 -1.7857142857142858
579 598 0.9285714285714286
580 581 0.9285714285714286
580 627 0.5714285714285714
580 637 -1.3571428571428572
580 670 1.3571428571428572
580 678 -1.3571428571428572
581 582 0.5714285714285714
581 709 -0.9285714285714286
581 717 0.9285714285714286
581 746 -1.7857142857142858
581 756 2.0
582 583 -1.7857142857142858
582 788 0.5714285714285714
582 798 2.0
582 826 -2.0
582 833 -1.3571428571428572
584 585 1.7857142857142858
584 594 -1.3571428571428572
585 586 0.9285714285714286
585 594 -0.9285714285714286
585 595 -0.9285714285714286
586 595 -2.0
586 596 2.0
587 588 1.7857142857142858
587 597 1.3571428571428572
587 598 2.0
588 589 0.9285714285714286
588 598 -1.3571428571428572
588 599 -1.7857142857142858
588 609 2.0
589 590 -0.5714285714285714
589 599 0.9285714285714286
589 600 -1.7857142857142858
589 650 -0.9285714285714286
589 660 -0.9285714285714286
589 691 2.0
589 700 2.0
590 591 1.3571428571428572
590 600 -1.7857142857142858
590 601 -1.7857142857142858
590 727 -0.9285714285714286
590 736 1.3571428571428572
590 769 1.7857142857142858
590 779 0.9285714285714286
591 592 -0.5714285714285714
591 601 0.5714285714285714
591 809 -2.0
592 593 -0.5714285714285714
593 602 2.0
594 595 -2.0
595 596 -0.5714285714285714
596 597 0.5714285714285714
597 598 -1.3571428571428572
598 599 1.7857142857142858
599 600 1.3571428571428572
599 609 1.3571428571428572
599 650 -1.7857142857142858
599 660 -0.9285714285714286
600 601 -1.7857142857142858
600 691 -0.9285714285714286
600 700 1.7857142857142858
600 727 0.9285714285714286
600 736 -0.5714285714285714
601 769 -1.3571428571428572
601 779 -1.3571428571428572
601 809 2.0
601 817 -1.7857142857142858
603 604 -1.7857142857142858
603 613 2.0
604 605 1.3571428571428572
604 613 -1.3571428571428572
604 614 1.3571428571428572
605 606 0.9285714285714286
605 614 0.9285714285714286
605 615 -0.9285714285714286
606 607 1.3571428571428572
606 615 -2.0
606 616 -0.5714285714285714
607 608 -0.5714285714285714
607 616 1.3571428571428572
607 617 -2.0
608 617 -0.9285714285714286
609 610 -1.3571428571428572
609 618 -1.3571428571428572
609 627 2.0
609 638 -1.7857142857142858
610 611 1.7857142857142858
610 618 0.5714285714285714
610 619 -1.3571428571428572
610 670 0.9285714285714286
610 679 -2.0
610 709 -1.7857142857142858
610 718 -1.3571428571428572
611 612 1.3571428571428572
611 619 -1.3571428571428572
611 620 -0.5714285714285714
611 746 -1.7857142857142858
611 757 -2.0
611 788 -1.7857142857142858
612 620 -0.5714285714285714
612 621 2.0
612 826 1.7857142857142858
612 834 1.7857142857142858
613 614 -0.9285714285714286
615 616 0.5714285714285714
616 617 -0.9285714285714286
618 619 -1.7857142857142858
618 627 1.7857142857142858
618 638 1.7857142857142858
618 670 0.5714285714285714
618 679 0.5714285714285714
619 620 -0.5714285714285714
619 709 2.0
619 718 0.9285714285714286
619 746 1.3571428571428572
619 757 0.9285714285714286
620 621 1.3571428571428572
620 826 -0.9285714285714286
620 834 -0.9285714285714286
622 623 0.5714285714285714
622 633 1.3571428571428572
623 624 0.9285714285714286
623 633 1.7857142857142858
623 634 -1.3571428571428572
624 625 1.3571428571428572
624 634 -1.3571428571428572
624 635 1.7857142857142858
625 626 -1.3571428571428572
625 635 -0.9285714285714286
625 636 0.9285714285714286
626 627 -1.7857142857142858
626 636 -0.5714285714285714
626 637 0.9285714285714286
627 628 1.7857142857142858
627 637 -2.0
627 638 -1.7857142857142858
628 629 -1.7857142857142858
628 639 -2.0
628 650 -1.3571428571428572
628 661 2.0
628 691 -0.5714285714285714
628 701 1.3571428571428572
629 630 -2.0
629 639 -2.0
629 640 -0.9285714285714286
629 727 -0.5714285714285714
629 737 1.7857142857142858
629 769 2.0
629 780 -1.7857142857142858
630 631 1.3571428571428572
630 640 -0.5714285714285714
630 641 -0.9285714285714286
630 809 -2.0
630 818 -1.3571428571428572
631 632 2.0
631 641 2.0
631 642 -1.3571428571428572
632 642 0.5714285714285714
632 643 -1.7857142857142858
633 634 -1.7857142857142858
634 635 -1.7857142857142858
635 636 -1.3571428571428572
636 637 -0.9285714285714286
637 638 2.0
638 650 2.0
638 661 0.5714285714285714
639 640 1.7857142857142858
639 691 1.3571428571428572
639 701 -0.5714285714285714
639 727 2.0
639 737 1.3571428571428572
640 641 0.9285714285714286
640 769 0.5714285714285714
640 780 1.7857142857142858
640 809 1.3571428571428572
640 818 -1.7857142857142858
641 642 -0.9285714285714286
642 643 -0.9285714285714286
644 654 -1.7857142857142858
645 646 0.5714285714285714
645 655 0.9285714285714286
645 656 -2.0
646 647 -0.9285714285714286
646 656 -0.5714285714285714
646 657 -1.7857142857142858
647 648 1.3571428571428572
647 657 -1.7857142857142858
647 658 2.0
648 649 1.3571428571428572
648 658 -2.0
648 659 2.0
649 650 -0.5714285714285714
649 659 0.5714285714285714
649 660 -2.0
650 651 -0.9285714285714286
650 661 0.9285714285714286
651 652 -0.5714285714285714
651 661 0.9285714285714286
651 662 0.9285714285714286
651 679 0.5714285714285714
651 710 2.0
651 718 -1.3571428571428572
652 653 -1.7857142857142858
652 662 -1.3571428571428572
652 663 -0.9285714285714286
652 747 1.3571428571428572
652 757 1.7857142857142858
652 789 0.9285714285714286
653 663 -1.7857142857142858
653 664 -0.9285714285714286
653 827 1.3571428571428572
653 834 -0.9285714285714286
654 655 -0.5714285714285714
655 656 -2.0
656 657 -0.5714285714285714
657 658 -2.0
658 659 1.7857142857142858
659 660 1.3571428571428572
660 661 -0.9285714285714286
661 662 -1.7857142857142858
661 679 -0.9285714285714286
662 663 1.3571428571428572
662 710 -0.9285714285714286
662 718 -2.0
662 747 -0.9285714285714286
662 757 -1.3571428571428572
663 664 -0.5714285714285714
663 789 2.0
663 827 -0.5714285714285714
663 834 1.7857142857142858
665 666 2.0
665 675 0.9285714285714286
666 667 -0.5714285714285714
666 675 -1.7857142857142858
666 676 -1.3571428571428572
667 668 1.7857142857142858
667 676 2.0
668 669 0.5714285714285714
668 677 1.7857142857142858
669 670 1.3571428571428572
669 677 0.9285714285714286
669 678 0.5714285714285714
670 678 -1.7857142857142858
670 679 0.5714285714285714
671 672 0.5714285714285714
671 680 0.9285714285714286
671 681 1.7857142857142858
671 728 0.9285714285714286
671 770 0.9285714285714286
671 780 0.9285714285714286
672 673 1.3571428571428572
672 681 0.5714285714285714
672 682 0.9285714285714286
672 810 0.5714285714285714
672 818 2.0
673 674 0.9285714285714286
673 682 -1.7857142857142858
673 683 -1.3571428571428572
674 683 1.7857142857142858
674 684 -0.5714285714285714
675 676 -0.5714285714285714
677 678 1.7857142857142858
678 679 -0.9285714285714286
679 680 0.9285714285714286
680 681 0.5714285714285714
680 692 1.3571428571428572
680 701 -0.5714285714285714
680 728 0.9285714285714286
680 737 -0.9285714285714286
681 682 2.0
681 770 1.7857142857142858
681 780 -0.9285714285714286
681 810 1.7857142857142858
681 818 2.0
682 683 1.3571428571428572
683 684 0.9285714285714286
685 686 1.3571428571428572
685 694 0.9285714285714286
686 694 0.5714285714285714
686 695 -1.3571428571428572
687 688 -1.7857142857142858
687 696 -1.3571428571428572
687 697 1.7857142857142858
688 697 -1.3571428571428572
689 690 0.5714285714285714
689 698 2.0
689 699 1.3571428571428572
690 691 0.5714285714285714
690 699 2.0
690 700 0.5714285714285714
691 692 1.3571428571428572
691 700 -0.9285714285714286
692 701 -0.9285714285714286
692 702 1.3571428571428572
692 710 -2.0
693 703 -1.3571428571428572
693 704 1.7857142857142858
693 827 2.0
693 835 1.3571428571428572
694 695 -0.9285714285714286
695 696 0.9285714285714286
696 697 -0.9285714285714286
697 698 0.9285714285714286
699 700 -0.9285714285714286
700 701 0.5714285714285714
701 702 1.7857142857142858
702 703 0.9285714285714286
702 710 -0.9285714285714286
702 747 -2.0
702 758 -0.5714285714285714
703 704 1.7857142857142858
703 789 -2.0
703 827 -2.0
703 835 1.3571428571428572
706 707 2.0
706 714 -1.3571428571428572
706 715 1.7857142857142858
707 708 -2.0
707 715 -1.7857142857142858
707 716 -0.9285714285714286
708 709 0.9285714285714286
708 716 2.0
708 717 -1.3571428571428572
709 710 1.3571428571428572
709 717 -1.3571428571428572
709 718 -1.3571428571428572
710 711 -2.0
710 718 1.7857142857142858
711 712 1.7857142857142858
711 719 -0.5714285714285714
711 728 0.5714285714285714
711 738 -1.3571428571428572
711 770 -0.5714285714285714
712 713 -0.9285714285714286
712 719 1.3571428571428572
712 720 -1.7857142857142858
712 810 -0.9285714285714286
712 819 0.9285714285714286
713 720 0.9285714285714286
713 721 1.7857142857142858
714 715 -2.0
715 716 0.9285714285714286
716 717 -1.3571428571428572
717 718 -0.9285714285714286
719 720 0.9285714285714286
719 770 -1.7857142857142858
719 810 -0.9285714285714286
719 819 -1.7857142857142858
720 721 1.7857142857142858
722 723 1.7857142857142858
722 730 1.7857142857142858
722 731 0.9285714285714286
723 724 -1.7857142857142858
723 731 -1.3571428571428572
723 732 0.9285714285714286
724 732 2.0
724 733 2.0
725 726 -1.3571428571428572
725 734 -1.7857142857142858
725 735 1.3571428571428572
726 727 2.0
726 735 0.9285714285714286
726 736 1.3571428571428572
727 728 2.0
727 736 -1.7857142857142858
727 737 2.0
728 737 1.3571428571428572
728 738 -2.0
729 739 -1.7857142857142858
729 740 -1.3571428571428572
729 828 0.5714285714285714
729 835 1.7857142857142858
730 731 0.9285714285714286
731 732 1.3571428571428572
732 733 1.3571428571428572
733 734 0.9285714285714286
734 735 0.9285714285714286
735 736 -0.9285714285714286
736 737 0.9285714285714286
737 738 0.5714285714285714
738 739 -2.0
738 748 1.7857142857142858
738 758 0.9285714285714286
739 740 -2.0
739 790 2.0
739 828 -1.7857142857142858
739 835 0.5714285714285714
741 742 -0.5714285714285714
741 752 -1.3571428571428572
742 743 -0.9285714285714286
742 752 -0.5714285714285714
742 753 -0.9285714285714286
743 744 0.9285714285714286
743 754 1.7857142857142858
744 745 1.7857142857142858
744 754 -0.5714285714285714
744 755 -0.9285714285714286
745 746 -0.5714285714285714
745 755 1.3571428571428572
745 756 -0.5714285714285714
746 747 -0.9285714285714286
746 756 -0.9285714285714286
746 757 0.9285714285714286
747 748 -0.5714285714285714
747 757 2.0
747 758 -2.0
748 749 -2.0
748 758 1.7857142857142858
748 759 -2.0
748 771 0.9285714285714286
749 750 -0.9285714285714286
749 759 2.0
749 760 1.7857142857142858
749 819 0.5714285714285714
750 751 -2.0
750 761 1.7857142857142858
751 761 -1.7857142857142858
751 762 1.7857142857142858
752 753 2.0
753 754 -1.3571428571428572
754 755 -0.9285714285714286
755 756 -2.0
757 758 0.9285714285714286
758 759 0.5714285714285714
759 760 2.0
759 771 -0.5714285714285714
759 819 0.9285714285714286
760 761 0.9285714285714286
761 762 -0.5714285714285714
763 764 0.9285714285714286
763 773 -0.9285714285714286
763 774 2.0
764 765 0.5714285714285714
764 774 -2.0
764 775 -0.9285714285714286
765 766 -1.3571428571428572
765 775 0.5714285714285714
765 776 0.5714285714285714
766 767 0.5714285714285714
766 776 0.9285714285714286
766 777 -1.3571428571428572
767 768 0.9285714285714286
767 777 0.9285714285714286
767 778 1.7857142857142858
768 769 -0.5714285714285714
768 778 0.5714285714285714
768 779 1.3571428571428572
769 770 1.7857142857142858
769 779 2.0
769 780 -2.0
770 771 -0.9285714285714286
770 780 1.3571428571428572
771 772 -0.5714285714285714
771 781 2.0
771 790 1.7857142857142858
771 799 -1.7857142857142858
772 781 0.9285714285714286
772 782 2.0
772 828 2.0
772 836 -0.5714285714285714
773 774 0.5714285714285714
774 775 -0.5714285714285714
775 776 -0.9285714285714286
776 777 -1.7857142857142858
777 778 -0.5714285714285714
778 779 -0.5714285714285714
779 780 2.0
781 782 1.3571428571428572
781 790 2.0
781 799 -1.3571428571428572
781 828 -2.0
781 836 2.0
783 784 0.5714285714285714
783 794 -1.3571428571428572
784 785 -0.9285714285714286
784 794 -1.3571428571428572
784 795 1.3571428571428572
785 786 -2.0
785 795 2.0
785 796 1.7857142857142858
786 787 1.3571428571428572
786 796 1.7857142857142858
786 797 2.0
787 788 -1.3571428571428572
787 797 1.7857142857142858
787 798 0.9285714285714286
788 789 2.0
788 798 2.0
789 790 1.3571428571428572
790 791 -2.0
790 799 1.3571428571428572
791 792 0.9285714285714286
791 799 0.9285714285714286
791 800 -0.5714285714285714
791 820 0.5714285714285714
792 793 1.3571428571428572
792 800 0.5714285714285714
792 801 0.5714285714285714
793 801 -0.9285714285714286
793 802 -1.7857142857142858
794 795 1.3571428571428572
795 796 -0.9285714285714286
796 797 0.5714285714285714
797 798 -0.9285714285714286
799 800 -1.3571428571428572
799 820 -1.3571428571428572
801 802 1.7857142857142858
803 812 1.7857142857142858
804 805 -0.9285714285714286
804 813 -0.9285714285714286
805 806 -2.0
805 813 1.3571428571428572
805 814 -1.3571428571428572
806 807 1.7857142857142858
806 814 2.0
806 815 -0.9285714285714286
807 808 1.7857142857142858
807 815 -0.9285714285714286
808 809 -0.9285714285714286
808 816 1.3571428571428572
809 817 -0.9285714285714286
809 818 -0.9285714285714286
810 818 1.7857142857142858
810 819 0.9285714285714286
811 820 1.7857142857142858
811 821 -2.0
811 829 1.7857142857142858
811 836 -1.7857142857142858
813 814 -2.0
814 815 1.3571428571428572
815 816 -2.0
816 817 2.0
817 818 -1.3571428571428572
818 819 0.5714285714285714
819 820 0.5714285714285714
820 829 -1.3571428571428572
820 836 1.3571428571428572
823 824 -1.3571428571428572
823 831 -0.5714285714285714
824 825 -0.9285714285714286
824 831 -1.7857142857142858
824 832 2.0
825 826 2.0
825 832 0.5714285714285714
825 833 -0.9285714285714286
826 827 0.9285714285714286
826 834 -0.9285714285714286
827 828 -0.5714285714285714
827 834 -1.3571428571428572
827 835 0.5714285714285714
828 829 -1.3571428571428572
828 835 2.0
828 836 1.3571428571428572
829 830 -0.5714285714285714
829 836 2.0
829 837 0.9285714285714286
830 837 0.9285714285714286
830 838 -1.3571428571428572
831 832 -2.0
832 833 -1.3571428571428572
833 834 2.0
834 835 -1.7857142857142858
835 836 -0.9285714285714286
836 837 -1.3571428571428572
837 838 0.9285714285714286
838 839 1.3571428571428572
