340 1318
1 1 1.642857142857143
2 2 -3.571428571428571
3 3 4.857142857142857
4 4 7.0
5 5 -2.2142857142857144
6 6 2.1428571428571423
7 7 -0.7857142857142851
8 8 3.2857142857142865
9 9 -0.9285714285714284
10 10 -2.0
11 11 1.142857142857143
12 12 0.0714285714285714
13 13 -3.071428571428572
14 14 1.1428571428571428
15 15 0.6428571428571426
16 16 2.428571428571429
17 17 -1.785714285714286
18 18 2.857142857142857
19 19 -2.0
20 20 -0.3571428571428572
21 21 -2.1428571428571432
22 22 -6.285714285714286
23 23 0.3571428571428572
24 24 -1.142857142857143
25 25 1.9999999999999998
26 26 -0.7142857142857144
27 27 4.5
28 28 -2.1428571428571423
29 29 -1.2857142857142856
30 30 -4.5
31 31 -6.714285714285715
32 32 -8.214285714285715
33 33 -2.642857142857143
34 34 -6.2857142857142865
35 35 3.2857142857142856
36 36 -5.000000000000001
37 37 -2.5
38 38 -2.7142857142857144
39 39 -2.071428571428571
40 40 -0.5714285714285712
41 41 -0.1428571428571428
42 42 -0.714285714285714
43 43 -1.142857142857143
44 44 -5.428571428571429
45 45 -2.285714285714286
46 46 -2.0
47 47 -7.5
48 48 0.714285714285714
49 49 2.571428571428571
50 50 0.7142857142857142
51 51 -0.7857142857142858
52 52 -2.1428571428571432
53 53 0.14285714285714302
54 54 -3.857142857142857
55 55 4.642857142857143
56 56 3.0714285714285716
57 57 0.9285714285714288
58 58 1.3571428571428568
59 59 0.8571428571428574
60 60 0.7857142857142851
61 61 1.3571428571428568
62 62 5.857142857142858
63 63 2.1428571428571432
64 64 -4.785714285714286
65 65 -6.214285714285714
66 66 4.857142857142857
67 67 1.0000000000000004
68 68 -4.928571428571429
69 69 -6.928571428571429
70 70 -2.2142857142857144
71 71 -4.0
72 72 -2.071428571428571
73 73 0.42857142857142816
74 74 1.5714285714285714
75 75 -2.2142857142857144
76 76 6.642857142857143
77 77 2.142857142857143
78 78 3.3571428571428568
79 79 -1.5000000000000002
80 80 3.285714285714285
81 81 -2.285714285714286
82 82 -2.928571428571429
83 83 -6.357142857142858
84 84 -1.7857142857142858
85 85 0.2857142857142858
86 86 -5.142857142857142
87 87 4.571428571428572
88 88 5.714285714285714
89 89 0.8571428571428565
90 90 6.071428571428571
91 91 -2.428571428571429
92 92 -0.5714285714285712
93 93 -0.07142857142857162
94 94 9.642857142857142
95 95 7.5
97 97 7.714285714285714
98 98 3.5714285714285716
99 99 -1.4285714285714286
100 100 6.2142857142857135
101 101 6.500000000000001
102 102 3.285714285714286
103 103 -2.2142857142857144
104 104 -2.7142857142857144
105 105 -0.3571428571428572
106 106 -0.5714285714285714
107 107 -0.0714285714285714
108 108 2.1428571428571432
109 109 -6.357142857142857
111 111 0.4285714285714286
112 112 0.28571428571428537
113 113 -1.0714285714285714
114 114 -0.5
115 115 9.071428571428573
116 116 -4.5
117 117 5.2857142857142865
118 118 6.857142857142858
119 119 -2.5
120 120 -1.0000000000000004
121 121 1.2142857142857142
122 122 2.6428571428571432
123 123 1.3571428571428572
124 124 1.2142857142857144
125 125 0.9285714285714288
126 126 3.1428571428571432
127 127 -1.5
128 128 1.3571428571428574
129 129 2.4285714285714284
130 130 -4.5
131 131 8.071428571428571
132 132 -4.285714285714285
133 133 1.5000000000000009
134 134 -1.9285714285714282
135 135 0.2857142857142856
136 136 1.0714285714285718
137 137 -1.928571428571429
138 138 -0.8571428571428572
139 139 -3.0714285714285716
140 140 4.285714285714286
141 141 -1.5
142 142 5.285714285714286
143 143 1.0714285714285714
144 144 2.571428571428572
145 145 -0.5714285714285718
146 146 -4.5
147 147 4.785714285714286
148 148 -1.7142857142857144
149 149 8.142857142857142
150 150 -0.9285714285714284
151 151 0.8571428571428577
152 152 1.4285714285714288
153 153 -2.428571428571429
154 154 -0.7142857142857144
155 155 2.0
156 156 -2.857142857142857
157 157 5.785714285714286
158 158 1.8571428571428574
159 159 -5.642857142857142
160 160 -0.28571428571428537
161 161 0.8571428571428577
162 162 1.3571428571428572
163 163 -2.928571428571429
164 164 0.4285714285714286
165 165 -1.8571428571428568
166 166 -0.2142857142857142
167 167 -5.714285714285714
168 168 -1.7142857142857144
169 169 -6.0
170 170 0.857142857142857
171 171 4.357142857142858
172 172 -1.357142857142857
173 173 3.5000000000000004
174 174 1.214285714285714
175 175 -0.7142857142857144
176 176 -5.142857142857143
177 177 0.5
178 178 1.0714285714285714
179 179 -3.7142857142857135
180 180 0.4285714285714288
181 181 3.071428571428572
182 182 -2.0
183 183 -3.5714285714285716
184 184 -1.5714285714285714
185 185 -2.642857142857143
186 186 3.071428571428572
187 187 5.428571428571429
188 188 2.3571428571428568
189 189 3.857142857142858
190 190 -0.4285714285714286
191 191 -1.2857142857142858
192 192 -4.285714285714286
193 193 -1.2142857142857144
194 194 2.071428571428572
195 195 -3.6428571428571432
196 196 2.571428571428571
197 197 -3.428571428571429
199 199 2.071428571428571
200 200 1.6428571428571428
201 201 -1.5
202 202 -1.4999999999999998
203 203 -3.857142857142857
204 204 -2.5
205 205 0.7857142857142856
206 206 6.357142857142857
207 207 -2.857142857142857
208 208 -1.9285714285714288
209 209 -2.2857142857142856
210 210 -0.2857142857142856
211 211 -6.214285714285714
212 212 -1.785714285714286
213 213 -1.642857142857143
214 214 -6.357142857142857
215 215 -6.571428571428572
216 216 -4.000000000000001
217 217 3.785714285714285
218 218 -7.2142857142857135
219 219 -0.28571428571428603
220 220 4.5
221 221 0.3571428571428572
222 222 3.5
223 223 -2.1428571428571432
224 224 -1.5714285714285714
225 225 -4.142857142857143
226 226 -0.5714285714285714
227 227 -1.8571428571428572
228 228 0.9285714285714284
229 229 -2.571428571428571
230 230 2.142857142857143
231 231 2.220446049250313e-16
232 232 -1.9285714285714284
233 233 -0.857142857142857
234 234 2.7857142857142856
235 235 0.4285714285714286
236 236 5.357142857142857
237 237 6.928571428571429
238 238 -1.2142857142857144
239 239 1.214285714285714
240 240 0.6428571428571426
241 241 4.928571428571429
242 242 -0.4285714285714286
243 243 -1.928571428571429
244 244 0.5
245 245 -0.9285714285714288
246 246 3.2142857142857144
247 247 -2.571428571428572
248 248 -7.142857142857144
249 249 1.0714285714285716
250 250 -0.9285714285714286
251 251 -1.5714285714285714
252 252 -0.7142857142857137
253 253 -6.642857142857142
254 254 2.357142857142857
255 255 4.714285714285714
256 256 -1.9285714285714286
257 257 2.7142857142857144
258 258 -0.7142857142857146
259 259 -5.285714285714286
260 260 -5.142857142857143
261 261 2.3571428571428577
262 262 3.1428571428571423
263 263 -0.7142857142857144
264 264 4.2857142857142865
265 265 0.4285714285714286
266 266 -0.07142857142857117
267 267 -3.357142857142857
268 268 -5.857142857142858
269 269 -0.7857142857142856
270 270 4.928571428571429
271 271 -0.642857142857143
272 272 -5.5
273 273 -1.5714285714285714
274 274 -4.285714285714286
275 275 -1.2142857142857142
276 276 1.4285714285714286
277 277 -3.3571428571428577
278 278 -1.0714285714285714
279 279 0.4285714285714286
280 280 4.5
281 281 4.928571428571429
282 282 -2.2857142857142856
283 283 -2.071428571428571
284 284 0.3571428571428572
285 285 -1.8571428571428572
286 286 0.4285714285714284
287 287 -2.428571428571429
288 288 1.642857142857143
289 289 1.0714285714285714
290 290 3.9285714285714284
291 291 0.4285714285714286
292 292 4.214285714285714
293 293 -1.785714285714286
294 294 -0.642857142857143
295 295 0.785714285714286
296 296 4.714285714285714
297 297 2.5
298 298 -0.4285714285714286
299 299 5.214285714285715
300 300 -0.8571428571428572
301 301 8.142857142857142
302 302 1.2142857142857144
303 303 3.1428571428571432
304 304 -1.0
305 305 5.428571428571429
306 306 0.0714285714285714
307 307 0.2142857142857142
308 308 -2.6428571428571432
309 309 3.071428571428571
310 310 2.2142857142857144
311 311 -0.5
312 312 1.7857142857142858
313 313 -1.2142857142857144
314 314 -6.928571428571429
315 315 4.857142857142858
316 316 1.0714285714285716
317 317 4.071428571428571
318 318 3.071428571428572
319 319 4.428571428571429
320 320 2.285714285714286
321 321 1.4285714285714288
322 322 -4.142857142857143
323 323 0.4285714285714284
324 324 -3.785714285714286
325 325 -1.8571428571428572
326 326 -7.0
327 327 -0.4285714285714286
328 328 -2.4285714285714284
329 329 2.1428571428571432
330 330 -3.5
331 331 0.7857142857142858
332 332 2.0
333 333 -2.0714285714285716
334 334 0.4999999999999998
336 336 5.7857142857142865
337 337 -0.2857142857142856
338 338 -6.0
339 339 2.7142857142857144
340 340 0.7142857142857142
1 2 0.5714285714285714
1 7 -1.7857142857142858
1 43 -1.7857142857142858
1 69 1.3571428571428572
2 3 -1.7857142857142858
2 7 -0.5714285714285714
2 8 1.3571428571428572
2 86 2.0
2 106 2.0
3 4 -2.0
3 8 -0.9285714285714286
3 9 1.7857142857142858
3 128 -0.5714285714285714
3 154 -1.3571428571428572
4 9 -1.7857142857142858
4 10 -0.9285714285714286
4 178 -0.9285714285714286
4 202 -1.3571428571428572
5 6 2.0
5 11 2.0
5 292 -1.7857142857142858
6 11 -0.9285714285714286
6 12 -0.9285714285714286
6 303 -1.3571428571428572
6 316 -0.9285714285714286
7 8 0.5714285714285714
7 69 2.0
7 86 0.5714285714285714
8 9 -1.3571428571428572
8 106 -2.0
8 128 -0.9285714285714286
9 10 0.9285714285714286
9 154 1.3571428571428572
10 202 2.0
11 12 1.7857142857142858
11 292 -2.0
11 303 -2.0
12 316 -0.9285714285714286
13 19 1.7857142857142858
13 50 0.9285714285714286
13 69 -0.5714285714285714
13 73 0.9285714285714286
14 15 1.3571428571428572
14 20 1.3571428571428572
14 128 -0.9285714285714286
14 134 -0.9285714285714286
14 154 -2.0
15 16 -2.0
15 20 -1.3571428571428572
15 21 0.5714285714285714
15 178 1.3571428571428572
15 202 -0.5714285714285714
16 17 1.3571428571428572
16 21 -1.3571428571428572
16 22 0.9285714285714286
16 250 -1.3571428571428572
17 18 -2.0
17 22 -0.5714285714285714
17 23 -0.9285714285714286
17 268 1.7857142857142858
17 272 1.7857142857142858
17 292 0.9285714285714286
17 298 -0.5714285714285714
18 23 -1.7857142857142858
18 24 -2.0
18 303 2.0
18 310 0.5714285714285714
18 316 -0.5714285714285714
18 322 0.9285714285714286
19 69 0.5714285714285714
19 73 -0.5714285714285714
19 86 2.0
19 91 -1.7857142857142858
20 154 0.9285714285714286
20 178 -0.5714285714285714
21 22 0.9285714285714286
21 202 2.0
22 23 0.9285714285714286
22 250 0.9285714285714286
22 268 1.7857142857142858
22 272 1.3571428571428572
23 24 0.9285714285714286
23 292 0.5714285714285714
23 298 0.5714285714285714
23 303 1.3571428571428572
23 310 -2.0
24 316 1.3571428571428572
24 322 1.7857142857142858
24 334 -0.9285714285714286
25 32 2.0
25 44 0.5714285714285714
25 50 -2.0
25 70 -2.0
25 73 -0.5714285714285714
26 27 -2.0
26 32 0.9285714285714286
26 33 -0.9285714285714286
26 91 1.7857142857142858
26 111 0.9285714285714286
27 28 -0.9285714285714286
27 33 -1.7857142857142858
27 34 2.0
27 129 -1.7857142857142858
27 134 2.0
27 155 -2.0
28 29 -0.5714285714285714
28 34 2.0
28 35 -0.9285714285714286
28 179 0.5714285714285714
28 203 2.0
29 30 1.3571428571428572
29 35 -1.7857142857142858
29 227 0.9285714285714286
29 250 1.3571428571428572
30 31 1.3571428571428572
30 36 0.9285714285714286
30 269 -1.3571428571428572
30 272 -0.9285714285714286
30 293 1.3571428571428572
30 298 1.7857142857142858
31 36 2.0
31 304 2.0
31 310 0.5714285714285714
31 317 1.3571428571428572
31 322 -0.5714285714285714
32 33 2.0
32 70 1.7857142857142858
32 73 0.5714285714285714
32 91 0.9285714285714286
33 34 1.3571428571428572
33 111 -1.3571428571428572
33 129 1.3571428571428572
33 134 2.0
34 35 -0.5714285714285714
34 155 0.9285714285714286
34 179 0.5714285714285714
35 203 -0.9285714285714286
35 227 0.9285714285714286
36 293 1.7857142857142858
36 298 -0.5714285714285714
36 304 1.7857142857142858
36 310 -0.9285714285714286
37 38 1.3571428571428572
37 44 0.5714285714285714
37 51 -0.9285714285714286
37 70 0.5714285714285714
37 74 0.9285714285714286
38 39 1.3571428571428572
38 92 2.0
38 112 -2.0
39 42 1.3571428571428572
39 129 -0.5714285714285714
39 135 1.7857142857142858
39 155 -0.9285714285714286
39 161 -0.9285714285714286
40 41 1.3571428571428572
40 269 2.0
40 273 -1.3571428571428572
40 293 0.5714285714285714
40 299 -2.0
41 304 -0.5714285714285714
41 311 0.5714285714285714
41 317 0.5714285714285714
41 323 -1.7857142857142858
42 155 -0.9285714285714286
42 161 -2.0
42 179 0.9285714285714286
42 185 1.3571428571428572
43 44 2.0
43 50 0.9285714285714286
44 45 0.9285714285714286
44 51 1.3571428571428572
45 46 1.7857142857142858
45 51 1.7857142857142858
45 52 1.7857142857142858
45 57 -2.0
45 80 -2.0
46 47 2.0
46 52 0.9285714285714286
46 53 -1.7857142857142858
46 118 -0.9285714285714286
47 48 1.3571428571428572
47 53 1.7857142857142858
47 54 -0.5714285714285714
47 141 0.9285714285714286
47 167 2.0
48 49 -2.0
48 54 1.7857142857142858
48 55 -0.9285714285714286
48 213 -0.9285714285714286
49 55 -0.5714285714285714
49 56 -0.9285714285714286
49 256 0.9285714285714286
50 51 -0.5714285714285714
51 52 0.9285714285714286
51 57 -1.7857142857142858
52 53 -0.9285714285714286
52 80 -0.5714285714285714
53 54 2.0
53 118 -1.7857142857142858
53 141 0.5714285714285714
54 55 -1.3571428571428572
54 167 2.0
55 56 -1.7857142857142858
55 213 1.7857142857142858
55 234 -1.7857142857142858
56 256 0.5714285714285714
56 279 -0.9285714285714286
57 58 2.0
57 63 -0.9285714285714286
57 74 1.7857142857142858
58 59 1.7857142857142858
58 63 -0.5714285714285714
58 64 -2.0
58 92 0.5714285714285714
58 107 -1.3571428571428572
58 112 -1.7857142857142858
59 64 -0.9285714285714286
59 65 1.7857142857142858
59 130 -1.3571428571428572
59 135 -1.3571428571428572
59 156 -1.3571428571428572
59 161 0.5714285714285714
60 65 -0.5714285714285714
60 66 -2.0
60 180 2.0
60 185 -0.5714285714285714
60 204 0.9285714285714286
60 209 -0.5714285714285714
61 62 -2.0
61 67 -1.7857142857142858
61 273 2.0
61 294 1.7857142857142858
61 299 -1.3571428571428572
62 67 -1.7857142857142858
62 68 0.9285714285714286
62 305 -1.7857142857142858
62 311 0.5714285714285714
62 323 -1.7857142857142858
63 64 0.9285714285714286
63 71 1.3571428571428572
63 74 -0.9285714285714286
63 92 -2.0
64 65 1.7857142857142858
64 107 1.3571428571428572
64 112 1.7857142857142858
64 130 0.9285714285714286
64 135 0.9285714285714286
65 66 -0.5714285714285714
65 156 2.0
65 161 1.7857142857142858
65 180 -0.9285714285714286
65 185 0.9285714285714286
66 204 -1.3571428571428572
66 209 -0.9285714285714286
67 68 1.7857142857142858
67 294 -0.5714285714285714
67 299 0.9285714285714286
67 305 1.3571428571428572
67 311 -0.9285714285714286
68 323 1.7857142857142858
68 330 1.3571428571428572
68 335 -0.9285714285714286
69 70 1.7857142857142858
69 73 1.7857142857142858
70 71 2.0
70 73 -0.5714285714285714
70 74 -1.3571428571428572
71 72 0.5714285714285714
71 75 -1.3571428571428572
71 80 -0.5714285714285714
71 82 2.0
72 75 0.9285714285714286
72 76 -1.7857142857142858
72 118 0.5714285714285714
72 123 1.7857142857142858
73 74 -2.0
75 76 1.7857142857142858
75 80 1.7857142857142858
75 82 -0.9285714285714286
76 77 -2.0
76 118 -1.7857142857142858
76 123 -0.5714285714285714
76 141 -0.9285714285714286
76 147 -1.3571428571428572
77 78 -2.0
77 167 0.9285714285714286
77 172 0.9285714285714286
78 79 2.0
78 213 1.3571428571428572
78 220 -2.0
78 234 -1.7857142857142858
78 240 -0.9285714285714286
79 256 -1.3571428571428572
79 279 -0.9285714285714286
79 285 1.7857142857142858
80 81 -1.3571428571428572
80 82 -0.5714285714285714
81 82 0.9285714285714286
81 83 2.0
81 93 1.7857142857142858
81 107 -2.0
81 113 0.9285714285714286
82 83 0.9285714285714286
82 93 0.5714285714285714
83 107 0.9285714285714286
83 113 0.5714285714285714
83 130 1.3571428571428572
83 136 0.5714285714285714
84 204 1.7857142857142858
85 294 0.9285714285714286
85 300 0.5714285714285714
85 305 -1.7857142857142858
86 91 0.5714285714285714
87 88 -0.9285714285714286
87 93 2.0
87 94 -0.9285714285714286
87 96 -1.7857142857142858
87 119 -2.0
87 123 -0.9285714285714286
88 89 0.5714285714285714
88 94 -1.7857142857142858
88 147 -1.7857142857142858
88 172 -1.7857142857142858
89 90 -2.0
89 95 -2.0
89 191 1.3571428571428572
89 214 1.7857142857142858
89 220 -0.5714285714285714
90 95 -1.7857142857142858
90 235 -0.9285714285714286
90 240 -1.3571428571428572
91 92 0.9285714285714286
92 93 -0.9285714285714286
93 94 -2.0
93 96 -1.3571428571428572
94 119 -0.9285714285714286
94 123 -2.0
94 147 -2.0
95 214 -0.9285714285714286
95 220 -1.3571428571428572
95 235 0.5714285714285714
95 240 -2.0
96 97 1.7857142857142858
96 100 1.7857142857142858
96 108 -1.7857142857142858
96 113 1.3571428571428572
97 98 -2.0
97 100 -1.3571428571428572
97 101 -0.9285714285714286
97 131 -0.9285714285714286
97 136 -2.0
97 157 -1.3571428571428572
97 162 -0.9285714285714286
98 101 2.0
98 102 -1.7857142857142858
98 181 -1.7857142857142858
98 186 -1.3571428571428572
98 205 1.3571428571428572
99 103 -0.5714285714285714
99 104 0.9285714285714286
99 270 -0.9285714285714286
99 274 2.0
100 101 -1.7857142857142858
100 108 -1.3571428571428572
100 113 -0.9285714285714286
100 131 -0.5714285714285714
100 136 -2.0
101 102 0.9285714285714286
101 157 -1.7857142857142858
101 162 -1.7857142857142858
101 181 -1.7857142857142858
101 186 -1.3571428571428572
102 103 -0.9285714285714286
102 205 -0.5714285714285714
102 228 -0.9285714285714286
103 104 1.7857142857142858
103 246 0.5714285714285714
103 251 2.0
103 270 -2.0
103 274 1.3571428571428572
104 105 1.7857142857142858
104 295 -1.7857142857142858
105 318 0.5714285714285714
105 324 2.0
105 331 -2.0
105 336 -2.0
106 111 0.5714285714285714
107 108 2.0
107 112 0.9285714285714286
107 113 -1.7857142857142858
108 109 1.7857142857142858
108 113 -1.3571428571428572
108 114 -1.7857142857142858
108 119 0.9285714285714286
108 124 -0.5714285714285714
109 114 1.7857142857142858
109 115 -0.9285714285714286
109 148 1.7857142857142858
109 168 1.3571428571428572
109 173 0.5714285714285714
110 116 1.7857142857142858
110 117 -1.7857142857142858
110 235 0.9285714285714286
110 241 2.0
110 257 -2.0
110 262 -0.9285714285714286
111 112 -0.5714285714285714
112 113 1.3571428571428572
113 114 0.9285714285714286
114 115 -1.7857142857142858
114 119 1.3571428571428572
114 124 0.5714285714285714
114 148 -0.5714285714285714
115 116 -1.3571428571428572
115 168 -1.7857142857142858
115 173 -0.9285714285714286
115 191 -0.9285714285714286
115 196 -1.3571428571428572
116 117 1.3571428571428572
116 214 0.9285714285714286
116 221 2.0
116 235 1.7857142857142858
116 241 -2.0
117 257 -1.3571428571428572
117 262 -0.5714285714285714
117 280 -2.0
117 286 -0.9285714285714286
118 119 -0.9285714285714286
118 123 -2.0
119 120 1.3571428571428572
119 123 1.7857142857142858
119 124 0.9285714285714286
120 121 1.7857142857142858
120 124 -0.9285714285714286
120 125 -0.5714285714285714
120 131 -1.7857142857142858
120 137 1.3571428571428572
120 157 -2.0
120 163 1.7857142857142858
121 125 0.9285714285714286
121 126 -2.0
121 181 0.9285714285714286
121 187 -0.9285714285714286
121 205 -0.5714285714285714
121 210 -1.3571428571428572
122 127 -0.9285714285714286
122 275 -1.3571428571428572
122 295 0.5714285714285714
122 301 -0.9285714285714286
123 124 0.5714285714285714
124 125 1.7857142857142858
124 131 -1.7857142857142858
124 137 -1.7857142857142858
125 126 -0.9285714285714286
125 157 -2.0
125 163 -1.3571428571428572
125 181 1.7857142857142858
125 187 -0.5714285714285714
126 127 0.5714285714285714
126 205 0.5714285714285714
126 210 0.9285714285714286
126 228 -1.3571428571428572
126 230 -0.9285714285714286
127 246 -1.3571428571428572
127 252 2.0
127 270 1.7857142857142858
127 275 -0.5714285714285714
128 129 -0.9285714285714286
128 134 2.0
129 130 1.7857142857142858
129 134 -1.3571428571428572
129 135 -0.9285714285714286
130 131 0.9285714285714286
130 135 -0.9285714285714286
130 136 1.7857142857142858
131 132 -1.3571428571428572
131 136 -2.0
131 137 -0.5714285714285714
132 133 1.3571428571428572
132 138 -2.0
132 142 2.0
132 148 2.0
132 169 1.3571428571428572
132 173 0.9285714285714286
133 138 0.5714285714285714
133 139 1.7857142857142858
133 192 -2.0
133 196 -0.9285714285714286
133 215 -0.9285714285714286
133 221 -1.3571428571428572
134 135 -1.7857142857142858
135 136 2.0
136 137 0.5714285714285714
137 138 0.9285714285714286
137 142 -0.5714285714285714
137 148 2.0
138 139 0.9285714285714286
138 169 1.3571428571428572
138 173 -0.9285714285714286
138 192 1.3571428571428572
138 196 -1.3571428571428572
139 140 0.5714285714285714
139 215 0.9285714285714286
139 221 -2.0
139 236 1.7857142857142858
139 241 -0.9285714285714286
140 258 -0.9285714285714286
140 262 -2.0
140 281 -1.3571428571428572
140 286 -0.5714285714285714
141 147 0.9285714285714286
142 143 -2.0
142 148 -0.9285714285714286
142 149 -1.7857142857142858
142 163 -2.0
143 144 1.7857142857142858
143 149 -0.5714285714285714
143 150 1.3571428571428572
143 182 1.3571428571428572
143 187 -1.7857142857142858
143 206 -1.7857142857142858
143 210 0.5714285714285714
144 145 -1.7857142857142858
144 150 -1.7857142857142858
144 151 -0.9285714285714286
144 230 -1.3571428571428572
144 247 0.9285714285714286
144 252 0.5714285714285714
145 146 0.5714285714285714
145 151 -2.0
145 152 1.3571428571428572
145 275 1.7857142857142858
145 296 2.0
145 301 -1.3571428571428572
146 152 0.9285714285714286
146 153 2.0
146 307 1.3571428571428572
146 312 2.0
146 319 -1.7857142857142858
146 325 -0.5714285714285714
147 148 -0.5714285714285714
148 149 -2.0
149 158 0.5714285714285714
149 163 -2.0
149 182 -0.5714285714285714
149 187 -1.7857142857142858
150 151 0.5714285714285714
150 206 -1.7857142857142858
150 210 2.0
150 230 0.5714285714285714
151 152 -1.3571428571428572
151 247 0.9285714285714286
151 252 1.3571428571428572
151 275 0.5714285714285714
152 153 1.3571428571428572
152 296 -0.5714285714285714
152 307 -1.3571428571428572
152 312 -1.7857142857142858
153 319 -2.0
153 325 2.0
153 337 -0.9285714285714286
154 155 1.7857142857142858
155 156 0.9285714285714286
155 161 -1.7857142857142858
156 157 0.9285714285714286
156 161 0.9285714285714286
156 162 -0.5714285714285714
157 158 -1.3571428571428572
157 163 1.7857142857142858
158 159 -0.9285714285714286
158 163 2.0
158 164 -0.9285714285714286
158 169 0.5714285714285714
158 174 -1.7857142857142858
159 160 2.0
159 164 1.3571428571428572
159 165 1.7857142857142858
159 192 2.0
159 197 -0.5714285714285714
159 215 0.5714285714285714
159 222 -0.5714285714285714
160 165 -0.5714285714285714
160 166 2.0
160 236 -1.3571428571428572
160 242 -1.3571428571428572
160 258 -1.3571428571428572
160 263 0.9285714285714286
161 162 0.5714285714285714
162 163 1.3571428571428572
163 164 1.3571428571428572
164 165 -2.0
164 169 1.7857142857142858
164 174 -0.5714285714285714
164 192 -2.0
164 197 0.5714285714285714
165 166 -2.0
165 215 1.7857142857142858
165 222 -0.9285714285714286
165 236 1.7857142857142858
165 242 2.0
166 258 1.7857142857142858
166 263 2.0
166 281 -1.7857142857142858
166 287 -1.7857142857142858
167 168 -0.5714285714285714
167 172 1.3571428571428572
168 172 1.7857142857142858
168 173 0.9285714285714286
169 170 1.7857142857142858
169 173 -1.7857142857142858
169 174 0.9285714285714286
170 174 -0.5714285714285714
170 175 -0.9285714285714286
170 182 1.7857142857142858
170 188 -2.0
170 206 -0.9285714285714286
171 176 0.5714285714285714
171 276 -1.7857142857142858
171 296 -1.3571428571428572
171 302 -1.7857142857142858
172 173 -0.9285714285714286
173 174 -1.3571428571428572
174 175 1.3571428571428572
174 182 1.3571428571428572
174 188 -0.5714285714285714
175 176 -0.5714285714285714
175 206 -0.9285714285714286
175 231 1.7857142857142858
176 247 1.7857142857142858
176 253 2.0
176 276 1.3571428571428572
177 319 -0.9285714285714286
177 326 -0.9285714285714286
177 338 1.3571428571428572
178 179 -0.9285714285714286
179 180 2.0
179 185 0.5714285714285714
180 181 -2.0
180 185 -0.5714285714285714
180 186 -0.9285714285714286
181 182 -1.3571428571428572
181 186 0.5714285714285714
181 187 0.5714285714285714
182 183 1.3571428571428572
182 187 -0.5714285714285714
182 188 -1.3571428571428572
183 184 1.7857142857142858
183 188 -1.3571428571428572
183 189 -0.5714285714285714
183 193 0.5714285714285714
183 197 -0.9285714285714286
183 216 1.3571428571428572
183 222 1.3571428571428572
184 189 2.0
184 190 -0.5714285714285714
184 237 -1.7857142857142858
184 242 1.3571428571428572
184 259 0.5714285714285714
184 263 -1.7857142857142858
185 186 0.9285714285714286
186 187 -0.9285714285714286
187 188 0.5714285714285714
188 189 0.9285714285714286
188 193 -0.5714285714285714
188 197 2.0
189 190 -0.5714285714285714
189 216 -0.9285714285714286
189 222 -1.3571428571428572
189 237 -2.0
189 242 -1.3571428571428572
190 259 2.0
190 263 -1.7857142857142858
190 287 1.3571428571428572
191 192 1.7857142857142858
191 196 -0.9285714285714286
192 193 0.5714285714285714
192 196 2.0
192 197 0.5714285714285714
193 197 1.7857142857142858
193 198 -0.5714285714285714
193 207 -0.5714285714285714
194 195 -1.7857142857142858
194 199 -1.7857142857142858
194 200 0.9285714285714286
194 276 1.7857142857142858
194 297 -1.7857142857142858
194 302 0.5714285714285714
195 200 -2.0
195 201 0.9285714285714286
195 308 1.3571428571428572
195 313 1.7857142857142858
195 320 1.3571428571428572
195 326 2.0
198 199 -0.9285714285714286
198 207 0.5714285714285714
198 229 0.9285714285714286
199 200 -0.9285714285714286
199 248 1.7857142857142858
199 253 1.7857142857142858
199 276 -2.0
200 201 -0.9285714285714286
200 297 -2.0
200 302 1.7857142857142858
200 308 0.5714285714285714
200 313 0.9285714285714286
201 320 0.9285714285714286
201 326 0.5714285714285714
201 332 -2.0
201 338 2.0
202 203 -0.5714285714285714
203 204 1.3571428571428572
203 209 2.0
204 205 -2.0
204 209 1.7857142857142858
205 206 1.3571428571428572
205 210 -0.9285714285714286
206 207 -1.3571428571428572
206 210 -0.9285714285714286
207 208 1.3571428571428572
207 211 1.7857142857142858
207 216 2.0
207 223 -0.9285714285714286
208 211 -0.5714285714285714
208 212 1.7857142857142858
208 237 -2.0
208 243 2.0
208 259 1.3571428571428572
208 264 -2.0
211 212 1.3571428571428572
211 216 1.3571428571428572
211 223 0.9285714285714286
211 243 1.3571428571428572
212 288 -1.3571428571428572
213 220 -0.5714285714285714
214 215 2.0
214 220 0.5714285714285714
214 221 2.0
215 216 -0.9285714285714286
215 221 1.3571428571428572
215 222 1.7857142857142858
216 217 1.3571428571428572
216 222 -2.0
216 223 1.7857142857142858
217 218 1.3571428571428572
217 223 -2.0
217 224 -1.7857142857142858
217 229 -1.7857142857142858
217 232 -0.9285714285714286
217 248 -0.5714285714285714
217 254 0.5714285714285714
218 219 0.9285714285714286
218 224 1.3571428571428572
218 225 1.7857142857142858
218 297 1.7857142857142858
219 225 1.3571428571428572
219 226 -0.9285714285714286
219 308 1.7857142857142858
219 314 -0.5714285714285714
219 320 -1.3571428571428572
219 327 -0.9285714285714286
220 221 -0.5714285714285714
221 222 -1.7857142857142858
223 224 0.9285714285714286
223 229 -0.5714285714285714
223 232 2.0
224 225 0.5714285714285714
224 248 0.9285714285714286
224 254 -1.7857142857142858
224 277 1.3571428571428572
225 226 0.5714285714285714
225 297 -2.0
225 308 0.9285714285714286
225 314 0.9285714285714286
226 320 -1.7857142857142858
226 327 1.3571428571428572
226 332 1.3571428571428572
228 230 1.3571428571428572
229 231 2.0
229 232 2.0
230 231 -1.7857142857142858
231 232 -2.0
232 233 1.7857142857142858
232 243 -0.9285714285714286
233 264 -0.9285714285714286
233 282 2.0
233 288 -2.0
234 235 -0.5714285714285714
234 240 1.3571428571428572
235 236 -1.7857142857142858
235 240 0.9285714285714286
235 241 -1.3571428571428572
236 237 -1.7857142857142858
236 241 -2.0
236 242 -2.0
237 242 2.0
237 243 -1.3571428571428572
238 244 2.0
238 245 -2.0
238 271 -0.5714285714285714
238 277 1.7857142857142858
239 245 1.3571428571428572
239 309 -0.9285714285714286
239 314 0.9285714285714286
239 321 -2.0
239 327 -0.5714285714285714
240 241 1.3571428571428572
241 242 -2.0
242 243 1.7857142857142858
243 244 -0.9285714285714286
244 245 -2.0
244 249 -1.3571428571428572
244 254 -0.5714285714285714
244 271 0.5714285714285714
244 277 1.7857142857142858
245 309 1.7857142857142858
245 314 1.7857142857142858
246 247 -2.0
246 251 1.3571428571428572
246 252 -1.7857142857142858
247 248 0.9285714285714286
247 252 -0.5714285714285714
247 253 0.5714285714285714
248 249 0.9285714285714286
248 253 1.3571428571428572
248 254 1.7857142857142858
249 254 -1.7857142857142858
249 255 0.5714285714285714
249 265 0.5714285714285714
251 252 -1.7857142857142858
252 253 0.9285714285714286
254 255 -0.5714285714285714
255 265 -2.0
255 282 -1.7857142857142858
255 289 -0.9285714285714286
256 257 1.7857142857142858
257 258 -0.5714285714285714
257 262 -0.5714285714285714
258 259 1.7857142857142858
258 262 0.9285714285714286
258 263 -0.9285714285714286
259 263 0.9285714285714286
259 264 -1.3571428571428572
260 261 1.7857142857142858
260 265 1.7857142857142858
260 266 1.7857142857142858
260 271 1.7857142857142858
260 278 -2.0
261 266 1.7857142857142858
261 309 -0.5714285714285714
261 315 -1.7857142857142858
261 321 -1.7857142857142858
261 328 -1.7857142857142858
263 264 1.3571428571428572
264 265 -1.3571428571428572
265 266 0.5714285714285714
265 271 -0.9285714285714286
265 278 0.9285714285714286
266 267 -1.3571428571428572
266 309 -0.9285714285714286
266 315 -1.7857142857142858
267 321 1.7857142857142858
267 333 2.0
267 340 0.9285714285714286
268 269 1.3571428571428572
268 272 0.9285714285714286
269 272 0.5714285714285714
269 273 -1.7857142857142858
270 274 -2.0
270 275 -1.7857142857142858
271 277 -2.0
271 278 1.7857142857142858
272 273 1.7857142857142858
273 274 0.9285714285714286
274 275 2.0
275 276 0.5714285714285714
276 277 -1.3571428571428572
277 278 1.7857142857142858
278 283 0.5714285714285714
278 289 -2.0
279 280 2.0
279 285 -0.5714285714285714
280 281 -1.7857142857142858
280 285 -1.3571428571428572
280 286 -1.3571428571428572
281 286 -0.9285714285714286
281 287 0.9285714285714286
282 283 0.5714285714285714
282 288 0.5714285714285714
282 289 0.9285714285714286
283 284 2.0
283 289 0.9285714285714286
283 290 -2.0
284 290 0.9285714285714286
284 291 -0.9285714285714286
284 315 -0.5714285714285714
284 328 -1.7857142857142858
285 286 2.0
286 287 1.3571428571428572
287 288 0.5714285714285714
288 289 0.5714285714285714
289 290 -0.5714285714285714
290 291 -0.9285714285714286
290 315 -1.3571428571428572
291 328 2.0
291 340 -0.5714285714285714
292 293 -0.5714285714285714
292 298 -1.3571428571428572
293 294 -0.5714285714285714
293 298 0.5714285714285714
293 299 -1.3571428571428572
294 295 2.0
294 299 -2.0
294 300 -0.9285714285714286
295 296 -1.7857142857142858
295 300 2.0
295 301 -1.7857142857142858
296 297 0.5714285714285714
296 301 -1.7857142857142858
296 302 -1.7857142857142858
297 302 0.9285714285714286
299 300 0.5714285714285714
300 301 -1.3571428571428572
301 302 -0.9285714285714286
303 304 -1.3571428571428572
303 310 -1.7857142857142858
304 305 -1.7857142857142858
304 311 0.9285714285714286
305 306 0.5714285714285714
305 311 -2.0
306 307 1.3571428571428572
306 312 -2.0
307 308 -1.3571428571428572
307 312 1.7857142857142858
307 313 -2.0
308 309 -2.0
308 313 1.3571428571428572
309 314 0.9285714285714286
309 315 -1.3571428571428572
310 311 1.3571428571428572
312 313 -1.7857142857142858
313 314 0.9285714285714286
314 315 2.0
316 317 -2.0
316 322 2.0
317 322 -2.0
317 323 -2.0
318 319 -1.3571428571428572
318 324 -0.9285714285714286
318 325 -1.3571428571428572
319 320 0.5714285714285714
319 325 -0.9285714285714286
319 326 2.0
320 321 -2.0
320 326 2.0
320 327 -2.0
321 327 0.5714285714285714
321 328 2.0
322 323 2.0
323 324 1.3571428571428572
324 325 1.3571428571428572
325 326 1.3571428571428572
327 328 2.0
329 330 -1.3571428571428572
329 334 -1.3571428571428572
329 335 0.5714285714285714
330 331 2.0
330 335 0.5714285714285714
330 336 0.9285714285714286
331 336 -1.3571428571428572
331 337 0.5714285714285714
332 333 0.9285714285714286
332 338 -1.3571428571428572
332 339 -0.9285714285714286
333 339 -1.7857142857142858
333 340 0.9285714285714286
334 335 1.7857142857142858
335 336 -2.0
336 337 -1.3571428571428572
337 338 2.0
338 339 2.0
339 340 -2.0
