694 2805
1 1 2.7142857142857144
2 2 2.7142857142857135
3 3 2.071428571428571
4 4 -0.4285714285714286
5 5 -0.9999999999999998
6 6 6.0
7 7 6.428571428571429
8 8 5.071428571428571
9 9 -1.2857142857142858
10 10 6.7857142857142865
11 11 -0.8571428571428568
12 12 -4.0
13 13 2.357142857142857
14 14 0.9999999999999998
15 15 2.214285714285714
16 16 0.3571428571428572
18 18 -0.642857142857143
19 19 -0.2142857142857142
20 20 0.357142857142857
21 21 -2.7142857142857144
22 22 3.428571428571429
23 23 5.214285714285715
24 24 -2.2142857142857144
25 25 1.7857142857142858
26 26 0.4285714285714286
27 27 -0.42857142857142794
28 28 2.0
29 29 -4.571428571428571
30 30 4.071428571428571
31 31 -1.7142857142857144
32 32 -1.5714285714285716
33 33 -3.2857142857142856
34 34 -0.3571428571428572
35 35 -0.0714285714285714
36 36 -2.500000000000001
37 37 -1.6428571428571432
38 38 5.142857142857142
39 39 5.714285714285714
40 40 -1.1428571428571423
41 41 4.285714285714286
42 42 4.642857142857143
43 43 0.14285714285714302
44 44 -3.928571428571429
45 45 2.285714285714286
47 47 1.3571428571428572
48 48 -0.35714285714285676
49 49 -1.5714285714285714
50 50 2.5000000000000004
51 51 0.07142857142857117
52 52 -0.07142857142857162
53 53 5.5
54 54 -0.2857142857142858
55 55 -3.071428571428571
56 56 3.0714285714285716
57 57 0.0714285714285714
58 58 -0.3571428571428572
59 59 5.714285714285715
60 60 -2.1428571428571432
61 61 0.4285714285714288
62 62 5.071428571428571
63 63 -3.2142857142857144
64 64 -3.7142857142857144
65 65 -1.2857142857142856
66 66 3.4285714285714284
67 67 -6.785714285714285
68 68 -2.7857142857142856
69 69 1.7857142857142854
70 70 -5.571428571428572
71 71 0.928571428571429
72 72 -1.7857142857142856
74 74 3.7142857142857144
75 75 -4.357142857142858
76 76 -1.214285714285714
77 77 -1.0
78 78 2.4285714285714284
79 79 -3.3571428571428568
80 80 1.9285714285714286
81 81 -1.5000000000000002
82 82 0.21428571428571463
83 83 6.142857142857143
84 84 4.142857142857143
85 85 -4.714285714285714
86 86 -0.28571428571428537
87 87 -3.2142857142857144
88 88 -6.0
89 89 -6.0
90 90 -1.8571428571428572
91 91 -1.3571428571428572
92 92 -0.14285714285714235
93 93 -0.7142857142857144
94 94 -5.357142857142858
95 95 -4.142857142857142
96 96 1.7142857142857144
97 97 3.214285714285714
98 98 2.357142857142857
99 99 1.0
100 100 2.428571428571429
101 101 0.7857142857142858
102 102 3.928571428571429
103 103 1.2857142857142858
104 104 0.6428571428571428
105 105 4.142857142857143
106 106 3.2142857142857144
107 107 4.428571428571429
108 108 5.357142857142857
109 109 3.928571428571429
110 110 -1.5
111 111 2.2857142857142856
112 112 5.857142857142857
113 113 2.7142857142857144
114 114 -3.571428571428571
115 115 0.2142857142857142
116 116 -2.0
118 118 2.071428571428571
119 119 1.5
120 120 -4.785714285714286
121 121 -7.142857142857142
122 122 1.2142857142857142
123 123 -3.928571428571428
124 124 4.5
125 125 0.5714285714285714
126 126 -3.2857142857142856
127 127 -2.428571428571429
128 128 -5.642857142857143
129 129 -2.7142857142857144
130 130 4.142857142857142
131 131 3.357142857142857
132 132 -5.7142857142857135
133 133 -5.928571428571429
134 134 -1.7857142857142858
135 135 -3.1428571428571432
136 136 0.7142857142857142
137 137 -4.785714285714286
138 138 0.8571428571428572
139 139 3.285714285714286
140 140 5.7142857142857135
141 141 2.5
142 142 -2.0
143 143 0.7857142857142858
144 144 -0.28571428571428537
145 145 2.220446049250313e-16
146 146 -0.571428571428571
147 147 -2.928571428571428
148 148 -1.3571428571428572
149 149 2.357142857142857
150 150 7.642857142857143
151 151 3.2142857142857144
152 152 -5.142857142857142
153 153 2.0
154 154 3.785714285714286
155 155 -6.2857142857142865
156 156 5.928571428571429
157 157 -1.8571428571428579
158 158 -1.0
159 159 -0.6428571428571428
160 160 1.6428571428571428
161 161 -0.7142857142857149
162 162 0.4285714285714286
163 163 -7.357142857142857
164 164 0.35714285714285743
165 165 8.357142857142858
166 166 3.5
167 167 -1.1428571428571432
168 168 0.7857142857142858
169 169 -2.2142857142857144
170 170 0.5714285714285714
171 171 -3.3571428571428568
172 172 -0.5
173 173 3.7857142857142856
174 174 3.0
175 175 -3.7857142857142856
176 176 0.2142857142857142
177 177 -1.7857142857142858
178 178 2.571428571428572
179 179 -3.0
180 180 -1.714285714285714
181 181 0.5714285714285716
182 182 -0.8571428571428574
183 183 1.3571428571428572
184 184 -0.1428571428571428
185 185 -1.2857142857142858
186 186 -1.071428571428572
187 187 4.142857142857142
188 188 -2.142857142857143
189 189 0.4285714285714286
190 190 4.357142857142857
191 191 2.7857142857142856
192 192 2.7142857142857144
193 193 1.6428571428571428
194 194 2.2142857142857144
195 195 1.071428571428572
196 196 -3.5714285714285716
197 197 2.7857142857142856
198 198 -3.3571428571428577
199 199 0.8571428571428572
200 200 2.7142857142857144
201 201 0.2857142857142856
202 202 -0.5714285714285716
203 203 2.071428571428572
204 204 -2.5
205 205 -2.8571428571428568
206 206 0.6428571428571428
207 207 -5.071428571428571
208 208 1.357142857142857
209 209 -1.5
210 210 1.3571428571428572
211 211 1.1428571428571432
212 212 5.571428571428571
213 213 -1.8571428571428572
214 214 -3.7142857142857144
215 215 -1.5714285714285716
216 216 -2.428571428571429
217 217 7.0
218 218 0.28571428571428514
219 219 -1.8571428571428572
220 220 -0.5
221 221 -0.14285714285714257
222 222 1.3571428571428572
223 223 0.7142857142857144
224 224 4.571428571428572
225 225 -2.571428571428571
226 226 -2.428571428571429
227 227 2.428571428571429
228 228 0.0714285714285714
229 229 -0.7142857142857144
230 230 -1.0
231 231 2.9285714285714284
232 232 -1.285714285714286
233 233 -0.6428571428571428
234 234 -1.9999999999999998
235 235 -0.7857142857142858
236 236 -4.2857142857142865
237 237 -2.7142857142857144
238 238 -1.9285714285714286
239 239 1.3571428571428565
240 240 3.5
241 241 -1.7142857142857144
242 242 1.0714285714285716
243 243 -10.928571428571429
244 244 -3.7857142857142856
245 245 -6.928571428571429
246 246 -1.9285714285714286
247 247 0.3571428571428572
248 248 5.928571428571429
249 249 3.7142857142857144
250 250 -5.5
251 251 -0.9285714285714286
252 252 -9.0
253 253 -0.3571428571428572
254 254 -2.0000000000000004
255 255 -4.071428571428572
256 256 6.7857142857142865
257 257 9.214285714285715
258 258 5.214285714285714
259 259 3.428571428571429
260 260 5.785714285714285
261 261 3.428571428571429
262 262 -0.7142857142857142
263 263 0.5714285714285714
264 264 -1.5
265 265 2.428571428571429
266 266 -3.8571428571428577
267 267 2.2857142857142856
268 268 -2.8571428571428568
269 269 2.7142857142857135
270 270 2.0714285714285716
271 271 -3.2142857142857144
272 272 -5.357142857142858
273 273 -0.4285714285714288
274 274 -2.7142857142857144
275 275 0.9999999999999998
276 276 1.5714285714285714
277 277 -0.4999999999999991
278 278 0.6428571428571428
279 279 -1.5000000000000009
280 280 -0.21428571428571397
281 281 -3.1428571428571432
282 282 4.571428571428571
283 283 3.642857142857143
284 284 0.5000000000000002
285 285 -3.785714285714286
286 286 -2.7857142857142856
287 287 -1.1428571428571435
288 288 -2.928571428571429
289 289 1.4999999999999998
290 290 1.5000000000000004
291 291 -9.571428571428571
292 292 -0.4285714285714288
293 293 -0.4285714285714286
294 294 0.5
295 295 -2.7142857142857144
296 296 2.9285714285714284
297 297 -1.9999999999999998
298 298 -3.2142857142857144
299 299 -3.7142857142857144
300 300 1.2857142857142858
301 301 -0.6428571428571432
302 302 -0.2857142857142856
303 303 -1.214285714285715
304 304 -5.571428571428572
305 305 -4.0
306 306 0.5
307 307 -5.5
308 308 -3.7857142857142856
309 309 -1.5714285714285712
310 310 -6.2857142857142865
311 311 -5.0
312 312 -1.8571428571428572
313 313 -1.9999999999999998
314 314 7.142857142857143
315 315 0.3571428571428572
316 316 -1.0714285714285714
317 317 3.571428571428572
318 318 1.5714285714285716
319 319 8.357142857142858
320 320 -5.7857142857142865
321 321 -7.571428571428573
322 322 -3.6428571428571432
323 323 -2.571428571428571
324 324 3.428571428571429
325 325 3.9285714285714293
326 326 -0.9285714285714286
327 327 -5.285714285714286
328 328 5.0
329 329 1.714285714285714
330 330 3.214285714285714
331 331 0.7857142857142858
332 332 4.571428571428571
333 333 -1.4285714285714286
334 334 -0.9285714285714286
335 335 7.785714285714286
336 336 6.0
337 337 2.2142857142857144
338 338 -0.5
339 339 -0.14285714285714257
340 340 -0.7857142857142854
341 341 5.714285714285714
342 342 7.214285714285714
343 343 -1.785714285714286
344 344 4.642857142857143
345 345 8.071428571428571
346 346 0.28571428571428603
347 347 1.5714285714285716
348 348 0.7857142857142858
349 349 -3.3571428571428577
350 350 4.5
351 351 0.2142857142857144
352 352 -1.0714285714285716
353 353 -4.142857142857143
354 354 -5.571428571428572
355 355 0.4285714285714286
356 356 -0.5
357 357 -4.642857142857142
358 358 -3.7857142857142856
359 359 1.9285714285714286
360 360 -0.2857142857142858
361 361 -5.928571428571428
362 362 1.9285714285714284
363 363 -5.5
364 364 -3.428571428571429
365 365 -1.5714285714285712
366 366 0.357142857142857
367 367 0.5
368 368 -0.4285714285714284
369 369 -4.214285714285714
370 370 -1.7857142857142858
371 371 2.0
372 372 5.999999999999999
373 373 -6.357142857142858
374 374 4.785714285714286
375 375 -6.5
376 376 -2.071428571428571
377 377 2.071428571428571
378 378 -2.5714285714285716
379 379 6.428571428571429
380 380 -0.8571428571428574
381 381 5.857142857142858
382 382 -0.7142857142857146
383 383 -4.0
384 384 2.6428571428571423
385 385 -8.571428571428573
386 386 3.214285714285715
387 387 -1.6428571428571426
388 388 -2.928571428571429
389 389 -0.3571428571428572
390 390 -7.571428571428571
391 391 3.0
392 392 3.6428571428571432
393 393 -6.642857142857143
394 394 0.07142857142857206
395 395 -1.7142857142857146
396 396 3.000000000000001
397 397 -1.2857142857142856
398 398 0.9285714285714279
399 399 1.0714285714285712
400 400 -0.0714285714285714
401 401 -1.0714285714285714
402 402 -1.3571428571428577
403 403 -2.7142857142857144
404 404 -2.7142857142857144
405 405 4.857142857142858
406 406 4.142857142857143
407 407 4.571428571428571
408 408 5.142857142857142
409 409 0.9285714285714286
410 410 -4.2857142857142865
411 411 -2.5
412 412 -0.4285714285714286
413 413 -5.142857142857143
414 414 2.0
415 415 4.785714285714286
416 416 4.142857142857143
417 417 -4.5
418 418 0.1428571428571428
419 419 5.5
420 420 0.7857142857142858
421 421 -6.2142857142857135
422 422 0.14285714285714324
423 423 -0.2142857142857142
424 424 0.0714285714285714
425 425 -2.7857142857142865
426 426 -0.2142857142857144
427 427 2.6428571428571432
428 428 2.571428571428571
429 429 0.5000000000000002
430 430 -3.0714285714285716
431 431 -4.7142857142857135
432 432 -2.7142857142857144
433 433 2.2857142857142856
434 434 -0.5
435 435 2.7857142857142856
436 436 2.1428571428571423
437 437 6.071428571428572
438 438 2.785714285714286
439 439 4.928571428571429
440 440 -4.571428571428571
441 441 -7.142857142857143
442 442 1.4285714285714288
443 443 2.6428571428571423
444 444 -3.5714285714285716
445 445 -2.6428571428571432
446 446 4.142857142857142
447 447 1.5
448 448 2.428571428571429
449 449 -3.071428571428571
450 450 0.5714285714285716
451 451 1.6428571428571428
452 452 3.9999999999999996
453 453 0.2142857142857142
454 454 -0.7142857142857144
455 455 -4.500000000000001
456 456 2.6428571428571432
457 457 -1.928571428571429
458 458 0.5714285714285714
459 459 -4.7857142857142865
460 460 -0.35714285714285676
461 461 3.1428571428571432
462 462 2.571428571428571
463 463 -0.5714285714285716
464 464 1.0714285714285714
465 465 5.285714285714286
466 466 3.4285714285714293
467 467 1.6428571428571432
468 468 -7.071428571428571
469 469 -6.214285714285714
470 470 -5.7142857142857135
471 471 -6.071428571428572
472 472 1.428571428571429
473 473 -6.5
474 474 1.3571428571428572
475 475 1.8571428571428572
476 476 -0.8571428571428572
477 477 1.2142857142857144
478 478 -8.5
479 479 -1.7142857142857135
480 480 -6.5
481 481 -3.7857142857142856
482 482 -0.6428571428571441
483 483 -5.642857142857142
484 484 0.857142857142857
485 485 3.5714285714285716
486 486 -4.285714285714286
487 487 -4.214285714285714
488 488 7.000000000000001
489 489 -3.7857142857142856
490 490 -0.8571428571428572
491 491 2.571428571428571
492 492 0.9285714285714279
493 493 4.142857142857142
494 494 2.357142857142857
495 495 4.285714285714286
496 496 0.5714285714285714
497 497 -2.214285714285715
498 498 -2.2857142857142865
499 499 -4.0
500 500 -4.714285714285714
501 501 -1.7857142857142858
502 502 -4.142857142857142
503 503 6.071428571428571
504 504 -1.3571428571428572
505 505 -0.1428571428571428
506 506 0.3571428571428572
507 507 -2.1428571428571432
508 508 -0.642857142857143
509 509 -2.999999999999999
510 510 -1.6428571428571421
511 511 1.5714285714285707
512 512 3.6428571428571432
513 513 4.642857142857143
514 514 -4.857142857142857
515 515 2.571428571428572
516 516 -0.5714285714285714
517 517 4.357142857142858
518 518 -2.357142857142857
519 519 0.7857142857142858
520 520 2.642857142857144
521 521 1.0714285714285712
522 522 -0.8571428571428574
523 523 0.5
524 524 -1.2142857142857146
525 525 -1.0
526 526 0.5
527 527 1.8571428571428572
528 528 -5.0
529 529 -0.2142857142857142
530 530 0.3571428571428572
531 531 1.5714285714285714
532 532 3.642857142857143
533 533 0.4285714285714284
534 534 -3.5
535 535 -1.0714285714285714
536 536 2.5714285714285716
537 537 1.1428571428571428
538 538 1.8571428571428574
539 539 6.928571428571429
540 540 -0.6428571428571435
541 541 -1.0
542 542 3.0
543 543 0.2857142857142849
544 544 2.1428571428571432
545 545 -1.4285714285714286
546 546 3.8571428571428568
547 547 3.714285714285714
548 548 -2.142857142857143
549 549 2.2142857142857144
550 550 1.2142857142857144
551 551 8.285714285714285
552 552 2.642857142857143
553 553 -1.0714285714285714
554 554 -2.571428571428571
555 555 1.5
556 556 4.928571428571429
557 557 -0.6428571428571428
558 558 6.714285714285714
559 559 -2.7142857142857144
560 560 -2.2142857142857144
561 561 -5.2857142857142865
562 562 -5.214285714285714
563 563 -3.7142857142857144
564 564 3.428571428571429
565 565 -5.285714285714286
566 566 3.000000000000001
567 567 -7.285714285714286
568 568 -0.2857142857142858
569 569 1.2142857142857142
570 570 -1.4999999999999998
571 571 -0.785714285714286
572 572 2.928571428571429
573 573 -4.142857142857142
574 574 -2.428571428571429
575 575 1.357142857142857
576 576 -6.214285714285714
577 577 -5.5
578 578 -7.571428571428571
579 579 -7.214285714285714
580 580 -1.2142857142857142
581 581 2.0714285714285716
582 582 -1.7142857142857146
583 583 -0.9285714285714284
584 584 -5.071428571428571
585 585 -9.642857142857142
586 586 -3.7142857142857144
587 587 -3.071428571428571
588 588 3.2142857142857144
589 589 -1.785714285714286
590 590 -2.3571428571428568
591 591 1.8571428571428568
592 592 -0.2857142857142856
593 593 -5.571428571428572
594 594 -3.071428571428572
595 595 4.285714285714286
596 596 -0.357142857142857
597 597 4.714285714285714
598 598 -1.2142857142857142
599 599 -5.214285714285714
600 600 -7.642857142857142
601 601 -3.5714285714285716
602 602 6.928571428571429
603 603 5.285714285714286
604 604 -0.14285714285714302
605 605 5.214285714285715
606 606 -5.0
607 607 1.7857142857142856
608 608 2.071428571428572
609 609 -1.2857142857142856
610 610 0.6428571428571428
611 611 1.2857142857142856
612 612 4.285714285714286
613 613 1.0714285714285714
614 614 1.2142857142857144
615 615 -2.071428571428571
616 616 -4.7857142857142865
617 617 -2.2857142857142856
618 618 5.642857142857143
619 619 -2.0714285714285716
620 620 -6.571428571428571
621 621 4.2142857142857135
622 622 -3.928571428571429
623 623 -0.5714285714285714
624 624 0.4285714285714286
625 625 -0.5
626 626 2.2142857142857144
627 627 -7.714285714285714
628 628 2.357142857142857
629 629 1.5000000000000002
630 630 5.5
631 631 5.928571428571429
632 632 -5.071428571428571
633 633 -4.785714285714286
634 634 2.5
635 635 0.9285714285714286
636 636 -3.8571428571428577
637 637 0.9285714285714284
638 638 5.357142857142858
639 639 4.357142857142857
640 640 -2.6428571428571432
641 641 2.4285714285714284
642 642 -1.0
643 643 -1.2857142857142858
644 644 -7.142857142857143
645 645 -0.2857142857142858
646 646 0.2857142857142856
647 647 -0.42857142857142794
648 648 3.2142857142857144
649 649 -1.3571428571428572
650 650 -5.642857142857142
651 651 -5.142857142857142
652 652 -0.3571428571428572
653 653 1.5714285714285718
654 654 3.928571428571429
655 655 -1.0714285714285716
656 656 -2.428571428571429
657 657 -3.8571428571428568
658 658 -6.928571428571429
659 659 -1.4285714285714286
660 660 1.1428571428571428
661 661 3.1428571428571432
662 662 0.4999999999999998
663 663 -7.5
664 664 3.928571428571429
665 665 -1.2142857142857142
666 666 3.571428571428571
667 667 -3.2857142857142856
668 668 1.3571428571428574
669 669 2.7142857142857144
670 670 -1.2857142857142858
671 671 -4.714285714285714
672 672 2.214285714285715
673 673 3.428571428571429
674 674 2.2142857142857144
675 675 -1.2142857142857146
676 676 1.7142857142857144
677 677 1.7857142857142858
678 678 -1.4285714285714286
679 679 2.6428571428571432
680 680 -1.4285714285714286
681 681 -3.1428571428571432
682 682 0.2857142857142865
683 683 -7.428571428571429
684 684 2.6428571428571432
685 685 5.214285714285714
686 686 -3.7142857142857144
687 687 2.2142857142857144
688 688 0.3571428571428572
689 689 0.7857142857142858
690 690 1.6428571428571428
691 691 -0.2142857142857142
692 692 4.285714285714286
693 693 -0.4285714285714286
694 694 1.5
1 2 -0.5714285714285714
1 10 -1.3571428571428572
1 23 -0.9285714285714286
1 31 0.5714285714285714
1 53 1.3571428571428572
1 62 -1.7857142857142858
2 3 -0.5714285714285714
2 10 -1.7857142857142858
2 11 -2.0
2 89 1.7857142857142858
2 97 -1.3571428571428572
2 123 1.7857142857142858
3 11 0.9285714285714286
3 12 0.9285714285714286
3 151 -2.0
3 157 1.3571428571428572
3 179 -1.7857142857142858
3 186 -0.9285714285714286
4 5 1.7857142857142858
4 273 -1.3571428571428572
4 281 2.0
4 307 -2.0
5 6 -2.0
5 342 -1.3571428571428572
5 351 2.0
5 378 0.5714285714285714
6 7 0.9285714285714286
6 13 -0.5714285714285714
6 407 -2.0
6 415 -0.5714285714285714
6 437 -1.7857142857142858
7 8 -2.0
7 13 -1.3571428571428572
7 14 -2.0
7 469 -2.0
7 504 -2.0
7 514 2.0
8 9 -0.9285714285714286
8 14 -0.5714285714285714
8 15 -2.0
8 542 1.3571428571428572
8 551 -0.9285714285714286
8 578 2.0
8 586 -2.0
9 15 -0.5714285714285714
9 16 1.3571428571428572
9 613 1.3571428571428572
9 623 2.0
9 651 -1.3571428571428572
9 659 -0.5714285714285714
10 11 -0.9285714285714286
10 53 -1.3571428571428572
10 62 -0.9285714285714286
10 89 0.9285714285714286
10 97 -1.3571428571428572
11 12 -0.9285714285714286
11 118 -0.5714285714285714
11 123 0.5714285714285714
11 151 2.0
11 157 1.7857142857142858
12 179 2.0
12 186 2.0
12 208 -1.7857142857142858
12 215 1.7857142857142858
13 437 -1.3571428571428572
13 469 0.9285714285714286
14 15 0.9285714285714286
14 504 2.0
14 514 1.3571428571428572
14 542 -1.3571428571428572
14 551 -1.3571428571428572
15 16 -1.3571428571428572
15 578 1.3571428571428572
15 586 -0.9285714285714286
15 613 -0.5714285714285714
15 623 0.9285714285714286
16 651 1.7857142857142858
16 659 -1.3571428571428572
16 685 -1.3571428571428572
16 693 0.5714285714285714
17 18 0.9285714285714286
17 25 1.7857142857142858
17 125 -0.9285714285714286
17 159 -1.7857142857142858
18 19 -0.9285714285714286
18 25 -1.3571428571428572
18 26 -0.9285714285714286
18 188 0.9285714285714286
18 216 2.0
19 20 -0.5714285714285714
19 26 0.9285714285714286
19 27 2.0
19 248 0.5714285714285714
19 283 -1.7857142857142858
20 27 1.3571428571428572
20 28 -2.0
20 316 1.7857142857142858
20 353 -0.9285714285714286
21 22 -2.0
21 29 1.7857142857142858
21 445 0.9285714285714286
21 479 2.0
22 29 0.5714285714285714
22 30 -0.9285714285714286
22 516 -2.0
22 553 0.9285714285714286
23 24 -0.9285714285714286
23 31 -2.0
23 661 -1.3571428571428572
24 31 1.3571428571428572
24 32 1.7857142857142858
25 26 -1.7857142857142858
25 159 0.9285714285714286
25 188 -1.3571428571428572
26 27 0.9285714285714286
26 216 1.3571428571428572
26 248 -0.9285714285714286
27 28 -0.9285714285714286
27 283 -2.0
27 316 -0.9285714285714286
28 353 0.9285714285714286
29 30 -1.7857142857142858
29 479 2.0
29 516 2.0
30 553 -1.3571428571428572
31 32 1.7857142857142858
32 38 -2.0
32 54 1.7857142857142858
32 62 -1.7857142857142858
33 39 -2.0
33 40 0.5714285714285714
33 157 0.9285714285714286
33 180 2.0
33 186 1.7857142857142858
34 35 1.7857142857142858
34 41 -2.0
34 308 0.5714285714285714
35 41 0.5714285714285714
35 42 -1.3571428571428572
35 343 1.7857142857142858
35 351 -0.9285714285714286
35 379 -1.7857142857142858
36 37 -2.0
36 43 0.5714285714285714
36 44 1.3571428571428572
36 470 1.7857142857142858
36 505 1.3571428571428572
36 514 -0.5714285714285714
37 44 2.0
37 543 1.7857142857142858
37 551 -0.5714285714285714
37 579 -0.9285714285714286
37 586 1.3571428571428572
38 39 -0.9285714285714286
38 54 -0.5714285714285714
38 62 0.9285714285714286
38 90 -2.0
38 97 -0.5714285714285714
39 40 -1.3571428571428572
39 119 -0.5714285714285714
39 123 0.9285714285714286
39 157 -1.7857142857142858
40 180 -0.9285714285714286
40 186 2.0
40 209 1.7857142857142858
40 215 -0.9285714285714286
41 42 -1.3571428571428572
41 308 -0.5714285714285714
41 351 -0.9285714285714286
42 43 -1.3571428571428572
42 379 -0.5714285714285714
42 408 -0.9285714285714286
42 415 0.9285714285714286
43 44 -1.3571428571428572
43 470 2.0
44 505 0.5714285714285714
44 514 0.5714285714285714
44 543 1.3571428571428572
44 551 -0.5714285714285714
45 652 -0.9285714285714286
45 659 -0.9285714285714286
45 686 -1.7857142857142858
45 693 1.3571428571428572
46 55 -0.5714285714285714
46 135 0.5714285714285714
46 159 0.9285714285714286
46 166 -0.9285714285714286
47 48 1.3571428571428572
47 56 -0.9285714285714286
47 248 -1.7857142857142858
47 257 -0.9285714285714286
47 283 0.9285714285714286
48 49 0.5714285714285714
48 56 -1.7857142857142858
48 57 -0.9285714285714286
48 316 0.5714285714285714
48 353 0.5714285714285714
49 50 1.3571428571428572
49 58 -0.9285714285714286
49 424 0.5714285714285714
50 51 -1.7857142857142858
50 58 0.9285714285714286
50 59 -1.7857142857142858
50 445 -0.9285714285714286
50 452 -0.9285714285714286
50 479 2.0
50 488 -1.3571428571428572
51 52 1.7857142857142858
51 59 -1.7857142857142858
51 60 1.3571428571428572
51 516 0.9285714285714286
51 525 0.5714285714285714
51 553 -0.5714285714285714
51 561 -0.5714285714285714
52 53 -0.5714285714285714
52 60 -0.5714285714285714
52 61 1.7857142857142858
52 595 -0.5714285714285714
52 634 -1.7857142857142858
53 54 -1.7857142857142858
53 61 -1.3571428571428572
53 62 -0.9285714285714286
53 661 -1.7857142857142858
53 669 0.9285714285714286
54 62 -0.5714285714285714
54 63 2.0
54 72 -0.5714285714285714
55 159 0.5714285714285714
55 166 2.0
55 188 2.0
55 195 -0.9285714285714286
56 283 0.5714285714285714
56 316 -0.9285714285714286
57 58 -0.9285714285714286
57 353 1.7857142857142858
58 59 1.7857142857142858
58 424 1.3571428571428572
58 445 -0.9285714285714286
58 452 -0.9285714285714286
59 60 -1.3571428571428572
59 479 -1.3571428571428572
59 488 -1.7857142857142858
59 516 0.5714285714285714
60 61 1.7857142857142858
60 553 0.9285714285714286
60 561 0.5714285714285714
60 595 -0.5714285714285714
61 62 -1.7857142857142858
61 634 -1.7857142857142858
61 661 0.9285714285714286
62 63 1.7857142857142858
63 72 1.7857142857142858
63 98 -0.5714285714285714
63 105 -1.7857142857142858
64 65 2.0
64 72 -2.0
64 73 1.7857142857142858
64 119 1.3571428571428572
64 124 0.5714285714285714
65 66 -1.3571428571428572
65 73 -1.3571428571428572
65 158 -1.7857142857142858
65 180 2.0
65 187 1.7857142857142858
66 67 -1.3571428571428572
66 74 -0.9285714285714286
66 209 -1.7857142857142858
66 247 2.0
67 68 2.0
67 74 0.9285714285714286
67 75 2.0
67 282 -0.5714285714285714
67 308 1.7857142857142858
67 315 2.0
68 69 0.5714285714285714
68 76 0.5714285714285714
68 343 1.3571428571428572
68 352 -0.9285714285714286
68 379 -1.3571428571428572
68 387 0.5714285714285714
69 76 -0.9285714285714286
69 77 -0.9285714285714286
69 408 -1.3571428571428572
69 416 -0.9285714285714286
69 444 1.7857142857142858
70 71 0.5714285714285714
70 78 1.7857142857142858
70 79 1.3571428571428572
70 543 0.9285714285714286
70 552 -2.0
70 579 2.0
70 587 0.9285714285714286
71 79 -1.7857142857142858
71 80 -1.3571428571428572
71 614 -2.0
71 624 1.3571428571428572
71 652 1.3571428571428572
71 660 0.9285714285714286
72 73 0.5714285714285714
72 90 2.0
73 119 -1.3571428571428572
73 124 -0.5714285714285714
73 158 0.9285714285714286
74 75 -1.3571428571428572
74 247 -0.5714285714285714
74 282 -1.7857142857142858
75 76 2.0
75 308 0.9285714285714286
75 315 -0.5714285714285714
75 352 1.3571428571428572
76 77 -1.7857142857142858
76 379 -1.7857142857142858
76 387 2.0
76 408 0.5714285714285714
76 416 0.5714285714285714
77 78 0.5714285714285714
77 444 1.7857142857142858
77 470 1.3571428571428572
78 79 -1.3571428571428572
78 505 -1.7857142857142858
78 515 0.9285714285714286
78 543 -0.5714285714285714
78 552 -2.0
79 80 1.3571428571428572
79 579 1.7857142857142858
79 587 1.7857142857142858
79 614 2.0
79 624 -1.7857142857142858
80 652 -1.3571428571428572
80 660 -0.5714285714285714
80 686 1.3571428571428572
80 694 -1.3571428571428572
81 82 1.7857142857142858
81 91 0.5714285714285714
81 126 1.3571428571428572
81 135 1.7857142857142858
81 160 -2.0
81 166 -2.0
82 91 0.5714285714285714
82 92 0.5714285714285714
82 195 -1.7857142857142858
82 222 -1.3571428571428572
83 84 -2.0
83 92 -0.9285714285714286
83 93 0.5714285714285714
83 257 -1.7857142857142858
83 284 -2.0
84 85 0.9285714285714286
84 93 -1.3571428571428572
84 94 -0.9285714285714286
84 317 -1.3571428571428572
84 354 0.5714285714285714
85 86 2.0
85 94 1.7857142857142858
85 388 2.0
85 424 -2.0
86 87 -0.5714285714285714
86 95 2.0
86 446 -1.3571428571428572
86 452 -2.0
86 480 2.0
86 488 -1.7857142857142858
87 88 2.0
87 95 1.7857142857142858
87 525 -1.3571428571428572
87 561 1.3571428571428572
88 89 0.5714285714285714
88 96 2.0
88 588 -1.7857142857142858
88 595 -0.5714285714285714
88 625 2.0
88 634 1.7857142857142858
89 90 0.9285714285714286
89 96 1.7857142857142858
89 97 0.9285714285714286
89 669 -0.9285714285714286
90 97 0.9285714285714286
91 92 -1.7857142857142858
91 160 2.0
91 166 0.9285714285714286
91 195 -0.9285714285714286
92 93 2.0
92 222 0.9285714285714286
92 249 1.3571428571428572
92 257 -2.0
93 94 1.7857142857142858
93 284 -0.9285714285714286
93 317 -1.3571428571428572
94 354 1.7857142857142858
94 388 0.9285714285714286
95 480 0.5714285714285714
95 488 -2.0
95 525 1.7857142857142858
96 97 -1.7857142857142858
96 625 -0.5714285714285714
96 634 -1.3571428571428572
96 669 -1.7857142857142858
98 105 -1.7857142857142858
99 100 -0.9285714285714286
99 106 0.9285714285714286
99 107 -0.5714285714285714
99 158 0.9285714285714286
99 187 -1.3571428571428572
100 101 -0.9285714285714286
100 107 -0.9285714285714286
100 108 0.9285714285714286
100 247 -0.5714285714285714
101 102 0.5714285714285714
101 108 -1.3571428571428572
101 109 -1.7857142857142858
101 282 1.7857142857142858
101 315 0.9285714285714286
102 109 -1.7857142857142858
102 352 -1.7857142857142858
102 387 -0.9285714285714286
103 104 -0.9285714285714286
103 110 0.5714285714285714
103 515 -0.9285714285714286
104 110 0.9285714285714286
104 552 1.3571428571428572
104 587 -2.0
105 106 -0.5714285714285714
106 107 -1.7857142857142858
106 124 -1.7857142857142858
107 108 -0.5714285714285714
107 187 -0.5714285714285714
108 109 -0.5714285714285714
108 247 -1.7857142857142858
108 282 -2.0
109 315 -1.7857142857142858
109 352 2.0
110 515 -1.7857142857142858
110 552 1.7857142857142858
111 660 -0.9285714285714286
111 694 -1.3571428571428572
112 113 -1.7857142857142858
112 126 -0.9285714285714286
112 136 -0.5714285714285714
112 160 -2.0
112 167 -0.5714285714285714
113 114 -0.5714285714285714
113 196 0.5714285714285714
113 223 -0.9285714285714286
114 120 2.0
114 249 0.5714285714285714
114 258 -1.7857142857142858
114 284 2.0
114 291 1.3571428571428572
115 116 0.5714285714285714
115 121 1.3571428571428572
115 446 -2.0
115 453 1.3571428571428572
115 480 -0.5714285714285714
115 489 -0.9285714285714286
116 117 2.0
116 526 -0.5714285714285714
116 554 -1.7857142857142858
116 562 1.7857142857142858
117 118 -1.7857142857142858
117 122 0.5714285714285714
117 588 -1.3571428571428572
117 596 0.5714285714285714
117 625 0.5714285714285714
117 635 -0.5714285714285714
118 119 -0.9285714285714286
118 122 -0.5714285714285714
118 123 1.7857142857142858
119 123 1.7857142857142858
119 124 -1.7857142857142858
120 284 1.3571428571428572
120 291 2.0
120 326 -0.5714285714285714
121 480 2.0
121 489 1.7857142857142858
121 526 2.0
122 123 -2.0
122 625 1.3571428571428572
122 635 -0.5714285714285714
123 124 -0.9285714285714286
125 126 0.9285714285714286
125 135 -0.5714285714285714
126 127 0.5714285714285714
126 136 1.3571428571428572
127 128 0.9285714285714286
127 136 -2.0
127 137 0.5714285714285714
127 144 0.5714285714285714
127 175 1.7857142857142858
128 129 1.7857142857142858
128 137 0.5714285714285714
128 138 0.5714285714285714
128 231 1.7857142857142858
129 130 0.9285714285714286
129 138 -0.5714285714285714
129 139 -2.0
129 266 0.5714285714285714
129 300 2.0
130 131 -1.7857142857142858
130 139 -1.3571428571428572
130 140 -1.3571428571428572
130 370 -0.5714285714285714
131 132 1.3571428571428572
131 140 -2.0
131 141 -1.3571428571428572
131 400 -0.9285714285714286
131 430 1.3571428571428572
132 133 2.0
132 141 1.7857142857142858
132 462 0.5714285714285714
133 134 1.7857142857142858
133 142 -0.5714285714285714
133 535 1.3571428571428572
133 571 1.3571428571428572
134 142 2.0
134 143 -1.3571428571428572
134 605 -2.0
134 643 1.3571428571428572
135 136 1.3571428571428572
136 137 0.9285714285714286
136 144 -1.7857142857142858
137 138 0.9285714285714286
137 175 1.7857142857142858
138 139 -0.5714285714285714
138 231 -1.7857142857142858
138 266 0.5714285714285714
139 140 2.0
139 300 -1.3571428571428572
140 141 -1.7857142857142858
140 370 -0.5714285714285714
140 400 -2.0
141 430 -0.5714285714285714
141 462 -0.5714285714285714
142 143 0.5714285714285714
142 571 -0.5714285714285714
142 605 0.5714285714285714
143 643 0.5714285714285714
143 678 -0.5714285714285714
144 145 0.5714285714285714
144 152 0.9285714285714286
144 161 -1.3571428571428572
144 167 1.3571428571428572
145 146 -1.7857142857142858
145 152 0.9285714285714286
145 153 0.5714285714285714
145 196 0.5714285714285714
145 217 -1.7857142857142858
145 223 0.9285714285714286
146 153 -2.0
146 154 1.7857142857142858
146 250 0.5714285714285714
146 258 0.9285714285714286
146 285 -0.9285714285714286
146 291 2.0
147 154 -1.3571428571428572
147 155 0.9285714285714286
147 318 1.7857142857142858
147 326 2.0
147 355 -1.3571428571428572
147 363 0.9285714285714286
148 149 -1.3571428571428572
148 481 1.7857142857142858
148 489 0.9285714285714286
149 150 -1.7857142857142858
149 156 -1.3571428571428572
149 517 1.7857142857142858
149 526 0.9285714285714286
149 562 -0.5714285714285714
150 151 -0.9285714285714286
150 156 -0.9285714285714286
150 589 -0.9285714285714286
150 596 -2.0
150 626 0.9285714285714286
150 635 -2.0
151 157 -1.3571428571428572
151 662 -0.9285714285714286
152 153 0.9285714285714286
152 167 0.5714285714285714
152 196 1.7857142857142858
153 154 -1.7857142857142858
153 217 -0.9285714285714286
153 223 2.0
153 250 0.5714285714285714
153 258 -1.3571428571428572
154 155 2.0
154 285 0.9285714285714286
154 291 -1.3571428571428572
154 318 -2.0
154 326 -2.0
155 355 1.3571428571428572
155 363 2.0
156 562 -0.9285714285714286
156 589 -0.9285714285714286
156 596 -1.7857142857142858
157 158 0.9285714285714286
159 160 0.9285714285714286
159 166 -0.9285714285714286
160 161 -2.0
160 166 -0.5714285714285714
160 167 2.0
161 162 -0.9285714285714286
161 167 1.7857142857142858
161 168 1.7857142857142858
161 175 -0.5714285714285714
161 181 2.0
162 168 0.5714285714285714
162 169 -0.9285714285714286
162 231 -0.9285714285714286
162 239 1.7857142857142858
163 164 1.7857142857142858
163 172 0.9285714285714286
163 462 1.3571428571428572
163 471 0.9285714285714286
163 496 1.7857142857142858
163 506 0.5714285714285714
164 165 -1.7857142857142858
164 173 -1.3571428571428572
164 535 -0.9285714285714286
164 544 0.5714285714285714
164 571 1.3571428571428572
165 173 0.9285714285714286
165 174 -1.7857142857142858
165 605 -2.0
165 615 -0.5714285714285714
165 643 -1.7857142857142858
165 653 -1.3571428571428572
166 167 -2.0
167 168 -2.0
168 169 -1.7857142857142858
168 175 2.0
168 181 -1.3571428571428572
169 170 -0.9285714285714286
169 231 1.7857142857142858
169 239 1.3571428571428572
169 266 1.7857142857142858
169 274 0.9285714285714286
170 171 -0.5714285714285714
170 309 0.9285714285714286
171 172 -1.3571428571428572
171 370 2.0
171 380 0.5714285714285714
171 400 1.7857142857142858
171 409 0.9285714285714286
172 430 0.9285714285714286
172 462 -2.0
172 471 2.0
173 174 -2.0
173 571 -1.3571428571428572
173 605 -1.3571428571428572
173 615 1.3571428571428572
174 643 -1.7857142857142858
174 653 0.5714285714285714
174 678 2.0
175 176 -1.7857142857142858
175 181 0.5714285714285714
176 181 0.5714285714285714
176 182 0.9285714285714286
176 197 2.0
176 217 -1.3571428571428572
176 224 -0.5714285714285714
177 184 1.7857142857142858
177 454 0.9285714285714286
177 490 -0.9285714285714286
178 179 1.3571428571428572
178 185 -0.5714285714285714
178 589 -0.9285714285714286
178 597 -2.0
178 626 -1.7857142857142858
178 636 1.3571428571428572
179 180 2.0
179 185 2.0
179 186 -1.7857142857142858
179 662 -1.3571428571428572
179 670 0.5714285714285714
180 186 -1.3571428571428572
180 187 -2.0
181 182 -1.7857142857142858
181 197 -0.5714285714285714
182 217 1.3571428571428572
182 224 -2.0
182 250 1.7857142857142858
182 259 0.5714285714285714
183 355 -1.3571428571428572
184 481 -1.7857142857142858
184 490 1.3571428571428572
184 517 -1.7857142857142858
184 527 0.5714285714285714
185 186 1.3571428571428572
185 626 -1.3571428571428572
185 636 -1.3571428571428572
185 662 1.7857142857142858
185 670 -0.5714285714285714
186 187 -2.0
188 195 0.5714285714285714
189 190 -1.7857142857142858
189 197 -1.7857142857142858
189 198 0.9285714285714286
189 202 1.7857142857142858
189 232 1.7857142857142858
189 239 -1.3571428571428572
190 191 -2.0
190 198 2.0
190 274 -0.5714285714285714
190 309 -2.0
191 192 -0.9285714285714286
191 199 0.9285714285714286
191 335 -2.0
191 371 -0.5714285714285714
191 380 1.7857142857142858
192 193 -1.7857142857142858
192 199 -1.7857142857142858
192 401 -0.9285714285714286
192 409 0.9285714285714286
192 431 1.7857142857142858
193 463 -2.0
193 471 1.3571428571428572
193 497 1.3571428571428572
193 506 -0.5714285714285714
194 200 -1.7857142857142858
194 201 1.3571428571428572
194 606 2.0
194 644 -2.0
194 653 -1.7857142857142858
195 196 2.0
196 197 -1.3571428571428572
197 198 -2.0
197 202 0.9285714285714286
198 232 -1.3571428571428572
198 239 1.7857142857142858
198 274 2.0
199 371 1.3571428571428572
199 380 -2.0
199 401 2.0
199 409 -1.3571428571428572
200 201 -2.0
200 606 2.0
200 615 -0.9285714285714286
201 644 0.9285714285714286
201 653 -0.5714285714285714
202 203 -2.0
202 210 1.3571428571428572
202 218 -0.5714285714285714
202 224 -0.9285714285714286
203 204 1.3571428571428572
203 210 2.0
203 211 1.3571428571428572
203 251 -0.9285714285714286
203 259 -2.0
203 286 -0.9285714285714286
203 292 -0.9285714285714286
204 205 0.5714285714285714
204 211 0.5714285714285714
204 212 1.3571428571428572
204 319 -1.3571428571428572
204 327 1.7857142857142858
204 356 -1.7857142857142858
205 206 1.3571428571428572
205 212 -1.3571428571428572
205 389 1.3571428571428572
205 417 0.9285714285714286
206 213 0.9285714285714286
206 447 -0.9285714285714286
206 454 -2.0
207 208 1.7857142857142858
207 214 0.5714285714285714
207 590 0.5714285714285714
207 597 -0.5714285714285714
207 627 0.9285714285714286
207 636 1.7857142857142858
208 209 0.5714285714285714
208 214 -1.3571428571428572
208 215 -2.0
208 663 2.0
208 670 -0.5714285714285714
209 215 0.9285714285714286
210 211 -0.9285714285714286
210 218 -0.5714285714285714
210 224 0.5714285714285714
210 251 -1.7857142857142858
210 259 -2.0
211 212 -1.7857142857142858
211 286 0.5714285714285714
211 292 -1.3571428571428572
211 319 -0.9285714285714286
211 327 1.3571428571428572
212 356 -1.7857142857142858
212 389 -2.0
213 482 -1.7857142857142858
213 490 1.3571428571428572
213 527 1.3571428571428572
214 215 1.7857142857142858
214 627 0.9285714285714286
214 636 1.7857142857142858
214 663 0.5714285714285714
214 670 -0.5714285714285714
216 222 -0.9285714285714286
217 218 -2.0
217 223 -0.9285714285714286
217 224 -1.3571428571428572
218 219 2.0
218 224 0.5714285714285714
218 225 0.9285714285714286
218 232 1.3571428571428572
218 240 -2.0
219 225 -0.5714285714285714
219 226 2.0
219 275 -2.0
219 301 -0.9285714285714286
219 310 1.3571428571428572
220 227 -1.7857142857142858
220 228 -0.5714285714285714
220 401 -0.9285714285714286
220 410 1.7857142857142858
220 431 2.0
221 230 -0.9285714285714286
221 606 -2.0
221 616 2.0
221 644 2.0
221 654 -0.9285714285714286
223 224 -1.7857142857142858
224 225 0.9285714285714286
225 226 1.3571428571428572
225 232 1.3571428571428572
225 240 0.5714285714285714
225 275 -2.0
226 227 0.9285714285714286
226 301 -1.7857142857142858
226 310 0.5714285714285714
226 335 -2.0
226 344 1.3571428571428572
227 228 0.9285714285714286
227 371 -1.7857142857142858
227 381 -0.9285714285714286
227 401 -1.7857142857142858
227 410 2.0
228 229 1.3571428571428572
228 431 -1.7857142857142858
228 463 1.7857142857142858
228 472 -1.7857142857142858
229 497 1.7857142857142858
229 507 0.9285714285714286
229 536 -2.0
229 545 -1.3571428571428572
230 644 0.5714285714285714
230 654 1.3571428571428572
231 232 -1.7857142857142858
231 239 -2.0
232 233 0.5714285714285714
232 239 -2.0
232 240 1.3571428571428572
233 234 0.9285714285714286
233 240 -1.3571428571428572
233 241 -1.3571428571428572
233 251 2.0
233 260 -0.5714285714285714
233 286 1.7857142857142858
233 293 -1.3571428571428572
234 235 2.0
234 241 0.5714285714285714
234 242 -0.9285714285714286
234 319 -0.9285714285714286
234 328 -2.0
234 356 1.7857142857142858
234 364 0.5714285714285714
235 236 0.9285714285714286
235 242 -0.9285714285714286
235 243 0.5714285714285714
235 394 -2.0
235 417 -1.7857142857142858
235 425 2.0
236 237 2.0
236 243 1.3571428571428572
236 244 2.0
236 455 0.9285714285714286
236 482 -2.0
236 491 -0.9285714285714286
237 238 0.9285714285714286
237 518 1.7857142857142858
237 528 0.9285714285714286
237 555 -0.9285714285714286
237 564 -2.0
238 245 -0.9285714285714286
238 590 0.5714285714285714
238 598 1.7857142857142858
238 627 1.3571428571428572
238 637 -1.7857142857142858
239 240 -0.9285714285714286
240 241 -0.9285714285714286
240 251 1.7857142857142858
240 260 -2.0
241 242 1.7857142857142858
241 286 -2.0
241 293 0.9285714285714286
241 319 0.9285714285714286
241 328 1.7857142857142858
242 243 -0.5714285714285714
242 356 1.3571428571428572
242 364 0.9285714285714286
242 389 -1.3571428571428572
242 394 -1.3571428571428572
243 244 1.7857142857142858
243 417 2.0
243 425 2.0
243 447 1.7857142857142858
243 455 2.0
244 482 -0.5714285714285714
244 491 0.5714285714285714
245 246 1.3571428571428572
245 627 1.7857142857142858
245 637 1.7857142857142858
245 663 2.0
245 671 0.9285714285714286
246 247 0.5714285714285714
248 249 -2.0
248 257 -1.7857142857142858
249 250 -0.9285714285714286
249 257 -0.9285714285714286
249 258 -1.7857142857142858
250 251 0.9285714285714286
250 258 0.5714285714285714
250 259 2.0
251 252 0.9285714285714286
251 260 -2.0
252 253 2.0
252 260 1.3571428571428572
252 261 2.0
252 267 -1.3571428571428572
252 275 1.3571428571428572
252 302 1.7857142857142858
252 310 0.9285714285714286
253 261 -2.0
253 262 2.0
253 336 -0.5714285714285714
253 344 0.9285714285714286
253 372 -2.0
254 255 -0.5714285714285714
254 263 1.7857142857142858
254 264 -1.3571428571428572
254 464 0.9285714285714286
254 498 -0.5714285714285714
254 507 1.7857142857142858
255 256 -0.5714285714285714
255 264 1.3571428571428572
255 265 -2.0
255 537 0.9285714285714286
255 545 1.7857142857142858
255 572 1.7857142857142858
255 580 1.3571428571428572
256 265 -1.3571428571428572
256 607 -1.7857142857142858
256 616 0.9285714285714286
256 645 -2.0
256 654 -2.0
257 258 -1.7857142857142858
259 260 -2.0
260 261 -0.5714285714285714
260 267 -1.3571428571428572
260 275 1.3571428571428572
261 262 -0.5714285714285714
261 302 -1.3571428571428572
261 310 2.0
261 336 -0.9285714285714286
261 344 -2.0
262 263 -0.9285714285714286
262 372 -0.5714285714285714
262 381 0.5714285714285714
262 402 2.0
262 410 -1.7857142857142858
263 264 -2.0
263 432 0.9285714285714286
263 464 0.5714285714285714
263 472 -0.9285714285714286
264 265 2.0
264 498 2.0
264 507 1.7857142857142858
264 537 -0.9285714285714286
264 545 -1.3571428571428572
265 572 -1.3571428571428572
265 580 0.9285714285714286
265 607 -2.0
265 616 1.3571428571428572
266 274 0.9285714285714286
267 268 2.0
267 275 1.7857142857142858
267 276 -2.0
267 293 -1.3571428571428572
268 269 0.9285714285714286
268 276 0.9285714285714286
268 277 -1.7857142857142858
268 320 -0.9285714285714286
268 328 -0.5714285714285714
268 357 1.3571428571428572
268 364 0.9285714285714286
269 270 1.3571428571428572
269 277 -1.3571428571428572
269 390 0.9285714285714286
269 394 -2.0
269 418 -2.0
269 425 -0.5714285714285714
270 271 0.5714285714285714
270 278 -2.0
270 455 -0.5714285714285714
270 483 0.5714285714285714
270 491 -2.0
271 272 1.7857142857142858
271 278 1.3571428571428572
271 279 -0.9285714285714286
271 519 -0.5714285714285714
271 528 0.5714285714285714
271 556 -0.9285714285714286
271 564 1.3571428571428572
272 273 -2.0
272 279 1.7857142857142858
272 280 -0.9285714285714286
272 598 2.0
272 628 1.3571428571428572
272 637 1.3571428571428572
273 280 1.7857142857142858
273 281 1.3571428571428572
273 664 -1.3571428571428572
273 671 2.0
274 275 -0.5714285714285714
275 276 -0.9285714285714286
276 287 -0.5714285714285714
276 293 1.7857142857142858
276 320 0.5714285714285714
276 328 -1.3571428571428572
277 357 0.5714285714285714
277 364 -0.9285714285714286
277 390 2.0
277 394 2.0
278 279 1.7857142857142858
278 483 -1.3571428571428572
278 519 -1.3571428571428572
278 528 0.9285714285714286
279 280 2.0
279 556 -2.0
279 564 -0.5714285714285714
279 598 -0.5714285714285714
280 281 1.7857142857142858
280 628 -1.7857142857142858
280 637 -2.0
280 664 1.3571428571428572
280 671 -2.0
281 282 -2.0
283 284 -1.3571428571428572
284 285 -1.3571428571428572
284 291 1.7857142857142858
285 286 2.0
285 291 1.7857142857142858
285 292 1.3571428571428572
286 287 1.3571428571428572
286 292 -2.0
286 293 2.0
287 288 1.3571428571428572
287 293 -2.0
287 294 -1.3571428571428572
287 302 0.5714285714285714
287 311 1.7857142857142858
288 289 -1.7857142857142858
288 294 2.0
288 295 1.3571428571428572
288 336 -1.7857142857142858
288 345 -1.3571428571428572
288 372 1.3571428571428572
288 382 1.7857142857142858
289 295 1.3571428571428572
289 296 -0.5714285714285714
289 402 -1.3571428571428572
289 411 -0.9285714285714286
289 432 1.7857142857142858
290 298 0.9285714285714286
290 299 0.9285714285714286
290 607 -0.5714285714285714
290 617 0.5714285714285714
290 645 -2.0
290 655 -1.3571428571428572
291 292 2.0
292 293 1.3571428571428572
293 294 -0.9285714285714286
294 295 0.9285714285714286
294 302 0.9285714285714286
294 311 -0.9285714285714286
294 336 -0.5714285714285714
294 345 -0.5714285714285714
295 296 0.9285714285714286
295 372 -0.9285714285714286
295 382 -0.9285714285714286
295 402 -1.3571428571428572
295 411 1.3571428571428572
296 297 0.9285714285714286
296 432 1.3571428571428572
296 438 -1.7857142857142858
296 464 -2.0
296 473 -1.7857142857142858
297 298 -0.9285714285714286
297 498 2.0
297 508 0.5714285714285714
297 537 -0.5714285714285714
298 299 0.9285714285714286
298 572 2.0
298 581 1.7857142857142858
298 607 -0.5714285714285714
298 617 -0.9285714285714286
299 645 1.7857142857142858
299 655 0.9285714285714286
299 679 -1.7857142857142858
299 687 0.9285714285714286
300 301 -0.5714285714285714
300 309 -1.3571428571428572
301 302 0.5714285714285714
301 309 2.0
301 310 1.3571428571428572
302 303 -1.7857142857142858
302 310 -1.3571428571428572
302 311 0.9285714285714286
303 304 -0.5714285714285714
303 311 2.0
303 312 -0.5714285714285714
303 320 1.7857142857142858
303 329 -0.5714285714285714
303 357 0.9285714285714286
304 305 2.0
304 312 2.0
304 390 1.7857142857142858
304 395 -0.5714285714285714
304 418 0.9285714285714286
305 456 2.0
305 483 0.5714285714285714
305 492 -0.5714285714285714
306 307 2.0
306 313 -0.5714285714285714
306 314 -1.3571428571428572
306 599 -1.3571428571428572
306 628 1.3571428571428572
306 638 -0.5714285714285714
307 308 2.0
307 314 0.9285714285714286
307 664 2.0
307 672 0.5714285714285714
308 315 -0.9285714285714286
309 310 2.0
310 311 -0.5714285714285714
311 312 -0.9285714285714286
311 320 1.7857142857142858
311 329 0.9285714285714286
312 357 0.5714285714285714
312 390 1.3571428571428572
312 395 -0.5714285714285714
313 314 -0.5714285714285714
313 556 0.5714285714285714
313 565 0.5714285714285714
313 599 2.0
314 628 -2.0
314 638 -0.5714285714285714
314 664 -1.7857142857142858
314 672 -1.7857142857142858
316 317 0.5714285714285714
317 318 -2.0
317 326 0.5714285714285714
318 319 -1.3571428571428572
318 327 2.0
319 320 -1.3571428571428572
319 327 -1.3571428571428572
319 328 -2.0
320 321 1.3571428571428572
320 328 0.5714285714285714
320 329 2.0
321 322 0.9285714285714286
321 329 0.5714285714285714
321 330 0.9285714285714286
321 337 2.0
321 345 -1.3571428571428572
321 373 1.3571428571428572
321 382 1.7857142857142858
322 323 0.5714285714285714
322 330 -2.0
322 331 -1.7857142857142858
322 403 2.0
322 411 1.3571428571428572
322 433 0.5714285714285714
322 438 2.0
323 324 2.0
323 331 0.9285714285714286
323 473 2.0
323 499 -0.9285714285714286
323 508 -2.0
324 325 -1.3571428571428572
324 332 -1.3571428571428572
324 333 -1.3571428571428572
324 538 -0.9285714285714286
324 573 0.9285714285714286
324 581 -1.3571428571428572
325 333 1.3571428571428572
325 334 0.9285714285714286
325 608 -1.3571428571428572
325 617 -0.9285714285714286
325 646 -2.0
325 655 -0.5714285714285714
326 327 0.9285714285714286
327 328 0.5714285714285714
328 329 -2.0
329 330 -2.0
329 337 -2.0
329 345 1.3571428571428572
330 331 1.3571428571428572
330 373 1.3571428571428572
330 382 -1.7857142857142858
330 403 0.9285714285714286
330 411 -2.0
331 332 -0.9285714285714286
331 433 -1.7857142857142858
331 438 -0.5714285714285714
331 473 2.0
332 333 -1.7857142857142858
332 499 0.9285714285714286
332 508 0.5714285714285714
332 538 -2.0
333 334 -0.5714285714285714
333 573 1.7857142857142858
333 581 -0.9285714285714286
333 608 2.0
333 617 0.9285714285714286
334 646 0.9285714285714286
334 655 -0.5714285714285714
334 680 -1.7857142857142858
334 687 2.0
335 336 -2.0
335 344 -1.7857142857142858
336 337 1.7857142857142858
336 344 -1.3571428571428572
336 345 -0.5714285714285714
337 338 -2.0
337 345 -2.0
337 346 -2.0
337 358 2.0
338 339 1.7857142857142858
338 346 0.9285714285714286
338 347 1.3571428571428572
338 391 1.7857142857142858
338 395 -2.0
338 419 -1.3571428571428572
339 340 -1.7857142857142858
339 347 -0.9285714285714286
339 348 0.5714285714285714
339 456 -1.7857142857142858
339 484 1.3571428571428572
339 492 0.9285714285714286
340 341 -2.0
340 348 -0.5714285714285714
340 349 1.3571428571428572
340 520 -0.5714285714285714
340 529 2.0
340 557 0.5714285714285714
340 565 1.7857142857142858
341 342 -0.9285714285714286
341 350 -0.5714285714285714
341 591 0.9285714285714286
341 629 -1.3571428571428572
341 638 -1.7857142857142858
342 343 -1.7857142857142858
342 350 -2.0
342 351 1.7857142857142858
342 665 -0.9285714285714286
342 672 -2.0
343 351 -1.3571428571428572
343 352 1.7857142857142858
344 345 -1.7857142857142858
345 346 -1.7857142857142858
346 347 0.5714285714285714
346 358 2.0
346 391 -0.5714285714285714
346 395 0.5714285714285714
347 348 0.5714285714285714
347 419 -1.3571428571428572
347 456 -1.7857142857142858
348 349 1.7857142857142858
348 484 -1.3571428571428572
348 492 1.7857142857142858
348 520 -1.7857142857142858
348 529 -1.7857142857142858
349 350 -1.3571428571428572
349 557 0.9285714285714286
349 565 -0.5714285714285714
349 591 -0.5714285714285714
349 599 1.7857142857142858
350 351 0.5714285714285714
350 629 1.7857142857142858
350 638 -2.0
350 672 -0.9285714285714286
351 352 -1.3571428571428572
353 354 1.7857142857142858
354 355 -0.5714285714285714
354 363 2.0
355 356 0.9285714285714286
355 363 0.5714285714285714
356 357 -1.3571428571428572
356 364 1.3571428571428572
357 358 2.0
357 364 0.5714285714285714
358 359 -1.7857142857142858
358 365 -1.7857142857142858
358 373 1.3571428571428572
359 360 -1.3571428571428572
359 365 1.3571428571428572
359 366 1.3571428571428572
359 403 1.7857142857142858
359 412 -0.9285714285714286
359 433 -0.5714285714285714
359 439 -1.7857142857142858
360 361 0.5714285714285714
360 366 -2.0
360 367 1.3571428571428572
360 474 0.9285714285714286
360 499 -0.5714285714285714
360 509 1.3571428571428572
361 362 -2.0
361 367 -0.5714285714285714
361 368 1.7857142857142858
361 538 2.0
361 546 0.5714285714285714
361 573 1.7857142857142858
361 582 1.7857142857142858
362 368 1.7857142857142858
362 369 0.5714285714285714
362 608 -1.3571428571428572
362 618 -1.7857142857142858
362 646 1.7857142857142858
362 656 -0.9285714285714286
365 366 1.7857142857142858
365 373 2.0
365 412 -1.7857142857142858
366 367 -0.5714285714285714
366 474 -0.9285714285714286
367 368 -2.0
367 499 2.0
367 509 2.0
367 538 -0.9285714285714286
367 546 -1.7857142857142858
368 369 1.3571428571428572
368 573 -1.3571428571428572
368 582 -1.7857142857142858
368 608 2.0
368 618 -1.3571428571428572
369 646 -0.5714285714285714
369 656 0.9285714285714286
369 680 1.3571428571428572
369 688 0.5714285714285714
370 380 0.9285714285714286
371 372 -0.5714285714285714
371 380 1.3571428571428572
371 381 -1.7857142857142858
372 373 -0.5714285714285714
372 381 -1.3571428571428572
372 382 -1.3571428571428572
373 374 -0.9285714285714286
373 382 1.7857142857142858
374 375 1.7857142857142858
374 383 -0.9285714285714286
374 391 -2.0
374 396 -1.3571428571428572
374 426 -1.3571428571428572
375 376 0.5714285714285714
375 383 1.3571428571428572
375 384 2.0
375 457 -0.5714285714285714
375 484 1.3571428571428572
376 377 1.3571428571428572
376 384 1.3571428571428572
376 385 1.7857142857142858
376 520 -2.0
376 530 1.3571428571428572
376 557 -0.5714285714285714
376 566 -1.7857142857142858
377 378 -0.9285714285714286
377 385 1.3571428571428572
377 386 -1.7857142857142858
377 591 -2.0
377 600 -2.0
377 629 0.5714285714285714
377 639 1.3571428571428572
378 379 -0.9285714285714286
378 386 0.9285714285714286
378 665 2.0
378 673 0.9285714285714286
380 381 -1.7857142857142858
381 382 -0.5714285714285714
383 384 0.5714285714285714
383 419 -0.5714285714285714
383 426 1.7857142857142858
383 457 1.7857142857142858
384 385 -0.5714285714285714
384 484 -2.0
384 520 -2.0
384 530 -2.0
385 386 2.0
385 557 2.0
385 566 0.9285714285714286
385 591 -0.9285714285714286
385 600 2.0
386 629 -0.9285714285714286
386 639 -2.0
386 665 0.5714285714285714
386 673 -2.0
389 390 1.7857142857142858
389 394 0.5714285714285714
390 391 -1.7857142857142858
390 394 0.9285714285714286
390 395 0.5714285714285714
391 395 1.3571428571428572
391 396 -1.7857142857142858
392 393 0.9285714285714286
392 397 -0.9285714285714286
392 398 -0.9285714285714286
392 465 -1.3571428571428572
392 474 -1.3571428571428572
392 500 1.3571428571428572
392 509 -1.3571428571428572
393 398 1.7857142857142858
393 539 -0.5714285714285714
393 546 1.3571428571428572
393 574 1.7857142857142858
393 582 1.3571428571428572
394 395 1.7857142857142858
395 396 0.5714285714285714
396 397 -1.3571428571428572
396 412 0.9285714285714286
397 398 1.7857142857142858
397 439 -2.0
397 465 2.0
397 474 1.7857142857142858
398 500 -2.0
398 509 1.7857142857142858
398 539 -1.3571428571428572
398 546 -2.0
399 647 -2.0
399 656 0.9285714285714286
399 681 2.0
399 688 -2.0
400 401 1.7857142857142858
400 409 -0.5714285714285714
401 402 -1.7857142857142858
401 409 0.9285714285714286
401 410 1.7857142857142858
402 403 0.9285714285714286
402 410 0.9285714285714286
402 411 2.0
403 411 -2.0
403 412 -0.9285714285714286
404 413 0.9285714285714286
404 414 -1.3571428571428572
404 448 1.3571428571428572
404 457 1.7857142857142858
405 406 -0.9285714285714286
405 414 -2.0
405 521 -0.5714285714285714
405 530 0.5714285714285714
405 558 -1.3571428571428572
405 566 -0.5714285714285714
406 407 -1.7857142857142858
406 592 -0.5714285714285714
406 600 0.9285714285714286
406 639 -1.7857142857142858
407 408 0.5714285714285714
407 415 -1.3571428571428572
407 666 -1.7857142857142858
407 673 1.7857142857142858
408 415 -2.0
408 416 -2.0
409 410 -1.7857142857142858
410 411 1.3571428571428572
411 412 1.3571428571428572
412 413 1.7857142857142858
413 414 2.0
413 420 -0.9285714285714286
413 426 1.7857142857142858
413 448 -1.3571428571428572
413 457 0.9285714285714286
414 521 -2.0
414 530 1.3571428571428572
415 416 -1.7857142857142858
417 418 2.0
417 425 1.3571428571428572
418 419 0.9285714285714286
418 425 -2.0
419 420 -1.3571428571428572
419 426 -1.7857142857142858
420 421 -0.9285714285714286
420 426 1.7857142857142858
420 427 2.0
420 440 -1.3571428571428572
421 422 2.0
421 428 1.7857142857142858
421 465 -0.9285714285714286
421 475 1.3571428571428572
421 500 2.0
421 510 0.9285714285714286
422 423 2.0
422 429 -1.7857142857142858
422 539 -0.5714285714285714
422 547 -0.5714285714285714
422 574 -1.7857142857142858
422 583 0.5714285714285714
423 429 -1.7857142857142858
423 609 2.0
423 619 1.3571428571428572
423 647 -1.3571428571428572
423 657 -2.0
426 427 -2.0
427 428 -1.3571428571428572
427 440 0.5714285714285714
427 465 -0.9285714285714286
427 475 -0.9285714285714286
428 429 2.0
428 500 -1.7857142857142858
428 510 -1.7857142857142858
428 539 -2.0
428 547 0.5714285714285714
429 574 1.7857142857142858
429 583 -1.7857142857142858
429 609 2.0
429 619 -0.9285714285714286
430 431 1.3571428571428572
431 432 1.3571428571428572
432 433 -0.9285714285714286
432 438 -1.7857142857142858
433 438 1.3571428571428572
433 439 -0.9285714285714286
434 435 -0.5714285714285714
434 440 1.7857142857142858
434 441 2.0
434 448 -1.3571428571428572
434 458 -1.3571428571428572
435 436 -1.7857142857142858
435 441 -1.3571428571428572
435 521 0.9285714285714286
435 531 -2.0
435 567 2.0
436 437 1.7857142857142858
436 442 0.9285714285714286
436 443 0.9285714285714286
436 592 -1.7857142857142858
436 601 -1.3571428571428572
436 630 -1.7857142857142858
436 640 0.9285714285714286
437 443 -2.0
437 666 -1.3571428571428572
437 674 -1.3571428571428572
438 439 -2.0
439 440 1.7857142857142858
440 441 1.7857142857142858
440 448 -1.7857142857142858
440 458 1.7857142857142858
441 442 2.0
441 521 1.7857142857142858
441 531 0.9285714285714286
442 443 -2.0
442 558 -2.0
442 592 0.5714285714285714
442 601 -0.9285714285714286
443 630 -1.3571428571428572
443 640 1.7857142857142858
443 666 -1.3571428571428572
443 674 1.3571428571428572
445 446 1.7857142857142858
445 452 1.7857142857142858
446 452 -0.5714285714285714
446 453 -2.0
447 454 -1.7857142857142858
447 455 -0.5714285714285714
448 449 1.7857142857142858
448 457 0.9285714285714286
448 458 -2.0
449 450 -0.9285714285714286
449 458 0.5714285714285714
449 459 2.0
449 466 0.5714285714285714
449 475 -0.9285714285714286
449 501 1.7857142857142858
449 510 -1.7857142857142858
450 451 -0.5714285714285714
450 459 0.9285714285714286
450 460 0.5714285714285714
450 540 -0.9285714285714286
450 547 -2.0
450 575 1.7857142857142858
450 583 0.5714285714285714
451 460 0.9285714285714286
451 461 -2.0
451 610 -0.9285714285714286
451 619 1.3571428571428572
451 648 -1.7857142857142858
451 657 1.3571428571428572
452 453 -1.3571428571428572
453 454 1.7857142857142858
454 455 1.7857142857142858
455 456 0.9285714285714286
456 457 -2.0
457 458 -0.9285714285714286
458 459 -1.3571428571428572
458 466 0.9285714285714286
458 475 1.7857142857142858
459 460 2.0
459 501 -2.0
459 510 2.0
459 540 1.7857142857142858
459 547 -0.5714285714285714
460 461 0.9285714285714286
460 583 -0.9285714285714286
460 610 -1.7857142857142858
460 619 -1.3571428571428572
461 648 -0.9285714285714286
461 657 2.0
461 682 -1.3571428571428572
461 689 -1.7857142857142858
462 463 -0.5714285714285714
462 471 -1.3571428571428572
463 464 -0.5714285714285714
463 471 1.3571428571428572
463 472 0.5714285714285714
464 472 -2.0
464 473 2.0
465 466 -1.3571428571428572
465 474 -1.3571428571428572
465 475 -1.3571428571428572
466 467 -1.7857142857142858
466 475 -1.3571428571428572
466 476 1.3571428571428572
466 485 -1.7857142857142858
467 468 0.5714285714285714
467 476 2.0
467 477 -0.9285714285714286
467 522 -1.3571428571428572
467 531 0.9285714285714286
467 559 0.9285714285714286
467 567 -2.0
468 469 1.7857142857142858
468 477 0.9285714285714286
468 478 2.0
468 593 1.3571428571428572
468 601 1.3571428571428572
468 640 -0.9285714285714286
469 470 0.5714285714285714
469 478 1.7857142857142858
469 667 1.3571428571428572
469 674 1.7857142857142858
471 472 1.7857142857142858
472 473 0.9285714285714286
473 474 1.3571428571428572
474 475 -1.7857142857142858
475 476 1.3571428571428572
476 477 -1.7857142857142858
476 485 -0.5714285714285714
476 522 -0.9285714285714286
476 531 -0.5714285714285714
477 478 2.0
477 559 0.5714285714285714
477 567 0.5714285714285714
477 593 -0.5714285714285714
477 601 -2.0
478 631 2.0
478 640 1.3571428571428572
478 667 1.3571428571428572
478 674 -2.0
479 480 -2.0
479 488 -0.9285714285714286
480 481 1.7857142857142858
480 488 1.7857142857142858
480 489 0.9285714285714286
481 482 0.9285714285714286
481 489 2.0
481 490 -0.9285714285714286
482 483 1.7857142857142858
482 490 0.9285714285714286
482 491 1.3571428571428572
483 484 1.7857142857142858
483 491 1.3571428571428572
483 492 0.9285714285714286
484 492 -2.0
485 486 0.5714285714285714
485 493 -2.0
485 501 2.0
485 511 -1.7857142857142858
486 487 0.5714285714285714
486 493 1.3571428571428572
486 494 1.7857142857142858
486 540 1.7857142857142858
486 548 -0.5714285714285714
486 575 -1.7857142857142858
486 584 0.5714285714285714
487 494 -0.5714285714285714
487 495 1.7857142857142858
487 610 0.9285714285714286
487 620 0.5714285714285714
487 648 0.9285714285714286
488 489 -0.9285714285714286
490 491 -0.9285714285714286
491 492 -2.0
493 494 -1.7857142857142858
493 501 -2.0
493 511 -2.0
493 540 0.9285714285714286
493 548 1.3571428571428572
494 495 -1.3571428571428572
494 575 -1.3571428571428572
494 584 2.0
494 610 -2.0
494 620 0.9285714285714286
495 648 -2.0
495 682 -1.7857142857142858
495 690 -0.9285714285714286
496 497 -0.5714285714285714
496 506 -1.7857142857142858
497 498 -0.5714285714285714
497 506 2.0
497 507 -1.7857142857142858
498 499 -1.3571428571428572
498 507 -0.5714285714285714
498 508 1.3571428571428572
499 500 2.0
499 508 1.3571428571428572
499 509 0.5714285714285714
500 509 1.3571428571428572
500 510 1.7857142857142858
501 502 -0.9285714285714286
501 510 2.0
501 511 0.9285714285714286
502 503 1.3571428571428572
502 512 -1.7857142857142858
502 522 2.0
502 532 0.5714285714285714
502 559 2.0
502 568 0.9285714285714286
503 504 0.5714285714285714
503 512 -1.3571428571428572
503 513 -1.7857142857142858
503 593 0.9285714285714286
503 602 -1.7857142857142858
503 631 -2.0
503 641 -2.0
504 513 -0.5714285714285714
504 514 -1.3571428571428572
504 667 1.7857142857142858
504 675 0.9285714285714286
505 514 1.3571428571428572
505 515 -1.3571428571428572
506 507 -0.5714285714285714
507 508 0.5714285714285714
508 509 -1.7857142857142858
509 510 -0.9285714285714286
510 511 -0.5714285714285714
511 522 0.9285714285714286
511 532 0.9285714285714286
512 513 -1.3571428571428572
512 559 -0.5714285714285714
512 568 -0.9285714285714286
512 593 1.7857142857142858
512 602 0.5714285714285714
513 514 0.9285714285714286
513 631 0.5714285714285714
513 641 -1.7857142857142858
513 667 -2.0
513 675 1.3571428571428572
514 515 0.5714285714285714
516 525 -0.9285714285714286
517 518 -0.5714285714285714
517 526 -1.7857142857142858
517 527 -2.0
518 519 0.9285714285714286
518 527 -1.7857142857142858
518 528 2.0
519 520 0.5714285714285714
519 528 0.5714285714285714
519 529 -0.9285714285714286
520 521 0.5714285714285714
520 529 2.0
520 530 0.5714285714285714
521 522 -0.9285714285714286
521 530 -1.7857142857142858
521 531 0.9285714285714286
522 523 2.0
522 531 0.9285714285714286
522 532 -1.7857142857142858
523 524 -0.5714285714285714
523 532 -2.0
523 533 -2.0
523 548 0.5714285714285714
523 576 0.9285714285714286
523 584 0.5714285714285714
524 533 1.3571428571428572
524 534 1.7857142857142858
524 611 0.9285714285714286
524 620 -0.9285714285714286
524 649 -1.3571428571428572
525 526 0.9285714285714286
526 527 -2.0
527 528 2.0
528 529 -2.0
529 530 0.9285714285714286
530 531 -1.3571428571428572
531 532 -1.3571428571428572
532 533 -0.9285714285714286
532 548 0.9285714285714286
533 534 -0.9285714285714286
533 576 0.9285714285714286
533 584 -1.7857142857142858
533 611 0.9285714285714286
533 620 2.0
534 649 2.0
534 683 2.0
534 690 -1.3571428571428572
535 536 2.0
535 544 -1.3571428571428572
536 537 -1.7857142857142858
536 544 -1.3571428571428572
536 545 0.5714285714285714
537 538 -0.5714285714285714
537 545 1.7857142857142858
538 546 0.5714285714285714
539 540 -1.7857142857142858
539 546 -2.0
539 547 1.3571428571428572
540 547 -0.5714285714285714
540 548 -0.5714285714285714
541 542 -0.5714285714285714
541 549 -1.3571428571428572
541 550 0.5714285714285714
541 594 1.7857142857142858
541 602 -1.7857142857142858
541 632 0.5714285714285714
541 641 1.7857142857142858
542 543 -1.7857142857142858
542 550 1.7857142857142858
542 551 0.9285714285714286
542 668 -1.3571428571428572
542 675 -2.0
543 551 -2.0
546 547 -0.5714285714285714
547 548 -1.3571428571428572
548 549 1.7857142857142858
549 550 -1.7857142857142858
549 560 1.3571428571428572
549 568 -1.3571428571428572
549 594 0.9285714285714286
549 602 -1.7857142857142858
550 551 -2.0
550 632 0.5714285714285714
550 641 -0.5714285714285714
550 668 -1.7857142857142858
550 675 2.0
551 552 -1.7857142857142858
553 554 0.5714285714285714
553 561 0.5714285714285714
554 561 2.0
554 562 1.7857142857142858
555 556 -0.5714285714285714
555 563 1.3571428571428572
555 564 -1.3571428571428572
556 557 -0.9285714285714286
556 564 -2.0
556 565 0.9285714285714286
557 558 -1.3571428571428572
557 565 2.0
557 566 -2.0
558 559 -2.0
558 566 -1.3571428571428572
558 567 1.3571428571428572
559 560 0.5714285714285714
559 567 1.7857142857142858
559 568 -0.5714285714285714
560 568 -0.9285714285714286
560 569 -0.5714285714285714
560 576 1.7857142857142858
561 562 1.3571428571428572
562 563 1.7857142857142858
563 564 0.5714285714285714
564 565 0.5714285714285714
566 567 1.7857142857142858
567 568 1.7857142857142858
568 569 1.3571428571428572
569 570 0.5714285714285714
569 576 -1.3571428571428572
569 611 -1.7857142857142858
569 621 0.5714285714285714
570 649 1.3571428571428572
570 683 0.9285714285714286
570 691 -1.3571428571428572
572 573 -2.0
572 580 -2.0
572 581 -1.3571428571428572
573 574 1.7857142857142858
573 581 -0.5714285714285714
573 582 1.7857142857142858
574 575 -1.3571428571428572
574 582 -1.7857142857142858
574 583 2.0
575 576 1.3571428571428572
575 583 -1.7857142857142858
575 584 1.7857142857142858
576 577 2.0
576 584 0.5714285714285714
577 578 -0.9285714285714286
577 585 1.7857142857142858
577 594 2.0
577 603 -1.3571428571428572
577 632 2.0
578 579 0.5714285714285714
578 585 1.3571428571428572
578 586 0.9285714285714286
578 668 1.3571428571428572
578 676 0.9285714285714286
579 586 2.0
579 587 1.7857142857142858
580 581 0.9285714285714286
581 582 -0.5714285714285714
582 583 0.9285714285714286
583 584 1.3571428571428572
585 586 1.7857142857142858
585 632 1.3571428571428572
585 668 1.3571428571428572
585 676 2.0
586 587 0.5714285714285714
588 589 1.3571428571428572
588 595 -2.0
588 596 0.5714285714285714
589 590 2.0
589 596 1.7857142857142858
589 597 -0.5714285714285714
590 597 -1.3571428571428572
590 598 0.5714285714285714
591 592 -2.0
591 599 1.3571428571428572
591 600 1.3571428571428572
592 593 1.3571428571428572
592 600 1.3571428571428572
592 601 1.3571428571428572
593 594 0.9285714285714286
593 601 1.7857142857142858
593 602 -2.0
594 602 -0.5714285714285714
594 603 -2.0
595 596 -0.5714285714285714
596 597 1.7857142857142858
597 598 -2.0
598 599 -0.5714285714285714
599 600 2.0
600 601 2.0
601 602 1.3571428571428572
602 603 -0.9285714285714286
603 604 1.3571428571428572
603 612 -0.5714285714285714
603 621 -1.7857142857142858
604 650 1.3571428571428572
604 684 -2.0
604 691 -0.5714285714285714
605 606 1.3571428571428572
605 615 -1.7857142857142858
606 607 0.5714285714285714
606 615 2.0
606 616 -0.9285714285714286
607 608 0.5714285714285714
607 617 2.0
608 609 -1.3571428571428572
608 617 -0.5714285714285714
608 618 -2.0
609 610 0.5714285714285714
609 618 -1.3571428571428572
609 619 -0.5714285714285714
610 611 -0.5714285714285714
610 619 1.3571428571428572
610 620 1.7857142857142858
611 612 -2.0
611 620 1.7857142857142858
611 621 -0.5714285714285714
612 613 -0.9285714285714286
612 621 -2.0
612 622 1.7857142857142858
612 633 -0.5714285714285714
613 622 0.9285714285714286
613 623 -0.9285714285714286
613 676 -0.9285714285714286
614 623 -1.7857142857142858
614 624 0.5714285714285714
615 616 2.0
616 617 -0.5714285714285714
617 618 1.7857142857142858
618 619 -0.9285714285714286
619 620 1.7857142857142858
620 621 -1.3571428571428572
621 622 0.9285714285714286
622 623 0.9285714285714286
622 633 1.3571428571428572
622 676 -2.0
623 624 -0.5714285714285714
625 626 -0.5714285714285714
625 634 -1.3571428571428572
625 635 -0.9285714285714286
626 627 1.7857142857142858
626 635 0.5714285714285714
626 636 -1.7857142857142858
627 628 0.9285714285714286
627 636 0.5714285714285714
627 637 -0.5714285714285714
628 629 -1.7857142857142858
628 637 1.3571428571428572
628 638 -1.7857142857142858
629 638 2.0
629 639 -1.7857142857142858
630 631 -1.7857142857142858
630 639 -0.5714285714285714
631 632 -2.0
631 640 -0.9285714285714286
631 641 -1.7857142857142858
632 633 2.0
632 641 0.5714285714285714
633 642 2.0
633 650 0.9285714285714286
633 658 -0.9285714285714286
634 635 2.0
635 636 0.5714285714285714
636 637 0.9285714285714286
637 638 -2.0
638 639 1.3571428571428572
639 640 -0.9285714285714286
640 641 1.3571428571428572
642 650 -1.3571428571428572
642 658 1.7857142857142858
642 684 0.5714285714285714
642 692 -2.0
643 644 0.9285714285714286
643 653 2.0
644 645 1.3571428571428572
644 653 1.3571428571428572
644 654 2.0
645 646 1.7857142857142858
645 654 -2.0
645 655 1.3571428571428572
646 647 -1.3571428571428572
646 655 0.9285714285714286
646 656 -1.7857142857142858
647 648 2.0
647 656 1.7857142857142858
647 657 1.3571428571428572
648 649 -2.0
648 657 0.5714285714285714
649 650 1.3571428571428572
650 651 2.0
650 658 1.3571428571428572
651 652 0.9285714285714286
651 658 1.7857142857142858
651 659 1.3571428571428572
651 677 -1.3571428571428572
652 659 0.9285714285714286
652 660 -0.5714285714285714
653 654 -1.7857142857142858
654 655 -0.5714285714285714
655 656 0.9285714285714286
656 657 0.5714285714285714
658 659 2.0
658 677 0.9285714285714286
661 669 -0.9285714285714286
662 663 1.3571428571428572
662 670 -1.3571428571428572
663 664 -2.0
663 670 1.7857142857142858
663 671 1.7857142857142858
664 665 -1.7857142857142858
664 671 -0.9285714285714286
664 672 0.5714285714285714
665 666 0.9285714285714286
665 672 1.7857142857142858
665 673 -1.3571428571428572
666 667 -0.5714285714285714
666 673 0.5714285714285714
667 668 -0.5714285714285714
667 674 0.5714285714285714
667 675 1.3571428571428572
668 675 -0.9285714285714286
668 676 0.5714285714285714
670 671 2.0
671 672 0.9285714285714286
672 673 -1.3571428571428572
673 674 -2.0
674 675 -0.5714285714285714
675 676 -0.9285714285714286
676 677 -1.3571428571428572
677 685 -0.9285714285714286
677 692 0.9285714285714286
679 680 0.9285714285714286
679 687 -1.7857142857142858
680 681 0.9285714285714286
680 687 -2.0
680 688 2.0
681 682 0.5714285714285714
681 688 -0.9285714285714286
681 689 0.5714285714285714
682 683 1.3571428571428572
682 690 0.9285714285714286
683 684 0.5714285714285714
683 690 2.0
683 691 0.5714285714285714
684 685 -2.0
684 691 2.0
684 692 -1.7857142857142858
685 686 1.7857142857142858
685 692 -1.7857142857142858
685 693 -0.9285714285714286
686 693 0.5714285714285714
686 694 1.7857142857142858
687 688 -1.3571428571428572
688 689 1.3571428571428572
689 690 -0.9285714285714286
690 691 -1.3571428571428572
691 692 0.9285714285714286
692 693 -0.5714285714285714
693 694 -0.5714285714285714
