989 4019
1 1 8.142857142857142
2 2 -4.357142857142858
3 3 -0.35714285714285676
4 4 5.214285714285714
5 5 -0.7857142857142854
6 6 3.3571428571428577
7 7 3.5
8 8 -2.2857142857142856
9 9 -1.4285714285714286
10 10 3.1428571428571432
11 11 2.6428571428571432
12 12 3.7857142857142856
13 13 1.4285714285714286
14 14 2.7142857142857144
15 15 -2.5
16 16 -2.428571428571429
17 17 -0.7857142857142858
18 18 -0.857142857142857
19 19 6.428571428571429
20 20 -3.357142857142857
21 21 -2.7857142857142856
22 22 5.642857142857143
23 23 -2.428571428571429
24 24 1.0000000000000004
25 25 -3.2857142857142856
26 26 2.2857142857142865
27 27 -0.9285714285714286
28 28 -0.28571428571428625
29 29 4.928571428571429
30 30 3.8571428571428577
31 31 -0.14285714285714302
32 32 -3.3571428571428568
33 33 4.214285714285714
34 34 -3.2142857142857144
35 35 -4.142857142857143
36 36 -1.1428571428571428
37 37 2.5
38 38 -1.7857142857142858
39 39 2.2857142857142856
40 40 2.9285714285714284
41 41 3.3571428571428568
42 42 -5.642857142857142
43 43 5.071428571428571
44 44 1.7142857142857144
45 45 3.357142857142857
46 46 1.9285714285714286
47 47 6.714285714285714
48 48 4.642857142857143
49 49 3.7142857142857144
50 50 -2.928571428571429
51 51 -3.7142857142857144
52 52 1.0714285714285712
53 53 1.1428571428571428
54 54 1.142857142857143
55 55 3.285714285714286
56 56 -1.7857142857142858
57 57 4.7857142857142865
58 58 5.2857142857142865
59 59 -2.071428571428571
60 60 -1.0714285714285716
61 61 -1.5714285714285716
62 62 1.0714285714285716
63 63 -0.4999999999999998
64 64 -2.0714285714285716
65 65 -1.642857142857143
66 66 1.2142857142857149
67 67 5.5
68 68 0.6428571428571432
69 69 0.2857142857142856
70 70 3.2142857142857144
71 71 -1.0
72 72 0.2857142857142858
73 73 0.5714285714285714
74 74 -1.7142857142857149
75 75 -4.857142857142857
76 76 2.357142857142857
77 77 -5.2142857142857135
78 78 -2.5
79 79 -1.3571428571428568
80 80 -1.2857142857142856
81 81 -4.071428571428571
82 82 6.0
83 83 0.357142857142857
84 84 0.14285714285714324
85 85 -1.7142857142857137
86 86 -1.857142857142857
87 87 0.5
88 88 -0.7857142857142858
89 89 4.357142857142856
90 90 0.21428571428571397
91 91 7.142857142857143
92 92 -2.2857142857142856
93 93 2.0714285714285716
94 94 -4.0
95 95 -4.0
96 96 -1.7857142857142851
97 97 6.571428571428571
98 98 -1.8571428571428568
99 99 -1.0
100 100 8.928571428571429
101 101 -2.785714285714285
102 102 -1.7142857142857144
103 103 -2.2142857142857144
104 104 -2.2142857142857144
105 105 -2.428571428571428
106 106 -8.142857142857142
107 107 2.8571428571428568
108 108 -0.2142857142857144
109 109 2.071428571428572
110 110 3.2142857142857144
111 111 -5.357142857142857
112 112 0.6428571428571432
113 113 -2.5
114 114 8.92857142857143
115 115 3.0
116 116 -0.0714285714285714
117 117 0.2857142857142856
118 118 0.2857142857142858
119 119 1.9285714285714286
120 120 -3.214285714285714
121 121 1.4285714285714284
122 122 -4.0
123 123 -5.142857142857144
124 124 -4.2142857142857135
125 125 -0.7857142857142858
126 126 0.8571428571428577
127 127 -0.5
128 128 0.7142857142857144
129 129 -0.7857142857142856
130 130 0.07142857142857206
131 131 -1.3571428571428572
132 132 -2.428571428571429
133 133 -2.071428571428571
134 134 0.9999999999999998
135 135 1.857142857142857
136 136 -2.714285714285714
137 137 -4.2857142857142865
138 138 3.7142857142857135
139 139 9.214285714285715
140 140 -5.071428571428572
141 141 -2.0
142 142 -0.7857142857142856
143 143 -0.3571428571428572
144 144 -0.0714285714285714
145 145 1.8571428571428572
146 146 5.0
147 147 -0.4285714285714286
148 148 -1.5714285714285716
149 149 -0.2857142857142858
150 150 6.642857142857142
151 151 -3.357142857142857
152 152 1.0
153 153 2.0
154 154 -1.8571428571428574
155 155 -0.7142857142857144
156 156 4.857142857142858
157 157 6.857142857142857
158 158 7.714285714285714
159 159 3.928571428571429
160 160 -8.142857142857142
161 161 -4.928571428571429
162 162 2.071428571428571
163 163 2.857142857142857
164 164 -2.2857142857142856
165 165 4.142857142857142
166 166 -5.571428571428572
167 167 -4.714285714285714
168 168 -3.000000000000001
169 169 6.142857142857142
170 170 -2.2142857142857144
171 171 -4.428571428571429
172 172 -0.9285714285714282
173 173 -0.2857142857142858
174 174 5.071428571428571
175 175 -1.4999999999999998
176 176 -0.3571428571428572
177 177 1.2142857142857144
178 178 1.071428571428572
179 179 -0.2857142857142856
180 180 -2.0
181 181 -1.7857142857142858
182 182 0.5714285714285714
183 183 0.5714285714285716
184 184 -5.7857142857142865
185 185 -4.071428571428572
186 186 0.7857142857142858
187 187 0.2857142857142858
188 188 0.1428571428571428
189 189 2.5
190 190 -1.6428571428571426
191 191 -2.357142857142857
192 192 -1.785714285714286
193 193 -7.999999999999999
194 194 -4.928571428571429
195 195 -3.071428571428571
196 196 0.4285714285714286
197 197 3.357142857142857
198 198 -0.4285714285714288
199 199 -0.2857142857142858
200 200 0.7142857142857146
201 201 3.7142857142857144
202 202 -0.2857142857142858
203 203 -4.0
204 204 -4.0
205 205 -1.3571428571428572
206 206 -0.9285714285714286
207 207 -2.142857142857143
208 208 -0.8571428571428568
209 209 -1.642857142857143
210 210 1.3571428571428572
211 211 1.0714285714285714
212 212 2.785714285714286
213 213 2.5
214 214 0.1428571428571428
215 215 0.8571428571428572
216 216 -1.0714285714285714
217 217 -1.6428571428571428
218 218 -0.5714285714285712
219 219 -4.357142857142858
220 220 -7.0
221 221 0.0714285714285714
222 222 1.3571428571428572
223 223 0.6428571428571428
224 224 -2.357142857142857
225 225 -1.7857142857142858
226 226 2.2142857142857144
227 227 -4.142857142857143
228 228 -4.857142857142857
229 229 -0.5000000000000002
230 230 3.071428571428571
231 231 -1.7857142857142856
232 232 3.7857142857142856
233 233 -6.428571428571429
234 234 -2.071428571428571
235 235 -0.5
236 236 0.4285714285714286
237 237 -2.357142857142857
238 238 -2.2142857142857144
239 239 2.428571428571429
240 240 -0.3571428571428572
241 241 -1.6428571428571435
242 242 -3.071428571428571
243 243 5.357142857142858
244 244 5.428571428571428
245 245 4.7857142857142865
246 246 1.0714285714285712
247 247 3.3571428571428577
248 248 -2.928571428571428
249 249 4.2857142857142865
250 250 -0.5714285714285714
251 251 -2.357142857142857
252 252 -1.642857142857143
253 253 0.7142857142857144
254 254 -2.571428571428571
255 255 6.0
256 256 0.4285714285714288
257 257 -0.8571428571428572
258 258 3.0714285714285716
259 259 -6.5
260 260 -4.214285714285714
261 261 -5.2857142857142865
262 262 0.642857142857143
263 263 -1.5
264 264 2.1428571428571432
265 265 5.571428571428572
266 266 2.428571428571429
267 267 1.9285714285714286
268 268 1.1428571428571428
269 269 -6.642857142857142
270 270 -7.2857142857142865
271 271 1.2142857142857144
272 272 -5.5
273 273 -5.7857142857142865
274 274 -4.857142857142857
275 275 -8.357142857142858
276 276 1.2142857142857149
277 277 3.7857142857142856
278 278 1.1428571428571426
279 279 2.6428571428571432
280 280 1.7142857142857142
281 281 2.6428571428571432
282 282 -3.7142857142857144
283 283 1.0714285714285714
284 284 -6.571428571428571
285 285 1.214285714285714
286 286 -2.7142857142857144
287 287 -0.7857142857142858
288 288 5.0
289 289 3.285714285714286
290 290 3.2142857142857144
291 291 -1.214285714285714
292 292 0.714285714285714
293 293 1.2142857142857144
294 294 -0.7142857142857144
295 295 -5.2857142857142865
296 296 0.7142857142857142
297 297 -4.928571428571429
298 298 0.14285714285714257
299 299 -5.285714285714286
300 300 -3.357142857142857
301 301 -5.071428571428571
302 302 -1.5
303 303 -0.3571428571428572
304 304 0.5
305 305 -2.2857142857142856
306 306 -5.5
307 307 -4.571428571428571
308 308 -1.8571428571428572
309 309 -0.5714285714285716
310 310 -4.357142857142857
311 311 3.571428571428571
312 312 3.0
313 313 -6.642857142857143
314 314 -0.9285714285714286
315 315 2.428571428571429
316 316 -1.9285714285714286
317 317 -4.285714285714286
318 318 -1.9285714285714286
319 319 -3.4999999999999996
320 320 6.714285714285714
321 321 1.4285714285714286
322 322 -1.0714285714285714
323 323 2.6428571428571432
324 324 6.714285714285714
325 325 3.3571428571428577
326 326 2.071428571428571
327 327 -0.5
328 328 2.8571428571428577
329 329 -1.0714285714285707
330 330 -4.857142857142857
331 331 -5.928571428571429
332 332 1.5
333 333 1.9285714285714286
334 334 3.928571428571429
335 335 2.357142857142857
336 336 3.7142857142857144
337 337 -0.714285714285714
338 338 2.428571428571429
339 339 4.428571428571429
340 340 -1.7857142857142858
341 341 3.0
342 342 0.07142857142857206
343 343 3.7142857142857144
344 344 -4.0
345 345 4.440892098500626e-16
346 346 1.2142857142857144
347 347 -3.0
348 348 -3.071428571428571
349 349 -5.857142857142858
350 350 -0.07142857142857162
351 351 -2.2857142857142856
352 352 2.357142857142857
353 353 2.7857142857142856
354 354 4.928571428571429
355 355 1.0
356 356 3.8571428571428568
357 357 5.571428571428571
358 358 0.2857142857142856
359 359 7.928571428571429
360 360 -4.571428571428572
361 361 2.571428571428571
362 362 3.5714285714285716
363 363 6.071428571428571
364 364 0.2142857142857142
365 365 -4.857142857142858
366 366 -1.6428571428571428
367 367 2.0000000000000004
368 368 3.1428571428571432
369 369 -2.3571428571428568
370 370 -1.214285714285714
371 371 -0.14285714285714302
372 372 0.35714285714285676
373 373 0.2142857142857142
374 374 4.571428571428571
375 375 1.0
376 376 3.2857142857142847
377 377 -8.357142857142858
378 378 -1.1428571428571428
379 379 -4.0
380 380 0.4285714285714286
381 381 1.7142857142857142
382 382 -4.571428571428571
383 383 0.5
384 384 0.9285714285714286
385 385 -0.07142857142857162
386 386 -4.071428571428571
387 387 0.07142857142857095
388 388 -4.0
389 389 -0.28571428571428603
390 390 -1.142857142857143
391 391 1.1428571428571428
392 392 -2.571428571428571
393 393 -1.6428571428571426
394 394 -1.4285714285714286
395 395 -0.4285714285714286
396 396 3.2142857142857144
397 397 0.4285714285714286
398 398 1.1428571428571428
399 399 -5.142857142857143
400 400 -2.357142857142857
401 401 -2.928571428571429
402 402 0.7142857142857144
403 403 3.2857142857142856
404 404 3.214285714285714
405 405 3.928571428571429
406 406 1.7142857142857144
407 407 3.428571428571429
408 408 1.2857142857142858
409 409 -2.571428571428571
410 410 2.071428571428572
411 411 -0.1428571428571428
412 412 2.1428571428571432
413 413 4.428571428571428
414 414 -8.714285714285715
415 415 -4.285714285714286
416 416 2.142857142857143
417 417 0.9285714285714286
418 418 1.8571428571428574
419 419 2.3571428571428577
420 420 -7.714285714285714
421 421 4.2142857142857135
422 422 0.4285714285714286
423 423 2.928571428571429
424 424 -1.5
425 425 0.2142857142857144
426 426 -1.0
427 427 1.2142857142857144
428 428 0.4285714285714286
429 429 -0.07142857142857162
430 430 1.1428571428571428
431 431 -4.571428571428571
432 432 -5.714285714285714
433 433 -3.7857142857142856
434 434 2.1428571428571432
435 435 -0.5714285714285714
436 436 -3.071428571428571
437 437 -3.7857142857142865
438 438 -0.7857142857142856
439 439 -1.4285714285714286
440 440 -1.5
441 441 -0.8571428571428574
442 442 -0.1428571428571428
443 443 3.7857142857142856
444 444 -0.21428571428571397
445 445 4.214285714285714
446 446 2.428571428571429
447 447 1.0
448 448 -5.142857142857142
449 449 -8.214285714285715
450 450 -0.5714285714285714
451 451 0.7142857142857142
452 452 -0.642857142857143
453 453 -1.3571428571428572
454 454 1.3571428571428574
455 455 -5.071428571428572
456 456 1.6428571428571428
457 457 1.2142857142857142
458 458 0.2142857142857144
459 459 -0.9999999999999998
460 460 1.0714285714285716
461 461 -8.500000000000002
462 462 -3.2142857142857144
463 463 5.357142857142858
464 464 3.6428571428571423
465 465 -5.928571428571429
466 466 3.642857142857143
467 467 -2.928571428571429
468 468 -3.357142857142857
469 469 -5.142857142857143
470 470 -0.2857142857142856
471 471 0.5714285714285712
472 472 -2.285714285714286
473 473 8.357142857142858
474 474 -3.7857142857142856
475 475 4.571428571428571
476 476 -0.5000000000000009
477 477 -0.1428571428571428
478 478 2.2142857142857144
479 479 0.8571428571428572
480 480 -0.5714285714285716
481 481 9.428571428571429
482 482 2.2857142857142856
483 483 0.8571428571428572
484 484 -0.9285714285714284
485 485 1.3571428571428572
486 486 2.8571428571428577
487 487 0.3571428571428572
488 488 0.5714285714285712
489 489 3.3571428571428577
490 490 0.9285714285714286
491 491 5.5
492 492 0.14285714285714302
493 493 2.1428571428571423
494 494 -0.35714285714285676
495 495 3.5000000000000004
496 496 3.071428571428571
497 497 3.7142857142857144
498 498 1.2857142857142858
499 499 1.0714285714285712
500 500 0.5714285714285716
501 501 -6.714285714285714
502 502 -5.2857142857142865
503 503 2.2857142857142856
504 504 -0.1428571428571428
505 505 -3.6428571428571432
506 506 -6.642857142857142
507 507 -2.7142857142857144
508 508 -2.1428571428571432
509 509 -5.642857142857142
510 510 -8.571428571428571
511 511 -4.142857142857142
512 512 2.642857142857143
513 513 -2.3571428571428577
514 514 5.785714285714286
515 515 3.071428571428571
516 516 -3.857142857142857
517 517 3.285714285714286
518 518 -6.714285714285714
519 519 3.785714285714286
520 520 5.714285714285714
521 521 5.642857142857143
522 522 3.0
523 523 -6.500000000000001
524 524 1.7857142857142856
525 525 0.5714285714285712
526 526 8.357142857142858
527 527 -3.3571428571428577
528 528 -0.928571428571429
529 529 -11.142857142857144
530 530 -3.2142857142857144
531 531 2.428571428571429
532 532 4.714285714285714
533 533 1.7142857142857144
534 534 0.5714285714285714
535 535 -2.7142857142857144
536 536 4.285714285714286
537 537 -0.9285714285714286
538 538 -0.07142857142857162
539 539 -4.142857142857142
540 540 -8.0
541 541 -8.357142857142858
542 542 6.571428571428571
543 543 -5.857142857142858
544 544 1.857142857142857
545 545 5.142857142857142
546 546 -1.3571428571428565
547 547 -3.7142857142857144
548 548 -3.5
549 549 -2.0
550 550 0.2857142857142856
551 551 -1.6428571428571428
552 552 4.142857142857144
553 553 4.5
554 554 5.0
555 555 3.2857142857142856
556 556 4.357142857142858
557 557 -2.428571428571429
558 558 -1.4285714285714286
559 559 -4.357142857142857
560 560 0.7857142857142858
561 561 -1.2857142857142858
562 562 3.7857142857142856
563 563 -4.642857142857142
564 564 0.1428571428571428
565 565 -0.14285714285714302
566 566 2.3571428571428577
567 567 -4.857142857142858
568 568 -2.857142857142857
569 569 -1.0000000000000002
570 570 -1.7857142857142858
571 571 -2.928571428571429
572 572 -3.142857142857143
573 573 -2.071428571428571
574 574 -0.07142857142857117
575 575 6.714285714285714
576 576 10.071428571428571
577 577 4.2857142857142865
578 578 -4.714285714285715
579 579 -4.285714285714286
580 580 -1.4285714285714286
581 581 3.5000000000000004
582 582 -4.2857142857142865
583 583 -2.0
584 584 2.2142857142857144
585 585 8.42857142857143
586 586 1.0
587 587 -3.714285714285714
588 588 1.0
589 589 3.9285714285714284
590 590 2.7142857142857144
591 591 -0.21428571428571397
592 592 -1.5714285714285714
593 593 -6.714285714285714
594 594 0.2142857142857144
595 595 -3.5
596 596 -4.142857142857143
597 597 -10.142857142857142
598 598 -3.7142857142857144
599 599 4.571428571428571
600 600 2.5
601 601 4.357142857142858
602 602 -3.5714285714285716
603 603 -7.0
604 604 2.928571428571429
605 605 -3.714285714285714
606 606 1.3571428571428574
607 607 2.5
608 608 -2.428571428571429
609 609 -3.4285714285714293
610 610 -7.500000000000001
611 611 -1.2142857142857142
612 612 -1.2142857142857144
613 613 -5.214285714285715
614 614 1.5714285714285714
615 615 -2.2142857142857144
616 616 3.0
617 617 -2.0
618 618 -7.0
619 619 -5.5
620 620 -1.7857142857142858
621 621 -1.4285714285714286
622 622 -0.4285714285714286
623 623 1.0
624 624 4.2857142857142865
625 625 -4.214285714285714
626 626 -1.4285714285714286
627 627 2.714285714285714
628 628 -0.1428571428571428
629 629 -2.3571428571428577
630 630 3.8571428571428577
631 631 0.14285714285714302
632 632 -3.2857142857142856
633 633 -2.142857142857143
634 634 11.071428571428571
635 635 -0.35714285714285743
636 636 -1.4999999999999998
637 637 -0.28571428571428603
638 638 2.7857142857142856
639 639 0.5714285714285714
640 640 -1.928571428571429
641 641 -1.857142857142857
642 642 1.785714285714286
643 643 -2.357142857142857
644 644 1.7142857142857142
645 645 0.9285714285714286
646 646 5.857142857142857
647 647 -1.4285714285714286
648 648 -3.5714285714285716
649 649 3.3571428571428568
650 650 4.571428571428571
651 651 8.642857142857144
652 652 -8.857142857142858
653 653 6.642857142857142
654 654 1.3571428571428574
655 655 -0.642857142857143
656 656 -3.5714285714285716
657 657 -2.2142857142857144
658 658 -4.357142857142858
659 659 5.214285714285714
660 660 -1.5714285714285716
661 661 4.5
662 662 3.357142857142857
663 663 -3.428571428571428
664 664 1.0714285714285714
665 665 -3.9285714285714293
666 666 2.642857142857143
667 667 1.7142857142857142
668 668 -3.7857142857142856
669 669 -0.07142857142857117
670 670 -3.857142857142857
671 671 -0.14285714285714235
672 672 4.357142857142857
673 673 3.928571428571429
674 674 5.5
675 675 -4.071428571428571
676 676 -3.5714285714285716
677 677 -5.642857142857142
678 678 3.0000000000000004
679 679 -7.357142857142858
680 680 2.2142857142857144
681 681 6.428571428571429
682 682 -0.28571428571428625
683 683 3.857142857142857
684 684 6.357142857142858
685 685 1.642857142857143
686 686 -3.3571428571428568
687 687 4.428571428571429
688 688 3.6428571428571432
689 689 2.6428571428571432
690 690 2.428571428571429
691 691 1.7857142857142858
692 692 0.2142857142857142
693 693 -6.071428571428572
694 694 3.7142857142857144
695 695 11.642857142857144
696 696 4.428571428571429
697 697 3.5
698 698 -4.428571428571429
699 699 1.9999999999999998
700 700 0.5714285714285721
701 701 1.2857142857142858
702 702 -4.357142857142857
703 703 1.6428571428571435
704 704 2.857142857142857
705 705 1.9285714285714284
706 706 0.8571428571428572
707 707 4.214285714285714
708 708 0.1428571428571428
709 709 -1.1428571428571428
710 710 1.9285714285714286
711 711 0.4285714285714286
712 712 -1.857142857142857
713 713 -3.928571428571429
714 714 1.0
715 715 3.642857142857143
716 716 -0.357142857142857
717 717 -1.6428571428571428
718 718 -3.928571428571428
719 719 -0.5000000000000009
720 720 -5.571428571428571
721 721 -1.0
722 722 1.8571428571428572
723 723 0.7857142857142856
724 724 2.071428571428571
725 725 -1.0714285714285716
726 726 -5.785714285714286
727 727 2.7857142857142856
728 728 4.785714285714286
729 729 -2.7857142857142856
730 730 2.3571428571428577
731 731 -0.3571428571428572
732 732 -4.142857142857142
733 733 -2.5
734 734 -3.285714285714286
735 735 5.642857142857142
736 736 6.5
737 737 3.0
738 738 7.571428571428571
739 739 -3.3571428571428577
740 740 -2.000000000000001
741 741 -1.0714285714285712
742 742 8.357142857142858
743 743 -1.0
744 744 -1.0714285714285716
745 745 -2.428571428571429
746 746 0.4285714285714286
747 747 -1.2142857142857144
748 748 -0.07142857142857162
749 749 -0.6428571428571432
750 750 6.714285714285714
751 751 4.357142857142858
752 752 1.4285714285714286
753 753 -0.642857142857143
754 754 -2.2857142857142856
755 755 -2.3571428571428577
756 756 4.571428571428571
757 757 -3.3571428571428577
758 758 0.5714285714285714
759 759 -3.928571428571429
760 760 -0.35714285714285743
761 761 -1.4285714285714288
762 762 -4.571428571428571
763 763 2.6428571428571432
764 764 -4.642857142857143
765 765 -1.9285714285714286
766 766 -0.49999999999999956
767 767 -2.0
768 768 2.428571428571429
769 769 9.642857142857142
770 770 -2.7142857142857144
771 771 0.5714285714285712
772 772 -4.857142857142858
773 773 1.6428571428571428
774 774 2.6428571428571432
775 775 0.4285714285714286
776 776 -2.928571428571429
777 777 -1.1428571428571428
778 778 -2.857142857142857
779 779 1.2142857142857144
780 780 3.285714285714286
781 781 2.5
782 782 -1.5
783 783 0.9285714285714288
784 784 0.7142857142857144
785 785 0.4285714285714286
786 786 0.6428571428571428
787 787 -1.3571428571428568
788 788 -3.642857142857143
789 789 2.2857142857142856
790 790 7.142857142857142
791 791 -3.142857142857143
792 792 0.14285714285714302
793 793 1.2857142857142858
794 794 -1.1428571428571432
795 795 -6.071428571428571
796 796 1.8571428571428572
797 797 0.5714285714285716
798 798 0.785714285714286
799 799 3.6428571428571432
800 800 -2.5714285714285716
801 801 2.7142857142857144
802 802 -1.5
803 803 0.714285714285714
804 804 1.2857142857142858
805 805 5.499999999999999
806 806 2.857142857142857
807 807 5.214285714285714
808 808 -2.0
809 809 -6.285714285714286
810 810 0.5714285714285714
812 812 2.8571428571428568
813 813 0.2142857142857144
814 814 -0.14285714285714302
815 815 1.7857142857142856
816 816 1.5714285714285716
817 817 -2.928571428571428
818 818 5.2857142857142865
819 819 2.1428571428571432
820 820 -3.714285714285715
821 821 0.4285714285714286
822 822 -1.7142857142857144
823 823 -1.785714285714286
824 824 1.7142857142857144
825 825 -3.1428571428571423
826 826 -3.7142857142857144
827 827 -6.071428571428572
828 828 -2.1428571428571432
829 829 1.0
830 830 2.6428571428571432
831 831 1.2142857142857144
832 832 0.9999999999999998
833 833 -0.8571428571428572
834 834 -2.428571428571429
835 835 1.2857142857142856
836 836 -1.4285714285714286
837 837 -4.142857142857143
838 838 -7.714285714285714
839 839 1.928571428571429
840 840 -3.285714285714286
841 841 3.6428571428571432
842 842 -1.071428571428571
843 843 -2.2857142857142856
844 844 -2.5714285714285716
845 845 1.0
846 846 -1.6428571428571432
847 847 0.714285714285714
848 848 -4.142857142857143
849 849 -1.0000000000000002
850 850 2.6428571428571423
851 851 -3.142857142857143
852 852 1.3571428571428572
853 853 -1.2142857142857144
854 854 -0.714285714285714
855 855 -3.0
856 856 -2.214285714285715
857 857 -2.2142857142857144
858 858 -5.071428571428571
859 859 -3.928571428571428
860 860 6.642857142857143
861 861 2.2142857142857144
862 862 -1.7857142857142858
863 863 -3.2857142857142856
864 864 2.7857142857142856
865 865 0.14285714285714257
866 866 4.714285714285714
867 867 4.214285714285714
868 868 -2.5714285714285716
869 869 -5.714285714285714
870 870 5.642857142857142
871 871 -4.0
872 872 1.2142857142857144
873 873 -0.0714285714285714
874 874 0.3571428571428572
875 875 4.142857142857142
876 876 -5.642857142857142
877 877 -1.0
878 878 8.785714285714286
879 879 6.2857142857142865
880 880 -3.071428571428572
881 881 -5.785714285714286
882 882 -0.5714285714285721
883 883 1.3571428571428572
884 884 -1.7857142857142858
885 885 4.714285714285715
886 886 0.7857142857142856
887 887 -0.9285714285714286
888 888 6.428571428571429
889 889 4.142857142857143
890 890 -5.071428571428572
891 891 -1.5000000000000004
892 892 -1.3571428571428572
893 893 -0.0714285714285714
894 894 -3.7857142857142865
895 895 3.1428571428571432
896 896 -0.42857142857142794
897 897 -0.2142857142857144
898 898 2.571428571428571
899 899 0.14285714285714302
900 900 4.357142857142858
901 901 -0.9285714285714286
902 902 -2.7857142857142856
903 903 1.7857142857142858
904 904 0.4999999999999998
905 905 -3.5
906 906 4.857142857142858
907 907 8.5
908 908 4.428571428571429
909 909 2.214285714285715
910 910 -1.857142857142857
911 911 -4.642857142857142
912 912 -2.7142857142857144
913 913 3.2857142857142856
914 914 0.14285714285714302
915 915 1.7142857142857144
916 916 4.214285714285715
917 917 0.8571428571428574
918 918 0.7857142857142854
919 919 -4.5
920 920 -8.571428571428571
921 921 6.857142857142858
922 922 -5.0
923 923 3.2142857142857144
924 924 -0.07142857142857162
925 925 5.7142857142857135
926 926 4.928571428571428
927 927 -4.357142857142858
928 928 -2.1428571428571432
929 929 1.7857142857142858
930 930 1.3571428571428572
931 931 0.1428571428571428
932 932 -3.500000000000001
933 933 1.214285714285714
934 934 2.1428571428571432
935 935 4.285714285714286
936 936 4.785714285714286
937 937 1.5714285714285714
938 938 -1.3571428571428577
939 939 2.0
940 940 -0.5714285714285714
941 941 -3.3571428571428577
942 942 -1.2142857142857142
943 943 3.214285714285715
944 944 -5.142857142857142
945 945 4.785714285714286
946 946 1.9999999999999998
947 947 4.857142857142858
948 948 -1.7142857142857144
949 949 0.5
950 950 4.428571428571429
951 951 3.7142857142857144
952 952 -1.8571428571428572
953 953 0.642857142857143
954 954 -3.0
955 955 -4.142857142857143
956 956 2.071428571428571
957 957 0.0714285714285714
958 958 3.0
959 959 7.642857142857143
960 960 1.0714285714285714
961 961 0.07142857142857162
962 962 4.071428571428571
963 963 -3.7142857142857144
964 964 -6.357142857142858
965 965 0.2857142857142858
966 966 0.2142857142857144
967 967 -1.4285714285714286
968 968 -1.9999999999999991
969 969 2.928571428571429
970 970 4.5
971 971 -1.3571428571428572
972 972 0.2142857142857144
973 973 -1.6428571428571428
974 974 -4.142857142857143
975 975 -5.642857142857142
976 976 -0.2857142857142858
977 977 -1.0714285714285714
978 978 -0.7857142857142858
979 979 1.7857142857142851
980 980 -1.3571428571428572
981 981 -2.642857142857144
982 982 3.642857142857143
983 983 6.785714285714286
984 984 8.071428571428571
985 985 -2.2857142857142856
986 986 -0.21428571428571463
987 987 -0.4285714285714288
988 988 -7.428571428571429
989 989 -0.2142857142857142
1 2 -0.9285714285714286
1 11 -1.7857142857142858
1 47 -0.9285714285714286
1 57 -1.7857142857142858
1 103 -1.7857142857142858
1 114 -0.9285714285714286
2 3 2.0
2 11 1.3571428571428572
2 12 -1.3571428571428572
2 166 0.9285714285714286
2 175 -0.5714285714285714
2 220 2.0
2 226 0.9285714285714286
3 12 0.9285714285714286
3 13 0.5714285714285714
3 280 2.0
3 288 -1.3571428571428572
3 334 -1.7857142857142858
3 343 -2.0
4 5 -1.7857142857142858
4 486 0.5714285714285714
4 496 -2.0
4 524 -2.0
5 6 -1.7857142857142858
5 568 2.0
5 578 0.5714285714285714
5 610 1.7857142857142858
6 7 -0.9285714285714286
6 14 1.7857142857142858
6 645 -0.5714285714285714
6 655 -0.9285714285714286
6 681 -0.9285714285714286
7 8 0.9285714285714286
7 14 -1.7857142857142858
7 15 2.0
7 719 -1.3571428571428572
7 761 -1.7857142857142858
7 773 -0.5714285714285714
8 9 1.3571428571428572
8 15 -0.9285714285714286
8 16 1.7857142857142858
8 807 -1.7857142857142858
8 818 -2.0
8 850 0.9285714285714286
8 859 2.0
9 16 -1.7857142857142858
9 17 0.5714285714285714
9 890 1.7857142857142858
9 902 0.9285714285714286
9 936 0.5714285714285714
9 946 -2.0
10 18 -1.3571428571428572
10 19 -1.7857142857142858
10 83 0.5714285714285714
10 92 -0.5714285714285714
10 143 2.0
10 154 -2.0
11 12 1.3571428571428572
11 103 -0.5714285714285714
11 114 -1.7857142857142858
11 166 -1.7857142857142858
11 175 0.5714285714285714
12 13 -1.3571428571428572
12 220 2.0
12 226 -2.0
12 280 -2.0
12 288 -1.3571428571428572
13 334 1.3571428571428572
13 343 -1.7857142857142858
13 390 -2.0
13 399 1.7857142857142858
14 15 -1.7857142857142858
14 719 -0.9285714285714286
15 16 1.7857142857142858
15 761 -0.5714285714285714
15 773 2.0
15 807 -0.9285714285714286
15 818 0.9285714285714286
16 17 -2.0
16 850 0.9285714285714286
16 859 0.5714285714285714
16 890 0.5714285714285714
16 902 0.5714285714285714
17 18 2.0
17 936 -1.3571428571428572
17 946 0.9285714285714286
17 978 2.0
17 987 -1.3571428571428572
18 19 -2.0
18 38 1.7857142857142858
18 83 -0.9285714285714286
18 92 1.3571428571428572
19 143 -2.0
19 201 -2.0
19 210 1.3571428571428572
20 21 1.3571428571428572
20 30 1.3571428571428572
20 260 2.0
20 271 -1.3571428571428572
20 318 0.5714285714285714
20 328 -0.5714285714285714
21 30 0.5714285714285714
21 31 -0.5714285714285714
21 373 2.0
21 382 -0.5714285714285714
22 23 2.0
22 32 -1.3571428571428572
22 33 -1.3571428571428572
22 548 -0.5714285714285714
22 559 -0.5714285714285714
22 591 -1.7857142857142858
22 600 -2.0
23 24 1.3571428571428572
23 33 -0.9285714285714286
23 34 1.7857142857142858
23 628 0.5714285714285714
23 636 -0.5714285714285714
23 672 -1.7857142857142858
24 25 0.9285714285714286
24 34 -0.9285714285714286
24 35 0.5714285714285714
24 698 -0.9285714285714286
24 710 -2.0
24 742 1.3571428571428572
24 752 -1.3571428571428572
25 26 2.0
25 35 -0.5714285714285714
25 36 1.3571428571428572
25 786 2.0
25 798 -2.0
25 829 1.3571428571428572
25 841 -1.7857142857142858
26 36 -2.0
26 37 -0.9285714285714286
26 869 0.5714285714285714
26 915 -1.3571428571428572
26 926 -0.5714285714285714
27 28 0.9285714285714286
27 38 0.5714285714285714
27 39 -0.5714285714285714
27 74 0.5714285714285714
27 125 -0.5714285714285714
28 29 -1.7857142857142858
28 39 -0.5714285714285714
28 40 -2.0
28 184 1.7857142857142858
28 193 0.5714285714285714
28 248 1.3571428571428572
29 40 -2.0
29 302 1.7857142857142858
29 309 -2.0
29 354 -0.9285714285714286
30 31 -1.3571428571428572
30 318 -0.5714285714285714
30 328 -0.9285714285714286
30 373 -2.0
30 382 -0.9285714285714286
31 32 0.9285714285714286
31 425 2.0
31 466 0.9285714285714286
31 477 -1.7857142857142858
32 33 -2.0
32 506 2.0
32 548 1.7857142857142858
32 559 2.0
33 34 -0.5714285714285714
33 591 2.0
33 600 -1.3571428571428572
33 628 -1.3571428571428572
33 636 1.3571428571428572
34 35 1.7857142857142858
34 672 -2.0
34 698 1.7857142857142858
34 710 1.3571428571428572
35 742 0.5714285714285714
35 752 1.7857142857142858
35 786 -1.3571428571428572
35 798 1.3571428571428572
36 37 1.3571428571428572
36 829 -1.7857142857142858
36 841 -1.3571428571428572
36 869 1.7857142857142858
36 880 1.7857142857142858
37 38 -0.5714285714285714
37 915 -1.7857142857142858
37 926 -0.5714285714285714
37 958 1.7857142857142858
37 969 -1.7857142857142858
38 39 -1.7857142857142858
38 74 1.7857142857142858
39 40 0.9285714285714286
39 125 -1.3571428571428572
39 184 -0.9285714285714286
39 193 2.0
40 248 0.9285714285714286
40 302 0.5714285714285714
40 309 -1.3571428571428572
41 42 1.7857142857142858
41 51 -1.3571428571428572
41 250 -1.7857142857142858
41 311 -2.0
42 43 1.3571428571428572
42 51 1.3571428571428572
42 52 1.3571428571428572
42 366 1.7857142857142858
42 419 -2.0
43 44 -2.0
43 52 -0.9285714285714286
43 53 -2.0
43 457 -0.5714285714285714
43 498 -0.9285714285714286
44 53 0.5714285714285714
44 54 -1.3571428571428572
44 538 -0.9285714285714286
44 581 2.0
45 46 -1.3571428571428572
45 55 -2.0
45 691 -1.7857142857142858
45 733 1.7857142857142858
46 55 -0.9285714285714286
46 56 1.7857142857142858
46 777 -2.0
46 821 0.5714285714285714
47 48 -2.0
47 57 -1.7857142857142858
47 950 -2.0
48 49 -1.7857142857142858
48 57 -1.7857142857142858
48 59 0.9285714285714286
49 50 1.7857142857142858
49 58 -0.5714285714285714
49 177 -1.7857142857142858
49 230 -1.3571428571428572
50 58 -1.7857142857142858
50 292 0.9285714285714286
50 347 2.0
51 52 0.5714285714285714
51 311 1.3571428571428572
51 366 1.7857142857142858
52 53 -0.5714285714285714
52 419 -0.9285714285714286
52 457 -0.5714285714285714
53 54 2.0
53 498 -0.5714285714285714
53 538 -0.5714285714285714
54 581 -1.7857142857142858
55 56 -0.9285714285714286
55 733 0.5714285714285714
56 821 0.9285714285714286
57 59 0.5714285714285714
58 230 -0.9285714285714286
58 292 -2.0
59 66 -2.0
59 104 2.0
59 114 0.5714285714285714
60 67 -0.5714285714285714
60 68 -0.9285714285714286
60 288 1.7857142857142858
60 335 -0.5714285714285714
60 343 1.3571428571428572
61 62 1.3571428571428572
61 69 1.3571428571428572
61 496 -0.5714285714285714
61 525 -0.5714285714285714
62 69 -0.9285714285714286
62 70 -0.5714285714285714
62 569 -0.9285714285714286
62 578 0.9285714285714286
62 611 -0.9285714285714286
63 64 0.9285714285714286
63 71 -1.7857142857142858
63 72 0.5714285714285714
63 720 2.0
63 762 -1.7857142857142858
63 773 0.5714285714285714
64 72 -1.7857142857142858
64 808 1.7857142857142858
64 818 -2.0
64 851 1.7857142857142858
64 859 1.3571428571428572
65 74 1.7857142857142858
65 84 -1.3571428571428572
65 92 1.7857142857142858
65 154 -0.5714285714285714
66 67 -1.3571428571428572
66 104 1.3571428571428572
66 114 -1.7857142857142858
66 167 2.0
66 175 0.5714285714285714
67 68 -2.0
67 221 1.7857142857142858
67 226 -2.0
67 288 -1.3571428571428572
68 335 0.9285714285714286
68 343 0.5714285714285714
68 391 -0.5714285714285714
68 399 1.3571428571428572
69 70 -1.3571428571428572
69 525 -0.5714285714285714
69 569 1.7857142857142858
69 578 -0.5714285714285714
70 71 1.3571428571428572
70 611 -2.0
70 646 -2.0
70 655 1.3571428571428572
71 72 2.0
71 720 -0.5714285714285714
72 762 1.7857142857142858
72 773 -0.5714285714285714
72 808 -1.3571428571428572
72 818 -0.9285714285714286
73 74 -1.7857142857142858
73 937 0.9285714285714286
73 946 -0.9285714285714286
73 979 -0.5714285714285714
73 987 1.7857142857142858
74 84 1.3571428571428572
74 92 -2.0
75 76 -0.9285714285714286
75 86 2.0
75 261 1.7857142857142858
75 271 -1.3571428571428572
75 319 2.0
75 328 1.3571428571428572
76 77 -1.3571428571428572
76 374 -2.0
76 382 1.3571428571428572
76 426 0.5714285714285714
77 78 2.0
77 87 1.7857142857142858
77 467 0.9285714285714286
77 477 0.9285714285714286
77 507 0.9285714285714286
78 79 -2.0
78 87 -1.3571428571428572
78 88 0.9285714285714286
78 549 -0.5714285714285714
78 559 0.5714285714285714
78 592 0.9285714285714286
78 600 2.0
79 80 2.0
79 88 1.7857142857142858
79 629 0.5714285714285714
79 636 -0.5714285714285714
79 666 -1.7857142857142858
79 672 1.3571428571428572
80 81 2.0
80 89 -0.9285714285714286
80 699 -2.0
80 710 0.5714285714285714
80 743 0.5714285714285714
80 752 -0.9285714285714286
81 82 -0.5714285714285714
81 89 1.7857142857142858
81 90 -0.5714285714285714
81 787 2.0
81 798 0.5714285714285714
81 830 -0.5714285714285714
81 841 -0.5714285714285714
82 83 -0.9285714285714286
82 90 -0.9285714285714286
82 91 -2.0
82 880 1.3571428571428572
82 916 -0.9285714285714286
82 926 -2.0
83 84 2.0
83 91 -1.3571428571428572
83 92 0.9285714285714286
83 959 -2.0
83 969 1.3571428571428572
84 85 -0.9285714285714286
84 92 0.5714285714285714
84 93 -1.7857142857142858
85 93 0.5714285714285714
85 94 1.7857142857142858
85 185 -1.3571428571428572
85 193 2.0
85 239 -0.9285714285714286
85 248 0.5714285714285714
86 319 0.5714285714285714
86 328 -1.3571428571428572
86 374 -1.3571428571428572
86 382 2.0
87 88 -0.9285714285714286
87 507 -0.5714285714285714
87 549 0.5714285714285714
88 592 -2.0
88 600 -1.3571428571428572
88 629 0.5714285714285714
88 636 1.7857142857142858
89 90 -1.3571428571428572
89 743 -0.9285714285714286
89 752 -0.5714285714285714
89 787 -1.7857142857142858
89 798 -0.5714285714285714
90 91 1.3571428571428572
90 830 0.9285714285714286
90 841 0.9285714285714286
90 880 -0.5714285714285714
91 92 -1.7857142857142858
91 916 -0.9285714285714286
91 926 -0.9285714285714286
91 959 -0.9285714285714286
91 969 -0.5714285714285714
92 93 2.0
93 94 -1.3571428571428572
93 185 -0.5714285714285714
93 193 -0.9285714285714286
94 95 -2.0
94 239 2.0
94 248 1.7857142857142858
94 309 1.7857142857142858
95 355 2.0
95 408 2.0
95 417 2.0
96 107 -1.3571428571428572
96 262 0.5714285714285714
96 311 2.0
96 320 0.5714285714285714
97 98 -1.3571428571428572
97 108 -2.0
97 457 -2.0
97 468 -1.7857142857142858
97 498 0.5714285714285714
98 99 1.7857142857142858
98 108 1.7857142857142858
98 109 2.0
98 538 -1.7857142857142858
98 581 -0.5714285714285714
99 100 0.5714285714285714
99 109 -0.9285714285714286
99 110 0.9285714285714286
99 667 -1.3571428571428572
100 101 -1.3571428571428572
100 110 -2.0
100 111 -2.0
100 691 0.5714285714285714
100 700 -1.7857142857142858
100 733 -2.0
100 744 -0.9285714285714286
101 102 0.9285714285714286
101 111 1.3571428571428572
101 112 -1.3571428571428572
101 777 2.0
101 788 0.5714285714285714
101 821 2.0
101 831 -1.3571428571428572
102 103 1.7857142857142858
102 112 -1.3571428571428572
102 113 1.7857142857142858
102 870 -2.0
102 917 0.5714285714285714
103 104 2.0
103 113 -0.5714285714285714
103 114 -1.3571428571428572
103 950 1.3571428571428572
103 960 1.3571428571428572
104 105 2.0
104 114 -1.3571428571428572
104 115 -1.7857142857142858
104 126 -2.0
105 106 0.5714285714285714
105 115 0.9285714285714286
105 116 1.3571428571428572
105 177 0.9285714285714286
105 186 -1.3571428571428572
105 230 -2.0
106 116 2.0
106 117 -0.9285714285714286
106 292 2.0
106 303 0.9285714285714286
106 347 1.7857142857142858
106 356 1.7857142857142858
107 311 -0.9285714285714286
107 320 -1.3571428571428572
107 366 -0.5714285714285714
107 375 1.3571428571428572
108 498 -0.9285714285714286
108 538 1.3571428571428572
109 110 -1.3571428571428572
109 581 -1.7857142857142858
110 111 0.5714285714285714
110 667 -0.9285714285714286
110 691 0.9285714285714286
110 700 -1.3571428571428572
111 112 0.5714285714285714
111 733 0.9285714285714286
111 744 1.3571428571428572
111 777 0.5714285714285714
111 788 2.0
112 113 2.0
112 821 -2.0
112 831 0.5714285714285714
112 870 0.9285714285714286
113 114 -0.9285714285714286
113 917 2.0
113 950 -1.7857142857142858
114 115 -1.3571428571428572
115 116 -1.3571428571428572
115 126 -0.9285714285714286
115 177 0.5714285714285714
115 186 0.9285714285714286
116 117 -0.9285714285714286
116 230 -0.5714285714285714
116 292 0.9285714285714286
116 303 -1.3571428571428572
117 347 1.7857142857142858
117 356 -2.0
117 400 1.7857142857142858
118 126 0.5714285714285714
118 127 0.9285714285714286
118 167 -1.7857142857142858
118 221 -0.9285714285714286
118 227 0.9285714285714286
119 120 -1.3571428571428572
119 128 -0.5714285714285714
119 391 1.7857142857142858
119 454 -1.7857142857142858
120 121 0.5714285714285714
120 128 0.5714285714285714
120 129 2.0
120 497 0.5714285714285714
120 525 -0.9285714285714286
120 535 1.7857142857142858
121 122 -0.9285714285714286
121 129 -1.7857142857142858
121 130 0.9285714285714286
121 569 -0.5714285714285714
121 579 -2.0
121 611 0.5714285714285714
121 619 1.7857142857142858
122 130 1.3571428571428572
122 131 1.7857142857142858
122 646 1.3571428571428572
122 656 1.7857142857142858
122 688 -1.3571428571428572
123 124 -1.3571428571428572
123 132 1.7857142857142858
123 133 2.0
123 808 0.9285714285714286
123 819 1.3571428571428572
123 851 1.7857142857142858
123 860 -1.3571428571428572
124 125 1.3571428571428572
124 133 2.0
124 134 1.3571428571428572
124 891 1.7857142857142858
124 947 -0.9285714285714286
125 134 -1.3571428571428572
125 979 0.9285714285714286
125 988 1.7857142857142858
126 127 0.5714285714285714
126 167 0.9285714285714286
127 221 -1.3571428571428572
127 227 -0.5714285714285714
127 289 0.9285714285714286
128 129 -1.3571428571428572
128 454 2.0
128 497 -1.3571428571428572
129 130 -0.9285714285714286
129 525 0.5714285714285714
129 535 0.9285714285714286
129 579 1.3571428571428572
130 131 0.9285714285714286
130 611 -1.3571428571428572
130 619 -1.7857142857142858
130 646 -0.5714285714285714
130 656 1.3571428571428572
131 132 -1.7857142857142858
131 688 -1.3571428571428572
131 720 1.7857142857142858
132 133 -0.9285714285714286
132 762 2.0
132 774 -0.9285714285714286
132 808 1.3571428571428572
132 819 0.9285714285714286
133 134 -2.0
133 851 2.0
133 860 -1.7857142857142858
133 891 1.3571428571428572
133 903 -0.5714285714285714
134 937 -0.5714285714285714
134 947 -2.0
134 979 1.7857142857142858
134 988 1.7857142857142858
135 144 -1.3571428571428572
135 155 -1.3571428571428572
135 202 1.7857142857142858
135 211 -0.9285714285714286
136 137 -0.5714285714285714
136 147 -1.7857142857142858
136 261 0.5714285714285714
136 272 0.9285714285714286
136 319 1.7857142857142858
136 329 1.7857142857142858
137 138 0.9285714285714286
137 147 1.3571428571428572
137 374 -0.5714285714285714
137 383 1.7857142857142858
137 426 1.3571428571428572
138 139 -1.3571428571428572
138 148 -0.9285714285714286
138 467 -0.5714285714285714
138 478 -1.7857142857142858
139 140 -1.7857142857142858
139 148 -1.3571428571428572
139 149 -2.0
139 549 0.5714285714285714
139 560 -1.3571428571428572
139 592 -1.3571428571428572
139 601 -0.5714285714285714
140 149 2.0
140 150 0.5714285714285714
140 629 1.3571428571428572
140 666 2.0
140 673 0.9285714285714286
141 142 0.5714285714285714
141 151 2.0
141 152 -0.5714285714285714
141 787 0.9285714285714286
141 799 -0.9285714285714286
141 830 -1.3571428571428572
141 842 1.3571428571428572
142 143 1.3571428571428572
142 152 2.0
142 153 -1.3571428571428572
142 881 1.3571428571428572
142 916 -1.7857142857142858
142 927 -1.3571428571428572
143 144 -0.5714285714285714
143 153 1.3571428571428572
143 154 -1.3571428571428572
143 959 1.3571428571428572
143 970 -1.7857142857142858
144 145 -0.9285714285714286
144 154 2.0
144 155 0.9285714285714286
145 146 0.5714285714285714
145 155 1.3571428571428572
145 156 -1.3571428571428572
145 185 -0.9285714285714286
145 194 1.7857142857142858
145 239 -1.7857142857142858
145 249 -0.5714285714285714
146 156 -1.7857142857142858
146 157 -1.7857142857142858
146 310 -2.0
146 355 -1.7857142857142858
146 365 1.7857142857142858
147 319 -2.0
147 329 2.0
147 374 1.7857142857142858
147 383 -0.9285714285714286
148 149 1.3571428571428572
148 507 0.5714285714285714
148 549 1.3571428571428572
148 560 0.5714285714285714
149 150 -2.0
149 592 1.7857142857142858
149 601 -1.7857142857142858
149 629 0.9285714285714286
150 151 1.3571428571428572
150 666 -0.5714285714285714
150 673 -2.0
150 699 -2.0
150 711 -2.0
151 152 -1.3571428571428572
151 743 1.3571428571428572
151 787 -0.5714285714285714
151 799 0.5714285714285714
152 153 -2.0
152 830 -1.3571428571428572
152 842 1.3571428571428572
152 881 0.9285714285714286
153 154 2.0
153 916 -0.9285714285714286
153 927 0.9285714285714286
153 959 -2.0
154 155 1.7857142857142858
155 156 -2.0
155 185 2.0
155 194 -2.0
156 157 -1.3571428571428572
156 239 0.5714285714285714
156 249 -0.9285714285714286
156 310 2.0
157 355 -0.5714285714285714
157 365 -0.5714285714285714
157 408 -2.0
157 418 -0.5714285714285714
158 159 -2.0
158 169 -2.0
158 251 -0.5714285714285714
158 312 -1.7857142857142858
158 320 -1.3571428571428572
159 160 0.5714285714285714
159 169 -1.7857142857142858
159 170 2.0
159 375 -1.7857142857142858
159 427 -0.9285714285714286
160 161 0.5714285714285714
160 170 1.3571428571428572
160 171 0.9285714285714286
160 458 1.7857142857142858
160 468 2.0
160 499 0.9285714285714286
161 162 0.5714285714285714
161 171 2.0
161 172 -1.7857142857142858
161 539 1.7857142857142858
161 582 1.7857142857142858
162 163 -0.9285714285714286
162 172 -1.3571428571428572
162 622 -0.9285714285714286
162 667 0.5714285714285714
163 164 -1.7857142857142858
163 173 -1.3571428571428572
163 692 -0.5714285714285714
163 700 0.9285714285714286
163 734 1.7857142857142858
163 744 -0.9285714285714286
164 165 0.9285714285714286
164 173 1.7857142857142858
164 788 0.9285714285714286
164 822 -1.3571428571428572
164 831 1.7857142857142858
165 166 0.5714285714285714
165 174 -1.7857142857142858
165 862 -0.9285714285714286
165 870 -0.5714285714285714
165 906 -1.7857142857142858
165 917 -0.5714285714285714
166 167 1.7857142857142858
166 174 1.7857142857142858
166 175 0.9285714285714286
166 960 1.3571428571428572
167 175 1.7857142857142858
168 176 0.9285714285714286
168 293 1.3571428571428572
168 303 1.7857142857142858
168 348 0.9285714285714286
168 356 -2.0
169 170 -1.3571428571428572
169 312 0.9285714285714286
169 320 -1.3571428571428572
169 375 -0.5714285714285714
170 171 2.0
170 427 0.9285714285714286
170 458 -1.3571428571428572
170 468 -1.3571428571428572
171 172 1.7857142857142858
171 499 -1.3571428571428572
171 539 -0.9285714285714286
172 582 0.9285714285714286
172 622 1.3571428571428572
173 734 -2.0
173 744 0.9285714285714286
173 788 0.9285714285714286
174 175 -1.7857142857142858
174 906 -0.9285714285714286
174 917 -0.5714285714285714
174 960 -1.7857142857142858
176 231 1.7857142857142858
176 293 -0.5714285714285714
176 303 -1.7857142857142858
177 186 -0.9285714285714286
178 179 0.9285714285714286
178 187 0.9285714285714286
178 188 0.9285714285714286
178 281 -0.9285714285714286
178 289 -2.0
178 344 -0.9285714285714286
179 180 2.0
179 188 -1.7857142857142858
179 189 -0.5714285714285714
179 392 0.9285714285714286
179 444 0.5714285714285714
179 454 -1.7857142857142858
180 181 -0.5714285714285714
180 189 -1.3571428571428572
180 190 0.9285714285714286
180 497 1.7857142857142858
180 526 0.5714285714285714
180 535 -1.3571428571428572
181 190 0.5714285714285714
181 579 -0.9285714285714286
181 612 1.3571428571428572
181 619 1.3571428571428572
182 183 -1.7857142857142858
182 191 1.7857142857142858
182 721 1.7857142857142858
182 763 -0.5714285714285714
182 774 -1.7857142857142858
183 191 -0.5714285714285714
183 809 1.7857142857142858
183 819 2.0
183 860 -2.0
184 185 1.7857142857142858
184 192 1.7857142857142858
184 988 1.3571428571428572
185 193 1.7857142857142858
185 194 1.3571428571428572
186 187 0.5714285714285714
187 188 -1.3571428571428572
187 227 -1.3571428571428572
187 281 0.9285714285714286
188 189 0.9285714285714286
188 336 -2.0
188 344 1.7857142857142858
188 392 1.3571428571428572
189 190 0.5714285714285714
189 444 -1.3571428571428572
189 454 2.0
189 487 -1.7857142857142858
189 497 -0.9285714285714286
190 526 -1.3571428571428572
190 579 0.9285714285714286
191 763 0.5714285714285714
191 774 1.7857142857142858
191 809 0.5714285714285714
191 819 -1.7857142857142858
192 193 0.5714285714285714
192 938 -2.0
192 947 -0.5714285714285714
192 988 2.0
193 194 2.0
194 211 1.7857142857142858
195 204 2.0
195 272 2.0
195 329 -0.9285714285714286
196 205 1.3571428571428572
196 478 -1.7857142857142858
197 198 -2.0
197 673 -1.3571428571428572
198 199 2.0
198 207 -0.9285714285714286
198 711 1.3571428571428572
199 200 -0.9285714285714286
199 207 2.0
199 208 -1.3571428571428572
199 799 -2.0
199 842 0.5714285714285714
200 201 0.5714285714285714
200 208 -1.7857142857142858
200 209 -0.9285714285714286
200 881 0.5714285714285714
200 927 1.7857142857142858
201 202 -0.9285714285714286
201 209 1.3571428571428572
201 210 -1.7857142857142858
201 970 -0.9285714285714286
202 211 -0.5714285714285714
203 212 2.0
203 213 -0.9285714285714286
203 310 2.0
203 365 0.9285714285714286
204 205 -1.3571428571428572
204 329 1.3571428571428572
204 383 2.0
205 478 1.3571428571428572
206 601 0.9285714285714286
207 208 2.0
207 799 -0.9285714285714286
208 209 1.3571428571428572
208 842 -1.3571428571428572
208 881 2.0
209 210 -0.9285714285714286
209 927 -0.5714285714285714
209 970 1.3571428571428572
211 212 -1.3571428571428572
212 213 -2.0
212 249 -2.0
212 310 0.5714285714285714
213 365 1.3571428571428572
213 418 -0.9285714285714286
214 215 -2.0
214 251 2.0
214 263 1.7857142857142858
214 312 -1.3571428571428572
214 321 -0.5714285714285714
215 216 0.9285714285714286
215 376 -1.7857142857142858
215 428 2.0
216 223 -0.9285714285714286
216 458 -1.7857142857142858
216 469 1.3571428571428572
216 499 0.5714285714285714
216 508 0.9285714285714286
217 218 -0.9285714285714286
217 224 0.5714285714285714
217 692 0.9285714285714286
217 734 -0.9285714285714286
217 745 2.0
218 219 -0.5714285714285714
218 789 0.5714285714285714
218 822 0.9285714285714286
218 832 0.5714285714285714
219 220 1.7857142857142858
219 225 1.7857142857142858
219 862 1.3571428571428572
219 871 0.5714285714285714
219 906 -0.5714285714285714
220 225 -0.5714285714285714
220 226 1.7857142857142858
221 226 -0.9285714285714286
221 227 1.3571428571428572
222 228 1.3571428571428572
222 229 -1.7857142857142858
222 293 -1.3571428571428572
222 348 1.7857142857142858
222 357 -1.3571428571428572
223 499 2.0
223 508 -0.5714285714285714
223 539 -0.5714285714285714
223 550 -0.5714285714285714
224 734 1.7857142857142858
224 745 0.9285714285714286
224 789 -0.9285714285714286
225 226 -1.7857142857142858
225 906 0.5714285714285714
225 918 1.7857142857142858
226 227 1.7857142857142858
227 228 2.0
228 229 0.5714285714285714
228 231 1.3571428571428572
228 240 0.9285714285714286
228 293 -1.3571428571428572
229 348 0.5714285714285714
229 357 -2.0
229 401 1.7857142857142858
229 409 1.3571428571428572
230 231 1.7857142857142858
231 232 -1.7857142857142858
231 240 -1.3571428571428572
232 233 -0.9285714285714286
232 240 1.3571428571428572
232 241 -0.9285714285714286
232 281 0.9285714285714286
232 290 -2.0
232 336 1.3571428571428572
232 345 -1.7857142857142858
233 234 0.9285714285714286
233 241 1.3571428571428572
233 242 0.9285714285714286
233 392 1.7857142857142858
233 444 1.7857142857142858
233 455 0.5714285714285714
234 242 1.3571428571428572
234 243 0.9285714285714286
234 487 1.7857142857142858
234 526 -0.9285714285714286
234 536 -2.0
235 236 -0.9285714285714286
235 243 1.7857142857142858
235 244 0.5714285714285714
235 612 -0.9285714285714286
236 244 1.3571428571428572
236 245 -1.3571428571428572
236 647 0.9285714285714286
236 657 0.9285714285714286
236 689 -1.3571428571428572
237 238 2.0
237 246 -0.5714285714285714
237 820 0.9285714285714286
238 247 0.5714285714285714
238 892 0.9285714285714286
238 904 -0.9285714285714286
238 938 0.5714285714285714
238 948 -0.9285714285714286
239 248 -0.9285714285714286
239 249 -1.3571428571428572
240 241 -0.5714285714285714
240 281 -0.9285714285714286
240 290 0.9285714285714286
241 242 2.0
241 336 -0.5714285714285714
241 345 0.9285714285714286
241 392 -0.5714285714285714
242 243 -1.7857142857142858
242 444 0.5714285714285714
242 455 0.5714285714285714
242 487 -0.5714285714285714
243 244 -0.9285714285714286
243 526 -2.0
243 536 -2.0
243 580 -1.3571428571428572
244 245 -1.7857142857142858
244 612 -1.7857142857142858
244 620 -2.0
244 647 0.9285714285714286
244 657 -1.7857142857142858
245 246 -2.0
245 721 0.9285714285714286
245 731 -0.5714285714285714
246 763 -1.7857142857142858
246 775 1.3571428571428572
246 809 0.5714285714285714
246 820 1.3571428571428572
247 248 -1.3571428571428572
247 938 -1.3571428571428572
247 948 0.5714285714285714
247 989 -1.7857142857142858
248 249 0.5714285714285714
250 251 1.7857142857142858
250 262 0.5714285714285714
251 252 0.9285714285714286
251 263 -1.7857142857142858
252 253 -0.9285714285714286
252 263 1.7857142857142858
252 264 -2.0
252 273 0.9285714285714286
252 330 0.9285714285714286
253 254 2.0
253 264 -1.7857142857142858
253 265 0.5714285714285714
253 436 -0.5714285714285714
254 255 -1.3571428571428572
254 265 -0.9285714285714286
254 266 1.7857142857142858
254 479 2.0
254 517 -0.9285714285714286
255 256 -1.3571428571428572
255 266 -1.3571428571428572
255 267 -0.5714285714285714
255 602 -1.3571428571428572
256 257 1.7857142857142858
256 267 0.5714285714285714
256 268 0.9285714285714286
256 637 -0.5714285714285714
256 674 -1.7857142857142858
257 258 -1.7857142857142858
257 268 2.0
257 712 -0.5714285714285714
257 753 -0.5714285714285714
258 259 -0.9285714285714286
258 269 2.0
258 800 -0.5714285714285714
258 843 -1.7857142857142858
259 260 2.0
259 269 1.7857142857142858
259 270 0.9285714285714286
259 882 1.7857142857142858
259 928 0.9285714285714286
260 261 1.7857142857142858
260 270 1.7857142857142858
260 271 -2.0
260 971 -1.3571428571428572
261 271 0.5714285714285714
261 272 0.5714285714285714
262 263 -1.7857142857142858
263 264 0.5714285714285714
263 273 0.9285714285714286
264 265 -0.9285714285714286
264 330 2.0
265 266 -1.3571428571428572
265 436 -0.9285714285714286
265 479 -2.0
266 267 -0.5714285714285714
266 517 -0.9285714285714286
267 268 -1.3571428571428572
267 602 1.3571428571428572
267 637 -1.3571428571428572
268 674 -1.7857142857142858
268 712 -0.9285714285714286
269 270 0.9285714285714286
269 843 1.3571428571428572
269 882 0.5714285714285714
270 271 0.9285714285714286
270 928 1.7857142857142858
270 971 0.9285714285714286
271 272 2.0
273 274 1.7857142857142858
273 283 -0.5714285714285714
273 313 1.7857142857142858
273 321 0.9285714285714286
274 275 0.5714285714285714
274 283 0.5714285714285714
274 284 2.0
274 376 -2.0
274 420 0.5714285714285714
274 428 1.3571428571428572
275 284 1.7857142857142858
275 285 1.3571428571428572
275 459 0.9285714285714286
275 469 1.7857142857142858
275 500 0.5714285714285714
275 508 1.3571428571428572
276 285 -1.3571428571428572
276 286 -1.7857142857142858
276 540 0.5714285714285714
276 550 1.3571428571428572
276 583 -2.0
276 593 2.0
277 278 -0.9285714285714286
277 701 -1.3571428571428572
277 735 -0.5714285714285714
277 745 -0.9285714285714286
278 287 1.7857142857142858
278 778 0.5714285714285714
278 789 -0.5714285714285714
278 832 -2.0
279 280 0.5714285714285714
279 287 -2.0
279 863 2.0
279 871 0.5714285714285714
279 907 -1.7857142857142858
279 918 -2.0
280 288 -0.9285714285714286
280 951 -1.3571428571428572
281 282 0.9285714285714286
281 289 -1.7857142857142858
281 290 -1.7857142857142858
282 290 -1.3571428571428572
282 291 2.0
282 294 1.3571428571428572
282 349 1.3571428571428572
282 357 -0.5714285714285714
283 284 1.7857142857142858
283 313 -2.0
283 321 0.9285714285714286
283 376 -1.7857142857142858
284 285 -0.9285714285714286
284 420 2.0
284 428 -2.0
284 459 1.3571428571428572
284 469 0.5714285714285714
285 286 1.7857142857142858
285 500 -1.3571428571428572
285 508 -0.9285714285714286
285 540 2.0
285 550 -1.7857142857142858
286 583 0.9285714285714286
286 593 1.7857142857142858
287 832 -1.3571428571428572
287 863 0.5714285714285714
287 871 1.7857142857142858
288 289 -1.7857142857142858
289 290 1.3571428571428572
290 291 0.5714285714285714
290 294 -0.9285714285714286
291 349 2.0
291 357 -2.0
291 409 -1.3571428571428572
292 293 -2.0
292 303 -0.5714285714285714
293 294 1.3571428571428572
293 303 1.3571428571428572
294 295 0.9285714285714286
294 304 -2.0
294 337 0.5714285714285714
294 345 -0.5714285714285714
295 296 1.7857142857142858
295 304 0.9285714285714286
295 393 2.0
295 445 -0.9285714285714286
295 455 0.5714285714285714
296 297 1.3571428571428572
296 305 -1.7857142857142858
296 488 -0.5714285714285714
296 527 -0.9285714285714286
296 536 -0.5714285714285714
297 298 -0.9285714285714286
297 305 1.7857142857142858
297 306 -1.7857142857142858
297 570 1.3571428571428572
297 580 1.3571428571428572
297 620 1.7857142857142858
298 299 1.7857142857142858
298 306 0.9285714285714286
298 307 0.9285714285714286
298 648 -0.9285714285714286
298 657 -1.3571428571428572
298 689 -0.5714285714285714
299 300 1.3571428571428572
299 307 -0.5714285714285714
299 722 1.7857142857142858
299 731 -0.5714285714285714
299 764 0.9285714285714286
299 775 0.5714285714285714
300 301 2.0
300 810 -0.9285714285714286
300 820 0.9285714285714286
301 302 -1.3571428571428572
301 308 2.0
301 893 0.9285714285714286
301 939 0.5714285714285714
301 948 0.9285714285714286
302 308 -1.3571428571428572
302 309 0.9285714285714286
302 989 0.9285714285714286
304 337 2.0
304 345 -2.0
304 393 0.5714285714285714
305 306 1.7857142857142858
305 527 1.3571428571428572
305 536 -2.0
305 570 0.5714285714285714
305 580 0.5714285714285714
306 307 1.3571428571428572
306 620 2.0
306 648 1.7857142857142858
306 657 -0.5714285714285714
307 689 2.0
307 722 -0.9285714285714286
307 731 1.7857142857142858
308 309 -0.5714285714285714
308 939 0.9285714285714286
308 948 1.7857142857142858
308 989 -0.9285714285714286
309 310 1.7857142857142858
311 312 -2.0
311 320 -2.0
312 313 2.0
312 320 0.5714285714285714
312 321 -1.3571428571428572
313 314 0.9285714285714286
313 321 1.3571428571428572
313 322 1.3571428571428572
313 330 1.7857142857142858
313 338 -0.5714285714285714
314 322 -1.3571428571428572
314 323 -0.9285714285714286
314 436 1.3571428571428572
314 446 0.9285714285714286
315 316 -0.9285714285714286
315 326 -0.5714285714285714
315 712 -1.3571428571428572
315 723 -1.3571428571428572
315 753 1.7857142857142858
316 317 -0.9285714285714286
316 327 -0.9285714285714286
316 800 1.7857142857142858
316 811 2.0
316 843 0.9285714285714286
317 318 -0.9285714285714286
317 327 2.0
317 882 2.0
317 894 0.9285714285714286
317 928 -0.5714285714285714
317 940 1.7857142857142858
318 319 2.0
318 328 -0.9285714285714286
318 971 1.7857142857142858
319 328 0.9285714285714286
319 329 -1.7857142857142858
320 321 -1.7857142857142858
321 322 -0.9285714285714286
322 323 2.0
322 330 0.5714285714285714
322 338 -0.5714285714285714
323 324 -1.7857142857142858
323 436 0.9285714285714286
323 446 -2.0
323 479 0.9285714285714286
323 489 -1.7857142857142858
324 325 -1.7857142857142858
324 517 -1.7857142857142858
324 528 -1.3571428571428572
325 326 -0.9285714285714286
325 602 1.7857142857142858
325 613 0.9285714285714286
325 637 -1.3571428571428572
325 649 -2.0
326 674 -0.5714285714285714
326 712 0.9285714285714286
326 723 -0.9285714285714286
327 843 1.7857142857142858
327 882 -1.7857142857142858
327 894 -0.5714285714285714
328 329 -1.3571428571428572
330 331 1.3571428571428572
330 338 -1.7857142857142858
331 338 -0.9285714285714286
331 339 0.5714285714285714
331 377 1.7857142857142858
331 420 1.3571428571428572
331 429 1.7857142857142858
332 341 -0.5714285714285714
332 702 1.7857142857142858
332 735 -1.3571428571428572
332 746 -1.3571428571428572
333 334 -0.5714285714285714
333 342 2.0
333 863 1.3571428571428572
333 872 -1.3571428571428572
333 907 -2.0
333 919 -1.3571428571428572
334 335 -1.3571428571428572
334 342 0.5714285714285714
334 343 -1.3571428571428572
334 951 -1.3571428571428572
334 961 0.5714285714285714
335 336 -1.3571428571428572
335 343 -1.3571428571428572
335 344 1.3571428571428572
336 337 -1.3571428571428572
336 344 -1.7857142857142858
336 345 2.0
337 345 -0.9285714285714286
337 349 1.3571428571428572
337 358 -0.9285714285714286
338 339 -0.5714285714285714
338 377 2.0
339 420 -0.9285714285714286
339 429 -2.0
339 459 -0.9285714285714286
339 470 -0.5714285714285714
340 583 1.7857142857142858
341 735 -1.3571428571428572
341 778 0.9285714285714286
341 790 -2.0
342 343 -0.9285714285714286
342 907 -2.0
342 919 -0.9285714285714286
342 951 -0.5714285714285714
342 961 1.7857142857142858
343 344 1.7857142857142858
344 345 1.7857142857142858
345 346 0.5714285714285714
346 349 -1.3571428571428572
346 358 1.3571428571428572
346 410 -1.7857142857142858
347 348 -2.0
347 356 -0.5714285714285714
348 349 2.0
348 356 -2.0
348 357 1.7857142857142858
349 350 -0.9285714285714286
349 357 -0.5714285714285714
349 358 2.0
350 358 1.7857142857142858
350 359 -2.0
350 445 -0.5714285714285714
350 456 1.7857142857142858
351 360 1.3571428571428572
351 361 -1.7857142857142858
351 570 1.3571428571428572
351 621 1.3571428571428572
352 353 -1.7857142857142858
352 362 -1.7857142857142858
352 722 -0.5714285714285714
352 732 2.0
352 764 1.7857142857142858
352 776 -2.0
353 362 -1.7857142857142858
353 363 -1.7857142857142858
353 810 -0.5714285714285714
353 852 1.7857142857142858
353 861 1.3571428571428572
354 355 -2.0
354 364 -2.0
355 365 1.3571428571428572
356 357 0.9285714285714286
357 358 -1.7857142857142858
358 359 -1.7857142857142858
358 393 -0.9285714285714286
359 360 0.5714285714285714
359 445 -0.9285714285714286
359 456 -1.7857142857142858
359 488 -2.0
360 361 0.9285714285714286
360 527 1.3571428571428572
360 537 0.9285714285714286
360 570 -0.5714285714285714
361 621 -1.3571428571428572
361 648 -0.9285714285714286
361 658 0.5714285714285714
362 363 -1.7857142857142858
362 764 1.7857142857142858
362 776 2.0
362 810 -2.0
363 364 1.7857142857142858
363 852 -1.7857142857142858
363 861 -1.3571428571428572
363 893 -0.5714285714285714
363 905 -0.5714285714285714
366 375 -1.3571428571428572
367 368 0.5714285714285714
367 377 1.7857142857142858
367 378 0.5714285714285714
367 384 -1.7857142857142858
367 437 -1.7857142857142858
367 446 -1.3571428571428572
368 369 -0.9285714285714286
368 378 -0.9285714285714286
368 489 -0.9285714285714286
368 528 -0.9285714285714286
369 370 -1.3571428571428572
369 379 -0.9285714285714286
369 561 1.7857142857142858
369 603 1.7857142857142858
369 613 2.0
370 371 -0.5714285714285714
370 379 1.3571428571428572
370 638 -2.0
370 649 1.7857142857142858
370 675 2.0
371 713 -2.0
371 723 0.9285714285714286
371 754 1.7857142857142858
372 373 1.7857142857142858
372 380 -0.9285714285714286
372 381 1.7857142857142858
372 883 -1.7857142857142858
372 929 0.5714285714285714
372 940 -1.7857142857142858
373 374 -1.7857142857142858
373 381 -2.0
373 382 1.7857142857142858
374 382 1.3571428571428572
374 383 -2.0
375 376 1.3571428571428572
376 377 0.9285714285714286
377 378 0.9285714285714286
377 384 0.9285714285714286
378 437 1.3571428571428572
378 446 -1.3571428571428572
378 489 0.5714285714285714
379 603 1.3571428571428572
379 613 1.3571428571428572
379 638 1.7857142857142858
379 649 -0.9285714285714286
380 381 -0.5714285714285714
380 883 -0.9285714285714286
380 894 2.0
381 382 0.9285714285714286
381 929 -0.9285714285714286
381 940 -0.9285714285714286
382 383 -1.3571428571428572
384 385 -0.5714285714285714
384 394 1.3571428571428572
384 421 -1.7857142857142858
384 429 0.9285714285714286
385 386 0.9285714285714286
385 394 -1.3571428571428572
385 395 -0.9285714285714286
385 460 1.3571428571428572
385 470 1.7857142857142858
385 501 -0.5714285714285714
385 509 -0.5714285714285714
386 387 0.5714285714285714
386 395 1.7857142857142858
386 396 -2.0
386 541 -0.5714285714285714
386 551 1.3571428571428572
386 584 2.0
387 388 1.7857142857142858
387 396 1.3571428571428572
387 623 -2.0
387 659 -1.7857142857142858
388 397 -1.7857142857142858
388 693 2.0
388 702 2.0
389 390 1.3571428571428572
389 398 -2.0
389 864 0.5714285714285714
389 872 0.5714285714285714
389 908 -2.0
389 919 1.7857142857142858
390 391 -2.0
390 398 1.7857142857142858
390 399 2.0
390 952 -1.3571428571428572
390 961 1.3571428571428572
391 392 -0.9285714285714286
391 399 0.5714285714285714
394 395 -0.5714285714285714
394 421 -2.0
394 460 2.0
394 470 2.0
395 396 -1.7857142857142858
395 501 -1.3571428571428572
395 509 1.7857142857142858
395 541 0.5714285714285714
395 551 0.9285714285714286
396 584 -1.3571428571428572
396 623 0.5714285714285714
397 736 1.3571428571428572
397 746 2.0
397 790 -2.0
398 399 -0.5714285714285714
398 908 -1.3571428571428572
398 919 0.5714285714285714
398 952 1.3571428571428572
398 961 -0.9285714285714286
400 401 0.5714285714285714
401 409 0.5714285714285714
402 410 -1.3571428571428572
402 411 2.0
402 456 -1.3571428571428572
403 404 -1.3571428571428572
403 412 -1.3571428571428572
403 621 -0.5714285714285714
404 405 -0.5714285714285714
404 412 -2.0
404 413 -2.0
404 658 1.3571428571428572
404 690 1.3571428571428572
405 406 -0.5714285714285714
405 413 -1.7857142857142858
405 414 0.9285714285714286
405 732 -1.3571428571428572
405 776 -0.5714285714285714
406 414 2.0
406 415 -1.3571428571428572
406 861 -1.7857142857142858
407 408 0.5714285714285714
407 416 -2.0
407 417 -2.0
408 417 -0.9285714285714286
408 418 -0.9285714285714286
409 410 2.0
410 411 -0.9285714285714286
411 456 -0.9285714285714286
412 413 -1.3571428571428572
412 621 2.0
412 658 0.5714285714285714
413 414 1.7857142857142858
413 690 -2.0
413 732 0.9285714285714286
414 415 2.0
414 776 2.0
415 416 1.3571428571428572
415 861 0.9285714285714286
415 905 1.3571428571428572
416 417 -0.5714285714285714
416 949 -0.9285714285714286
417 418 0.5714285714285714
419 427 0.5714285714285714
420 421 1.3571428571428572
420 428 2.0
420 429 1.3571428571428572
421 422 -2.0
421 429 1.3571428571428572
421 430 -0.9285714285714286
421 437 1.7857142857142858
421 447 -2.0
422 430 1.3571428571428572
422 431 -1.3571428571428572
422 490 -1.7857142857142858
422 518 2.0
422 529 1.3571428571428572
423 432 1.3571428571428572
423 433 -0.5714285714285714
423 638 -1.7857142857142858
423 650 -1.3571428571428572
423 675 -0.5714285714285714
424 425 -0.9285714285714286
424 435 -0.9285714285714286
424 883 1.3571428571428572
424 895 2.0
424 929 1.3571428571428572
424 941 -1.3571428571428572
425 426 -0.9285714285714286
425 435 0.5714285714285714
425 980 -0.9285714285714286
427 428 -1.7857142857142858
428 429 -2.0
429 430 -1.3571428571428572
430 431 -2.0
430 437 1.7857142857142858
430 447 -1.3571428571428572
430 490 1.3571428571428572
431 432 2.0
431 518 2.0
431 529 2.0
431 561 0.5714285714285714
431 571 1.3571428571428572
432 433 2.0
432 603 0.5714285714285714
432 614 -0.5714285714285714
432 638 -0.5714285714285714
432 650 0.9285714285714286
433 434 0.5714285714285714
433 675 2.0
433 713 1.7857142857142858
433 724 -2.0
434 754 -0.9285714285714286
434 766 -1.7857142857142858
434 801 -1.3571428571428572
434 812 1.3571428571428572
435 929 -2.0
435 941 2.0
435 980 0.9285714285714286
436 437 0.9285714285714286
436 446 1.3571428571428572
437 438 0.5714285714285714
437 446 -1.7857142857142858
437 447 0.9285714285714286
438 439 -1.7857142857142858
438 447 -1.3571428571428572
438 448 0.9285714285714286
438 460 -0.5714285714285714
438 471 1.7857142857142858
438 501 1.7857142857142858
438 510 -0.5714285714285714
439 440 1.7857142857142858
439 448 -1.3571428571428572
439 449 1.3571428571428572
439 541 0.9285714285714286
439 552 -1.7857142857142858
439 584 1.3571428571428572
439 594 0.9285714285714286
440 441 0.9285714285714286
440 449 0.9285714285714286
440 450 -1.3571428571428572
440 623 0.5714285714285714
440 630 -1.3571428571428572
440 659 -0.5714285714285714
440 668 0.5714285714285714
441 442 1.7857142857142858
441 450 0.9285714285714286
441 451 -0.5714285714285714
441 703 -1.7857142857142858
441 736 -1.3571428571428572
441 747 0.9285714285714286
442 443 -2.0
442 779 0.9285714285714286
442 791 -0.5714285714285714
442 823 -1.3571428571428572
442 834 1.3571428571428572
443 452 0.5714285714285714
443 864 -0.5714285714285714
443 873 -2.0
443 908 -1.7857142857142858
443 920 2.0
444 445 -1.7857142857142858
444 454 -1.3571428571428572
444 455 1.7857142857142858
445 455 1.3571428571428572
445 456 -1.3571428571428572
446 447 1.7857142857142858
447 448 0.5714285714285714
447 460 -0.9285714285714286
447 471 1.3571428571428572
448 449 0.5714285714285714
448 501 2.0
448 510 2.0
448 541 1.7857142857142858
448 552 -1.3571428571428572
449 450 1.3571428571428572
449 584 -0.9285714285714286
449 594 1.7857142857142858
449 623 1.7857142857142858
449 630 1.3571428571428572
450 451 -0.5714285714285714
450 659 -1.3571428571428572
450 668 2.0
450 693 0.9285714285714286
450 703 -1.3571428571428572
451 736 -1.3571428571428572
451 747 1.7857142857142858
452 908 -0.9285714285714286
452 920 -1.3571428571428572
452 952 0.5714285714285714
452 962 1.7857142857142858
453 454 1.3571428571428572
454 455 -1.7857142857142858
455 456 2.0
457 458 0.5714285714285714
457 468 1.3571428571428572
458 459 0.5714285714285714
458 468 1.7857142857142858
458 469 -1.7857142857142858
459 460 -0.9285714285714286
459 469 0.9285714285714286
459 470 -0.9285714285714286
460 461 1.7857142857142858
460 470 -2.0
460 471 -1.7857142857142858
461 462 1.3571428571428572
461 471 1.7857142857142858
461 472 1.3571428571428572
461 480 1.3571428571428572
461 490 -0.9285714285714286
461 529 1.7857142857142858
462 472 1.7857142857142858
462 473 -1.3571428571428572
462 562 -0.5714285714285714
462 571 2.0
462 604 -2.0
462 614 2.0
463 464 -2.0
463 474 2.0
463 475 -2.0
463 714 0.5714285714285714
463 724 -2.0
463 755 -0.5714285714285714
463 766 -1.3571428571428572
464 465 1.7857142857142858
464 475 -1.7857142857142858
464 476 0.9285714285714286
464 802 -2.0
464 812 -0.5714285714285714
464 844 0.5714285714285714
464 853 -0.5714285714285714
465 466 -0.5714285714285714
465 476 2.0
465 884 1.3571428571428572
465 895 -0.9285714285714286
465 930 1.3571428571428572
465 941 0.9285714285714286
466 467 1.3571428571428572
466 477 -1.3571428571428572
466 972 -2.0
466 980 -2.0
467 477 1.7857142857142858
467 478 -0.5714285714285714
468 469 1.3571428571428572
469 470 0.9285714285714286
470 471 -0.9285714285714286
471 472 0.5714285714285714
471 480 -2.0
471 490 -1.3571428571428572
472 473 -1.7857142857142858
472 519 -1.7857142857142858
472 529 1.7857142857142858
472 562 0.9285714285714286
472 571 -0.5714285714285714
473 474 -2.0
473 604 -1.7857142857142858
473 614 -1.7857142857142858
473 639 0.9285714285714286
473 650 -0.5714285714285714
474 475 0.5714285714285714
474 676 0.9285714285714286
474 714 1.3571428571428572
474 724 0.9285714285714286
475 476 1.3571428571428572
475 755 -1.7857142857142858
475 766 -0.9285714285714286
475 802 0.5714285714285714
475 812 -0.5714285714285714
476 844 -1.3571428571428572
476 853 -0.9285714285714286
476 884 -0.5714285714285714
476 895 -0.9285714285714286
477 478 0.5714285714285714
479 489 -1.7857142857142858
480 481 -2.0
480 490 1.7857142857142858
480 491 -0.5714285714285714
480 510 2.0
481 482 -2.0
481 492 -0.5714285714285714
481 542 -0.5714285714285714
481 552 -0.9285714285714286
481 585 -2.0
481 594 -1.3571428571428572
482 483 -0.5714285714285714
482 492 0.5714285714285714
482 624 0.5714285714285714
482 630 -1.7857142857142858
482 660 0.9285714285714286
483 484 -0.9285714285714286
483 493 2.0
483 703 -1.7857142857142858
483 737 1.3571428571428572
483 747 -0.9285714285714286
484 485 -0.9285714285714286
484 493 2.0
484 494 2.0
484 780 -0.9285714285714286
484 791 2.0
484 824 -0.9285714285714286
484 834 -1.3571428571428572
485 486 -1.7857142857142858
485 494 -0.5714285714285714
485 495 1.7857142857142858
485 873 0.5714285714285714
485 909 -1.7857142857142858
485 920 1.3571428571428572
486 495 -1.7857142857142858
486 496 0.9285714285714286
486 953 0.5714285714285714
486 962 -1.3571428571428572
487 488 2.0
487 497 -1.7857142857142858
489 490 0.5714285714285714
490 491 -0.5714285714285714
491 502 0.5714285714285714
491 510 -1.7857142857142858
491 542 -1.7857142857142858
491 552 -1.3571428571428572
492 585 -0.9285714285714286
492 594 2.0
492 624 0.5714285714285714
492 630 -1.7857142857142858
493 494 -1.7857142857142858
493 737 -0.5714285714285714
493 780 -2.0
493 791 -1.7857142857142858
494 495 -1.3571428571428572
494 824 0.5714285714285714
494 834 0.5714285714285714
494 873 0.9285714285714286
495 496 0.5714285714285714
495 909 -0.9285714285714286
495 920 1.3571428571428572
495 953 -1.3571428571428572
495 962 -1.7857142857142858
496 497 -2.0
498 499 0.5714285714285714
499 500 -1.7857142857142858
499 508 -2.0
500 501 0.9285714285714286
500 508 2.0
500 509 -0.9285714285714286
501 502 0.5714285714285714
501 509 2.0
501 510 1.3571428571428572
502 503 -2.0
502 510 1.7857142857142858
502 511 2.0
502 519 0.5714285714285714
502 530 1.7857142857142858
503 504 -1.3571428571428572
503 511 0.5714285714285714
503 512 0.9285714285714286
503 562 0.9285714285714286
503 572 -0.9285714285714286
503 604 -1.7857142857142858
503 615 1.3571428571428572
504 512 0.5714285714285714
504 513 0.9285714285714286
504 639 2.0
504 651 -2.0
504 676 1.7857142857142858
504 682 -1.7857142857142858
505 515 0.9285714285714286
505 516 2.0
505 884 0.5714285714285714
505 896 -1.7857142857142858
505 930 0.5714285714285714
505 942 1.3571428571428572
506 507 1.7857142857142858
506 516 2.0
506 972 -0.9285714285714286
506 981 1.7857142857142858
508 509 1.3571428571428572
509 510 2.0
510 511 1.7857142857142858
511 512 -1.3571428571428572
511 519 0.5714285714285714
511 530 -0.9285714285714286
511 562 0.5714285714285714
511 572 0.9285714285714286
512 513 2.0
512 604 -2.0
512 615 -0.9285714285714286
512 639 -0.9285714285714286
512 651 -0.9285714285714286
513 514 -2.0
513 676 -2.0
513 682 2.0
513 714 -0.5714285714285714
513 725 2.0
514 515 -2.0
514 755 -0.9285714285714286
514 767 0.9285714285714286
514 802 -1.7857142857142858
515 516 -1.7857142857142858
515 844 1.7857142857142858
515 854 -2.0
515 884 -2.0
515 896 2.0
516 930 -2.0
516 942 0.9285714285714286
516 972 1.3571428571428572
516 981 1.3571428571428572
517 518 0.9285714285714286
517 528 -0.5714285714285714
518 519 -1.7857142857142858
518 528 1.7857142857142858
518 529 1.7857142857142858
519 520 -2.0
519 529 -1.3571428571428572
519 530 2.0
520 521 -2.0
520 530 1.7857142857142858
520 531 0.5714285714285714
520 542 -1.7857142857142858
520 553 -1.3571428571428572
520 585 -0.9285714285714286
521 522 -1.3571428571428572
521 531 -1.7857142857142858
521 624 -0.9285714285714286
521 631 -1.3571428571428572
521 660 1.7857142857142858
522 532 -0.9285714285714286
522 704 -1.7857142857142858
522 737 2.0
522 748 -0.9285714285714286
523 524 1.3571428571428572
523 533 2.0
523 534 2.0
523 874 0.9285714285714286
523 909 2.0
523 921 -1.7857142857142858
524 525 1.3571428571428572
524 534 -0.5714285714285714
524 953 -1.3571428571428572
524 963 -0.5714285714285714
525 526 -1.3571428571428572
525 535 0.9285714285714286
526 527 -1.3571428571428572
526 535 -1.3571428571428572
526 536 -0.5714285714285714
527 536 2.0
527 537 0.9285714285714286
528 529 2.0
529 530 1.7857142857142858
530 531 0.5714285714285714
530 542 -2.0
530 553 -1.7857142857142858
531 585 -0.9285714285714286
531 624 -1.7857142857142858
531 631 0.9285714285714286
532 533 -1.7857142857142858
532 737 -2.0
532 748 1.7857142857142858
532 780 -1.7857142857142858
533 534 -1.3571428571428572
533 824 0.5714285714285714
533 835 -0.5714285714285714
533 874 -0.5714285714285714
534 909 -0.9285714285714286
534 921 -0.9285714285714286
534 953 1.7857142857142858
534 963 -0.5714285714285714
535 536 1.7857142857142858
536 537 -0.9285714285714286
538 539 2.0
539 540 0.9285714285714286
539 550 0.9285714285714286
540 541 1.3571428571428572
540 550 1.7857142857142858
540 551 1.3571428571428572
541 542 0.9285714285714286
541 551 1.3571428571428572
541 552 2.0
542 543 1.3571428571428572
542 552 -1.3571428571428572
542 553 -1.3571428571428572
543 544 -0.9285714285714286
543 553 0.9285714285714286
543 554 -1.7857142857142858
543 563 2.0
543 572 2.0
543 605 1.3571428571428572
543 615 0.9285714285714286
544 545 -1.3571428571428572
544 554 -1.3571428571428572
544 555 -1.7857142857142858
544 640 0.9285714285714286
544 651 -1.3571428571428572
544 677 2.0
544 682 2.0
545 546 0.9285714285714286
545 555 1.3571428571428572
545 556 -0.9285714285714286
545 725 -1.3571428571428572
545 756 -2.0
545 767 -1.7857142857142858
546 547 1.7857142857142858
546 556 0.9285714285714286
546 557 1.7857142857142858
546 803 -0.9285714285714286
546 845 -1.7857142857142858
546 854 -1.3571428571428572
547 548 -1.7857142857142858
547 557 -0.5714285714285714
547 558 1.7857142857142858
547 885 -1.7857142857142858
547 896 0.9285714285714286
547 931 1.3571428571428572
547 942 2.0
548 549 2.0
548 558 -0.9285714285714286
548 559 1.7857142857142858
548 973 1.7857142857142858
548 981 -0.5714285714285714
549 559 -1.3571428571428572
549 560 -0.5714285714285714
550 551 -2.0
551 552 -1.3571428571428572
552 553 2.0
553 554 -2.0
553 563 -0.9285714285714286
554 555 -1.3571428571428572
554 605 -0.9285714285714286
554 615 2.0
554 640 1.7857142857142858
554 651 -1.3571428571428572
555 556 -0.5714285714285714
555 677 1.7857142857142858
555 682 -1.3571428571428572
555 725 -1.3571428571428572
556 557 -2.0
556 756 -1.7857142857142858
556 767 1.3571428571428572
556 803 -1.3571428571428572
557 558 0.9285714285714286
557 845 1.7857142857142858
557 854 0.9285714285714286
557 885 -1.3571428571428572
557 896 0.9285714285714286
558 559 1.3571428571428572
558 931 2.0
558 942 -1.7857142857142858
558 973 -1.3571428571428572
558 981 -0.5714285714285714
559 560 0.5714285714285714
561 562 -2.0
561 571 0.9285714285714286
562 563 -0.9285714285714286
562 571 -1.3571428571428572
562 572 -1.3571428571428572
563 564 2.0
563 572 0.5714285714285714
563 573 1.3571428571428572
563 586 0.5714285714285714
564 573 -1.3571428571428572
564 574 0.5714285714285714
564 625 0.9285714285714286
564 631 -0.9285714285714286
564 661 -1.3571428571428572
565 566 1.7857142857142858
565 574 0.9285714285714286
565 575 -2.0
565 704 -1.7857142857142858
565 738 1.7857142857142858
565 748 -0.5714285714285714
566 567 1.3571428571428572
566 575 -0.5714285714285714
566 576 -1.7857142857142858
566 781 -1.3571428571428572
566 792 -1.7857142857142858
566 825 0.9285714285714286
566 835 -0.9285714285714286
567 568 0.9285714285714286
567 577 2.0
567 865 -0.5714285714285714
567 910 0.5714285714285714
567 921 0.5714285714285714
568 569 -2.0
568 577 -0.9285714285714286
568 578 2.0
568 954 -0.9285714285714286
568 963 1.7857142857142858
569 578 1.3571428571428572
569 579 1.3571428571428572
570 580 -0.9285714285714286
571 572 0.5714285714285714
572 573 1.3571428571428572
573 574 0.5714285714285714
573 586 -1.3571428571428572
573 625 0.9285714285714286
573 631 0.5714285714285714
574 575 -2.0
574 661 -1.7857142857142858
574 704 1.7857142857142858
575 576 -1.7857142857142858
575 738 -1.7857142857142858
575 748 1.7857142857142858
575 781 -0.9285714285714286
575 792 0.5714285714285714
576 577 -1.7857142857142858
576 825 -2.0
576 835 -1.7857142857142858
576 865 -0.9285714285714286
577 578 -1.3571428571428572
577 910 0.5714285714285714
577 921 -1.3571428571428572
577 954 -2.0
577 963 0.5714285714285714
578 579 1.7857142857142858
579 580 1.7857142857142858
581 582 -1.3571428571428572
582 583 0.9285714285714286
582 593 2.0
583 584 -0.5714285714285714
583 593 0.9285714285714286
584 585 -0.9285714285714286
584 594 -1.7857142857142858
585 586 -0.9285714285714286
585 594 -1.7857142857142858
586 587 1.3571428571428572
586 595 -2.0
586 605 1.3571428571428572
587 588 -0.5714285714285714
587 595 2.0
587 596 1.3571428571428572
587 640 -1.3571428571428572
587 652 0.9285714285714286
587 677 2.0
587 683 -2.0
588 589 -1.3571428571428572
588 596 -0.9285714285714286
588 597 1.7857142857142858
588 726 0.9285714285714286
588 756 0.9285714285714286
588 768 -1.7857142857142858
589 590 -0.9285714285714286
589 597 1.7857142857142858
589 598 1.3571428571428572
589 803 -2.0
589 813 -2.0
589 845 -1.3571428571428572
589 855 0.5714285714285714
590 591 -0.9285714285714286
590 598 -0.9285714285714286
590 599 -1.3571428571428572
590 885 2.0
590 897 0.9285714285714286
590 931 -0.5714285714285714
590 943 -0.9285714285714286
591 592 1.3571428571428572
591 599 -1.3571428571428572
591 600 -1.3571428571428572
591 973 0.9285714285714286
591 982 1.3571428571428572
592 600 1.7857142857142858
592 601 -0.9285714285714286
595 596 0.5714285714285714
595 605 2.0
595 652 0.9285714285714286
596 597 1.3571428571428572
596 726 1.7857142857142858
597 598 0.5714285714285714
597 756 0.5714285714285714
597 768 1.3571428571428572
597 803 1.3571428571428572
597 813 1.3571428571428572
598 599 -1.7857142857142858
598 845 1.3571428571428572
598 855 0.5714285714285714
598 885 0.5714285714285714
598 897 2.0
599 600 1.7857142857142858
599 931 -1.7857142857142858
599 943 -2.0
599 973 1.3571428571428572
599 982 0.5714285714285714
600 601 -2.0
602 613 1.7857142857142858
603 604 1.7857142857142858
603 613 0.9285714285714286
603 614 0.5714285714285714
604 605 -0.9285714285714286
604 614 2.0
604 615 1.7857142857142858
605 606 1.7857142857142858
605 615 -0.9285714285714286
606 607 -1.3571428571428572
606 625 -1.3571428571428572
606 632 0.9285714285714286
606 661 -1.3571428571428572
607 608 -0.5714285714285714
607 616 -0.5714285714285714
607 705 1.7857142857142858
607 738 -1.7857142857142858
608 609 1.3571428571428572
608 616 1.3571428571428572
608 617 1.3571428571428572
608 781 -2.0
608 793 0.9285714285714286
608 825 1.7857142857142858
608 836 -1.7857142857142858
609 610 -0.5714285714285714
609 617 0.9285714285714286
609 618 1.7857142857142858
609 865 0.9285714285714286
609 875 -0.5714285714285714
609 910 -1.7857142857142858
609 922 1.3571428571428572
610 611 1.7857142857142858
610 618 1.3571428571428572
610 954 1.7857142857142858
610 964 1.3571428571428572
611 612 1.3571428571428572
611 619 1.7857142857142858
612 619 1.7857142857142858
612 620 -0.5714285714285714
613 614 -1.7857142857142858
614 615 -2.0
616 617 -0.9285714285714286
616 738 -1.7857142857142858
616 781 -2.0
616 793 0.9285714285714286
617 618 1.3571428571428572
617 825 -0.5714285714285714
617 836 0.9285714285714286
617 865 0.9285714285714286
617 875 -2.0
618 910 1.3571428571428572
618 922 1.3571428571428572
618 954 1.7857142857142858
618 964 -2.0
619 620 0.5714285714285714
623 624 -0.5714285714285714
623 630 -1.3571428571428572
624 625 0.5714285714285714
624 630 -0.9285714285714286
624 631 -1.7857142857142858
625 631 1.7857142857142858
625 632 1.3571428571428572
626 627 1.3571428571428572
626 633 0.9285714285714286
626 634 -2.0
626 715 -2.0
626 726 2.0
626 757 0.5714285714285714
626 768 0.5714285714285714
627 634 -1.7857142857142858
627 804 -0.5714285714285714
627 813 -1.3571428571428572
627 846 0.5714285714285714
627 855 -0.9285714285714286
628 629 0.9285714285714286
628 635 -1.7857142857142858
628 636 0.5714285714285714
628 974 1.7857142857142858
628 982 -0.5714285714285714
629 636 -2.0
630 631 2.0
631 632 -1.3571428571428572
632 633 -0.5714285714285714
632 641 2.0
632 652 0.9285714285714286
633 634 -1.3571428571428572
633 683 0.5714285714285714
633 715 0.5714285714285714
633 726 2.0
634 757 -0.5714285714285714
634 768 -2.0
634 804 -1.3571428571428572
634 813 -2.0
635 636 0.9285714285714286
635 932 1.7857142857142858
635 943 1.7857142857142858
635 974 -0.5714285714285714
635 982 -1.7857142857142858
637 638 1.7857142857142858
637 649 1.7857142857142858
638 639 -2.0
638 649 -2.0
638 650 2.0
639 640 1.7857142857142858
639 650 -1.7857142857142858
639 651 -0.5714285714285714
640 641 -0.5714285714285714
640 651 -2.0
640 652 1.3571428571428572
641 642 1.3571428571428572
641 652 2.0
641 653 -0.9285714285714286
641 662 -2.0
642 653 -1.7857142857142858
642 654 2.0
642 694 -1.3571428571428572
642 705 -2.0
643 644 1.7857142857142858
643 654 0.5714285714285714
643 782 0.5714285714285714
643 793 -1.7857142857142858
643 826 1.7857142857142858
643 836 -0.5714285714285714
644 645 -1.7857142857142858
644 866 -0.9285714285714286
644 875 -1.3571428571428572
644 922 0.5714285714285714
645 646 -1.3571428571428572
645 655 -0.5714285714285714
645 955 1.3571428571428572
645 964 2.0
646 647 -1.3571428571428572
646 655 -0.5714285714285714
646 656 -1.3571428571428572
647 648 0.9285714285714286
647 656 -0.9285714285714286
647 657 0.9285714285714286
648 657 1.7857142857142858
648 658 0.9285714285714286
649 650 -2.0
650 651 -1.7857142857142858
651 652 1.3571428571428572
652 653 1.3571428571428572
653 654 -0.5714285714285714
653 662 -2.0
653 694 -1.7857142857142858
653 705 -0.9285714285714286
654 782 -2.0
654 793 -1.3571428571428572
655 656 1.3571428571428572
656 657 1.3571428571428572
657 658 0.9285714285714286
659 660 -0.9285714285714286
659 668 -0.5714285714285714
660 661 -2.0
660 668 1.7857142857142858
661 662 2.0
662 663 -0.9285714285714286
662 669 0.9285714285714286
662 684 -1.3571428571428572
663 664 -1.7857142857142858
663 669 1.7857142857142858
663 670 2.0
663 715 2.0
663 727 0.5714285714285714
663 757 1.7857142857142858
663 769 -2.0
664 665 1.3571428571428572
664 670 -0.9285714285714286
664 671 0.5714285714285714
664 804 0.9285714285714286
664 814 1.3571428571428572
664 846 -2.0
664 856 -0.5714285714285714
665 671 0.9285714285714286
665 886 -0.9285714285714286
665 898 -0.5714285714285714
665 932 1.3571428571428572
665 944 1.7857142857142858
666 672 -1.3571428571428572
666 673 -0.9285714285714286
669 670 0.5714285714285714
669 684 -0.9285714285714286
669 715 -0.9285714285714286
669 727 -1.3571428571428572
670 671 1.7857142857142858
670 757 -0.5714285714285714
670 769 -1.3571428571428572
670 804 0.5714285714285714
670 814 1.7857142857142858
671 846 1.7857142857142858
671 856 -2.0
671 886 -0.9285714285714286
671 898 -2.0
672 673 -0.5714285714285714
674 675 -1.3571428571428572
675 676 2.0
676 677 -0.9285714285714286
676 682 1.7857142857142858
677 682 -0.5714285714285714
677 683 1.3571428571428572
678 679 2.0
678 684 -0.9285714285714286
678 685 -1.3571428571428572
678 694 -1.7857142857142858
678 706 -0.9285714285714286
679 680 0.5714285714285714
679 685 0.5714285714285714
679 782 1.7857142857142858
679 794 1.3571428571428572
679 826 -0.9285714285714286
679 837 2.0
680 681 -1.7857142857142858
680 686 1.7857142857142858
680 687 -2.0
680 866 0.5714285714285714
680 876 -1.3571428571428572
680 911 1.7857142857142858
680 923 -1.7857142857142858
681 687 -1.3571428571428572
681 955 -0.5714285714285714
681 965 -1.7857142857142858
682 683 -1.7857142857142858
683 684 -2.0
684 685 -0.9285714285714286
684 694 -2.0
684 706 1.7857142857142858
685 686 2.0
685 782 -1.3571428571428572
685 794 -0.5714285714285714
686 687 0.9285714285714286
686 826 -0.9285714285714286
686 866 -1.7857142857142858
686 876 1.3571428571428572
687 911 -1.7857142857142858
687 923 0.9285714285714286
687 955 -0.5714285714285714
687 965 -0.5714285714285714
688 689 -0.9285714285714286
689 690 -1.7857142857142858
691 692 -0.5714285714285714
691 700 -0.9285714285714286
692 700 0.5714285714285714
692 701 -0.5714285714285714
693 702 1.3571428571428572
693 703 1.7857142857142858
694 695 -0.5714285714285714
694 705 1.7857142857142858
694 706 2.0
695 696 -1.3571428571428572
695 706 -2.0
695 707 -2.0
695 716 -1.3571428571428572
695 727 -0.5714285714285714
695 758 -2.0
695 769 -1.7857142857142858
696 707 -0.9285714285714286
696 708 -0.5714285714285714
696 805 -0.5714285714285714
696 814 -1.3571428571428572
696 847 -0.5714285714285714
696 856 0.9285714285714286
697 698 -0.9285714285714286
697 708 2.0
697 709 -0.5714285714285714
697 887 -2.0
697 898 -2.0
697 933 -2.0
697 944 2.0
698 699 0.9285714285714286
698 709 2.0
698 710 1.7857142857142858
698 975 1.7857142857142858
698 983 -2.0
699 710 -0.9285714285714286
699 711 2.0
700 701 2.0
701 702 -1.3571428571428572
702 703 0.5714285714285714
703 704 0.9285714285714286
704 705 -2.0
705 706 -0.5714285714285714
706 707 -1.7857142857142858
706 716 2.0
706 727 -1.3571428571428572
707 708 -0.5714285714285714
707 758 1.7857142857142858
707 769 2.0
707 805 -0.9285714285714286
707 814 -1.7857142857142858
708 709 -1.3571428571428572
708 847 -0.5714285714285714
708 856 1.3571428571428572
708 887 -1.7857142857142858
708 898 1.3571428571428572
709 710 -0.9285714285714286
709 944 1.3571428571428572
709 975 2.0
709 983 -1.3571428571428572
710 711 -1.7857142857142858
712 713 1.7857142857142858
712 723 2.0
713 723 0.5714285714285714
713 724 1.7857142857142858
714 724 -0.5714285714285714
714 725 -1.7857142857142858
715 716 -0.9285714285714286
715 726 -1.7857142857142858
715 727 -0.5714285714285714
716 717 -1.3571428571428572
716 727 2.0
716 728 2.0
716 739 -2.0
717 718 1.7857142857142858
717 728 -2.0
717 729 0.5714285714285714
717 783 -0.5714285714285714
717 794 1.3571428571428572
717 827 0.9285714285714286
717 837 0.9285714285714286
718 719 -0.5714285714285714
718 729 -1.7857142857142858
718 730 0.9285714285714286
718 867 1.3571428571428572
718 876 1.7857142857142858
718 912 1.3571428571428572
718 923 -0.9285714285714286
719 720 1.7857142857142858
719 730 1.3571428571428572
719 956 -1.7857142857142858
719 965 2.0
720 721 0.5714285714285714
721 722 -1.3571428571428572
721 731 -0.9285714285714286
722 731 -1.3571428571428572
722 732 0.5714285714285714
723 724 -2.0
724 725 1.7857142857142858
725 726 1.7857142857142858
726 727 -0.9285714285714286
727 728 -0.5714285714285714
728 729 -2.0
728 739 1.7857142857142858
728 783 -2.0
728 794 -2.0
729 730 0.5714285714285714
729 827 1.7857142857142858
729 837 1.7857142857142858
729 867 0.9285714285714286
729 876 0.9285714285714286
730 912 -2.0
730 923 -1.7857142857142858
730 956 -2.0
730 965 0.5714285714285714
731 732 2.0
733 734 1.7857142857142858
733 744 -0.5714285714285714
734 744 1.7857142857142858
734 745 -0.9285714285714286
735 736 -2.0
735 745 0.5714285714285714
735 746 -0.9285714285714286
736 737 -0.5714285714285714
736 746 -0.5714285714285714
736 747 -2.0
737 738 -2.0
737 747 0.5714285714285714
737 748 -1.7857142857142858
738 748 -2.0
739 740 1.7857142857142858
739 749 1.7857142857142858
739 758 0.5714285714285714
739 770 -0.5714285714285714
740 741 2.0
740 749 0.9285714285714286
740 750 -0.5714285714285714
740 805 -0.5714285714285714
740 815 -2.0
740 847 1.7857142857142858
740 857 -1.3571428571428572
741 742 -1.7857142857142858
741 750 -1.3571428571428572
741 751 -0.5714285714285714
741 887 1.3571428571428572
741 899 2.0
741 933 -0.5714285714285714
742 743 -2.0
742 751 -1.7857142857142858
742 752 -1.7857142857142858
742 975 -0.9285714285714286
742 984 -2.0
743 752 2.0
744 745 -0.5714285714285714
745 746 1.3571428571428572
746 747 -0.9285714285714286
747 748 1.7857142857142858
749 750 -0.9285714285714286
749 758 -0.9285714285714286
749 770 0.9285714285714286
749 805 -0.5714285714285714
749 815 -0.5714285714285714
750 751 -2.0
750 847 -2.0
750 857 -0.9285714285714286
750 887 2.0
750 899 -0.9285714285714286
751 752 -0.5714285714285714
751 933 1.3571428571428572
751 975 0.5714285714285714
751 984 -1.3571428571428572
753 754 -0.5714285714285714
754 755 2.0
754 765 0.5714285714285714
754 766 -0.5714285714285714
755 756 0.9285714285714286
755 766 1.7857142857142858
755 767 0.9285714285714286
756 757 0.5714285714285714
756 767 -2.0
756 768 -1.7857142857142858
757 758 0.9285714285714286
757 768 2.0
757 769 -1.3571428571428572
758 759 -0.9285714285714286
758 769 -1.7857142857142858
758 770 1.7857142857142858
759 760 -1.7857142857142858
759 771 1.7857142857142858
759 783 2.0
759 795 1.7857142857142858
759 827 -0.9285714285714286
759 838 2.0
760 761 1.3571428571428572
760 771 0.9285714285714286
760 772 1.3571428571428572
760 867 -1.3571428571428572
760 877 -0.5714285714285714
760 912 -1.3571428571428572
760 924 1.7857142857142858
761 762 0.5714285714285714
761 772 1.7857142857142858
761 773 -1.3571428571428572
761 956 2.0
761 966 -0.5714285714285714
762 763 0.5714285714285714
762 773 -0.5714285714285714
762 774 2.0
763 764 0.9285714285714286
763 774 -1.7857142857142858
763 775 -0.5714285714285714
764 775 -1.3571428571428572
764 776 0.5714285714285714
765 766 1.3571428571428572
766 767 2.0
767 768 0.5714285714285714
768 769 -1.3571428571428572
769 770 -2.0
770 783 2.0
770 795 0.5714285714285714
771 827 -1.3571428571428572
771 838 -0.5714285714285714
771 867 -1.3571428571428572
772 773 -0.5714285714285714
772 912 1.3571428571428572
772 924 1.7857142857142858
772 956 0.9285714285714286
772 966 -1.7857142857142858
773 774 -0.5714285714285714
774 775 -1.3571428571428572
775 776 0.9285714285714286
777 788 0.5714285714285714
778 779 0.5714285714285714
778 789 1.3571428571428572
778 790 -0.5714285714285714
779 780 -0.9285714285714286
779 790 -1.7857142857142858
780 781 2.0
780 791 0.9285714285714286
780 792 -0.5714285714285714
781 782 0.9285714285714286
781 792 -0.9285714285714286
781 793 1.7857142857142858
782 783 2.0
782 793 -1.7857142857142858
782 794 1.3571428571428572
783 784 -2.0
783 794 -1.7857142857142858
783 795 -0.5714285714285714
784 785 0.5714285714285714
784 796 0.9285714285714286
784 815 0.5714285714285714
784 848 0.5714285714285714
784 857 -1.3571428571428572
785 786 1.3571428571428572
785 796 -1.7857142857142858
785 797 -0.9285714285714286
785 888 -2.0
785 899 1.7857142857142858
785 934 0.5714285714285714
786 787 -1.7857142857142858
786 797 0.5714285714285714
786 798 -1.7857142857142858
786 976 0.9285714285714286
786 984 -0.5714285714285714
787 798 2.0
787 799 0.5714285714285714
788 789 -1.3571428571428572
789 790 -1.3571428571428572
790 791 0.5714285714285714
791 792 2.0
792 793 0.5714285714285714
793 794 -0.5714285714285714
794 795 2.0
795 796 1.3571428571428572
795 815 0.9285714285714286
796 797 0.5714285714285714
796 848 -0.9285714285714286
796 857 1.3571428571428572
796 888 -2.0
796 899 -1.3571428571428572
797 798 0.5714285714285714
797 934 -1.3571428571428572
797 976 -2.0
797 984 2.0
798 799 -0.9285714285714286
800 811 1.3571428571428572
801 802 2.0
801 811 -1.3571428571428572
801 812 -2.0
802 803 1.7857142857142858
802 812 0.9285714285714286
803 804 -1.3571428571428572
803 813 1.7857142857142858
804 805 -0.5714285714285714
804 813 2.0
804 814 -0.9285714285714286
805 814 -0.9285714285714286
805 815 -1.3571428571428572
806 807 -1.7857142857142858
806 816 -1.7857142857142858
806 817 1.7857142857142858
806 868 0.9285714285714286
806 877 -1.7857142857142858
806 913 1.7857142857142858
806 924 -2.0
807 808 -1.3571428571428572
807 817 2.0
807 818 -1.3571428571428572
807 957 -2.0
807 966 2.0
808 809 1.7857142857142858
808 818 -0.5714285714285714
808 819 -0.5714285714285714
809 810 2.0
809 819 -1.3571428571428572
809 820 0.9285714285714286
810 820 0.9285714285714286
811 812 -2.0
814 815 2.0
815 816 -1.3571428571428572
816 817 -0.9285714285714286
816 828 -2.0
816 838 1.3571428571428572
816 868 1.7857142857142858
816 877 1.3571428571428572
817 818 2.0
817 913 -0.5714285714285714
817 924 -1.7857142857142858
817 957 1.3571428571428572
817 966 -0.9285714285714286
818 819 -1.3571428571428572
819 820 -1.3571428571428572
821 822 -0.5714285714285714
821 831 -1.3571428571428572
822 831 0.9285714285714286
822 832 1.7857142857142858
823 824 1.7857142857142858
823 834 1.3571428571428572
824 825 -1.3571428571428572
824 834 -0.5714285714285714
824 835 -1.7857142857142858
825 826 0.5714285714285714
825 835 1.7857142857142858
825 836 2.0
826 827 2.0
826 836 1.7857142857142858
826 837 -0.5714285714285714
827 828 1.7857142857142858
827 837 0.9285714285714286
827 838 0.9285714285714286
828 838 2.0
828 839 -0.5714285714285714
828 848 0.9285714285714286
829 830 0.5714285714285714
829 840 -0.5714285714285714
829 841 1.3571428571428572
829 976 -0.5714285714285714
829 985 -1.3571428571428572
830 841 -1.7857142857142858
830 842 0.9285714285714286
831 832 -1.7857142857142858
832 833 1.7857142857142858
833 834 -0.9285714285714286
834 835 2.0
836 837 -0.9285714285714286
838 839 2.0
839 840 0.9285714285714286
839 848 -1.3571428571428572
839 888 -2.0
839 900 -0.9285714285714286
840 841 1.3571428571428572
840 934 -1.3571428571428572
840 976 0.9285714285714286
840 985 2.0
841 842 -1.7857142857142858
844 845 -2.0
844 853 1.7857142857142858
844 854 1.7857142857142858
845 846 -1.3571428571428572
845 854 1.7857142857142858
845 855 0.5714285714285714
846 847 -0.9285714285714286
846 855 1.7857142857142858
846 856 1.7857142857142858
847 848 1.7857142857142858
847 856 -2.0
847 857 1.7857142857142858
848 849 1.3571428571428572
848 857 1.7857142857142858
849 850 -0.5714285714285714
849 858 2.0
849 868 2.0
849 878 -2.0
849 913 -1.7857142857142858
850 851 -0.5714285714285714
850 858 -2.0
850 859 0.9285714285714286
850 957 -1.3571428571428572
850 967 -0.9285714285714286
851 859 -0.9285714285714286
851 860 -0.9285714285714286
852 861 -1.3571428571428572
853 854 0.9285714285714286
854 855 -1.3571428571428572
855 856 1.7857142857142858
856 857 0.9285714285714286
858 859 0.5714285714285714
858 913 1.7857142857142858
858 957 0.9285714285714286
858 967 1.7857142857142858
859 860 -0.5714285714285714
862 863 1.3571428571428572
862 870 -2.0
862 871 2.0
863 864 -2.0
863 871 -0.9285714285714286
863 872 0.9285714285714286
864 872 -1.3571428571428572
864 873 0.5714285714285714
865 866 -1.3571428571428572
865 874 -0.9285714285714286
865 875 1.7857142857142858
866 867 -0.5714285714285714
866 875 -2.0
866 876 1.3571428571428572
867 868 -1.7857142857142858
867 876 -2.0
867 877 0.5714285714285714
868 877 0.5714285714285714
868 878 -0.9285714285714286
869 879 0.9285714285714286
869 880 0.9285714285714286
869 977 0.5714285714285714
869 985 0.9285714285714286
870 871 -2.0
871 872 2.0
872 873 -2.0
873 874 2.0
874 875 -1.7857142857142858
875 876 1.7857142857142858
876 877 1.7857142857142858
877 878 -0.9285714285714286
878 879 -0.9285714285714286
878 889 -2.0
878 900 -2.0
879 880 -1.3571428571428572
879 935 -2.0
879 977 -0.9285714285714286
879 985 -2.0
880 881 0.9285714285714286
882 883 -2.0
883 884 1.3571428571428572
883 894 2.0
883 895 -1.3571428571428572
884 885 -0.9285714285714286
884 896 2.0
885 886 -0.9285714285714286
885 896 -0.9285714285714286
885 897 -1.3571428571428572
886 887 2.0
886 897 -0.9285714285714286
886 898 0.9285714285714286
887 888 -1.7857142857142858
887 898 0.5714285714285714
887 899 0.5714285714285714
888 889 -1.3571428571428572
888 899 0.9285714285714286
888 900 1.7857142857142858
889 890 -0.9285714285714286
889 900 -0.9285714285714286
889 901 -0.9285714285714286
889 914 2.0
890 901 1.7857142857142858
890 902 0.9285714285714286
890 967 0.9285714285714286
891 892 -0.5714285714285714
891 902 -2.0
891 903 0.9285714285714286
892 893 0.5714285714285714
892 903 -1.3571428571428572
892 904 1.7857142857142858
893 904 -1.7857142857142858
893 905 0.9285714285714286
894 895 -0.5714285714285714
895 896 -1.3571428571428572
896 897 -1.3571428571428572
897 898 0.9285714285714286
898 899 -1.7857142857142858
899 900 -1.3571428571428572
900 901 -0.9285714285714286
901 902 1.7857142857142858
901 914 -1.3571428571428572
901 967 0.5714285714285714
902 903 0.5714285714285714
903 904 -1.3571428571428572
904 905 1.7857142857142858
906 907 -1.3571428571428572
906 917 -1.3571428571428572
906 918 0.5714285714285714
907 908 2.0
907 918 -2.0
907 919 -1.3571428571428572
908 909 -1.7857142857142858
908 919 2.0
908 920 -0.5714285714285714
909 910 0.5714285714285714
909 920 2.0
909 921 -1.3571428571428572
910 911 2.0
910 921 -2.0
910 922 0.5714285714285714
911 912 2.0
911 922 2.0
911 923 -1.3571428571428572
912 913 -1.7857142857142858
912 923 1.3571428571428572
912 924 1.7857142857142858
913 914 -1.7857142857142858
913 924 -0.9285714285714286
914 915 0.9285714285714286
914 925 0.9285714285714286
914 935 0.9285714285714286
914 945 -1.7857142857142858
915 916 0.5714285714285714
915 925 -0.5714285714285714
915 926 1.3571428571428572
915 977 0.9285714285714286
915 986 -1.7857142857142858
916 926 -2.0
916 927 1.7857142857142858
917 918 -0.9285714285714286
918 919 1.7857142857142858
919 920 2.0
920 921 1.7857142857142858
921 922 -1.7857142857142858
922 923 0.9285714285714286
923 924 -0.5714285714285714
925 926 -2.0
925 935 -0.5714285714285714
925 945 -2.0
925 977 -0.5714285714285714
925 986 -0.9285714285714286
926 927 1.7857142857142858
928 929 -0.9285714285714286
928 940 0.9285714285714286
929 930 -1.7857142857142858
929 940 0.5714285714285714
929 941 1.3571428571428572
930 931 0.9285714285714286
930 941 1.3571428571428572
930 942 -1.7857142857142858
931 932 -0.5714285714285714
931 942 -0.5714285714285714
931 943 -0.9285714285714286
932 933 1.3571428571428572
932 943 -1.7857142857142858
932 944 1.3571428571428572
933 934 -1.3571428571428572
934 935 1.3571428571428572
935 936 -2.0
935 945 -2.0
936 937 -2.0
936 945 1.7857142857142858
936 968 -1.7857142857142858
937 938 2.0
937 946 -0.5714285714285714
937 947 -1.3571428571428572
938 939 -0.5714285714285714
938 947 1.3571428571428572
938 948 1.3571428571428572
939 948 -2.0
939 949 -0.9285714285714286
941 942 -0.9285714285714286
942 943 2.0
943 944 -1.3571428571428572
945 946 0.5714285714285714
945 968 -1.3571428571428572
947 948 -1.3571428571428572
948 949 1.3571428571428572
950 960 -2.0
951 952 0.9285714285714286
951 961 -1.3571428571428572
952 961 -0.5714285714285714
952 962 0.9285714285714286
953 954 -1.3571428571428572
953 962 -0.9285714285714286
953 963 2.0
954 955 0.5714285714285714
954 963 1.3571428571428572
954 964 1.7857142857142858
955 956 2.0
955 964 1.3571428571428572
956 957 0.5714285714285714
956 965 -2.0
956 966 -1.7857142857142858
957 966 1.3571428571428572
957 967 -0.9285714285714286
958 959 -1.3571428571428572
958 968 0.9285714285714286
958 969 -0.5714285714285714
958 978 -2.0
958 986 -1.7857142857142858
959 969 -1.3571428571428572
959 970 -1.3571428571428572
961 962 -0.9285714285714286
962 963 -1.7857142857142858
963 964 0.9285714285714286
964 965 0.9285714285714286
965 966 0.5714285714285714
966 967 0.9285714285714286
967 968 -0.9285714285714286
968 969 1.7857142857142858
968 978 2.0
968 986 1.3571428571428572
969 970 -1.7857142857142858
972 973 -2.0
972 980 1.3571428571428572
972 981 2.0
973 974 0.9285714285714286
973 981 -1.3571428571428572
973 982 1.3571428571428572
974 975 2.0
974 982 -0.5714285714285714
974 983 0.5714285714285714
975 976 2.0
975 984 -1.7857142857142858
976 977 -1.7857142857142858
976 984 -0.5714285714285714
976 985 1.3571428571428572
977 978 -0.9285714285714286
977 985 1.7857142857142858
977 986 2.0
978 979 -1.3571428571428572
978 986 -0.9285714285714286
978 987 2.0
979 987 -2.0
979 988 -0.5714285714285714
980 981 2.0
981 982 -2.0
982 983 -2.0
983 984 -2.0
984 985 -1.7857142857142858
985 986 1.3571428571428572
986 987 0.9285714285714286
987 988 -0.9285714285714286
988 989 2.0
