449 1781
1 1 -0.0714285714285714
2 2 -1.0714285714285716
3 3 -3.357142857142857
4 4 -1.5714285714285716
5 5 5.285714285714286
6 6 2.8571428571428568
7 7 3.8571428571428577
8 8 4.642857142857143
9 9 0.7142857142857144
10 10 0.7857142857142858
11 11 3.428571428571429
12 12 1.5714285714285714
13 13 1.9285714285714286
14 14 1.7857142857142856
15 15 -1.8571428571428572
16 16 -3.2142857142857144
17 17 -5.357142857142858
18 18 -2.285714285714286
19 19 2.857142857142857
20 20 8.071428571428571
21 21 4.142857142857143
22 22 -3.357142857142857
23 23 4.857142857142858
24 24 -2.7142857142857144
25 25 -6.7857142857142865
26 26 3.7857142857142856
27 27 4.071428571428571
28 28 0.5
29 29 2.2142857142857144
30 30 -0.7857142857142856
31 31 2.6428571428571432
32 32 3.071428571428571
33 33 -2.357142857142857
34 34 -2.0
35 35 1.4285714285714286
36 36 -6.857142857142858
37 37 1.142857142857143
38 38 0.3571428571428572
39 39 1.7142857142857144
40 40 -3.6428571428571423
41 41 -5.785714285714286
42 42 -1.7142857142857144
43 43 -3.928571428571429
44 44 6.714285714285714
45 45 4.7142857142857135
46 46 7.5
47 47 3.2857142857142856
48 48 1.0
49 49 0.5714285714285714
50 50 -4.714285714285714
51 51 -5.7857142857142865
52 52 -0.7142857142857142
53 53 2.428571428571429
54 54 4.357142857142858
55 55 -1.0
56 56 5.714285714285714
57 57 -2.5
58 58 -3.7142857142857144
59 59 -3.857142857142858
60 60 -0.4285714285714286
61 61 -1.9285714285714286
62 62 -3.5714285714285716
63 63 2.428571428571429
64 64 -1.7142857142857142
65 65 -0.2857142857142856
66 66 -2.428571428571429
67 67 -2.857142857142857
68 68 -0.2142857142857144
69 69 3.1428571428571432
70 70 -3.2857142857142856
71 71 -4.857142857142857
72 72 0.4285714285714286
73 73 -0.14285714285714324
74 74 -1.2142857142857144
75 75 0.3571428571428572
76 76 -1.214285714285714
77 77 1.4285714285714284
78 78 0.9999999999999998
79 79 1.2857142857142858
80 80 0.9285714285714288
81 81 0.5
82 82 5.5
83 83 -5.42857142857143
84 84 -0.8571428571428572
85 85 6.428571428571429
86 86 -2.928571428571429
87 87 -2.7857142857142856
88 88 3.642857142857143
89 89 -0.5714285714285714
91 91 3.928571428571429
92 92 1.9285714285714286
93 93 4.714285714285714
94 94 -3.5
95 95 -2.0
96 96 1.8571428571428572
97 97 -0.4285714285714286
98 98 0.3571428571428572
99 99 -0.6428571428571428
100 100 -3.2142857142857144
101 101 -2.357142857142857
102 102 0.4285714285714286
103 103 -4.5
104 104 2.214285714285715
105 105 -1.9285714285714288
106 106 2.1428571428571423
107 107 3.357142857142857
108 108 1.5
109 109 -5.5
110 110 -4.428571428571429
111 111 2.928571428571429
112 112 -0.2142857142857142
113 113 -5.0
114 114 -3.0714285714285716
115 115 -2.357142857142857
116 116 -3.1428571428571432
117 117 1.2857142857142858
118 118 -0.2142857142857144
119 119 -1.2857142857142858
120 120 1.4285714285714286
121 121 -0.7857142857142856
122 122 1.0000000000000004
123 123 -1.0714285714285714
124 124 4.571428571428571
125 125 5.071428571428572
126 126 -1.7142857142857142
127 127 -1.4999999999999996
128 128 -2.5
129 129 -7.571428571428571
130 130 2.0
131 131 0.28571428571428603
132 132 -0.4999999999999998
133 133 7.785714285714286
134 134 -0.3571428571428572
135 135 -2.428571428571429
136 136 -7.714285714285714
137 137 2.1428571428571423
138 138 2.0714285714285716
139 139 2.7857142857142856
140 140 2.7142857142857144
141 141 0.7142857142857144
142 142 0.07142857142857117
143 143 1.428571428571428
144 144 -0.8571428571428572
145 145 3.2857142857142856
146 146 -0.2142857142857144
147 147 -1.285714285714286
148 148 -8.357142857142858
149 149 -2.2142857142857144
150 150 5.857142857142858
151 151 -0.9285714285714284
152 152 -2.9999999999999996
153 153 -3.2142857142857144
154 154 0.35714285714285676
155 155 -6.0
156 156 -0.5714285714285714
157 157 2.2142857142857144
158 158 -0.2142857142857144
159 159 1.7857142857142856
160 160 -0.3571428571428572
161 161 0.4285714285714286
162 162 3.357142857142857
163 163 -0.2142857142857144
164 164 7.571428571428573
165 165 5.571428571428572
166 166 3.571428571428571
167 167 -6.642857142857143
168 168 0.28571428571428603
169 169 4.928571428571429
170 170 0.3571428571428572
171 171 -3.642857142857143
172 172 -0.2857142857142856
173 173 -0.714285714285714
174 174 3.928571428571429
175 175 -1.5
176 176 -3.1428571428571423
177 177 5.999999999999999
178 178 -7.857142857142857
179 179 1.0714285714285718
180 180 -1.0714285714285714
181 181 -1.8571428571428572
182 182 -3.9285714285714284
183 183 -1.7857142857142863
184 184 -0.5714285714285714
185 185 -4.071428571428572
186 186 1.4285714285714286
187 187 1.5714285714285714
188 188 -0.5000000000000004
189 189 0.7142857142857142
190 190 -2.0
191 191 4.714285714285714
192 192 -3.214285714285714
193 193 -0.5714285714285716
194 194 -5.428571428571429
195 195 3.1428571428571432
196 196 -0.9285714285714286
197 197 -6.500000000000001
198 198 1.2142857142857144
199 199 -5.357142857142858
200 200 2.2142857142857144
201 201 0.4999999999999998
202 202 -1.9285714285714286
203 203 1.2142857142857137
204 204 1.3571428571428568
205 205 -6.142857142857142
206 206 -0.6428571428571428
207 207 0.14285714285714235
208 208 9.0
209 209 5.357142857142857
210 210 -4.642857142857143
211 211 -5.7857142857142865
212 212 1.1428571428571426
213 213 7.642857142857144
214 214 3.7142857142857144
215 215 2.642857142857143
216 216 -6.5
217 217 -5.571428571428571
219 219 1.3571428571428568
220 220 5.857142857142858
221 221 -3.8571428571428568
222 222 3.0
223 223 2.7142857142857135
224 224 -0.4285714285714286
225 225 0.35714285714285743
226 226 3.3571428571428577
227 227 -3.0
228 228 -7.714285714285714
229 229 5.142857142857143
230 230 0.5
231 231 -1.1428571428571428
232 232 -4.142857142857143
233 233 -4.428571428571429
234 234 0.2142857142857142
235 235 -3.3571428571428577
236 236 5.142857142857143
237 237 5.785714285714285
238 238 -2.4285714285714293
239 239 1.0714285714285714
240 240 -0.5714285714285716
241 241 -0.2857142857142858
242 242 -1.2857142857142858
243 243 -2.2142857142857144
244 244 -3.4285714285714284
245 245 -8.571428571428571
246 246 4.071428571428571
247 247 2.5
248 248 6.214285714285714
249 249 -1.2857142857142858
250 250 -2.071428571428571
251 251 -1.6428571428571428
252 252 -3.357142857142857
253 253 1.3571428571428574
254 254 1.5714285714285714
255 255 2.0
256 256 3.2142857142857144
257 257 4.0
258 258 0.21428571428571397
259 259 1.5
260 260 0.7857142857142858
261 261 3.2857142857142856
262 262 -4.142857142857142
263 263 -2.5
264 264 0.8571428571428572
265 265 -3.0
266 266 -7.357142857142858
267 267 2.000000000000001
268 268 -3.357142857142857
269 269 -2.6428571428571432
270 270 -1.2142857142857144
271 271 1.7857142857142858
272 272 6.285714285714286
273 273 3.1428571428571432
274 274 0.2857142857142856
275 275 -2.7142857142857144
276 276 3.7857142857142856
277 277 1.3571428571428572
278 278 0.8571428571428565
279 279 3.8571428571428568
280 280 -1.5
281 281 1.5714285714285716
282 282 -5.642857142857143
283 283 -1.7857142857142858
284 284 2.5714285714285716
285 285 -2.5
286 286 -1.5714285714285714
287 287 1.7857142857142858
288 288 2.7142857142857144
289 289 -1.0
290 290 5.928571428571429
291 291 5.0
292 292 1.0
293 293 0.4285714285714286
294 294 -2.2142857142857144
295 295 -2.571428571428572
296 296 -3.071428571428571
297 297 0.9285714285714286
298 298 -3.142857142857143
299 299 2.220446049250313e-16
300 300 3.5714285714285716
301 301 -5.500000000000001
302 302 4.928571428571429
303 303 5.928571428571429
304 304 5.214285714285714
305 305 -1.6428571428571428
306 306 1.428571428571428
307 307 -0.35714285714285765
308 308 0.9285714285714288
309 309 -1.4285714285714286
310 310 -2.2142857142857144
311 311 -2.8571428571428577
312 312 -5.642857142857143
313 313 4.0
314 314 -0.5
315 315 5.0
316 316 -1.0714285714285714
317 317 -0.0714285714285714
318 318 0.2857142857142856
319 319 0.8571428571428572
320 320 -2.142857142857143
321 321 -0.7142857142857144
322 322 -3.9285714285714293
323 323 0.9285714285714286
324 324 -4.071428571428571
325 325 3.7142857142857144
326 326 1.4285714285714286
327 327 -3.3571428571428577
328 328 0.6428571428571428
329 329 -9.428571428571429
330 330 -1.7142857142857142
331 331 -1.9285714285714288
332 332 -1.9285714285714288
333 333 1.1428571428571428
334 334 -1.2142857142857144
335 335 3.0
336 336 4.0
337 337 8.285714285714285
338 338 -2.7857142857142856
339 339 -6.571428571428571
340 340 -4.928571428571429
341 341 -3.7142857142857144
342 342 3.428571428571429
343 343 8.5
344 344 1.3571428571428572
345 345 2.071428571428571
346 346 -4.7857142857142865
347 347 2.071428571428571
348 348 -0.3571428571428572
349 349 0.785714285714286
350 350 -1.0714285714285714
351 351 -3.357142857142857
352 352 -0.21428571428571463
353 353 -1.4285714285714288
354 354 -3.928571428571429
355 355 -0.7142857142857142
356 356 3.7142857142857144
357 357 0.2142857142857142
358 358 -6.142857142857142
359 359 6.571428571428571
360 360 2.7857142857142856
361 361 -4.5
362 362 0.5
363 363 0.9285714285714286
364 364 -1.2142857142857142
365 365 -3.3571428571428568
366 366 -2.0
368 368 -7.785714285714286
369 369 -1.642857142857143
370 370 -2.428571428571429
371 371 1.4285714285714288
372 372 2.5714285714285716
373 373 2.428571428571429
374 374 -0.2142857142857142
375 375 -1.6428571428571426
376 376 -1.7142857142857142
377 377 -5.857142857142857
379 379 2.928571428571429
380 380 2.857142857142857
381 381 -0.5714285714285714
382 382 0.3571428571428572
383 383 -1.3571428571428574
384 384 2.857142857142857
385 385 -1.4285714285714286
386 386 -2.928571428571429
387 387 2.357142857142857
388 388 -5.142857142857143
389 389 -7.642857142857142
390 390 -0.07142857142857162
392 392 6.142857142857142
393 393 4.642857142857142
394 394 -2.7142857142857144
395 395 2.4285714285714284
396 396 5.357142857142858
397 397 -0.2142857142857142
398 398 -4.5
399 399 -2.0
400 400 -1.4285714285714286
401 401 2.7142857142857144
402 402 1.4999999999999996
403 403 5.0
404 404 -1.357142857142857
405 405 3.2857142857142847
406 406 -3.928571428571429
407 407 -6.5
408 408 -3.071428571428571
409 409 -1.5000000000000002
410 410 -1.0714285714285718
411 411 -3.2142857142857153
412 412 6.928571428571429
413 413 1.3571428571428572
414 414 0.5714285714285716
415 415 -2.1428571428571432
416 416 -1.0714285714285714
417 417 0.5714285714285714
418 418 1.2142857142857142
419 419 -2.928571428571429
420 420 -1.5714285714285712
421 421 -0.5714285714285712
422 422 -4.5
423 423 -3.7857142857142856
424 424 2.8571428571428577
425 425 0.5714285714285714
426 426 3.2142857142857144
427 427 -0.2857142857142865
428 428 -1.9285714285714284
429 429 3.8571428571428577
430 430 -0.8571428571428568
431 431 -4.071428571428571
432 432 7.071428571428573
433 433 1.9999999999999998
434 434 -0.2142857142857144
435 435 0.07142857142857117
436 436 3.357142857142857
437 437 -1.7857142857142858
438 438 0.9999999999999998
439 439 1.3571428571428572
440 440 5.0
441 441 -0.6428571428571426
442 442 6.214285714285715
443 443 -0.6428571428571428
444 444 0.7857142857142856
445 445 -1.2142857142857144
446 446 -0.7857142857142856
447 447 -0.4285714285714286
448 448 5.857142857142857
449 449 -0.35714285714285765
1 2 0.9285714285714286
1 7 -1.7857142857142858
1 50 0.9285714285714286
2 3 1.3571428571428572
2 7 -1.7857142857142858
2 8 -2.0
2 98 0.5714285714285714
2 121 2.0
3 4 -1.3571428571428572
3 8 1.3571428571428572
3 9 -2.0
3 147 2.0
3 176 2.0
4 9 0.5714285714285714
4 203 1.7857142857142858
4 231 0.5714285714285714
5 6 -0.5714285714285714
5 11 -2.0
5 307 -1.3571428571428572
5 335 -1.3571428571428572
6 11 -1.3571428571428572
6 12 -0.9285714285714286
6 364 0.5714285714285714
6 392 -0.5714285714285714
7 8 -1.3571428571428572
7 77 2.0
7 98 -0.9285714285714286
8 9 -1.7857142857142858
8 121 -1.7857142857142858
8 147 0.9285714285714286
9 10 0.5714285714285714
9 176 0.5714285714285714
9 203 1.3571428571428572
10 231 -1.3571428571428572
11 12 1.3571428571428572
11 335 -2.0
11 364 0.5714285714285714
12 392 -2.0
13 20 -2.0
13 58 0.9285714285714286
13 77 0.9285714285714286
13 82 -1.7857142857142858
14 15 2.0
14 21 -1.7857142857142858
14 147 -2.0
14 154 -0.5714285714285714
14 176 0.5714285714285714
15 16 -0.5714285714285714
15 21 -0.9285714285714286
15 22 1.3571428571428572
15 203 -0.5714285714285714
15 231 0.5714285714285714
16 17 2.0
16 22 2.0
16 23 -2.0
16 287 1.7857142857142858
17 18 0.9285714285714286
17 23 2.0
17 24 1.7857142857142858
17 307 -2.0
17 312 1.7857142857142858
17 335 -0.5714285714285714
17 342 -0.5714285714285714
18 19 -2.0
18 24 -0.9285714285714286
18 25 2.0
18 364 0.9285714285714286
18 371 2.0
18 392 1.3571428571428572
18 399 -2.0
19 25 0.9285714285714286
19 26 -1.7857142857142858
19 413 -1.7857142857142858
19 428 1.7857142857142858
20 77 -2.0
20 82 -1.3571428571428572
20 98 -0.9285714285714286
20 104 -1.7857142857142858
21 176 0.5714285714285714
21 203 -2.0
22 23 -1.3571428571428572
22 231 1.3571428571428572
23 24 -1.3571428571428572
23 287 -1.7857142857142858
23 307 0.5714285714285714
23 312 -0.9285714285714286
24 25 1.3571428571428572
24 335 1.3571428571428572
24 342 1.3571428571428572
24 364 0.9285714285714286
24 371 -1.7857142857142858
25 26 1.3571428571428572
25 392 -2.0
25 399 1.7857142857142858
25 413 1.3571428571428572
26 428 -1.3571428571428572
26 436 -2.0
27 28 -0.5714285714285714
27 35 -2.0
27 51 -0.9285714285714286
27 58 -0.5714285714285714
27 78 -1.3571428571428572
27 82 1.3571428571428572
28 29 -1.3571428571428572
28 35 0.9285714285714286
28 36 0.9285714285714286
28 104 -1.3571428571428572
28 127 0.9285714285714286
29 30 -2.0
29 36 1.3571428571428572
29 37 2.0
29 148 0.9285714285714286
29 154 -1.3571428571428572
29 177 -1.7857142857142858
30 31 2.0
30 37 -2.0
30 38 2.0
30 204 -0.5714285714285714
30 232 1.3571428571428572
31 32 -0.9285714285714286
31 38 -0.5714285714285714
31 260 -1.3571428571428572
31 287 -1.7857142857142858
32 33 1.7857142857142858
32 39 -1.3571428571428572
32 308 -2.0
32 312 2.0
32 336 -0.5714285714285714
32 342 -2.0
33 34 0.5714285714285714
33 39 -0.5714285714285714
33 371 1.3571428571428572
33 393 -1.3571428571428572
33 399 0.5714285714285714
34 40 -0.9285714285714286
34 407 1.3571428571428572
34 413 -0.9285714285714286
34 421 0.5714285714285714
34 428 1.3571428571428572
35 36 2.0
35 78 -0.9285714285714286
35 82 -2.0
35 104 0.5714285714285714
36 37 1.7857142857142858
36 127 1.3571428571428572
36 154 -0.5714285714285714
37 38 -1.7857142857142858
37 177 -0.5714285714285714
37 204 -0.5714285714285714
38 232 -0.5714285714285714
38 260 0.5714285714285714
39 336 -0.9285714285714286
39 342 0.5714285714285714
39 371 0.5714285714285714
40 421 2.0
40 428 0.5714285714285714
40 443 2.0
41 42 -2.0
41 51 2.0
41 59 2.0
41 78 1.7857142857142858
41 83 2.0
42 43 1.7857142857142858
42 105 1.3571428571428572
42 128 0.5714285714285714
43 47 -0.5714285714285714
43 148 0.9285714285714286
43 155 0.9285714285714286
43 177 -0.9285714285714286
43 183 1.7857142857142858
44 45 -1.3571428571428572
44 48 -2.0
44 308 -0.9285714285714286
44 313 0.9285714285714286
44 336 -2.0
44 343 -1.3571428571428572
45 46 -2.0
45 372 -1.3571428571428572
45 393 -0.9285714285714286
45 400 0.9285714285714286
46 49 -2.0
46 414 -0.5714285714285714
46 421 -2.0
46 429 -0.9285714285714286
47 177 -1.3571428571428572
47 183 -1.7857142857142858
47 204 -1.3571428571428572
47 211 1.7857142857142858
48 336 1.7857142857142858
48 343 -1.3571428571428572
48 372 0.5714285714285714
49 421 -0.5714285714285714
49 429 2.0
50 51 1.7857142857142858
50 58 2.0
51 52 2.0
51 59 0.9285714285714286
52 53 -2.0
52 59 0.9285714285714286
52 60 -1.3571428571428572
52 65 0.5714285714285714
52 89 0.5714285714285714
53 54 1.3571428571428572
53 60 0.5714285714285714
53 61 -1.7857142857142858
53 134 -0.5714285714285714
54 55 -0.9285714285714286
54 61 0.5714285714285714
54 62 -2.0
54 161 -1.3571428571428572
54 190 -2.0
55 56 -1.7857142857142858
55 62 1.7857142857142858
55 63 1.3571428571428572
55 244 0.5714285714285714
56 57 1.7857142857142858
56 63 -2.0
56 64 -0.5714285714285714
56 269 -1.3571428571428572
56 293 -1.7857142857142858
57 64 1.7857142857142858
57 320 -2.0
57 348 0.9285714285714286
58 59 1.3571428571428572
59 65 -1.3571428571428572
60 61 -0.5714285714285714
60 89 1.7857142857142858
61 62 1.7857142857142858
61 134 0.5714285714285714
61 161 1.3571428571428572
62 190 2.0
63 64 -1.7857142857142858
63 244 0.9285714285714286
63 269 -0.9285714285714286
64 293 1.3571428571428572
64 320 0.9285714285714286
65 66 0.5714285714285714
65 72 -1.3571428571428572
65 79 0.9285714285714286
65 83 0.9285714285714286
66 67 2.0
66 72 1.3571428571428572
66 73 -2.0
66 105 1.3571428571428572
66 122 -1.7857142857142858
66 128 0.9285714285714286
67 73 1.7857142857142858
67 74 -1.7857142857142858
67 149 -2.0
67 155 -0.9285714285714286
67 178 2.0
67 183 1.7857142857142858
68 74 -2.0
68 75 1.7857142857142858
68 205 0.5714285714285714
68 211 0.9285714285714286
68 233 0.9285714285714286
68 239 -2.0
69 70 -1.7857142857142858
69 313 -2.0
69 337 -1.3571428571428572
69 343 2.0
70 71 1.7857142857142858
70 76 2.0
70 365 0.9285714285714286
70 372 0.9285714285714286
70 400 -0.5714285714285714
71 76 0.5714285714285714
71 408 2.0
71 414 -1.7857142857142858
71 422 1.3571428571428572
71 429 0.9285714285714286
72 73 -1.7857142857142858
72 79 -1.3571428571428572
72 83 0.9285714285714286
72 105 1.7857142857142858
73 74 -0.5714285714285714
73 122 -1.3571428571428572
73 128 0.9285714285714286
73 149 1.7857142857142858
73 155 1.3571428571428572
74 75 -1.3571428571428572
74 178 1.7857142857142858
74 183 1.3571428571428572
74 205 2.0
74 211 1.7857142857142858
75 233 0.5714285714285714
75 239 -1.3571428571428572
76 400 0.5714285714285714
76 408 -0.5714285714285714
76 414 -1.3571428571428572
77 78 -1.7857142857142858
77 82 -0.5714285714285714
78 79 0.9285714285714286
78 82 -0.5714285714285714
78 83 0.9285714285714286
79 80 2.0
79 83 -0.5714285714285714
79 84 0.5714285714285714
79 89 -1.7857142857142858
79 93 -2.0
80 84 -0.9285714285714286
80 85 -2.0
80 134 1.7857142857142858
80 141 -1.7857142857142858
81 88 -1.3571428571428572
81 320 0.5714285714285714
81 327 -0.5714285714285714
81 348 1.7857142857142858
81 356 -0.9285714285714286
82 83 -0.5714285714285714
83 84 1.7857142857142858
84 85 -1.3571428571428572
84 89 1.3571428571428572
84 93 -0.5714285714285714
85 86 0.9285714285714286
85 134 -1.7857142857142858
85 141 0.9285714285714286
85 161 -1.3571428571428572
85 168 -1.7857142857142858
86 87 2.0
86 190 0.9285714285714286
86 196 -0.9285714285714286
87 88 -0.9285714285714286
87 244 0.5714285714285714
87 252 0.9285714285714286
87 269 2.0
87 276 -1.7857142857142858
88 293 -0.5714285714285714
88 320 -1.3571428571428572
88 327 0.5714285714285714
89 90 -1.3571428571428572
90 93 -1.3571428571428572
90 94 0.9285714285714286
90 106 -0.5714285714285714
90 122 0.5714285714285714
90 129 1.7857142857142858
91 96 -1.3571428571428572
91 314 -1.7857142857142858
91 337 -1.3571428571428572
91 344 0.5714285714285714
92 97 -0.5714285714285714
92 415 -2.0
92 422 2.0
92 430 -1.3571428571428572
93 94 -1.3571428571428572
93 106 0.5714285714285714
94 122 0.9285714285714286
94 129 1.7857142857142858
94 149 1.7857142857142858
94 156 -0.5714285714285714
95 233 2.0
96 337 -0.9285714285714286
96 344 -0.9285714285714286
96 365 1.3571428571428572
97 422 -0.5714285714285714
97 430 0.9285714285714286
97 437 2.0
97 444 -1.3571428571428572
98 104 0.9285714285714286
99 100 2.0
99 106 -0.5714285714285714
99 107 -0.9285714285714286
99 109 0.9285714285714286
99 135 -1.3571428571428572
99 141 0.5714285714285714
100 101 1.7857142857142858
100 107 -0.5714285714285714
100 168 0.5714285714285714
100 196 -0.5714285714285714
101 102 0.5714285714285714
101 108 0.9285714285714286
101 218 -1.3571428571428572
101 245 1.3571428571428572
101 252 -0.9285714285714286
102 103 1.3571428571428572
102 108 -1.3571428571428572
102 270 -0.5714285714285714
102 276 -1.7857142857142858
102 294 1.3571428571428572
103 321 -2.0
103 327 1.3571428571428572
103 349 2.0
103 356 1.7857142857142858
104 105 -0.5714285714285714
105 106 -2.0
106 107 -1.3571428571428572
106 109 1.7857142857142858
107 135 1.3571428571428572
107 141 -0.9285714285714286
107 168 -0.9285714285714286
108 245 0.9285714285714286
108 252 -2.0
108 270 -1.3571428571428572
108 276 1.3571428571428572
109 110 2.0
109 115 0.5714285714285714
109 123 -1.7857142857142858
109 129 2.0
110 111 -1.3571428571428572
110 115 1.3571428571428572
110 116 1.7857142857142858
110 150 2.0
110 156 1.3571428571428572
110 179 -1.3571428571428572
110 184 -1.3571428571428572
111 112 -0.5714285714285714
111 116 0.9285714285714286
111 117 0.5714285714285714
111 206 -1.3571428571428572
111 212 -0.5714285714285714
111 234 -0.5714285714285714
112 113 -0.5714285714285714
112 117 -0.9285714285714286
112 261 0.9285714285714286
112 282 1.3571428571428572
113 118 1.7857142857142858
113 309 2.0
113 314 1.7857142857142858
114 119 1.7857142857142858
114 120 -0.9285714285714286
114 409 1.7857142857142858
114 415 1.3571428571428572
114 430 -0.9285714285714286
115 116 -0.9285714285714286
115 123 0.5714285714285714
115 129 2.0
115 150 -1.7857142857142858
115 156 0.5714285714285714
116 117 -1.3571428571428572
116 179 0.9285714285714286
116 184 1.3571428571428572
116 206 -1.3571428571428572
116 212 1.7857142857142858
117 234 1.3571428571428572
117 261 -0.9285714285714286
118 119 -0.9285714285714286
118 338 -2.0
118 344 1.3571428571428572
119 120 0.5714285714285714
119 394 -0.5714285714285714
119 401 -0.9285714285714286
119 415 1.3571428571428572
120 423 0.9285714285714286
120 430 -0.5714285714285714
120 438 0.5714285714285714
120 444 -2.0
121 127 0.5714285714285714
122 123 1.7857142857142858
122 128 -0.5714285714285714
122 129 -0.5714285714285714
123 124 -1.7857142857142858
123 129 -2.0
123 130 0.9285714285714286
123 135 1.3571428571428572
123 142 2.0
124 130 -2.0
124 131 0.5714285714285714
124 169 -1.3571428571428572
124 191 0.5714285714285714
124 197 -0.5714285714285714
125 126 -0.5714285714285714
125 132 -0.9285714285714286
125 133 -2.0
125 270 -1.7857142857142858
125 277 -0.9285714285714286
125 294 0.5714285714285714
125 300 0.5714285714285714
126 133 0.5714285714285714
126 321 -2.0
126 328 1.7857142857142858
126 349 0.5714285714285714
126 357 1.3571428571428572
127 128 -1.3571428571428572
128 129 2.0
129 130 0.5714285714285714
130 131 1.7857142857142858
130 135 -0.5714285714285714
130 142 -0.9285714285714286
130 169 -1.7857142857142858
131 132 0.9285714285714286
131 191 -2.0
131 197 -0.9285714285714286
131 218 1.3571428571428572
131 224 -2.0
132 133 -1.7857142857142858
132 245 1.3571428571428572
132 253 -1.7857142857142858
132 270 1.7857142857142858
132 277 0.9285714285714286
133 294 -1.3571428571428572
133 300 -0.9285714285714286
133 321 -0.9285714285714286
133 328 -1.3571428571428572
134 135 -0.5714285714285714
134 141 0.9285714285714286
135 136 1.7857142857142858
135 141 -1.3571428571428572
135 142 1.7857142857142858
136 137 -0.9285714285714286
136 142 -0.5714285714285714
136 143 0.9285714285714286
136 150 1.7857142857142858
136 157 1.3571428571428572
136 179 2.0
136 185 1.3571428571428572
137 138 1.3571428571428572
137 143 1.7857142857142858
137 144 -0.5714285714285714
137 206 1.3571428571428572
137 213 -1.7857142857142858
137 234 -1.3571428571428572
137 240 -2.0
138 139 1.7857142857142858
138 144 -2.0
138 145 -1.7857142857142858
138 261 -1.3571428571428572
138 264 -0.9285714285714286
138 282 1.7857142857142858
138 288 -0.9285714285714286
139 145 -1.7857142857142858
139 315 -2.0
139 338 0.5714285714285714
139 345 -1.3571428571428572
140 146 -2.0
140 409 -2.0
140 416 -0.5714285714285714
140 423 0.9285714285714286
140 431 0.9285714285714286
141 142 0.9285714285714286
142 143 -0.5714285714285714
142 150 -0.9285714285714286
142 157 -1.7857142857142858
143 144 -1.3571428571428572
143 179 -2.0
143 185 -0.5714285714285714
143 206 0.9285714285714286
143 213 -0.5714285714285714
144 145 1.7857142857142858
144 234 2.0
144 240 1.7857142857142858
144 261 -1.3571428571428572
144 264 0.5714285714285714
145 282 0.5714285714285714
145 288 -0.9285714285714286
145 309 -0.5714285714285714
145 315 -0.5714285714285714
146 423 -0.5714285714285714
146 431 2.0
146 438 1.3571428571428572
146 445 -0.5714285714285714
147 148 0.9285714285714286
147 154 -0.5714285714285714
148 149 2.0
148 154 1.7857142857142858
148 155 1.7857142857142858
149 150 -1.7857142857142858
149 155 1.3571428571428572
149 156 -0.9285714285714286
150 151 -2.0
150 156 -1.7857142857142858
150 157 -1.3571428571428572
151 152 1.3571428571428572
151 157 1.3571428571428572
151 158 -2.0
151 162 -0.9285714285714286
151 169 0.5714285714285714
151 192 0.5714285714285714
151 197 2.0
152 158 1.3571428571428572
152 159 -0.5714285714285714
152 219 2.0
152 224 2.0
152 246 -1.3571428571428572
152 253 -1.7857142857142858
153 160 0.9285714285714286
153 322 0.9285714285714286
153 328 1.7857142857142858
153 350 0.9285714285714286
153 357 -1.3571428571428572
154 155 0.9285714285714286
155 156 0.5714285714285714
156 157 1.3571428571428572
157 158 -2.0
157 162 -0.5714285714285714
157 169 -0.5714285714285714
158 159 0.9285714285714286
158 192 0.5714285714285714
158 197 1.3571428571428572
158 219 1.3571428571428572
158 224 -1.3571428571428572
159 160 -0.5714285714285714
159 246 -0.5714285714285714
159 253 -1.7857142857142858
159 271 -0.5714285714285714
159 277 1.3571428571428572
160 295 2.0
160 300 -0.9285714285714286
160 322 0.9285714285714286
160 328 -2.0
161 168 0.9285714285714286
162 163 -0.9285714285714286
162 169 -0.9285714285714286
162 170 -0.9285714285714286
162 185 0.9285714285714286
163 164 -1.3571428571428572
163 170 0.9285714285714286
163 171 1.7857142857142858
163 207 0.9285714285714286
163 213 -2.0
163 235 1.7857142857142858
163 240 -0.9285714285714286
164 165 -1.7857142857142858
164 171 -0.9285714285714286
164 172 -0.9285714285714286
164 264 -1.3571428571428572
164 283 -1.7857142857142858
164 288 0.5714285714285714
165 166 -2.0
165 172 -1.3571428571428572
165 173 0.9285714285714286
165 315 -1.7857142857142858
165 339 1.3571428571428572
165 345 -0.9285714285714286
166 167 2.0
166 173 0.9285714285714286
166 174 -1.3571428571428572
166 367 -0.9285714285714286
166 373 1.7857142857142858
166 395 -2.0
166 402 -2.0
167 175 1.7857142857142858
167 416 0.5714285714285714
167 424 1.3571428571428572
167 431 0.9285714285714286
168 169 0.9285714285714286
169 170 -1.7857142857142858
170 180 0.5714285714285714
170 185 -0.5714285714285714
170 207 2.0
170 213 -0.5714285714285714
171 235 -0.5714285714285714
171 240 1.3571428571428572
171 264 2.0
172 173 2.0
172 283 -0.9285714285714286
172 288 0.5714285714285714
172 315 0.9285714285714286
173 174 -1.3571428571428572
173 339 0.9285714285714286
173 367 -0.9285714285714286
173 373 -1.7857142857142858
174 175 0.5714285714285714
174 395 0.9285714285714286
174 402 -1.7857142857142858
174 416 -0.9285714285714286
175 424 -1.7857142857142858
175 431 -0.9285714285714286
175 439 0.9285714285714286
175 445 0.9285714285714286
176 177 -0.5714285714285714
177 178 0.5714285714285714
177 183 -1.3571428571428572
178 179 2.0
178 183 0.5714285714285714
178 184 0.9285714285714286
179 180 0.9285714285714286
179 184 -1.7857142857142858
179 185 -1.7857142857142858
180 181 1.3571428571428572
180 185 1.7857142857142858
180 192 -1.7857142857142858
180 198 -1.7857142857142858
181 182 2.0
181 186 -0.5714285714285714
181 187 -0.5714285714285714
181 219 0.5714285714285714
181 225 0.9285714285714286
181 246 -0.9285714285714286
181 254 -0.9285714285714286
182 187 1.3571428571428572
182 188 -2.0
182 271 0.5714285714285714
182 278 2.0
182 295 0.9285714285714286
182 301 -0.9285714285714286
183 184 -0.5714285714285714
184 185 2.0
185 186 0.9285714285714286
186 187 -0.5714285714285714
186 192 1.7857142857142858
186 198 -1.7857142857142858
186 219 -1.7857142857142858
186 225 0.5714285714285714
187 188 -1.3571428571428572
187 246 -2.0
187 254 1.3571428571428572
187 271 -1.7857142857142858
187 278 2.0
188 189 0.9285714285714286
188 295 -1.7857142857142858
188 301 2.0
188 322 1.7857142857142858
188 329 0.9285714285714286
189 350 0.9285714285714286
189 358 -0.5714285714285714
189 380 -2.0
190 191 -0.9285714285714286
190 196 2.0
191 192 -2.0
191 196 -0.9285714285714286
191 197 0.5714285714285714
192 193 1.3571428571428572
192 197 0.9285714285714286
192 198 1.7857142857142858
193 198 -0.9285714285714286
193 199 1.3571428571428572
193 207 -0.5714285714285714
193 214 1.3571428571428572
193 235 -2.0
194 200 0.9285714285714286
194 316 1.3571428571428572
194 339 1.7857142857142858
194 346 1.3571428571428572
195 201 -1.3571428571428572
195 202 0.5714285714285714
195 424 -1.7857142857142858
195 432 -0.5714285714285714
196 197 1.3571428571428572
197 198 1.7857142857142858
198 199 2.0
198 207 -1.3571428571428572
198 214 -0.9285714285714286
199 200 -1.3571428571428572
199 235 1.3571428571428572
199 265 2.0
200 283 1.7857142857142858
200 289 -1.7857142857142858
200 316 -1.7857142857142858
201 202 1.7857142857142858
201 395 -0.9285714285714286
201 403 -1.3571428571428572
201 417 1.3571428571428572
202 424 1.3571428571428572
202 432 -1.3571428571428572
202 439 -1.7857142857142858
202 446 1.3571428571428572
203 204 -1.7857142857142858
204 205 2.0
204 211 0.9285714285714286
205 206 2.0
205 211 0.9285714285714286
205 212 -1.3571428571428572
206 207 1.7857142857142858
206 212 -1.3571428571428572
206 213 -1.3571428571428572
207 208 -2.0
207 213 -0.9285714285714286
208 209 -0.5714285714285714
208 214 -0.5714285714285714
208 215 -0.5714285714285714
208 220 -1.3571428571428572
208 225 -1.3571428571428572
208 247 -2.0
208 254 -0.5714285714285714
209 210 -2.0
209 215 -1.3571428571428572
209 216 -0.5714285714285714
209 272 -2.0
209 278 -2.0
209 296 1.3571428571428572
209 301 1.7857142857142858
210 216 2.0
210 217 0.9285714285714286
210 329 1.7857142857142858
210 351 0.5714285714285714
210 358 1.3571428571428572
211 212 -0.5714285714285714
212 213 0.9285714285714286
213 214 -1.3571428571428572
214 215 -1.7857142857142858
214 220 -1.7857142857142858
214 225 1.3571428571428572
215 216 -0.5714285714285714
215 247 1.3571428571428572
215 254 -2.0
215 272 1.3571428571428572
215 278 0.9285714285714286
216 217 2.0
216 296 0.9285714285714286
216 301 1.3571428571428572
216 329 1.3571428571428572
217 351 2.0
217 358 2.0
217 381 -1.3571428571428572
218 219 -1.7857142857142858
218 224 1.7857142857142858
219 220 -0.9285714285714286
219 224 -1.3571428571428572
219 225 0.5714285714285714
220 225 -2.0
220 226 2.0
220 236 -1.7857142857142858
221 222 -2.0
221 227 0.5714285714285714
221 228 2.0
221 316 0.5714285714285714
221 340 0.9285714285714286
221 346 1.7857142857142858
222 223 -0.5714285714285714
222 228 1.3571428571428572
222 229 -1.3571428571428572
222 368 1.3571428571428572
222 374 -1.7857142857142858
222 396 0.9285714285714286
222 403 -0.9285714285714286
223 230 0.9285714285714286
223 410 -2.0
223 425 0.9285714285714286
223 432 -2.0
224 225 1.3571428571428572
225 226 -1.7857142857142858
226 227 -1.7857142857142858
226 236 -1.7857142857142858
226 262 1.7857142857142858
226 265 -1.7857142857142858
227 228 1.7857142857142858
227 284 1.7857142857142858
227 289 2.0
227 316 -1.3571428571428572
228 229 -0.5714285714285714
228 340 0.9285714285714286
228 346 -1.7857142857142858
228 368 2.0
228 374 2.0
229 230 0.5714285714285714
229 396 -2.0
229 403 -0.9285714285714286
229 410 0.9285714285714286
229 417 -1.7857142857142858
230 425 0.5714285714285714
230 432 0.5714285714285714
230 440 -1.7857142857142858
230 446 -1.3571428571428572
232 233 2.0
232 239 1.3571428571428572
233 234 -2.0
233 239 0.9285714285714286
234 235 0.9285714285714286
234 240 -0.5714285714285714
235 236 0.9285714285714286
235 240 0.9285714285714286
236 237 -2.0
236 241 0.5714285714285714
236 247 -2.0
236 255 0.9285714285714286
237 238 1.3571428571428572
237 241 -0.5714285714285714
237 242 0.9285714285714286
237 272 -0.9285714285714286
237 279 -2.0
237 296 -0.5714285714285714
237 302 -2.0
238 242 0.9285714285714286
238 243 1.7857142857142858
238 330 0.9285714285714286
238 351 -0.5714285714285714
238 359 -2.0
241 247 1.3571428571428572
241 255 -2.0
241 279 0.9285714285714286
242 243 -0.5714285714285714
243 351 0.5714285714285714
243 359 -0.9285714285714286
243 381 1.3571428571428572
244 252 1.3571428571428572
245 246 0.9285714285714286
245 252 2.0
245 253 2.0
246 247 -2.0
246 253 0.9285714285714286
246 254 0.9285714285714286
247 248 -1.7857142857142858
247 254 0.5714285714285714
247 255 2.0
248 249 -0.9285714285714286
248 255 -1.7857142857142858
248 256 -1.3571428571428572
248 262 0.5714285714285714
248 266 2.0
248 284 -2.0
248 290 -0.9285714285714286
249 250 0.5714285714285714
249 256 1.7857142857142858
249 257 -0.9285714285714286
249 317 -0.5714285714285714
249 340 1.3571428571428572
250 251 -2.0
250 257 -0.5714285714285714
250 258 0.9285714285714286
250 368 2.0
250 396 0.5714285714285714
250 404 0.5714285714285714
251 258 1.7857142857142858
251 259 -0.9285714285714286
251 410 1.7857142857142858
251 418 0.5714285714285714
251 425 -0.9285714285714286
251 433 1.3571428571428572
252 253 2.0
253 254 -0.9285714285714286
255 256 -0.9285714285714286
255 262 -2.0
255 266 1.7857142857142858
256 257 -0.5714285714285714
256 284 0.5714285714285714
256 290 -1.3571428571428572
256 317 -1.3571428571428572
257 258 -0.9285714285714286
257 340 0.9285714285714286
257 368 -1.3571428571428572
257 375 -0.5714285714285714
258 259 -0.5714285714285714
258 396 0.5714285714285714
258 404 1.7857142857142858
258 410 -1.7857142857142858
258 418 -2.0
259 425 1.3571428571428572
259 433 2.0
259 440 -2.0
259 447 -1.3571428571428572
261 264 -0.5714285714285714
262 265 2.0
262 266 1.7857142857142858
263 267 -1.7857142857142858
263 268 1.3571428571428572
263 323 -1.7857142857142858
263 330 2.0
263 352 1.3571428571428572
263 359 1.3571428571428572
264 265 -0.5714285714285714
265 266 1.3571428571428572
266 267 -1.3571428571428572
266 279 1.7857142857142858
267 268 2.0
267 302 -2.0
267 323 0.5714285714285714
267 330 0.5714285714285714
268 352 1.7857142857142858
268 359 -0.9285714285714286
268 382 0.9285714285714286
268 387 -1.7857142857142858
269 270 0.9285714285714286
269 276 2.0
270 271 2.0
270 276 -1.7857142857142858
270 277 2.0
271 272 -0.9285714285714286
271 277 -2.0
271 278 0.9285714285714286
272 278 -1.7857142857142858
272 279 -2.0
273 280 0.9285714285714286
273 281 -1.3571428571428572
273 310 -1.7857142857142858
273 317 -0.9285714285714286
274 275 1.7857142857142858
274 281 0.9285714285714286
274 369 -1.7857142857142858
274 397 0.5714285714285714
274 404 -1.7857142857142858
275 411 0.9285714285714286
275 418 0.9285714285714286
275 433 -0.9285714285714286
276 277 -1.7857142857142858
277 278 -0.9285714285714286
278 279 -2.0
279 280 -0.5714285714285714
280 281 -1.7857142857142858
280 285 1.3571428571428572
280 290 -1.7857142857142858
280 310 2.0
280 317 1.3571428571428572
281 369 2.0
281 375 -1.3571428571428572
282 283 1.3571428571428572
282 288 0.5714285714285714
283 284 2.0
283 288 -2.0
283 289 1.3571428571428572
284 285 -1.7857142857142858
284 289 -1.3571428571428572
284 290 -1.7857142857142858
285 286 2.0
285 290 0.5714285714285714
285 291 0.9285714285714286
285 303 -0.5714285714285714
286 291 2.0
286 292 -1.7857142857142858
286 323 1.3571428571428572
286 331 -2.0
286 352 -1.3571428571428572
286 360 1.3571428571428572
288 289 -0.5714285714285714
289 290 1.3571428571428572
290 291 -2.0
291 292 -0.5714285714285714
291 303 -1.7857142857142858
291 323 -1.7857142857142858
291 331 -1.7857142857142858
292 352 1.3571428571428572
292 382 0.5714285714285714
292 388 -0.5714285714285714
293 294 0.5714285714285714
294 295 2.0
294 300 -0.9285714285714286
295 296 1.3571428571428572
295 300 -1.3571428571428572
295 301 -0.5714285714285714
296 301 0.9285714285714286
296 302 -0.9285714285714286
297 298 -1.3571428571428572
297 303 1.3571428571428572
297 304 -1.7857142857142858
297 310 -0.9285714285714286
297 318 1.7857142857142858
298 299 0.5714285714285714
298 304 2.0
298 369 2.0
298 376 1.3571428571428572
298 397 0.5714285714285714
298 405 -2.0
299 305 1.3571428571428572
299 306 -1.7857142857142858
299 411 2.0
299 419 -0.9285714285714286
299 426 -1.7857142857142858
299 434 0.5714285714285714
301 302 0.9285714285714286
302 303 -0.9285714285714286
303 304 -2.0
303 318 -2.0
304 305 0.5714285714285714
304 369 -2.0
304 376 -2.0
305 306 -2.0
305 397 -0.5714285714285714
305 411 1.3571428571428572
305 419 0.9285714285714286
306 434 0.9285714285714286
306 441 2.0
306 448 -0.5714285714285714
307 308 1.7857142857142858
307 312 1.3571428571428572
308 312 2.0
308 313 -1.7857142857142858
309 314 2.0
309 315 -2.0
310 311 0.9285714285714286
310 317 2.0
311 318 0.5714285714285714
311 319 -1.3571428571428572
311 324 1.3571428571428572
311 331 1.7857142857142858
311 353 1.3571428571428572
311 360 -1.7857142857142858
312 313 -0.5714285714285714
313 314 -0.5714285714285714
314 315 -0.9285714285714286
315 316 1.3571428571428572
316 317 0.9285714285714286
317 318 -1.3571428571428572
318 319 0.9285714285714286
318 324 -2.0
318 331 1.7857142857142858
319 353 -1.3571428571428572
319 360 -1.3571428571428572
319 383 0.9285714285714286
319 388 1.3571428571428572
320 321 2.0
320 327 2.0
321 322 0.9285714285714286
321 327 1.7857142857142858
321 328 0.9285714285714286
322 328 -2.0
322 329 1.3571428571428572
323 324 1.3571428571428572
323 330 -2.0
323 331 1.3571428571428572
324 325 1.7857142857142858
324 331 2.0
324 332 -1.7857142857142858
324 341 1.3571428571428572
325 326 -1.7857142857142858
325 333 -1.3571428571428572
325 370 -1.7857142857142858
325 376 1.7857142857142858
325 398 -0.5714285714285714
325 405 -1.7857142857142858
326 333 -0.5714285714285714
326 334 1.3571428571428572
326 412 -1.3571428571428572
326 419 -2.0
326 427 2.0
326 434 0.9285714285714286
327 328 -1.7857142857142858
328 329 2.0
329 330 2.0
330 331 -1.7857142857142858
331 332 0.5714285714285714
332 333 1.7857142857142858
332 341 -1.3571428571428572
332 370 1.3571428571428572
332 376 1.3571428571428572
333 334 -0.5714285714285714
333 398 1.7857142857142858
333 405 -1.7857142857142858
333 412 -1.7857142857142858
333 419 1.3571428571428572
334 427 0.9285714285714286
334 434 1.7857142857142858
334 442 -0.9285714285714286
334 448 -1.3571428571428572
335 336 0.9285714285714286
335 342 -1.3571428571428572
336 337 -1.7857142857142858
336 342 0.5714285714285714
336 343 -2.0
337 338 0.9285714285714286
337 343 -2.0
337 344 -1.7857142857142858
338 339 0.9285714285714286
338 344 1.7857142857142858
338 345 0.5714285714285714
339 340 1.3571428571428572
339 345 -1.7857142857142858
339 346 2.0
340 346 -0.5714285714285714
341 347 1.3571428571428572
341 353 1.7857142857142858
341 361 0.5714285714285714
342 343 -2.0
343 344 -1.7857142857142858
344 345 -0.5714285714285714
345 346 2.0
347 353 -2.0
347 361 -0.5714285714285714
347 383 -1.7857142857142858
347 389 0.9285714285714286
348 349 -1.7857142857142858
348 356 -0.5714285714285714
349 350 -1.3571428571428572
349 356 -2.0
349 357 1.7857142857142858
350 351 1.3571428571428572
350 357 -1.3571428571428572
350 358 0.5714285714285714
351 352 -2.0
351 358 2.0
351 359 -0.5714285714285714
352 353 0.9285714285714286
352 359 -0.9285714285714286
352 360 -0.9285714285714286
353 354 -2.0
353 360 1.3571428571428572
353 361 1.3571428571428572
354 355 -1.7857142857142858
354 362 2.0
354 370 1.3571428571428572
354 377 0.5714285714285714
354 398 1.7857142857142858
354 406 2.0
355 362 2.0
355 363 0.9285714285714286
355 412 -1.7857142857142858
355 420 -0.9285714285714286
355 427 1.3571428571428572
355 435 0.9285714285714286
356 357 -2.0
357 358 1.3571428571428572
358 359 -0.5714285714285714
359 360 -2.0
360 361 0.5714285714285714
361 370 0.5714285714285714
361 377 2.0
362 363 -0.5714285714285714
362 398 -0.9285714285714286
362 406 0.5714285714285714
362 412 -1.7857142857142858
362 420 -1.7857142857142858
363 427 -2.0
363 435 1.7857142857142858
363 442 -2.0
363 449 0.9285714285714286
364 371 -1.7857142857142858
365 366 2.0
365 372 -0.9285714285714286
366 367 0.9285714285714286
366 373 -0.9285714285714286
367 368 0.5714285714285714
367 373 -0.5714285714285714
367 374 0.9285714285714286
368 369 -0.5714285714285714
368 374 1.7857142857142858
368 375 2.0
369 370 1.3571428571428572
369 375 2.0
369 376 -1.3571428571428572
370 376 -1.3571428571428572
370 377 0.9285714285714286
371 372 -1.7857142857142858
373 374 -0.9285714285714286
374 375 -1.7857142857142858
375 376 1.3571428571428572
376 377 0.5714285714285714
377 389 1.7857142857142858
378 379 -0.5714285714285714
378 385 0.5714285714285714
379 380 -2.0
379 385 -0.9285714285714286
379 386 0.5714285714285714
380 381 0.5714285714285714
380 386 0.5714285714285714
381 382 -1.3571428571428572
381 387 1.3571428571428572
382 383 -0.9285714285714286
382 387 -1.3571428571428572
382 388 1.7857142857142858
383 388 1.3571428571428572
383 389 1.7857142857142858
384 390 -2.0
384 391 0.5714285714285714
384 420 0.5714285714285714
384 435 -2.0
385 386 1.7857142857142858
387 388 -0.5714285714285714
388 389 1.7857142857142858
389 390 1.3571428571428572
390 391 -2.0
390 406 1.3571428571428572
390 420 1.3571428571428572
391 435 -0.5714285714285714
391 449 2.0
392 393 -2.0
392 399 -0.9285714285714286
393 399 0.5714285714285714
393 400 -0.9285714285714286
394 395 0.9285714285714286
394 401 0.5714285714285714
394 402 1.7857142857142858
395 396 -0.9285714285714286
395 402 0.9285714285714286
395 403 -1.3571428571428572
396 397 -0.9285714285714286
396 403 -1.7857142857142858
396 404 -1.7857142857142858
397 398 2.0
397 404 0.5714285714285714
397 405 -2.0
398 405 1.3571428571428572
398 406 -0.9285714285714286
399 400 2.0
400 401 -0.5714285714285714
401 402 -1.7857142857142858
402 403 1.3571428571428572
404 405 2.0
405 406 0.9285714285714286
407 408 1.3571428571428572
407 413 1.7857142857142858
407 414 2.0
408 409 1.3571428571428572
408 414 0.9285714285714286
408 415 -2.0
409 415 -0.5714285714285714
409 416 0.9285714285714286
410 411 -0.5714285714285714
410 417 1.3571428571428572
410 418 1.3571428571428572
411 412 -1.3571428571428572
411 418 -0.9285714285714286
411 419 1.7857142857142858
412 419 0.5714285714285714
412 420 0.5714285714285714
413 414 -1.7857142857142858
414 415 2.0
415 416 2.0
416 417 -0.9285714285714286
417 418 -0.5714285714285714
418 419 -0.5714285714285714
419 420 1.7857142857142858
421 422 0.5714285714285714
421 428 0.9285714285714286
421 429 -0.9285714285714286
422 423 0.9285714285714286
422 429 -1.7857142857142858
422 430 2.0
423 424 -1.7857142857142858
423 430 2.0
423 431 1.3571428571428572
424 425 -1.3571428571428572
424 431 0.5714285714285714
424 432 0.5714285714285714
425 426 1.7857142857142858
425 432 -2.0
425 433 -0.9285714285714286
426 427 -1.7857142857142858
426 433 -2.0
426 434 0.5714285714285714
427 434 -2.0
427 435 1.7857142857142858
428 429 -1.3571428571428572
429 430 -1.7857142857142858
430 431 0.5714285714285714
431 432 -1.3571428571428572
432 433 -0.9285714285714286
433 434 -0.5714285714285714
434 435 -2.0
436 443 -1.3571428571428572
437 438 -2.0
437 444 1.7857142857142858
438 439 -1.3571428571428572
438 444 1.3571428571428572
438 445 -0.9285714285714286
439 440 -0.9285714285714286
439 445 1.7857142857142858
440 441 0.5714285714285714
440 446 -1.7857142857142858
440 447 0.9285714285714286
441 442 -1.3571428571428572
441 447 -0.5714285714285714
442 448 -1.3571428571428572
442 449 -0.5714285714285714
444 445 -0.5714285714285714
445 446 0.5714285714285714
446 447 2.0
447 448 -0.5714285714285714
448 449 -2.0
