340 1321
1 1 -5.2857142857142865
2 2 -5.428571428571429
3 3 -0.4285714285714286
4 4 -1.357142857142857
5 5 4.0
6 6 -1.2857142857142858
7 7 -6.214285714285714
8 8 -1.2142857142857144
9 9 -3.1428571428571432
10 10 -4.928571428571429
11 11 -1.0
12 12 2.1428571428571432
13 13 0.5
14 14 -3.7857142857142856
15 15 4.857142857142858
16 16 1.142857142857143
17 17 -0.28571428571428537
18 18 2.1428571428571432
19 19 3.428571428571429
20 20 -3.7857142857142856
21 21 2.2857142857142856
22 22 -1.0
23 23 5.714285714285714
24 24 -2.428571428571429
25 25 -0.14285714285714324
26 26 -3.7857142857142856
27 27 -0.5714285714285712
28 28 -0.0714285714285714
29 29 -0.8571428571428572
30 30 0.4285714285714284
31 31 -2.5
32 32 -0.7857142857142856
33 33 -2.857142857142857
34 34 -3.357142857142857
35 35 -2.2142857142857144
36 36 -1.4285714285714286
37 37 -0.2857142857142858
38 38 2.071428571428571
39 39 1.4285714285714286
40 40 -0.3571428571428572
41 41 -0.6428571428571435
42 42 -2.4285714285714284
43 43 2.8571428571428568
44 44 -0.9285714285714284
45 45 -1.2857142857142856
46 46 3.6428571428571432
47 47 -2.2857142857142856
48 48 1.0714285714285714
49 49 -3.8571428571428568
50 50 2.571428571428571
51 51 -4.714285714285714
52 52 -0.857142857142857
53 53 -3.0714285714285716
54 54 0.642857142857143
55 55 6.5
56 56 -5.142857142857142
57 57 1.4285714285714284
58 58 4.440892098500626e-16
59 59 3.2857142857142856
60 60 1.0714285714285714
61 61 5.142857142857143
62 62 0.35714285714285765
63 63 -0.35714285714285765
64 64 -0.357142857142857
65 65 1.0000000000000002
66 66 0.6428571428571428
67 67 2.220446049250313e-16
68 68 -3.1428571428571432
69 69 -0.9285714285714282
70 70 -0.8571428571428577
71 71 8.571428571428573
72 72 1.0714285714285716
73 73 -3.8571428571428568
74 74 2.571428571428571
75 75 -0.7142857142857144
76 76 2.2857142857142856
77 77 0.1428571428571428
78 78 1.5714285714285716
80 80 -0.8571428571428568
81 81 -1.0714285714285714
82 82 -2.7142857142857144
83 83 0.6428571428571426
84 84 0.5714285714285714
85 85 3.142857142857143
86 86 -3.428571428571429
87 87 -1.4285714285714286
88 88 -2.428571428571429
89 89 1.9285714285714286
90 90 -0.1428571428571428
91 91 1.142857142857143
92 92 2.428571428571429
93 93 -1.2142857142857144
94 94 -5.714285714285714
95 95 4.857142857142858
96 96 -1.5714285714285716
97 97 0.3571428571428572
98 98 -2.642857142857143
99 99 1.0714285714285714
100 100 3.4285714285714284
101 101 -5.071428571428571
102 102 -2.857142857142857
103 103 2.857142857142857
104 104 -3.2857142857142856
105 105 -3.9285714285714284
106 106 0.7142857142857144
107 107 5.928571428571429
108 108 3.1428571428571432
109 109 -3.0714285714285716
110 110 -3.8571428571428568
111 111 0.7142857142857142
112 112 -5.0
113 113 1.214285714285714
114 114 3.5714285714285716
115 115 2.2142857142857144
116 116 0.642857142857143
117 117 0.5714285714285721
118 118 1.5000000000000002
119 119 -7.285714285714286
120 120 5.785714285714286
121 121 7.714285714285714
122 122 -6.0
123 123 0.0714285714285714
124 124 -0.7857142857142856
125 125 1.6428571428571428
126 126 0.2857142857142856
127 127 -0.21428571428571463
128 128 -0.35714285714285676
129 129 8.214285714285715
130 130 -2.3571428571428577
131 131 3.8571428571428568
132 132 -2.3571428571428577
133 133 -1.2857142857142865
134 134 2.2142857142857144
135 135 -0.7142857142857142
136 136 -1.214285714285714
137 137 -2.357142857142857
138 138 0.8571428571428577
139 139 -2.5
140 140 -0.0714285714285714
141 141 -2.071428571428571
142 142 -2.5
143 143 -3.071428571428571
144 144 -4.7857142857142865
145 145 3.2857142857142856
146 146 -0.07142857142857117
147 147 -3.2142857142857144
148 148 0.9999999999999998
149 149 4.071428571428571
150 150 -2.7857142857142856
151 151 -3.2857142857142856
152 152 -2.7857142857142856
153 153 -4.714285714285714
154 154 -2.1428571428571432
155 155 2.2142857142857144
156 156 0.1428571428571428
157 157 -1.6428571428571428
158 158 6.071428571428571
159 159 4.142857142857143
160 160 4.357142857142857
161 161 7.428571428571429
162 162 1.2857142857142858
163 163 5.785714285714286
164 164 1.5000000000000004
165 165 -4.0
166 166 -0.8571428571428572
167 167 -1.7857142857142858
168 168 0.7142857142857144
169 169 0.7142857142857142
170 170 0.6428571428571428
171 171 -2.3571428571428568
172 172 1.9285714285714286
173 173 -0.7142857142857146
174 174 0.35714285714285743
175 175 8.5
176 176 -1.1428571428571428
177 177 4.714285714285714
178 178 2.6428571428571432
179 179 1.2142857142857144
180 180 -0.8571428571428574
181 181 -10.714285714285715
182 182 -9.142857142857142
183 183 -6.0
184 184 1.785714285714286
185 185 1.8571428571428572
186 186 -1.2142857142857142
187 187 -0.35714285714285654
188 188 -4.214285714285714
189 189 -1.5
190 190 2.928571428571429
191 191 4.428571428571429
192 192 10.214285714285715
193 193 -4.857142857142858
194 194 2.7142857142857144
195 195 4.357142857142858
196 196 7.142857142857143
197 197 2.7142857142857144
198 198 -1.8571428571428572
199 199 -1.357142857142857
200 200 -0.2142857142857144
201 201 -5.0
202 202 -3.6428571428571423
203 203 0.857142857142857
204 204 1.7857142857142856
205 205 -1.9285714285714284
206 206 -1.5714285714285712
207 207 -5.571428571428571
208 208 -4.714285714285714
209 209 -5.857142857142857
210 210 -4.142857142857144
211 211 2.928571428571429
212 212 0.1428571428571428
213 213 4.5
214 214 3.2142857142857144
215 215 1.2857142857142856
216 216 1.6428571428571428
217 217 6.7857142857142865
218 218 2.7857142857142856
219 219 4.285714285714286
220 220 3.7857142857142856
221 221 4.2857142857142865
222 222 -1.5
223 223 1.1428571428571423
224 224 3.7142857142857144
225 225 10.0
226 226 1.3571428571428572
227 227 -1.5
228 228 -0.5714285714285714
229 229 -0.2857142857142858
230 230 -4.714285714285714
231 231 1.5714285714285718
232 232 5.0
233 233 1.0714285714285714
234 234 0.0714285714285714
235 235 4.071428571428571
236 236 2.571428571428572
237 237 -1.8571428571428568
238 238 1.5
239 239 2.2857142857142856
240 240 2.5
241 241 -2.2142857142857144
242 242 -0.8571428571428572
243 243 -2.0
244 244 5.142857142857142
245 245 -2.2142857142857144
246 246 -1.6428571428571428
247 247 2.071428571428571
248 248 5.214285714285714
249 249 -2.5
250 250 -1.7857142857142858
251 251 1.9285714285714286
252 252 4.142857142857143
253 253 5.5
254 254 5.857142857142858
255 255 -0.5714285714285714
256 256 -3.8571428571428577
257 257 -1.214285714285714
258 258 -5.571428571428572
259 259 5.857142857142858
260 260 1.9285714285714286
261 261 -2.2142857142857144
262 262 -0.4285714285714286
263 263 2.928571428571429
264 264 1.2142857142857142
265 265 -3.071428571428571
266 266 0.7857142857142856
267 267 2.1428571428571423
268 268 -1.1428571428571428
269 269 5.071428571428571
270 270 -0.9285714285714286
271 271 1.357142857142857
272 272 -3.928571428571429
273 273 -2.357142857142857
274 274 3.071428571428571
275 275 -4.857142857142858
276 276 -1.642857142857143
277 277 4.642857142857142
278 278 1.6428571428571432
279 279 -1.5714285714285714
280 280 -0.5714285714285714
281 281 -2.9285714285714284
282 282 3.7857142857142856
283 283 4.5
284 284 -3.785714285714285
285 285 2.357142857142857
286 286 4.571428571428572
287 287 -2.071428571428571
288 288 4.7857142857142865
289 289 4.571428571428571
290 290 1.0714285714285716
291 291 0.14285714285714302
292 292 5.0
293 293 1.3571428571428572
294 294 6.642857142857144
295 295 -0.6428571428571426
296 296 -0.357142857142857
297 297 2.500000000000001
298 298 7.714285714285714
299 299 4.571428571428571
300 300 -5.642857142857143
301 301 0.1428571428571428
302 302 1.5000000000000002
303 303 0.4285714285714284
304 304 2.928571428571429
305 305 -0.3571428571428572
306 306 -2.1428571428571432
307 307 -1.2857142857142856
308 308 4.357142857142858
309 309 1.2142857142857144
310 310 5.642857142857143
311 311 0.642857142857143
312 312 -2.928571428571429
313 313 -7.571428571428571
314 314 4.642857142857142
315 315 1.2142857142857142
316 316 1.1428571428571428
317 317 3.642857142857143
318 318 -3.5
319 319 1.6428571428571426
320 320 1.5000000000000002
321 321 -3.857142857142857
322 322 -0.5714285714285712
323 323 1.2857142857142858
324 324 -1.1428571428571428
325 325 -0.5
326 326 -0.8571428571428572
327 327 -2.428571428571429
328 328 -3.7142857142857135
329 329 3.1428571428571423
330 330 -5.785714285714286
331 331 -1.714285714285714
332 332 0.14285714285714235
333 333 1.5
334 334 0.7857142857142856
335 335 -1.642857142857143
336 336 -7.428571428571429
337 337 -1.4285714285714286
338 338 -0.2857142857142858
339 339 -2.428571428571429
340 340 0.7857142857142856
1 2 2.0
1 7 1.7857142857142858
1 43 0.9285714285714286
1 69 0.5714285714285714
2 3 0.9285714285714286
2 7 2.0
2 8 -0.5714285714285714
2 86 -0.9285714285714286
2 106 2.0
3 4 -0.9285714285714286
3 8 1.3571428571428572
3 9 -0.9285714285714286
3 128 0.5714285714285714
3 154 -0.5714285714285714
4 9 1.3571428571428572
4 10 0.9285714285714286
4 178 -1.7857142857142858
4 202 1.7857142857142858
5 6 1.7857142857142858
5 11 -2.0
5 268 -1.7857142857142858
5 292 -2.0
6 11 2.0
6 12 -1.3571428571428572
6 303 -0.5714285714285714
6 316 -0.5714285714285714
7 8 1.7857142857142858
7 69 -1.3571428571428572
7 86 2.0
8 9 -2.0
8 106 -1.3571428571428572
8 128 2.0
9 10 2.0
9 154 1.7857142857142858
9 178 0.9285714285714286
10 202 2.0
11 12 -1.3571428571428572
11 292 0.5714285714285714
11 303 1.7857142857142858
12 316 0.5714285714285714
13 19 -1.7857142857142858
13 50 -0.5714285714285714
13 69 0.9285714285714286
13 73 0.9285714285714286
14 15 1.3571428571428572
14 20 0.5714285714285714
14 128 0.9285714285714286
14 154 0.9285714285714286
15 16 -1.7857142857142858
15 20 -0.5714285714285714
15 21 -0.9285714285714286
15 178 -2.0
15 202 -0.9285714285714286
16 17 2.0
16 21 -1.3571428571428572
16 22 -0.5714285714285714
16 250 0.5714285714285714
17 18 -0.9285714285714286
17 22 -0.5714285714285714
17 23 -0.9285714285714286
17 268 1.3571428571428572
17 272 -1.7857142857142858
17 292 0.5714285714285714
17 298 0.5714285714285714
18 23 0.9285714285714286
18 24 0.5714285714285714
18 303 -1.3571428571428572
18 310 -1.3571428571428572
18 316 -0.9285714285714286
18 322 0.9285714285714286
19 69 -1.7857142857142858
19 73 1.3571428571428572
19 86 0.5714285714285714
19 91 -1.7857142857142858
20 154 1.7857142857142858
20 178 2.0
21 22 -1.3571428571428572
21 202 1.3571428571428572
22 23 -0.5714285714285714
22 250 1.7857142857142858
22 268 0.9285714285714286
22 272 1.3571428571428572
23 24 -1.7857142857142858
23 292 -1.7857142857142858
23 298 -1.7857142857142858
23 303 2.0
23 310 -1.7857142857142858
24 316 0.9285714285714286
24 322 0.9285714285714286
24 334 1.7857142857142858
25 26 -0.5714285714285714
25 32 0.9285714285714286
25 44 -0.5714285714285714
25 50 -2.0
25 70 0.5714285714285714
25 73 1.7857142857142858
26 27 -1.3571428571428572
26 32 1.3571428571428572
26 33 0.5714285714285714
26 91 2.0
26 111 1.7857142857142858
27 28 0.9285714285714286
27 33 0.5714285714285714
27 34 1.7857142857142858
27 129 -0.9285714285714286
27 134 -1.7857142857142858
27 155 1.3571428571428572
28 34 -1.3571428571428572
28 35 0.9285714285714286
28 179 -1.3571428571428572
28 203 0.9285714285714286
29 30 -0.9285714285714286
29 35 1.7857142857142858
29 227 0.5714285714285714
29 250 -0.5714285714285714
30 31 -2.0
30 36 1.3571428571428572
30 269 -0.5714285714285714
30 272 0.9285714285714286
30 293 1.3571428571428572
30 298 -0.5714285714285714
31 36 2.0
31 304 -0.9285714285714286
31 310 2.0
31 317 -0.5714285714285714
31 322 2.0
32 33 1.3571428571428572
32 70 0.9285714285714286
32 73 -2.0
32 91 -1.7857142857142858
33 34 0.9285714285714286
33 111 -0.5714285714285714
33 129 -0.9285714285714286
33 134 0.9285714285714286
34 35 0.5714285714285714
34 155 -0.5714285714285714
34 179 2.0
35 203 -2.0
35 227 0.9285714285714286
36 293 -0.9285714285714286
36 298 -0.5714285714285714
36 304 1.3571428571428572
36 310 -1.7857142857142858
37 38 -0.9285714285714286
37 44 0.9285714285714286
37 51 -2.0
37 70 1.3571428571428572
37 74 0.9285714285714286
38 39 -0.9285714285714286
38 92 -2.0
38 112 1.7857142857142858
39 42 0.9285714285714286
39 129 0.5714285714285714
39 135 0.9285714285714286
39 155 -0.9285714285714286
39 161 -2.0
40 41 1.7857142857142858
40 269 -2.0
40 273 1.3571428571428572
40 293 0.5714285714285714
40 299 -1.3571428571428572
41 304 -2.0
41 311 -0.5714285714285714
41 317 -0.5714285714285714
41 323 2.0
42 155 0.5714285714285714
42 161 -1.3571428571428572
42 179 1.3571428571428572
42 185 0.9285714285714286
43 44 -2.0
43 50 -1.7857142857142858
44 45 2.0
44 51 0.5714285714285714
45 46 -0.5714285714285714
45 51 2.0
45 52 -1.3571428571428572
45 57 -1.3571428571428572
45 80 0.5714285714285714
46 47 -0.9285714285714286
46 52 -0.9285714285714286
46 53 0.5714285714285714
46 118 -1.7857142857142858
47 48 -0.5714285714285714
47 53 1.7857142857142858
47 54 -0.9285714285714286
47 141 0.9285714285714286
47 167 2.0
48 49 0.9285714285714286
48 54 0.5714285714285714
48 55 -2.0
49 55 -1.3571428571428572
49 56 2.0
49 234 1.3571428571428572
49 256 0.9285714285714286
50 51 1.7857142857142858
51 52 0.5714285714285714
51 57 1.7857142857142858
52 53 0.5714285714285714
52 80 2.0
53 54 0.5714285714285714
53 118 -1.3571428571428572
53 141 0.9285714285714286
54 55 -1.7857142857142858
54 167 0.9285714285714286
55 56 0.5714285714285714
55 213 -1.3571428571428572
55 234 -0.5714285714285714
56 256 2.0
56 279 0.5714285714285714
57 58 -1.3571428571428572
57 63 1.7857142857142858
57 71 -1.3571428571428572
57 74 -0.9285714285714286
58 59 -2.0
58 63 1.3571428571428572
58 64 -1.7857142857142858
58 92 2.0
58 112 1.7857142857142858
59 64 -1.3571428571428572
59 65 -0.5714285714285714
59 130 -1.3571428571428572
59 135 2.0
59 156 -2.0
59 161 2.0
60 65 -0.9285714285714286
60 66 0.9285714285714286
60 180 -1.3571428571428572
60 185 -2.0
60 204 1.3571428571428572
60 209 0.9285714285714286
61 62 1.3571428571428572
61 67 -1.3571428571428572
61 273 -1.3571428571428572
61 294 -1.7857142857142858
61 299 -2.0
62 67 0.5714285714285714
62 68 1.7857142857142858
62 305 -1.7857142857142858
62 311 -0.9285714285714286
62 323 -1.3571428571428572
63 64 1.7857142857142858
63 71 -2.0
63 74 -0.5714285714285714
63 92 -2.0
64 65 1.7857142857142858
64 107 -0.5714285714285714
64 112 2.0
64 130 -0.5714285714285714
64 135 -0.9285714285714286
65 66 -1.3571428571428572
65 156 0.5714285714285714
65 161 -1.3571428571428572
65 180 1.7857142857142858
65 185 -0.9285714285714286
66 204 -2.0
66 209 1.7857142857142858
67 294 -0.5714285714285714
67 299 1.3571428571428572
67 305 0.9285714285714286
67 311 -0.9285714285714286
68 323 1.3571428571428572
68 330 0.5714285714285714
68 335 -0.5714285714285714
69 70 0.5714285714285714
69 73 2.0
70 71 -0.5714285714285714
70 73 -2.0
71 72 0.5714285714285714
71 74 -2.0
71 75 -1.7857142857142858
71 80 -2.0
71 82 0.5714285714285714
72 75 0.5714285714285714
72 76 -1.7857142857142858
72 118 1.3571428571428572
72 123 -1.7857142857142858
73 74 1.7857142857142858
74 75 -1.7857142857142858
75 76 0.5714285714285714
75 80 1.7857142857142858
75 82 1.3571428571428572
76 77 -0.5714285714285714
76 118 0.9285714285714286
76 123 0.9285714285714286
76 141 -1.7857142857142858
76 147 -0.5714285714285714
77 167 -1.3571428571428572
77 172 1.7857142857142858
78 79 -0.9285714285714286
78 213 -1.7857142857142858
78 220 -1.7857142857142858
78 234 0.9285714285714286
78 240 2.0
79 256 0.9285714285714286
79 279 0.5714285714285714
79 285 -0.5714285714285714
80 81 -0.9285714285714286
80 82 -0.5714285714285714
81 82 1.7857142857142858
81 83 1.7857142857142858
81 93 1.7857142857142858
81 107 -1.3571428571428572
81 113 -2.0
82 83 -1.7857142857142858
82 93 1.3571428571428572
83 107 -2.0
83 113 1.7857142857142858
83 130 1.3571428571428572
83 136 -1.7857142857142858
84 204 -0.5714285714285714
85 294 -2.0
85 300 -0.5714285714285714
85 305 -0.5714285714285714
86 91 1.7857142857142858
87 88 2.0
87 93 -1.3571428571428572
87 94 1.3571428571428572
87 96 -0.5714285714285714
87 119 -1.3571428571428572
87 123 1.3571428571428572
88 89 -0.9285714285714286
88 94 0.9285714285714286
88 147 1.7857142857142858
88 172 -1.3571428571428572
89 90 -0.5714285714285714
89 95 1.7857142857142858
89 191 0.9285714285714286
89 214 -1.3571428571428572
89 220 -1.7857142857142858
90 95 -0.9285714285714286
90 235 0.5714285714285714
90 240 -0.9285714285714286
90 257 2.0
91 92 -1.3571428571428572
92 93 0.9285714285714286
93 94 -0.9285714285714286
93 96 -0.5714285714285714
94 119 2.0
94 123 0.5714285714285714
94 147 1.7857142857142858
95 214 -1.7857142857142858
95 220 -2.0
95 235 -0.5714285714285714
95 240 -1.3571428571428572
96 97 1.3571428571428572
96 100 1.7857142857142858
96 108 -1.3571428571428572
96 113 0.9285714285714286
97 98 -1.3571428571428572
97 100 0.5714285714285714
97 101 2.0
97 131 -0.9285714285714286
97 136 2.0
97 157 -2.0
97 162 -2.0
98 101 1.3571428571428572
98 102 -0.9285714285714286
98 181 1.7857142857142858
98 205 1.7857142857142858
99 103 -2.0
99 104 0.9285714285714286
99 270 2.0
99 274 -2.0
100 101 -1.7857142857142858
100 108 -2.0
100 113 -2.0
100 131 -0.5714285714285714
100 136 0.5714285714285714
101 102 0.9285714285714286
101 157 2.0
101 162 -0.9285714285714286
101 181 0.9285714285714286
101 186 0.5714285714285714
102 103 1.3571428571428572
102 205 0.9285714285714286
102 228 0.5714285714285714
103 104 -0.9285714285714286
103 246 2.0
103 251 -0.5714285714285714
103 270 -0.9285714285714286
103 274 -1.7857142857142858
104 105 1.3571428571428572
104 295 1.3571428571428572
104 300 0.5714285714285714
105 318 -0.5714285714285714
105 324 0.5714285714285714
105 331 0.5714285714285714
105 336 2.0
106 111 -1.3571428571428572
107 108 -2.0
107 112 0.5714285714285714
107 113 -0.5714285714285714
108 109 1.7857142857142858
108 113 1.7857142857142858
108 114 -1.3571428571428572
108 119 1.3571428571428572
108 124 -1.3571428571428572
109 114 -2.0
109 115 0.9285714285714286
109 148 1.7857142857142858
109 168 0.5714285714285714
110 116 -0.9285714285714286
110 117 2.0
110 235 1.7857142857142858
110 241 0.5714285714285714
110 257 -0.9285714285714286
110 262 1.3571428571428572
111 112 -0.5714285714285714
112 113 -0.5714285714285714
113 114 -0.5714285714285714
114 115 -0.5714285714285714
114 119 1.7857142857142858
114 124 -1.7857142857142858
114 148 0.9285714285714286
115 116 0.5714285714285714
115 168 -1.3571428571428572
115 173 1.7857142857142858
115 191 -1.7857142857142858
115 196 -1.7857142857142858
116 117 0.5714285714285714
116 214 0.9285714285714286
116 221 -1.3571428571428572
116 235 -1.3571428571428572
116 241 0.9285714285714286
117 257 2.0
117 262 -1.3571428571428572
117 280 -1.7857142857142858
117 286 -2.0
118 119 1.3571428571428572
118 123 -2.0
119 120 0.9285714285714286
119 123 1.7857142857142858
119 124 -0.5714285714285714
120 121 -1.7857142857142858
120 124 0.9285714285714286
120 125 -1.7857142857142858
120 131 -0.5714285714285714
120 137 -0.9285714285714286
120 157 -2.0
120 163 -0.5714285714285714
121 125 -0.5714285714285714
121 126 -2.0
121 181 0.9285714285714286
121 187 -2.0
121 205 -1.3571428571428572
121 210 -0.9285714285714286
122 127 2.0
122 275 2.0
122 295 2.0
123 124 -0.9285714285714286
124 125 1.7857142857142858
124 131 0.9285714285714286
124 137 1.7857142857142858
125 126 -1.7857142857142858
125 157 0.5714285714285714
125 163 -1.7857142857142858
125 181 1.3571428571428572
125 187 0.5714285714285714
126 127 -0.9285714285714286
126 205 0.9285714285714286
126 210 2.0
126 228 0.5714285714285714
126 230 0.9285714285714286
127 246 2.0
127 252 -1.7857142857142858
127 270 0.9285714285714286
127 275 -2.0
128 129 -1.7857142857142858
128 134 -1.3571428571428572
129 130 -2.0
129 134 -1.3571428571428572
129 135 -1.7857142857142858
130 131 2.0
130 135 0.9285714285714286
130 136 2.0
131 132 -2.0
131 136 -1.7857142857142858
131 137 -0.9285714285714286
132 133 1.3571428571428572
132 137 -0.9285714285714286
132 138 0.5714285714285714
132 142 1.3571428571428572
132 148 2.0
132 169 0.9285714285714286
132 173 -0.9285714285714286
133 138 1.3571428571428572
133 139 1.7857142857142858
133 192 -0.5714285714285714
133 196 1.3571428571428572
133 215 -2.0
133 221 -2.0
134 135 1.3571428571428572
135 136 -1.7857142857142858
136 137 2.0
137 138 1.3571428571428572
137 142 2.0
137 148 -2.0
138 139 -0.9285714285714286
138 169 0.9285714285714286
138 173 -1.7857142857142858
138 192 -0.5714285714285714
138 196 -1.7857142857142858
139 140 -0.9285714285714286
139 215 1.3571428571428572
139 221 2.0
139 236 0.5714285714285714
139 241 -1.3571428571428572
140 258 1.3571428571428572
140 281 0.5714285714285714
140 286 -0.9285714285714286
141 147 2.0
142 143 0.5714285714285714
142 148 -0.5714285714285714
142 149 -1.7857142857142858
142 163 0.9285714285714286
143 144 -1.7857142857142858
143 149 0.5714285714285714
143 150 -0.9285714285714286
143 182 1.7857142857142858
143 187 0.5714285714285714
143 206 0.9285714285714286
143 210 1.3571428571428572
144 145 2.0
144 150 1.7857142857142858
144 151 0.5714285714285714
144 230 1.7857142857142858
144 247 -0.9285714285714286
144 252 1.3571428571428572
145 146 -1.3571428571428572
145 151 -1.3571428571428572
145 152 -0.5714285714285714
145 275 0.9285714285714286
145 296 -0.9285714285714286
145 301 -2.0
146 152 1.3571428571428572
146 153 2.0
146 307 2.0
146 312 -0.5714285714285714
146 319 -1.3571428571428572
146 325 -2.0
147 148 -1.7857142857142858
148 149 -1.3571428571428572
149 158 -0.9285714285714286
149 163 -0.5714285714285714
149 182 -0.5714285714285714
149 187 0.5714285714285714
150 151 1.7857142857142858
150 206 -1.3571428571428572
150 210 0.9285714285714286
150 230 0.5714285714285714
151 152 2.0
151 247 -0.9285714285714286
151 252 1.7857142857142858
151 275 -0.5714285714285714
152 153 1.7857142857142858
152 296 -1.7857142857142858
152 307 -1.7857142857142858
152 312 1.7857142857142858
153 319 -0.5714285714285714
153 325 0.5714285714285714
153 337 0.9285714285714286
154 155 -1.7857142857142858
155 156 0.9285714285714286
155 161 -1.7857142857142858
156 157 0.5714285714285714
156 161 -2.0
156 162 1.7857142857142858
157 158 0.5714285714285714
157 162 1.3571428571428572
157 163 0.5714285714285714
158 159 -0.9285714285714286
158 163 -2.0
158 164 0.5714285714285714
158 169 -2.0
158 174 -1.3571428571428572
159 160 -2.0
159 164 0.5714285714285714
159 165 1.7857142857142858
159 192 -2.0
159 197 -2.0
159 215 -0.9285714285714286
159 222 1.3571428571428572
160 165 -1.3571428571428572
160 166 -0.9285714285714286
160 236 -0.9285714285714286
160 242 -0.9285714285714286
160 258 1.7857142857142858
161 162 -0.9285714285714286
162 163 -0.5714285714285714
163 164 -1.7857142857142858
164 165 1.7857142857142858
164 169 -0.9285714285714286
164 174 0.5714285714285714
164 192 -1.3571428571428572
164 197 -0.9285714285714286
165 166 1.7857142857142858
165 215 1.7857142857142858
165 222 0.9285714285714286
165 236 -1.7857142857142858
165 242 -0.9285714285714286
166 258 2.0
166 263 -2.0
166 281 -2.0
166 287 2.0
167 168 2.0
167 172 -1.7857142857142858
168 169 -0.5714285714285714
168 173 -1.3571428571428572
169 170 0.9285714285714286
169 173 1.7857142857142858
169 174 -1.7857142857142858
170 174 -1.3571428571428572
170 175 -1.7857142857142858
170 182 2.0
170 188 0.9285714285714286
170 206 -1.3571428571428572
171 176 0.5714285714285714
171 276 -2.0
171 296 2.0
171 302 1.7857142857142858
172 173 -0.5714285714285714
173 174 1.7857142857142858
174 175 -1.7857142857142858
174 182 1.7857142857142858
174 188 1.7857142857142858
175 176 -1.7857142857142858
175 206 -1.3571428571428572
175 231 -1.7857142857142858
176 247 0.9285714285714286
176 253 -0.5714285714285714
176 276 2.0
177 319 -1.7857142857142858
177 326 -0.9285714285714286
177 338 -2.0
178 179 -1.7857142857142858
179 180 -2.0
179 185 0.5714285714285714
180 181 0.5714285714285714
180 185 0.9285714285714286
180 186 0.9285714285714286
181 182 1.7857142857142858
181 186 2.0
181 187 1.3571428571428572
182 183 0.9285714285714286
182 187 2.0
182 188 -0.5714285714285714
183 184 1.3571428571428572
183 188 1.7857142857142858
183 189 -1.7857142857142858
183 193 1.3571428571428572
183 197 2.0
183 216 0.9285714285714286
183 222 -0.5714285714285714
184 189 -2.0
184 190 0.5714285714285714
184 237 2.0
184 242 -1.3571428571428572
184 259 -0.5714285714285714
184 263 -1.7857142857142858
185 186 -1.3571428571428572
186 187 -0.9285714285714286
187 188 -1.7857142857142858
188 189 0.5714285714285714
188 193 0.5714285714285714
188 197 0.9285714285714286
189 190 -1.7857142857142858
189 216 2.0
189 222 0.9285714285714286
189 237 1.7857142857142858
189 242 1.7857142857142858
190 259 -1.3571428571428572
190 263 -0.9285714285714286
190 287 0.5714285714285714
191 192 -1.7857142857142858
191 196 -1.7857142857142858
192 193 -0.5714285714285714
192 196 -1.3571428571428572
192 197 -2.0
193 197 2.0
193 198 0.9285714285714286
193 207 0.5714285714285714
194 195 -2.0
194 199 0.5714285714285714
194 200 2.0
194 276 -0.9285714285714286
194 297 -1.7857142857142858
194 302 -0.5714285714285714
195 200 -0.9285714285714286
195 201 -0.5714285714285714
195 308 -1.7857142857142858
195 313 0.9285714285714286
195 320 -0.9285714285714286
195 326 0.9285714285714286
196 197 -1.7857142857142858
197 198 -0.9285714285714286
198 199 2.0
198 207 -0.5714285714285714
198 229 1.7857142857142858
198 231 -1.3571428571428572
199 200 -0.5714285714285714
199 253 -2.0
199 276 1.3571428571428572
200 201 2.0
200 297 -1.3571428571428572
200 302 -1.3571428571428572
200 308 -1.3571428571428572
200 313 1.7857142857142858
201 320 2.0
201 326 -1.7857142857142858
201 332 1.3571428571428572
201 338 2.0
202 203 -0.5714285714285714
203 204 -0.5714285714285714
203 209 1.3571428571428572
204 205 -1.7857142857142858
204 209 1.7857142857142858
205 206 2.0
205 210 -0.5714285714285714
206 207 1.3571428571428572
206 210 1.3571428571428572
207 208 2.0
207 211 1.7857142857142858
207 216 -1.3571428571428572
207 223 1.7857142857142858
208 211 -1.7857142857142858
208 212 1.7857142857142858
208 237 1.3571428571428572
208 243 1.3571428571428572
208 259 -1.7857142857142858
208 264 1.7857142857142858
211 212 -1.3571428571428572
211 216 -1.3571428571428572
211 223 -2.0
211 243 1.7857142857142858
212 288 -0.5714285714285714
213 220 -1.3571428571428572
214 215 -0.5714285714285714
214 220 1.3571428571428572
214 221 -1.7857142857142858
215 216 -1.7857142857142858
215 221 -0.9285714285714286
215 222 1.7857142857142858
216 217 -0.9285714285714286
216 222 -0.9285714285714286
216 223 1.7857142857142858
217 218 -1.3571428571428572
217 223 1.7857142857142858
217 224 -0.5714285714285714
217 229 -0.5714285714285714
217 232 -1.7857142857142858
217 248 -2.0
217 254 -1.3571428571428572
218 219 -2.0
218 224 0.9285714285714286
218 225 -1.7857142857142858
218 277 -0.5714285714285714
218 297 2.0
219 225 -0.9285714285714286
219 226 2.0
219 308 -1.3571428571428572
219 314 -2.0
219 320 -1.7857142857142858
219 327 1.7857142857142858
220 221 1.7857142857142858
221 222 -2.0
223 224 -1.7857142857142858
223 229 -1.3571428571428572
223 232 -1.3571428571428572
224 225 -0.5714285714285714
224 248 0.5714285714285714
224 254 -0.9285714285714286
224 277 -1.3571428571428572
225 226 -1.7857142857142858
225 297 -0.9285714285714286
225 308 -2.0
225 314 -2.0
226 320 -0.5714285714285714
226 327 -0.5714285714285714
226 332 1.3571428571428572
226 339 -1.7857142857142858
228 230 -0.5714285714285714
229 231 1.3571428571428572
229 232 -0.9285714285714286
230 231 2.0
231 232 -1.7857142857142858
232 233 1.7857142857142858
232 243 -0.9285714285714286
233 264 -0.5714285714285714
233 282 -0.9285714285714286
233 288 -1.3571428571428572
234 240 -1.7857142857142858
235 236 -1.3571428571428572
235 240 -1.3571428571428572
235 241 -1.7857142857142858
236 237 -1.7857142857142858
236 241 0.9285714285714286
236 242 1.7857142857142858
237 242 -0.9285714285714286
237 243 -0.5714285714285714
238 244 -1.7857142857142858
238 245 1.7857142857142858
238 271 -0.9285714285714286
238 277 -0.5714285714285714
239 245 0.5714285714285714
239 309 -2.0
239 314 -1.7857142857142858
239 321 0.9285714285714286
240 241 0.9285714285714286
241 242 2.0
242 243 -0.5714285714285714
243 244 0.9285714285714286
244 245 -0.5714285714285714
244 249 0.5714285714285714
244 254 -1.3571428571428572
244 271 -0.9285714285714286
244 277 -2.0
245 309 1.3571428571428572
245 314 -0.9285714285714286
246 247 -0.5714285714285714
246 252 -1.7857142857142858
247 248 -1.7857142857142858
247 252 -0.5714285714285714
247 253 1.7857142857142858
248 249 0.9285714285714286
248 253 -2.0
248 254 -0.9285714285714286
249 254 -0.9285714285714286
249 255 0.5714285714285714
249 265 1.3571428571428572
251 252 -1.3571428571428572
252 253 -1.7857142857142858
253 254 -0.9285714285714286
254 255 0.5714285714285714
255 265 1.3571428571428572
255 282 -1.3571428571428572
255 289 -0.5714285714285714
257 258 -0.9285714285714286
257 262 -0.9285714285714286
258 259 -1.7857142857142858
258 262 1.3571428571428572
258 263 1.7857142857142858
259 263 0.5714285714285714
259 264 -0.9285714285714286
260 261 0.5714285714285714
260 265 1.7857142857142858
260 266 -2.0
260 271 -0.9285714285714286
260 278 -1.3571428571428572
261 266 1.7857142857142858
261 309 -0.9285714285714286
261 315 -1.7857142857142858
261 321 0.5714285714285714
261 328 2.0
263 264 -0.5714285714285714
264 265 -0.9285714285714286
265 266 -0.9285714285714286
265 271 1.7857142857142858
265 278 -1.3571428571428572
266 267 1.7857142857142858
266 309 0.5714285714285714
266 315 -2.0
267 321 -0.5714285714285714
267 333 -2.0
267 340 -1.3571428571428572
268 269 -1.3571428571428572
268 272 2.0
269 272 -0.5714285714285714
269 273 -0.5714285714285714
270 274 -2.0
270 275 0.9285714285714286
271 277 -0.9285714285714286
271 278 0.5714285714285714
272 273 2.0
273 274 0.9285714285714286
274 275 1.7857142857142858
275 276 1.7857142857142858
276 277 -0.5714285714285714
277 278 1.3571428571428572
278 283 0.9285714285714286
278 289 -1.7857142857142858
279 280 1.7857142857142858
279 285 -1.3571428571428572
280 281 0.5714285714285714
280 285 0.9285714285714286
280 286 -0.9285714285714286
281 286 2.0
281 287 1.7857142857142858
282 283 -0.9285714285714286
282 288 -0.5714285714285714
283 284 -1.3571428571428572
283 289 -1.7857142857142858
283 290 -1.3571428571428572
284 290 0.5714285714285714
284 291 2.0
284 315 2.0
284 328 0.5714285714285714
285 286 -1.3571428571428572
286 287 -1.3571428571428572
287 288 -0.9285714285714286
288 289 -1.3571428571428572
289 290 0.9285714285714286
290 291 -1.7857142857142858
290 315 0.5714285714285714
291 328 0.5714285714285714
291 340 -0.9285714285714286
292 293 -0.5714285714285714
292 298 -1.7857142857142858
293 294 0.5714285714285714
293 298 -1.7857142857142858
293 299 -0.5714285714285714
294 295 -1.7857142857142858
294 299 -2.0
294 300 0.9285714285714286
295 296 -0.9285714285714286
295 300 2.0
295 301 -2.0
296 297 0.9285714285714286
296 301 2.0
296 302 -0.9285714285714286
297 302 -1.3571428571428572
298 299 -1.7857142857142858
299 300 1.7857142857142858
300 301 0.9285714285714286
301 302 0.9285714285714286
303 304 -1.3571428571428572
303 310 -0.9285714285714286
304 305 -1.7857142857142858
304 311 1.7857142857142858
305 306 1.7857142857142858
305 311 1.7857142857142858
306 307 0.9285714285714286
306 312 -0.5714285714285714
307 308 -1.7857142857142858
307 312 1.3571428571428572
307 313 0.5714285714285714
308 309 0.5714285714285714
308 313 1.3571428571428572
308 314 2.0
309 314 -1.3571428571428572
309 315 0.5714285714285714
310 311 -1.7857142857142858
312 313 0.9285714285714286
313 314 2.0
314 315 -0.5714285714285714
316 317 -0.5714285714285714
316 322 -0.5714285714285714
317 322 -1.3571428571428572
317 323 -0.5714285714285714
318 319 0.9285714285714286
318 324 1.3571428571428572
318 325 1.7857142857142858
319 320 -1.7857142857142858
319 325 0.9285714285714286
319 326 2.0
320 321 0.9285714285714286
320 326 2.0
320 327 -1.3571428571428572
321 327 2.0
322 323 -1.3571428571428572
323 324 -1.3571428571428572
324 325 0.5714285714285714
325 326 -1.3571428571428572
327 328 0.5714285714285714
329 330 -0.5714285714285714
329 334 -2.0
329 335 -0.5714285714285714
330 331 2.0
330 335 2.0
330 336 1.7857142857142858
331 336 0.9285714285714286
331 337 -1.7857142857142858
332 333 -1.7857142857142858
332 338 -2.0
332 339 0.9285714285714286
333 339 1.3571428571428572
333 340 0.9285714285714286
334 335 -0.5714285714285714
335 336 1.3571428571428572
336 337 1.3571428571428572
337 338 0.9285714285714286
338 339 1.3571428571428572
339 340 0.5714285714285714
