340 1318
1 1 -4.642857142857143
2 2 -1.9285714285714286
3 3 2.857142857142857
4 4 -3.0
5 5 -0.21428571428571397
6 6 1.9999999999999998
7 7 -3.714285714285715
9 9 -4.214285714285714
10 10 2.071428571428571
11 11 1.5714285714285716
12 12 3.7142857142857144
13 13 1.5
14 14 -0.7142857142857144
15 15 -3.3571428571428577
16 16 -7.2857142857142865
17 17 -6.428571428571428
18 18 -4.214285714285714
19 19 -1.0714285714285718
20 20 -3.571428571428572
21 21 -2.8571428571428568
22 22 3.428571428571429
23 23 -3.2857142857142856
24 24 -3.5
25 25 2.928571428571429
26 26 0.2142857142857144
27 27 -5.571428571428573
28 28 0.7857142857142858
29 29 -6.285714285714286
30 30 1.3571428571428572
31 31 0.14285714285714302
32 32 3.2857142857142856
33 33 -9.285714285714286
34 34 -2.2857142857142856
35 35 -1.214285714285714
36 36 -5.642857142857143
37 37 4.785714285714286
38 38 1.0714285714285714
39 39 -3.3571428571428577
40 40 -2.0
41 41 0.14285714285714235
42 42 -5.0
43 43 0.9285714285714286
44 44 3.6428571428571432
45 45 -3.357142857142857
46 46 -0.4285714285714286
47 47 1.7857142857142858
48 48 -0.9285714285714286
49 49 0.0714285714285714
50 50 2.142857142857143
51 51 3.2857142857142856
52 52 1.4285714285714286
53 53 -0.9999999999999998
55 55 -4.714285714285714
56 56 -2.357142857142857
57 57 -5.214285714285715
58 58 0.14285714285714368
59 59 -0.2142857142857142
60 60 -1.285714285714286
61 61 -1.1428571428571428
62 62 -1.7142857142857144
63 63 -0.4285714285714288
64 64 -1.8571428571428572
65 65 -3.3571428571428577
66 66 -5.214285714285714
67 67 -0.35714285714285676
68 68 -1.7142857142857144
69 69 -5.0
70 70 -6.428571428571429
71 71 -3.142857142857143
72 72 -0.3571428571428572
73 73 0.9285714285714284
74 74 -4.0
75 75 1.4999999999999998
76 76 0.28571428571428603
77 77 0.3571428571428572
78 78 3.6428571428571432
79 79 0.7857142857142858
80 80 1.6428571428571426
81 81 2.7142857142857144
82 82 3.7857142857142856
83 83 -2.285714285714286
84 84 -2.0
85 85 1.785714285714286
86 86 -3.785714285714285
87 87 -5.857142857142857
88 88 0.5714285714285716
89 89 3.571428571428571
90 90 4.428571428571429
91 91 0.6428571428571428
92 92 7.714285714285714
93 93 3.1428571428571423
94 94 3.6428571428571432
95 95 -4.285714285714286
96 96 -7.142857142857142
97 97 3.8571428571428577
98 98 -5.5
99 99 1.5
100 100 -0.0714285714285714
101 101 -6.071428571428571
102 102 0.07142857142857162
103 103 1.5714285714285714
104 104 -3.071428571428571
105 105 -6.428571428571429
106 106 -1.5714285714285714
107 107 3.2142857142857144
108 108 4.214285714285714
109 109 -2.0
110 110 7.000000000000001
111 111 -1.0
112 112 -0.14285714285714302
113 113 -6.357142857142857
114 114 8.571428571428571
115 115 2.7142857142857144
116 116 0.7857142857142856
117 117 1.2142857142857142
118 118 -1.0
119 119 0.5714285714285712
120 120 -7.0
121 121 -2.5
122 122 0.7142857142857142
123 123 -8.142857142857142
124 124 -2.071428571428571
125 125 1.1428571428571421
126 126 4.571428571428571
127 127 1.2142857142857144
128 128 0.21428571428571397
129 129 -7.928571428571429
130 130 -6.142857142857142
131 131 -1.142857142857143
132 132 3.8571428571428577
133 133 -5.142857142857143
134 134 3.2142857142857144
135 135 1.7142857142857142
136 136 3.7857142857142856
137 137 -1.6428571428571428
138 138 2.0
139 139 -3.857142857142857
140 140 -0.0714285714285714
141 141 -1.857142857142857
142 142 6.714285714285715
143 143 -2.2857142857142856
144 144 -2.6428571428571423
145 145 -0.14285714285714257
146 146 -5.071428571428571
147 147 3.5
148 148 1.7857142857142858
149 149 3.6428571428571432
150 150 -4.571428571428571
151 151 -4.928571428571429
152 152 -4.071428571428571
153 153 -0.5714285714285712
154 154 -7.7142857142857135
155 155 -5.428571428571429
156 156 -2.7857142857142856
157 157 2.642857142857143
158 158 -7.2857142857142865
159 159 1.2857142857142851
160 160 -3.5
161 161 -0.07142857142857162
162 162 2.571428571428571
163 163 4.7142857142857135
164 164 -2.928571428571429
165 165 4.571428571428571
166 166 -2.357142857142857
167 167 5.0
168 168 3.1428571428571432
169 169 -1.4285714285714288
170 170 1.9285714285714284
171 171 1.5
173 173 6.642857142857142
174 174 -2.5714285714285716
175 175 0.7857142857142856
176 176 -3.642857142857143
177 177 1.3571428571428572
178 178 -1.7857142857142858
179 179 3.857142857142857
180 180 -0.7142857142857142
181 181 1.4285714285714288
182 182 3.7857142857142856
183 183 -1.4285714285714286
184 184 -0.8571428571428572
185 185 -1.5
186 186 -6.857142857142857
187 187 -0.7142857142857146
188 188 -2.071428571428572
189 189 2.6428571428571432
190 190 3.7142857142857144
191 191 -2.7142857142857144
192 192 -6.071428571428571
193 193 -2.928571428571429
194 194 -2.7142857142857144
195 195 -5.428571428571428
196 196 2.2142857142857144
197 197 -6.500000000000001
198 198 -3.3571428571428577
199 199 5.857142857142858
200 200 -5.785714285714286
201 201 -6.7142857142857135
202 202 -1.4285714285714286
203 203 1.0
204 204 -5.428571428571429
205 205 -2.071428571428571
206 206 6.428571428571429
207 207 1.4285714285714282
208 208 3.7142857142857144
209 209 -4.0
210 210 -1.2142857142857146
211 211 1.9285714285714286
212 212 2.6428571428571432
213 213 -0.0714285714285714
214 214 -1.5
215 215 0.6428571428571423
216 216 -2.642857142857143
217 217 -0.928571428571429
218 218 1.9285714285714288
219 219 1.642857142857143
220 220 1.4285714285714284
221 221 -1.3571428571428572
222 222 2.3571428571428568
223 223 4.142857142857142
224 224 1.0
225 225 -2.7142857142857144
226 226 2.142857142857143
227 227 -2.7142857142857144
228 228 0.9285714285714286
229 229 5.142857142857142
230 230 7.0
231 231 -5.142857142857143
232 232 -5.642857142857143
233 233 -0.4285714285714286
234 234 0.9285714285714286
235 235 0.642857142857143
236 236 1.2142857142857142
237 237 2.2857142857142856
238 238 2.7142857142857144
239 239 -2.214285714285714
240 240 3.2142857142857144
241 241 -0.6428571428571432
242 242 -4.214285714285714
243 243 2.220446049250313e-16
244 244 4.500000000000001
245 245 -1.9999999999999998
246 246 4.642857142857143
247 247 0.7142857142857144
248 248 5.357142857142857
249 249 4.142857142857143
250 250 0.0714285714285714
251 251 2.4285714285714284
252 252 -7.142857142857142
253 253 3.1428571428571432
254 254 3.8571428571428577
255 255 -2.857142857142857
256 256 -1.1428571428571428
257 257 0.7857142857142858
258 258 6.285714285714286
259 259 -3.5714285714285716
260 260 1.0
261 261 3.5
262 262 1.5714285714285716
263 263 -1.1428571428571432
264 264 -4.285714285714286
265 265 -3.8571428571428577
266 266 4.0
267 267 3.357142857142857
268 268 2.7857142857142856
269 269 -1.7857142857142858
270 270 -1.3571428571428572
271 271 1.357142857142857
272 272 4.428571428571429
273 273 2.5714285714285716
274 274 0.5714285714285714
275 275 0.9285714285714286
276 276 3.7857142857142856
277 277 -4.5
278 278 2.714285714285714
279 279 0.4285714285714286
280 280 -0.4999999999999998
281 281 -0.0714285714285714
282 282 4.357142857142858
283 283 2.857142857142857
284 284 0.9285714285714286
285 285 -1.8571428571428572
286 286 -0.785714285714286
287 287 -2.7142857142857144
288 288 7.285714285714286
289 289 1.0714285714285714
290 290 1.4285714285714286
291 291 -0.8571428571428572
292 292 1.5
293 293 -1.2142857142857144
294 294 -1.0
295 295 -1.5
296 296 4.785714285714286
297 297 2.220446049250313e-16
298 298 -4.214285714285714
299 299 -6.642857142857143
300 300 -2.142857142857143
301 301 6.071428571428571
302 302 0.21428571428571397
303 303 0.9285714285714286
304 304 -2.571428571428571
305 305 -0.3571428571428572
306 306 2.071428571428571
307 307 2.0714285714285716
308 308 -1.5714285714285714
309 309 3.785714285714285
310 310 -0.2857142857142858
311 311 -5.214285714285714
312 312 3.142857142857143
313 313 -2.357142857142857
314 314 -1.7857142857142858
315 315 1.9999999999999998
316 316 1.4285714285714288
317 317 1.7857142857142858
318 318 -0.4285714285714286
319 319 -1.5000000000000002
320 320 -3.428571428571429
321 321 -2.571428571428571
323 323 -1.7142857142857142
324 324 -4.5
325 325 2.2142857142857144
326 326 0.5714285714285714
327 327 -0.35714285714285743
328 328 -3.928571428571429
329 329 -3.642857142857143
330 330 -3.1428571428571432
331 331 -3.1428571428571432
332 332 0.1428571428571428
333 333 6.928571428571429
334 334 -1.5714285714285714
335 335 -0.6428571428571428
336 336 -3.357142857142857
337 337 -1.2857142857142858
338 338 -4.071428571428571
339 339 -3.5
340 340 2.5
1 2 0.9285714285714286
1 7 1.3571428571428572
1 43 0.5714285714285714
1 69 1.7857142857142858
2 3 -1.3571428571428572
2 7 -2.0
2 8 0.5714285714285714
2 86 1.7857142857142858
2 106 2.0
3 4 -2.0
3 8 1.3571428571428572
3 9 0.5714285714285714
3 128 -2.0
3 154 0.5714285714285714
4 9 1.7857142857142858
4 10 -0.5714285714285714
4 178 1.7857142857142858
4 202 2.0
5 6 0.5714285714285714
5 11 2.0
5 268 -1.7857142857142858
5 292 -0.5714285714285714
6 11 -1.7857142857142858
6 12 -0.5714285714285714
6 303 1.7857142857142858
6 316 -2.0
7 8 0.5714285714285714
7 69 1.7857142857142858
7 86 2.0
8 9 -0.5714285714285714
8 106 -1.3571428571428572
8 128 -0.5714285714285714
9 10 -0.9285714285714286
9 154 2.0
9 178 1.3571428571428572
10 202 -0.5714285714285714
11 12 -1.7857142857142858
11 292 1.7857142857142858
11 303 -1.7857142857142858
12 316 -1.3571428571428572
13 19 0.9285714285714286
13 50 -2.0
13 69 -1.3571428571428572
13 73 0.9285714285714286
14 15 -2.0
14 20 1.7857142857142858
14 128 0.9285714285714286
14 134 -2.0
14 154 2.0
15 16 1.3571428571428572
15 20 1.3571428571428572
15 21 1.7857142857142858
15 178 1.7857142857142858
15 202 -0.9285714285714286
16 17 2.0
16 21 2.0
16 22 1.3571428571428572
16 250 0.5714285714285714
17 18 2.0
17 22 0.5714285714285714
17 23 2.0
17 268 0.5714285714285714
17 272 -1.7857142857142858
17 292 -0.9285714285714286
17 298 2.0
18 23 1.3571428571428572
18 24 0.9285714285714286
18 303 -0.5714285714285714
18 310 0.9285714285714286
18 316 -1.7857142857142858
18 322 1.3571428571428572
19 69 -0.5714285714285714
19 73 -2.0
19 86 1.3571428571428572
19 91 1.3571428571428572
20 154 1.7857142857142858
20 178 -1.3571428571428572
21 22 -0.9285714285714286
22 23 1.3571428571428572
22 250 -2.0
22 268 -2.0
22 272 -1.7857142857142858
23 24 0.5714285714285714
23 292 0.9285714285714286
23 303 -0.9285714285714286
23 310 -2.0
24 316 1.3571428571428572
24 322 -1.3571428571428572
24 334 2.0
25 26 -1.7857142857142858
25 32 -0.9285714285714286
25 44 -0.9285714285714286
25 50 1.3571428571428572
25 70 1.3571428571428572
25 73 -2.0
26 27 1.3571428571428572
26 32 -1.7857142857142858
26 33 2.0
26 91 1.3571428571428572
26 111 -1.3571428571428572
27 28 -1.3571428571428572
27 33 0.9285714285714286
27 34 2.0
27 129 1.7857142857142858
27 134 -0.9285714285714286
27 155 1.7857142857142858
28 29 0.5714285714285714
28 34 -0.5714285714285714
28 35 0.5714285714285714
28 179 0.5714285714285714
28 203 -0.5714285714285714
29 30 0.5714285714285714
29 35 2.0
29 227 1.7857142857142858
29 250 1.3571428571428572
30 31 -0.9285714285714286
30 36 0.9285714285714286
30 269 -0.9285714285714286
30 272 0.9285714285714286
30 293 -0.5714285714285714
30 298 -1.3571428571428572
31 36 1.7857142857142858
31 304 0.5714285714285714
31 310 -1.7857142857142858
31 317 2.0
31 322 -1.7857142857142858
32 33 -0.5714285714285714
32 70 1.7857142857142858
32 73 -1.7857142857142858
33 34 1.3571428571428572
33 111 2.0
33 129 1.7857142857142858
33 134 1.7857142857142858
34 35 -0.9285714285714286
34 155 1.7857142857142858
34 179 -1.3571428571428572
35 203 -1.3571428571428572
35 227 0.9285714285714286
36 293 2.0
36 298 0.9285714285714286
36 304 -1.3571428571428572
36 310 1.3571428571428572
37 38 -1.7857142857142858
37 44 -1.7857142857142858
37 51 1.3571428571428572
37 70 -2.0
37 74 -0.5714285714285714
38 39 1.7857142857142858
38 92 -2.0
38 112 0.9285714285714286
39 42 1.7857142857142858
39 129 0.5714285714285714
39 135 -2.0
39 155 1.7857142857142858
39 161 -0.5714285714285714
40 41 2.0
40 269 1.3571428571428572
40 273 -0.9285714285714286
40 293 -1.3571428571428572
40 299 0.9285714285714286
41 304 0.9285714285714286
41 311 -2.0
41 317 -2.0
41 323 0.9285714285714286
42 155 -0.9285714285714286
42 161 1.7857142857142858
42 179 0.5714285714285714
42 185 1.7857142857142858
43 44 -0.9285714285714286
43 50 -0.5714285714285714
44 45 1.3571428571428572
44 51 -1.3571428571428572
45 46 1.7857142857142858
45 51 -0.9285714285714286
45 52 -2.0
45 57 1.3571428571428572
45 80 1.7857142857142858
46 47 0.9285714285714286
46 53 -0.9285714285714286
46 118 -1.3571428571428572
47 48 -0.9285714285714286
47 53 -1.7857142857142858
47 141 2.0
47 167 -2.0
48 49 -0.5714285714285714
48 54 2.0
48 55 1.7857142857142858
48 213 -1.3571428571428572
49 55 0.5714285714285714
49 56 0.5714285714285714
49 234 -2.0
49 256 1.3571428571428572
50 51 -0.9285714285714286
51 52 0.5714285714285714
51 57 -2.0
52 53 0.9285714285714286
52 80 -0.9285714285714286
53 54 1.3571428571428572
53 118 2.0
53 141 -0.5714285714285714
54 55 -1.3571428571428572
54 167 -2.0
55 56 1.3571428571428572
55 213 1.7857142857142858
55 234 0.5714285714285714
56 256 -1.3571428571428572
56 279 1.7857142857142858
57 58 1.3571428571428572
57 63 1.3571428571428572
57 71 1.7857142857142858
57 74 1.3571428571428572
58 59 0.5714285714285714
58 63 1.3571428571428572
58 64 0.9285714285714286
58 92 -0.5714285714285714
58 107 -1.7857142857142858
58 112 -2.0
59 64 -1.3571428571428572
59 65 1.3571428571428572
59 130 0.5714285714285714
59 135 -1.3571428571428572
59 156 1.3571428571428572
59 161 -0.9285714285714286
60 65 1.3571428571428572
60 66 1.7857142857142858
60 180 -0.9285714285714286
60 185 -0.9285714285714286
60 204 -0.5714285714285714
60 209 0.5714285714285714
61 62 0.9285714285714286
61 67 -1.7857142857142858
61 273 2.0
61 294 -2.0
61 299 2.0
62 67 0.5714285714285714
62 68 -2.0
62 305 1.7857142857142858
62 311 1.7857142857142858
62 323 -1.3571428571428572
63 64 1.3571428571428572
63 71 -1.3571428571428572
63 74 -0.9285714285714286
63 92 -1.3571428571428572
64 65 -1.7857142857142858
64 107 1.7857142857142858
64 112 0.9285714285714286
64 130 -0.5714285714285714
64 135 0.5714285714285714
65 66 2.0
65 156 0.9285714285714286
65 161 -2.0
65 180 0.5714285714285714
65 185 0.9285714285714286
66 204 2.0
66 209 -0.5714285714285714
67 68 1.3571428571428572
67 294 2.0
67 299 -1.7857142857142858
67 305 -1.3571428571428572
67 311 1.3571428571428572
68 323 2.0
68 330 -0.5714285714285714
68 335 0.9285714285714286
69 70 1.3571428571428572
69 73 2.0
70 71 1.3571428571428572
70 73 0.5714285714285714
70 74 2.0
71 72 1.7857142857142858
71 74 1.3571428571428572
71 75 0.9285714285714286
71 80 -0.9285714285714286
71 82 -1.7857142857142858
72 75 0.5714285714285714
72 76 -2.0
72 118 -0.9285714285714286
72 123 0.9285714285714286
73 74 1.3571428571428572
74 75 -0.5714285714285714
75 76 -1.7857142857142858
75 80 -2.0
75 82 1.3571428571428572
76 77 -1.3571428571428572
76 118 0.9285714285714286
76 123 0.5714285714285714
76 141 1.3571428571428572
76 147 2.0
77 78 -0.9285714285714286
77 167 1.3571428571428572
77 172 0.5714285714285714
78 79 -0.9285714285714286
78 213 0.5714285714285714
78 220 -2.0
78 234 -0.9285714285714286
78 240 0.5714285714285714
79 256 0.5714285714285714
79 279 -1.7857142857142858
79 285 1.3571428571428572
80 81 -0.9285714285714286
80 82 1.3571428571428572
81 82 -0.9285714285714286
81 83 0.9285714285714286
81 93 -1.7857142857142858
81 107 -1.3571428571428572
81 113 1.3571428571428572
82 83 -1.7857142857142858
82 93 -2.0
83 107 1.3571428571428572
83 113 0.5714285714285714
83 130 1.7857142857142858
83 136 -0.5714285714285714
84 204 2.0
85 294 1.3571428571428572
85 300 -1.3571428571428572
85 305 -1.7857142857142858
86 91 -1.3571428571428572
87 88 0.9285714285714286
87 93 0.9285714285714286
87 94 -0.9285714285714286
87 96 1.3571428571428572
87 119 1.7857142857142858
87 123 1.7857142857142858
88 89 -0.9285714285714286
88 94 -0.9285714285714286
88 147 -0.5714285714285714
88 172 0.9285714285714286
89 90 -2.0
89 95 -0.5714285714285714
89 191 1.3571428571428572
89 214 -2.0
89 220 0.5714285714285714
90 95 0.5714285714285714
90 235 -1.7857142857142858
90 240 -1.7857142857142858
90 257 0.5714285714285714
91 92 -2.0
92 93 -1.7857142857142858
93 94 0.5714285714285714
93 96 0.9285714285714286
94 119 -0.9285714285714286
94 123 0.5714285714285714
94 147 -2.0
95 214 2.0
95 220 1.3571428571428572
95 235 0.9285714285714286
96 97 -0.9285714285714286
96 100 2.0
96 108 1.7857142857142858
96 113 2.0
97 98 2.0
97 101 -1.3571428571428572
97 131 1.7857142857142858
97 136 -1.3571428571428572
97 157 -2.0
97 162 -2.0
98 101 2.0
98 102 1.7857142857142858
98 181 -1.3571428571428572
98 186 -0.9285714285714286
98 205 2.0
99 103 1.7857142857142858
99 104 -1.3571428571428572
99 270 -1.3571428571428572
99 274 -0.5714285714285714
100 101 2.0
100 108 -1.7857142857142858
100 113 0.5714285714285714
100 131 -1.7857142857142858
100 136 -0.9285714285714286
101 102 2.0
101 157 1.7857142857142858
101 162 -0.5714285714285714
101 181 -1.7857142857142858
101 186 2.0
102 103 -2.0
102 205 -0.9285714285714286
102 228 -0.9285714285714286
103 104 -1.3571428571428572
103 246 -0.9285714285714286
103 251 -1.7857142857142858
103 270 1.7857142857142858
103 274 0.9285714285714286
104 105 2.0
104 295 1.7857142857142858
104 300 2.0
105 318 -0.9285714285714286
105 324 1.7857142857142858
105 331 1.7857142857142858
105 336 1.7857142857142858
106 111 0.9285714285714286
107 108 -0.9285714285714286
107 112 -0.9285714285714286
107 113 -1.3571428571428572
108 109 -0.9285714285714286
108 113 2.0
108 114 -2.0
108 119 -1.7857142857142858
108 124 -0.5714285714285714
109 114 -1.7857142857142858
109 115 1.3571428571428572
109 148 2.0
109 168 1.3571428571428572
110 116 -0.5714285714285714
110 117 -1.3571428571428572
110 235 -1.3571428571428572
110 241 -0.5714285714285714
110 257 -1.3571428571428572
110 262 -1.7857142857142858
111 112 -0.5714285714285714
112 113 1.7857142857142858
113 114 -0.5714285714285714
114 115 -0.5714285714285714
114 119 -1.7857142857142858
114 124 -0.9285714285714286
114 148 -0.9285714285714286
115 116 -0.5714285714285714
115 168 -1.7857142857142858
115 173 -2.0
115 191 1.7857142857142858
115 196 -0.9285714285714286
116 117 -0.9285714285714286
116 214 0.5714285714285714
116 221 -2.0
116 235 1.3571428571428572
116 241 1.3571428571428572
117 257 1.7857142857142858
117 262 2.0
117 280 -1.7857142857142858
117 286 -0.9285714285714286
118 119 -0.5714285714285714
118 123 0.9285714285714286
119 123 1.3571428571428572
119 124 1.3571428571428572
120 121 -0.5714285714285714
120 124 2.0
120 125 1.3571428571428572
120 131 -0.9285714285714286
120 137 2.0
120 157 1.3571428571428572
120 163 1.7857142857142858
121 125 2.0
121 126 -1.3571428571428572
121 181 1.7857142857142858
121 187 -0.5714285714285714
121 205 1.7857142857142858
121 210 -0.5714285714285714
122 127 1.7857142857142858
122 275 -0.5714285714285714
122 295 -0.5714285714285714
122 301 -1.3571428571428572
123 124 2.0
124 125 -1.7857142857142858
124 131 -0.5714285714285714
124 137 0.5714285714285714
125 126 -0.5714285714285714
125 157 -2.0
125 163 -0.5714285714285714
125 181 -0.9285714285714286
125 187 1.3571428571428572
126 127 -1.3571428571428572
126 205 -2.0
126 210 0.9285714285714286
126 228 1.7857142857142858
126 230 -2.0
127 246 -1.3571428571428572
127 252 0.5714285714285714
127 270 -1.7857142857142858
127 275 0.9285714285714286
128 129 2.0
128 134 -0.5714285714285714
129 130 0.5714285714285714
129 134 -0.5714285714285714
129 135 1.7857142857142858
130 131 1.7857142857142858
130 135 2.0
131 132 -0.9285714285714286
131 136 1.7857142857142858
132 133 0.9285714285714286
132 137 1.3571428571428572
132 138 -0.9285714285714286
132 142 -1.7857142857142858
132 148 -0.5714285714285714
132 169 -1.3571428571428572
132 173 -0.5714285714285714
133 138 -0.9285714285714286
133 139 2.0
133 192 1.7857142857142858
133 196 -0.9285714285714286
133 215 1.3571428571428572
133 221 0.9285714285714286
134 135 -0.9285714285714286
135 136 -1.7857142857142858
136 137 -0.9285714285714286
137 138 -2.0
137 142 -1.3571428571428572
137 148 2.0
138 139 1.3571428571428572
138 169 -0.9285714285714286
138 173 -0.9285714285714286
138 192 1.7857142857142858
138 196 0.5714285714285714
139 140 -0.5714285714285714
139 215 -0.9285714285714286
139 221 2.0
139 236 -1.3571428571428572
139 241 1.3571428571428572
140 258 -0.5714285714285714
140 262 0.5714285714285714
140 281 2.0
140 286 -1.3571428571428572
141 147 -0.9285714285714286
142 143 0.9285714285714286
142 148 -1.3571428571428572
142 149 -1.7857142857142858
142 163 -1.3571428571428572
143 144 -2.0
143 149 2.0
143 150 1.3571428571428572
143 182 -1.3571428571428572
143 187 1.3571428571428572
143 206 -2.0
143 210 2.0
144 145 -1.3571428571428572
144 150 1.3571428571428572
144 151 1.3571428571428572
144 230 0.5714285714285714
144 247 0.9285714285714286
144 252 1.7857142857142858
145 146 1.3571428571428572
145 151 1.3571428571428572
145 152 0.5714285714285714
145 275 0.5714285714285714
145 296 -1.7857142857142858
145 301 -0.5714285714285714
146 152 0.9285714285714286
146 153 2.0
146 307 -0.9285714285714286
146 312 -0.5714285714285714
146 319 0.9285714285714286
146 325 1.3571428571428572
147 148 -2.0
148 149 -0.9285714285714286
149 158 -0.9285714285714286
149 163 -2.0
149 182 -0.9285714285714286
149 187 0.9285714285714286
150 151 0.9285714285714286
150 206 0.9285714285714286
150 210 2.0
150 230 -2.0
151 152 1.7857142857142858
151 247 -0.9285714285714286
151 252 1.7857142857142858
151 275 -1.3571428571428572
152 153 0.5714285714285714
152 296 -0.5714285714285714
152 307 -0.5714285714285714
152 312 1.3571428571428572
153 319 -0.5714285714285714
153 325 0.5714285714285714
153 337 -2.0
154 155 1.3571428571428572
155 156 -0.9285714285714286
155 161 0.5714285714285714
156 157 -0.9285714285714286
156 161 1.7857142857142858
156 162 0.5714285714285714
157 158 0.5714285714285714
157 162 0.5714285714285714
157 163 -2.0
158 159 1.3571428571428572
158 163 2.0
158 164 0.9285714285714286
158 169 2.0
158 174 1.3571428571428572
159 160 2.0
159 164 1.7857142857142858
159 165 -1.7857142857142858
159 192 -1.7857142857142858
159 197 -0.9285714285714286
159 215 -0.5714285714285714
159 222 -1.3571428571428572
160 165 0.5714285714285714
160 166 2.0
160 236 0.9285714285714286
160 242 0.5714285714285714
160 258 -0.5714285714285714
160 263 -2.0
161 162 -0.5714285714285714
162 163 -0.5714285714285714
163 164 -2.0
164 165 -0.5714285714285714
164 174 -0.5714285714285714
164 192 2.0
164 197 1.3571428571428572
165 166 -1.3571428571428572
165 215 1.3571428571428572
165 222 0.5714285714285714
165 236 -1.3571428571428572
165 242 -2.0
166 258 -1.3571428571428572
166 263 2.0
166 281 -0.9285714285714286
166 287 2.0
167 168 -1.7857142857142858
167 172 -0.5714285714285714
168 169 0.5714285714285714
168 172 -0.9285714285714286
168 173 -0.5714285714285714
169 170 1.3571428571428572
169 173 -2.0
169 174 1.7857142857142858
170 174 0.9285714285714286
170 175 -2.0
170 182 -1.3571428571428572
170 188 0.9285714285714286
170 206 -1.7857142857142858
171 176 -0.5714285714285714
171 276 -0.5714285714285714
171 296 -0.9285714285714286
171 302 0.5714285714285714
173 174 -0.5714285714285714
174 175 -1.7857142857142858
174 182 2.0
174 188 -0.5714285714285714
175 176 1.7857142857142858
175 206 -0.5714285714285714
175 231 1.7857142857142858
176 247 -1.3571428571428572
176 253 2.0
176 276 1.7857142857142858
177 319 0.5714285714285714
177 326 -1.3571428571428572
177 338 -0.5714285714285714
178 179 -1.7857142857142858
179 180 -0.9285714285714286
179 185 -0.9285714285714286
180 181 1.3571428571428572
180 185 -1.3571428571428572
180 186 2.0
181 182 -1.3571428571428572
181 186 1.7857142857142858
181 187 -0.9285714285714286
182 183 -0.5714285714285714
182 187 -2.0
182 188 1.7857142857142858
183 184 -0.5714285714285714
183 188 -1.3571428571428572
183 189 -1.7857142857142858
183 193 1.7857142857142858
183 197 2.0
183 216 1.3571428571428572
183 222 0.5714285714285714
184 189 -0.5714285714285714
184 190 -1.3571428571428572
184 237 -0.9285714285714286
184 242 0.9285714285714286
184 259 2.0
184 263 1.3571428571428572
185 186 2.0
187 188 0.5714285714285714
188 189 0.9285714285714286
188 193 -2.0
188 197 1.7857142857142858
189 190 -1.7857142857142858
189 216 0.9285714285714286
189 222 -0.5714285714285714
189 237 -1.7857142857142858
189 242 2.0
190 259 -1.7857142857142858
190 263 1.7857142857142858
190 287 -0.5714285714285714
191 192 0.9285714285714286
191 196 -1.3571428571428572
192 193 -1.3571428571428572
192 196 1.7857142857142858
192 197 0.9285714285714286
193 197 0.9285714285714286
193 198 1.7857142857142858
193 207 1.7857142857142858
194 195 1.7857142857142858
194 199 -2.0
194 200 1.7857142857142858
194 276 -1.7857142857142858
194 297 2.0
194 302 0.9285714285714286
195 200 0.5714285714285714
195 201 2.0
195 308 -1.7857142857142858
195 313 -0.9285714285714286
195 320 2.0
195 326 1.7857142857142858
196 197 -1.3571428571428572
197 198 1.7857142857142858
198 199 -0.9285714285714286
198 207 0.9285714285714286
198 229 -2.0
198 231 1.7857142857142858
199 200 0.5714285714285714
199 248 -0.5714285714285714
199 253 -2.0
199 276 -0.9285714285714286
200 201 0.5714285714285714
200 297 0.5714285714285714
200 302 0.9285714285714286
200 308 -0.5714285714285714
200 313 1.3571428571428572
201 320 1.3571428571428572
201 326 -0.5714285714285714
201 332 2.0
201 338 1.3571428571428572
202 203 0.9285714285714286
203 204 -2.0
203 209 2.0
204 205 2.0
204 209 2.0
205 206 0.5714285714285714
205 210 -1.3571428571428572
206 207 -1.7857142857142858
206 210 -1.7857142857142858
207 208 -0.9285714285714286
207 211 0.9285714285714286
207 216 -0.5714285714285714
207 223 -1.7857142857142858
208 211 -2.0
208 212 -1.7857142857142858
208 237 -1.3571428571428572
208 243 2.0
208 259 0.9285714285714286
208 264 -0.5714285714285714
211 212 0.9285714285714286
211 216 -0.5714285714285714
211 223 0.5714285714285714
211 243 -1.7857142857142858
212 288 -1.7857142857142858
213 220 -0.9285714285714286
214 215 0.9285714285714286
214 220 -1.7857142857142858
214 221 1.7857142857142858
215 216 0.5714285714285714
215 221 -1.3571428571428572
215 222 -2.0
216 217 0.9285714285714286
216 222 1.7857142857142858
216 223 -1.7857142857142858
217 218 -0.5714285714285714
217 223 -0.5714285714285714
217 224 1.3571428571428572
217 229 -1.7857142857142858
217 232 1.7857142857142858
217 248 -2.0
217 254 1.7857142857142858
218 219 -0.5714285714285714
218 224 -0.9285714285714286
218 225 -0.9285714285714286
218 277 2.0
218 297 -0.9285714285714286
219 225 0.9285714285714286
219 226 0.9285714285714286
219 308 1.7857142857142858
219 314 -2.0
219 320 -1.7857142857142858
219 327 -0.9285714285714286
220 221 1.3571428571428572
221 222 -1.3571428571428572
223 224 -0.5714285714285714
223 229 -1.3571428571428572
223 232 1.3571428571428572
224 225 2.0
224 248 -2.0
224 254 -1.7857142857142858
224 277 0.9285714285714286
225 226 -2.0
225 297 0.9285714285714286
225 308 1.7857142857142858
226 320 0.9285714285714286
226 327 -0.5714285714285714
226 332 -2.0
226 339 0.5714285714285714
228 230 -1.7857142857142858
229 231 1.3571428571428572
229 232 -1.3571428571428572
230 231 -1.7857142857142858
231 232 2.0
232 233 0.9285714285714286
232 243 0.9285714285714286
233 264 0.9285714285714286
233 282 0.5714285714285714
233 288 -2.0
234 235 2.0
234 240 -0.5714285714285714
235 236 -0.5714285714285714
235 240 0.5714285714285714
235 241 -1.7857142857142858
236 237 1.7857142857142858
236 241 1.3571428571428572
236 242 -2.0
237 242 1.7857142857142858
237 243 -1.7857142857142858
238 244 -1.7857142857142858
238 245 -1.7857142857142858
238 271 -0.9285714285714286
238 277 1.7857142857142858
239 245 -1.3571428571428572
239 309 1.7857142857142858
239 314 2.0
239 321 1.7857142857142858
239 327 -2.0
240 241 -2.0
241 242 0.9285714285714286
242 243 2.0
243 244 -1.3571428571428572
244 245 1.7857142857142858
244 249 -1.7857142857142858
244 254 -1.7857142857142858
244 271 -1.3571428571428572
244 277 1.7857142857142858
245 309 1.3571428571428572
245 314 2.0
246 247 0.5714285714285714
246 251 -2.0
246 252 -0.9285714285714286
247 248 -0.5714285714285714
247 252 2.0
247 253 -1.3571428571428572
248 249 -0.5714285714285714
248 253 -0.5714285714285714
248 254 0.9285714285714286
249 254 -1.7857142857142858
249 255 -0.9285714285714286
249 265 0.9285714285714286
251 252 1.3571428571428572
252 253 0.5714285714285714
253 254 -1.7857142857142858
254 255 0.5714285714285714
255 265 2.0
255 282 -0.5714285714285714
255 289 1.7857142857142858
256 257 0.5714285714285714
257 258 -1.7857142857142858
257 262 -0.5714285714285714
258 259 1.7857142857142858
258 262 -1.7857142857142858
258 263 -2.0
259 263 -1.3571428571428572
259 264 2.0
260 261 -0.5714285714285714
260 265 -2.0
260 266 -1.7857142857142858
260 271 2.0
260 278 1.3571428571428572
261 266 -0.5714285714285714
261 309 -2.0
261 315 -0.5714285714285714
261 321 -1.7857142857142858
261 328 2.0
263 264 1.3571428571428572
264 265 0.5714285714285714
265 266 0.5714285714285714
265 278 1.7857142857142858
266 267 1.3571428571428572
266 309 -1.7857142857142858
266 315 -1.7857142857142858
267 321 -2.0
267 333 -1.3571428571428572
267 340 -1.3571428571428572
268 269 1.3571428571428572
268 272 -0.9285714285714286
269 272 0.9285714285714286
269 273 -0.9285714285714286
270 274 0.9285714285714286
270 275 1.7857142857142858
271 277 0.9285714285714286
271 278 -2.0
272 273 -1.7857142857142858
273 274 -0.9285714285714286
274 275 -0.9285714285714286
275 276 -1.3571428571428572
276 277 -0.9285714285714286
277 278 -2.0
278 283 -0.9285714285714286
278 289 -0.9285714285714286
279 280 1.3571428571428572
279 285 -1.7857142857142858
280 281 -1.3571428571428572
280 285 0.9285714285714286
280 286 1.3571428571428572
281 286 -0.5714285714285714
281 287 0.9285714285714286
282 283 -1.7857142857142858
282 288 -2.0
282 289 -0.5714285714285714
283 284 -0.9285714285714286
283 289 1.3571428571428572
283 290 -0.5714285714285714
284 290 1.3571428571428572
284 291 -0.9285714285714286
284 315 0.9285714285714286
284 328 -1.3571428571428572
285 286 1.3571428571428572
286 287 0.9285714285714286
287 288 -0.5714285714285714
288 289 -0.9285714285714286
289 290 -1.7857142857142858
290 291 1.3571428571428572
290 315 -1.7857142857142858
291 328 1.7857142857142858
291 340 -1.3571428571428572
292 293 -1.7857142857142858
292 298 -0.9285714285714286
293 294 0.5714285714285714
293 298 1.7857142857142858
293 299 0.5714285714285714
294 295 -1.3571428571428572
294 299 1.3571428571428572
294 300 -0.9285714285714286
295 296 -0.9285714285714286
295 300 2.0
295 301 0.5714285714285714
296 297 -0.5714285714285714
296 301 -1.3571428571428572
296 302 1.3571428571428572
297 302 -2.0
298 299 1.7857142857142858
299 300 1.7857142857142858
300 301 -1.3571428571428572
301 302 -2.0
303 304 0.5714285714285714
304 305 0.9285714285714286
304 311 0.9285714285714286
305 306 -0.5714285714285714
305 311 1.3571428571428572
306 307 -0.9285714285714286
306 312 -0.5714285714285714
307 308 1.7857142857142858
307 312 -2.0
307 313 0.5714285714285714
308 309 -0.5714285714285714
308 313 0.9285714285714286
308 314 -1.7857142857142858
309 314 -2.0
309 315 -0.5714285714285714
310 311 1.7857142857142858
312 313 -1.3571428571428572
313 314 1.7857142857142858
314 315 1.7857142857142858
316 317 0.5714285714285714
316 322 1.7857142857142858
317 322 -0.5714285714285714
317 323 -1.7857142857142858
318 319 1.7857142857142858
318 324 1.3571428571428572
318 325 -1.7857142857142858
319 320 -2.0
319 325 -0.5714285714285714
319 326 1.3571428571428572
320 321 2.0
320 327 0.9285714285714286
321 327 2.0
321 328 0.5714285714285714
322 323 0.5714285714285714
323 324 1.3571428571428572
325 326 -1.7857142857142858
327 328 0.9285714285714286
329 330 1.3571428571428572
329 334 1.3571428571428572
329 335 0.9285714285714286
330 331 1.7857142857142858
330 336 0.5714285714285714
331 336 -1.3571428571428572
331 337 0.9285714285714286
332 333 -2.0
332 338 0.9285714285714286
332 339 0.9285714285714286
333 339 -1.7857142857142858
333 340 -1.7857142857142858
334 335 -1.7857142857142858
335 336 0.5714285714285714
336 337 1.7857142857142858
337 338 0.5714285714285714
338 339 1.7857142857142858
339 340 2.0
