694 2804
1 1 -0.07142857142857117
2 2 0.3571428571428572
3 3 6.142857142857143
4 4 0.4285714285714286
5 5 -1.7142857142857146
6 6 -3.5714285714285716
7 7 -3.428571428571429
8 8 0.7142857142857142
9 9 -0.7857142857142858
10 10 -2.6428571428571432
11 11 6.142857142857143
12 12 0.6428571428571432
13 13 -3.8571428571428577
14 14 3.571428571428571
15 15 -2.1428571428571432
16 16 -1.0
17 17 -0.857142857142857
18 18 0.6428571428571428
19 19 2.5
20 20 -2.928571428571429
21 21 1.0714285714285714
22 22 1.0714285714285714
23 23 0.8571428571428572
24 24 -0.9285714285714286
25 25 -0.9285714285714282
26 26 -0.2857142857142856
27 27 -0.9285714285714284
28 28 1.2857142857142858
29 29 -3.2857142857142856
30 30 0.0714285714285714
31 31 1.5000000000000002
32 32 -3.8571428571428577
33 33 -2.1428571428571432
34 34 -1.5
35 35 0.4285714285714288
36 36 -0.8571428571428574
37 37 -4.857142857142857
38 38 1.8571428571428572
39 39 4.928571428571429
40 40 6.857142857142857
41 41 2.2857142857142856
42 42 2.857142857142857
43 43 -1.9285714285714286
44 44 2.5
45 45 -5.071428571428571
46 46 2.5
47 47 -3.6428571428571432
48 48 3.785714285714285
49 49 3.071428571428571
50 50 2.1428571428571423
51 51 1.642857142857143
52 52 5.2142857142857135
53 53 1.2857142857142856
54 54 1.7142857142857144
55 55 -0.21428571428571397
56 56 3.7142857142857144
57 57 4.142857142857142
58 58 1.2857142857142858
59 59 -5.357142857142858
60 60 1.0714285714285707
61 61 1.0
62 62 -0.0714285714285714
63 63 1.8571428571428568
64 64 -0.7857142857142856
65 65 -1.5000000000000002
66 66 -0.7142857142857144
67 67 -5.0
68 68 -2.5000000000000004
69 69 -1.1428571428571423
70 70 1.5714285714285714
71 71 6.571428571428572
72 72 -8.5
73 73 -4.5
74 74 -1.6428571428571423
75 75 -2.2142857142857144
76 76 -4.357142857142857
77 77 -1.0
78 78 3.285714285714286
79 79 -7.571428571428571
80 80 2.928571428571429
81 81 2.2857142857142856
82 82 5.428571428571429
83 83 -1.5714285714285712
84 84 -2.857142857142857
85 85 -0.642857142857143
86 86 3.071428571428572
87 87 -4.214285714285714
88 88 2.0
89 89 -2.0
90 90 -3.928571428571429
91 91 -2.357142857142857
92 92 6.142857142857143
93 93 5.428571428571429
94 94 -0.0714285714285714
95 95 0.0714285714285714
96 96 -0.7857142857142858
97 97 -5.928571428571429
98 98 1.5
99 99 1.0
100 100 -3.928571428571429
101 101 3.1428571428571432
102 102 4.642857142857142
103 103 -1.3571428571428572
104 104 -2.7142857142857144
105 105 3.5
106 106 3.0
107 107 2.642857142857143
108 108 -0.2142857142857142
109 109 0.5714285714285712
110 110 1.4285714285714286
111 111 0.8571428571428572
112 112 2.7857142857142856
113 113 1.9285714285714286
114 114 -2.7142857142857144
115 115 -0.8571428571428572
116 116 -0.9285714285714284
117 117 0.6428571428571423
118 118 4.357142857142858
119 119 7.142857142857142
120 120 -3.8571428571428577
121 121 1.3571428571428568
122 122 -0.5714285714285714
123 123 6.142857142857142
124 124 2.5
125 125 -0.3571428571428572
126 126 -0.5714285714285714
127 127 2.1428571428571432
128 128 -0.8571428571428572
129 129 2.5
130 130 -3.428571428571429
131 131 -0.2142857142857142
132 132 -1.0714285714285716
133 133 3.928571428571429
134 134 -5.071428571428572
135 135 -3.571428571428571
136 136 -0.2142857142857144
137 137 1.9285714285714284
138 138 -1.0
139 139 2.857142857142857
140 140 4.5
141 141 -5.142857142857142
142 142 -1.142857142857143
143 143 2.285714285714286
144 144 -1.642857142857143
145 145 2.7857142857142856
146 146 2.428571428571429
147 147 2.714285714285715
148 148 -3.2857142857142865
149 149 2.0
150 150 -2.428571428571429
151 151 0.8571428571428572
152 152 -2.2857142857142856
153 153 -1.1428571428571432
154 154 -2.0
155 155 -2.5
156 156 -2.1428571428571432
157 157 2.0
158 158 0.5714285714285714
159 159 5.071428571428571
160 160 -2.428571428571429
161 161 -4.714285714285714
162 162 2.142857142857143
163 163 1.6428571428571432
164 164 -1.3571428571428565
165 165 -6.214285714285715
166 166 1.0
167 167 0.9285714285714288
168 168 -7.571428571428571
169 169 -6.5
170 170 -5.642857142857143
171 171 -4.214285714285714
172 172 1.0714285714285716
173 173 -1.2857142857142858
174 174 0.9285714285714286
175 175 -3.642857142857143
176 176 -2.571428571428571
177 177 1.142857142857143
178 178 3.5714285714285716
179 179 0.7857142857142858
180 180 -4.785714285714286
181 181 -5.928571428571429
182 182 2.0714285714285716
183 183 0.9285714285714286
184 184 -1.142857142857143
185 185 1.8571428571428572
186 186 1.285714285714286
187 187 2.2857142857142856
188 188 -0.8571428571428572
189 189 -0.5000000000000002
190 190 2.7857142857142856
191 191 -1.1428571428571428
192 192 4.214285714285714
193 193 5.428571428571428
194 194 1.1428571428571428
195 195 -1.5714285714285712
196 196 -0.9285714285714286
197 197 -6.5
198 198 -1.3571428571428574
199 199 0.8571428571428572
200 200 3.0
201 201 -0.5714285714285716
202 202 -3.7857142857142856
203 203 -3.071428571428572
204 204 -3.0714285714285716
205 205 5.142857142857143
206 206 -0.6428571428571428
207 207 -0.21428571428571397
208 208 -5.357142857142858
209 209 2.1428571428571423
210 210 -2.2142857142857144
211 211 -0.9285714285714288
212 212 1.2857142857142858
213 213 -4.142857142857143
214 214 -2.2142857142857144
215 215 0.35714285714285743
216 216 0.5714285714285712
217 217 3.785714285714286
218 218 -0.7857142857142858
219 219 1.0714285714285712
220 220 2.0
221 221 -3.428571428571429
222 222 -3.7857142857142856
223 223 1.2857142857142858
224 224 5.0
225 225 0.5
226 226 3.0
227 227 6.0
228 228 1.5000000000000002
229 229 3.2857142857142865
230 230 -2.7142857142857144
231 231 -6.714285714285714
232 232 -3.928571428571429
233 233 3.428571428571429
234 234 -3.500000000000001
235 235 -2.428571428571429
236 236 2.7857142857142856
237 237 -0.7857142857142856
238 238 -2.6428571428571432
239 239 -0.9999999999999993
241 241 -2.071428571428571
242 242 -1.8571428571428574
243 243 2.6428571428571423
244 244 -0.0714285714285714
245 245 0.2857142857142858
246 246 -0.6428571428571428
247 247 -1.785714285714286
248 248 -0.5
249 249 3.2142857142857144
250 250 0.3571428571428572
251 251 -1.8571428571428579
252 252 -2.2857142857142856
253 253 -3.7142857142857144
254 254 -3.571428571428572
255 255 6.285714285714286
256 256 3.1428571428571432
257 257 1.2142857142857146
258 258 1.3571428571428572
259 259 -5.071428571428571
260 260 5.428571428571429
262 262 0.9285714285714286
263 263 0.14285714285714324
264 264 1.2142857142857144
265 265 -0.7857142857142856
266 266 -3.1428571428571432
267 267 -3.3571428571428577
268 268 -0.14285714285714302
269 269 2.428571428571429
270 270 2.3571428571428568
271 271 -0.9285714285714282
272 272 -3.071428571428572
273 273 3.3571428571428568
274 274 -0.2142857142857144
275 275 -0.14285714285714324
276 276 1.0714285714285716
277 277 2.1428571428571423
278 278 -1.4285714285714288
279 279 1.5714285714285714
280 280 -0.14285714285714302
281 281 -8.5
282 282 1.3571428571428574
283 283 -2.0
284 284 -5.571428571428571
285 285 -0.2857142857142856
286 286 -3.2142857142857144
287 287 -2.857142857142857
288 288 1.6428571428571423
289 289 3.6428571428571423
290 290 -1.4285714285714288
291 291 -6.857142857142858
292 292 1.8571428571428572
293 293 1.2142857142857144
294 294 3.1428571428571432
295 295 1.214285714285714
296 296 -4.071428571428571
297 297 -0.7142857142857142
298 298 -1.5
299 299 -2.5
300 300 -1.1428571428571428
301 301 3.142857142857143
302 302 0.14285714285714324
303 303 0.7857142857142856
304 304 1.0
305 305 -1.4285714285714286
306 306 -0.7857142857142858
307 307 -1.9285714285714286
308 308 1.7142857142857142
309 309 -4.928571428571429
310 310 -1.0714285714285716
311 311 -3.428571428571429
312 312 3.9285714285714284
313 313 -1.0
314 314 0.4285714285714286
315 315 3.428571428571429
316 316 -0.7857142857142854
317 317 -6.071428571428571
318 318 -3.7857142857142856
319 319 -0.9999999999999996
320 320 2.928571428571429
321 321 -2.2857142857142865
322 322 -0.642857142857143
323 323 -3.2142857142857144
324 324 3.6428571428571423
325 325 2.7857142857142865
326 326 3.7857142857142856
327 327 2.571428571428571
328 328 -2.8571428571428577
329 329 2.928571428571428
330 330 -1.2142857142857144
331 331 -1.2857142857142856
332 332 3.2857142857142847
333 333 -7.214285714285714
334 334 -3.2142857142857135
335 335 -3.1428571428571432
336 336 1.1428571428571428
337 337 1.5714285714285714
338 338 1.4285714285714286
339 339 -0.5714285714285712
340 340 -5.785714285714286
341 341 0.7857142857142856
342 342 -1.0
343 343 -1.2142857142857144
344 344 5.571428571428571
345 345 2.928571428571429
346 346 -4.5
347 347 3.571428571428571
348 348 3.1428571428571432
349 349 1.142857142857143
350 350 0.2142857142857144
351 351 -4.714285714285714
352 352 2.9285714285714284
353 353 1.2857142857142858
354 354 5.214285714285714
355 355 1.2142857142857146
356 356 1.9285714285714286
357 357 5.571428571428571
358 358 -2.2857142857142856
359 359 3.428571428571429
360 360 -1.2142857142857142
361 361 -4.714285714285714
362 362 -0.6428571428571432
363 363 -0.3571428571428572
364 364 0.2142857142857142
365 365 1.6428571428571423
366 366 6.357142857142858
367 367 2.7142857142857144
368 368 0.35714285714285743
369 369 4.214285714285714
370 370 -2.928571428571429
371 371 3.7142857142857144
372 372 -0.7857142857142858
373 373 2.9285714285714284
374 374 -4.5
375 375 1.2857142857142858
376 376 5.857142857142857
377 377 5.5
378 378 -2.071428571428571
379 379 3.4285714285714284
380 380 -7.92857142857143
381 381 -1.642857142857143
382 382 0.2142857142857142
383 383 0.14285714285714302
384 384 10.0
385 385 -0.35714285714285765
386 386 -10.428571428571429
387 387 1.3571428571428572
388 388 1.2142857142857144
389 389 -1.642857142857143
390 390 5.214285714285714
391 391 -0.9999999999999991
392 392 4.0
393 393 3.071428571428572
394 394 3.500000000000001
395 395 3.7142857142857144
396 396 8.071428571428571
397 397 7.071428571428571
398 398 1.9285714285714284
399 399 1.785714285714286
400 400 -1.5714285714285712
401 401 -1.2142857142857144
402 402 -3.500000000000001
403 403 -1.4285714285714284
404 404 -0.6428571428571428
405 405 -3.1428571428571432
406 406 -3.428571428571429
407 407 2.928571428571428
408 408 -0.0714285714285714
409 409 2.7857142857142856
410 410 2.0
411 411 -4.357142857142857
412 412 -0.3571428571428572
413 413 -0.6428571428571432
414 414 1.3571428571428572
415 415 3.5
416 416 -6.357142857142857
417 417 0.5714285714285714
418 418 -1.285714285714286
419 419 -2.357142857142857
420 420 -2.6428571428571432
421 421 -6.5
422 422 0.642857142857143
423 423 -3.357142857142857
424 424 0.9285714285714286
425 425 -1.7142857142857146
426 426 -3.3571428571428577
427 427 0.4285714285714286
428 428 5.857142857142858
429 429 4.785714285714286
430 430 -1.5714285714285714
431 431 -3.071428571428572
432 432 3.785714285714286
433 433 5.2857142857142865
434 434 0.0714285714285714
435 435 -10.857142857142856
436 436 -4.714285714285714
437 437 -1.3571428571428572
438 438 1.5714285714285718
439 439 0.35714285714285743
440 440 0.5
441 441 -1.5714285714285716
442 442 -1.0000000000000002
443 443 -5.142857142857143
445 445 1.2142857142857144
446 446 4.357142857142858
447 447 -4.142857142857143
448 448 8.285714285714286
449 449 5.214285714285714
450 450 8.642857142857142
451 451 -3.5714285714285716
452 452 10.285714285714286
453 453 2.0
454 454 2.0
455 455 0.3571428571428572
456 456 3.071428571428571
457 457 -1.857142857142857
458 458 0.1428571428571428
459 459 4.785714285714286
460 460 -1.4285714285714286
461 461 -2.9285714285714284
462 462 -6.142857142857142
463 463 1.5
464 464 -3.428571428571429
465 465 -1.2142857142857142
466 466 -1.7857142857142858
467 467 1.4285714285714286
468 468 4.928571428571429
469 469 -3.928571428571429
470 470 2.2857142857142856
471 471 5.857142857142858
472 472 0.9285714285714286
473 473 -0.21428571428571397
474 474 6.285714285714286
475 475 -4.857142857142858
476 476 -1.1428571428571428
477 477 -8.428571428571429
478 478 2.2142857142857144
479 479 4.357142857142858
480 480 5.642857142857142
481 481 5.642857142857143
482 482 4.357142857142858
483 483 -4.0
484 484 0.2857142857142856
485 485 -2.6428571428571432
486 486 -0.4285714285714286
487 487 -2.5
488 488 -1.2142857142857146
489 489 -0.14285714285714257
490 490 6.857142857142858
491 491 3.8571428571428577
492 492 -0.5714285714285721
493 493 1.2857142857142858
494 494 -2.571428571428571
495 495 2.8571428571428568
496 496 -0.3571428571428572
497 497 -4.428571428571429
498 498 1.5000000000000002
499 499 1.0714285714285712
500 500 5.857142857142858
501 501 2.642857142857143
502 502 -5.142857142857143
503 503 3.1428571428571423
504 504 -0.857142857142857
505 505 1.9285714285714284
506 506 -0.5714285714285714
507 507 -1.1428571428571432
508 508 4.714285714285715
509 509 1.2142857142857146
510 510 -1.5714285714285714
511 511 -1.1428571428571426
512 512 -2.642857142857143
513 513 -2.5
514 514 1.142857142857143
515 515 1.5714285714285716
516 516 -2.8571428571428568
517 517 -4.642857142857143
518 518 -1.7857142857142858
519 519 -2.2857142857142856
520 520 -1.4285714285714286
521 521 -4.785714285714286
522 522 -6.0
523 523 -2.928571428571429
524 524 -0.3571428571428572
525 525 0.7857142857142858
526 526 -4.714285714285714
527 527 -1.2142857142857144
528 528 -4.714285714285714
529 529 0.4285714285714284
530 530 -6.5
531 531 -6.857142857142858
532 532 -1.9285714285714286
533 533 2.785714285714286
534 534 0.21428571428571397
535 535 -3.357142857142857
536 536 3.428571428571429
537 537 3.285714285714286
538 538 1.6428571428571428
539 539 0.14285714285714302
540 540 -2.857142857142857
541 541 1.2142857142857135
542 542 -3.8571428571428568
543 543 -0.857142857142857
544 544 -0.3571428571428572
545 545 5.285714285714286
546 546 4.7857142857142865
547 547 4.214285714285715
548 548 6.714285714285714
549 549 -2.0
550 550 -5.214285714285715
551 551 4.642857142857143
552 552 0.2857142857142858
553 553 6.571428571428571
554 554 -0.2857142857142858
555 555 1.2142857142857146
556 556 1.7142857142857146
557 557 -2.7857142857142856
558 558 -7.142857142857143
559 559 8.142857142857142
560 560 1.9285714285714286
561 561 0.28571428571428514
562 562 0.8571428571428572
563 563 4.2857142857142865
564 564 -2.928571428571428
565 565 -5.357142857142857
566 566 0.2142857142857142
567 567 2.1428571428571432
568 568 4.071428571428571
569 569 -0.2142857142857144
570 570 -2.7142857142857144
571 571 0.7857142857142858
572 572 -0.5714285714285712
573 573 5.0
574 574 6.7857142857142865
575 575 4.571428571428571
576 576 -0.7857142857142858
577 577 -1.2857142857142856
578 578 0.5
579 579 -4.214285714285714
580 580 0.5
581 581 4.357142857142857
582 582 2.0
583 583 2.142857142857143
584 584 -1.4999999999999998
585 585 -2.0
586 586 -1.7857142857142858
587 587 -5.928571428571429
588 588 2.6428571428571432
589 589 -1.9285714285714288
590 590 -5.142857142857142
591 591 -0.2142857142857142
592 592 -5.857142857142857
593 593 6.214285714285714
594 594 -0.4285714285714286
595 595 2.928571428571429
596 596 -2.8571428571428585
597 597 -0.7857142857142858
598 598 -0.35714285714285765
599 599 0.7857142857142858
600 600 5.571428571428571
601 601 1.0000000000000004
602 602 2.0714285714285716
603 603 2.7142857142857144
604 604 -2.071428571428572
605 605 -6.642857142857142
606 606 7.071428571428571
607 607 -3.7142857142857135
608 608 5.0
609 609 2.571428571428572
610 610 -4.285714285714286
611 611 -0.2857142857142856
612 612 1.9285714285714286
613 613 9.428571428571429
614 614 4.714285714285714
615 615 -2.5
616 616 0.6428571428571432
617 617 -3.7857142857142856
618 618 -4.857142857142857
619 619 -0.4285714285714284
620 620 -0.28571428571428603
621 621 -2.1428571428571432
622 622 -2.785714285714286
623 623 1.2857142857142856
624 624 2.928571428571429
625 625 -4.714285714285714
626 626 -0.5
627 627 -0.07142857142857206
628 628 1.9285714285714286
629 629 -2.2857142857142856
630 630 0.6428571428571426
631 631 7.7857142857142865
632 632 -3.142857142857143
633 633 -1.0714285714285712
634 634 1.4285714285714284
635 635 -1.5000000000000002
636 636 1.5
638 638 2.2857142857142865
639 639 3.5
640 640 -1.0714285714285714
641 641 1.7857142857142858
642 642 3.2142857142857144
643 643 -2.357142857142857
644 644 0.5
645 645 8.285714285714286
646 646 -0.0714285714285714
647 647 7.571428571428572
648 648 4.5
649 649 -5.142857142857143
650 650 -0.7142857142857144
651 651 1.9285714285714286
652 652 2.7142857142857144
653 653 -4.857142857142858
654 654 1.3571428571428572
655 655 7.571428571428571
656 656 1.7857142857142854
657 657 -3.214285714285714
658 658 0.5
659 659 2.571428571428571
660 660 3.7857142857142856
662 662 2.0
663 663 -2.428571428571429
664 664 -6.428571428571429
665 665 -9.142857142857142
666 666 3.428571428571429
667 667 0.8571428571428574
668 668 1.5714285714285716
669 669 3.3571428571428577
670 670 -0.4285714285714286
671 671 4.928571428571427
672 672 -4.2142857142857135
673 673 1.9285714285714284
674 674 -5.0
675 675 -5.42857142857143
676 676 3.7857142857142856
677 677 4.571428571428571
678 678 2.928571428571429
679 679 -5.571428571428571
680 680 3.357142857142857
681 681 -4.440892098500626e-16
682 682 1.5714285714285714
683 683 -3.357142857142857
684 684 -2.7142857142857144
685 685 3.2142857142857144
686 686 1.7142857142857144
687 687 -5.142857142857143
688 688 1.785714285714286
689 689 2.2857142857142856
690 690 -2.3571428571428577
691 691 -1.4285714285714286
692 692 6.5
693 693 -5.642857142857143
694 694 1.1428571428571428
1 2 0.5714285714285714
1 10 -1.3571428571428572
1 23 1.3571428571428572
1 31 0.9285714285714286
1 53 -2.0
1 62 0.5714285714285714
2 3 -1.7857142857142858
2 10 1.3571428571428572
2 11 -1.7857142857142858
2 89 -2.0
2 97 1.3571428571428572
2 118 0.5714285714285714
2 123 1.3571428571428572
3 11 -2.0
3 12 -2.0
3 151 0.5714285714285714
3 157 -2.0
3 179 -0.9285714285714286
3 186 2.0
4 5 -0.9285714285714286
4 273 -1.7857142857142858
4 281 1.3571428571428572
4 307 0.9285714285714286
5 6 1.7857142857142858
5 342 -0.9285714285714286
5 351 1.7857142857142858
6 7 -0.9285714285714286
6 13 1.3571428571428572
6 407 1.3571428571428572
6 415 -0.9285714285714286
6 437 0.9285714285714286
7 8 1.7857142857142858
7 13 1.7857142857142858
7 14 0.5714285714285714
7 469 -0.9285714285714286
7 504 0.5714285714285714
7 514 0.5714285714285714
8 9 -0.5714285714285714
8 14 -0.5714285714285714
8 15 -1.7857142857142858
8 542 0.5714285714285714
8 551 -0.5714285714285714
8 578 1.3571428571428572
8 586 -0.9285714285714286
9 15 2.0
9 16 1.3571428571428572
9 613 0.9285714285714286
9 623 -0.5714285714285714
9 651 -1.7857142857142858
9 659 -0.5714285714285714
10 11 -0.9285714285714286
10 53 -0.9285714285714286
10 62 1.7857142857142858
10 89 1.3571428571428572
10 97 1.3571428571428572
11 12 -0.9285714285714286
11 118 -0.9285714285714286
11 123 -0.9285714285714286
11 151 1.3571428571428572
12 179 -0.9285714285714286
12 186 -0.5714285714285714
12 208 1.7857142857142858
12 215 2.0
13 14 0.9285714285714286
13 437 -2.0
13 469 1.7857142857142858
14 15 2.0
14 504 -1.7857142857142858
14 514 -1.3571428571428572
14 542 -2.0
14 551 -1.3571428571428572
15 16 0.9285714285714286
15 578 -1.3571428571428572
15 586 0.5714285714285714
15 613 -2.0
15 623 1.7857142857142858
16 651 1.3571428571428572
16 659 -2.0
16 685 -2.0
16 693 1.3571428571428572
17 18 1.3571428571428572
17 25 0.9285714285714286
17 125 0.5714285714285714
17 159 -2.0
18 19 -0.9285714285714286
18 25 1.3571428571428572
18 26 -0.9285714285714286
18 188 -0.9285714285714286
18 216 -0.5714285714285714
19 20 0.5714285714285714
19 26 2.0
19 27 -1.7857142857142858
19 248 -1.7857142857142858
19 283 -0.5714285714285714
20 27 1.3571428571428572
20 28 -0.9285714285714286
20 316 0.5714285714285714
20 353 1.3571428571428572
21 22 -2.0
21 29 1.3571428571428572
21 445 0.9285714285714286
21 479 -1.3571428571428572
22 29 0.5714285714285714
22 30 0.5714285714285714
22 516 1.7857142857142858
22 553 -2.0
23 24 0.9285714285714286
23 31 -1.3571428571428572
23 661 -1.7857142857142858
24 31 -2.0
24 32 2.0
25 26 -1.3571428571428572
25 159 -1.7857142857142858
25 188 1.7857142857142858
26 27 0.5714285714285714
26 216 -2.0
26 248 2.0
27 28 0.5714285714285714
27 283 -1.7857142857142858
27 316 2.0
28 353 -0.9285714285714286
29 30 1.3571428571428572
29 479 2.0
29 516 -2.0
30 553 -2.0
31 32 0.9285714285714286
32 38 1.3571428571428572
32 54 1.3571428571428572
32 62 -1.7857142857142858
33 39 -0.5714285714285714
33 40 -2.0
33 157 0.9285714285714286
33 180 1.7857142857142858
33 186 2.0
34 35 -1.3571428571428572
34 41 -0.9285714285714286
34 281 1.7857142857142858
34 308 2.0
35 41 0.5714285714285714
35 42 -0.5714285714285714
35 343 -1.3571428571428572
35 351 0.9285714285714286
35 379 1.3571428571428572
36 37 1.7857142857142858
36 43 1.7857142857142858
36 44 -0.9285714285714286
36 470 -0.9285714285714286
36 505 -1.7857142857142858
36 514 0.9285714285714286
37 44 2.0
37 543 2.0
37 551 -1.3571428571428572
37 579 1.3571428571428572
37 586 -0.9285714285714286
38 39 0.5714285714285714
38 54 0.9285714285714286
38 62 -2.0
38 90 -1.7857142857142858
38 97 -0.9285714285714286
39 40 -0.5714285714285714
39 119 -1.7857142857142858
39 123 -2.0
39 157 -0.5714285714285714
40 180 -1.3571428571428572
40 186 -1.7857142857142858
40 209 -0.5714285714285714
40 215 -0.5714285714285714
41 42 -0.9285714285714286
41 308 -0.5714285714285714
41 343 1.3571428571428572
41 351 -1.7857142857142858
42 43 0.5714285714285714
42 379 -0.5714285714285714
42 408 -1.3571428571428572
43 44 0.9285714285714286
43 470 -1.3571428571428572
44 505 -1.3571428571428572
44 543 -1.3571428571428572
44 551 -1.7857142857142858
45 652 1.7857142857142858
45 659 0.5714285714285714
45 686 1.3571428571428572
45 693 1.3571428571428572
46 55 -0.9285714285714286
46 135 1.7857142857142858
46 159 -2.0
46 166 -1.3571428571428572
47 48 1.3571428571428572
47 56 -0.9285714285714286
47 248 -0.5714285714285714
47 257 1.7857142857142858
47 283 2.0
48 49 2.0
48 56 -2.0
48 57 -2.0
48 316 -1.7857142857142858
48 353 -1.3571428571428572
49 50 -0.5714285714285714
49 57 -1.7857142857142858
49 58 -1.3571428571428572
49 424 -1.3571428571428572
50 51 -0.9285714285714286
50 58 1.7857142857142858
50 59 1.3571428571428572
50 445 -1.7857142857142858
50 452 -2.0
50 479 -1.7857142857142858
50 488 1.7857142857142858
51 52 -2.0
51 59 0.5714285714285714
51 60 1.3571428571428572
51 516 2.0
51 525 0.9285714285714286
51 553 -1.7857142857142858
51 561 -1.7857142857142858
52 53 -0.5714285714285714
52 60 -0.5714285714285714
52 61 -0.9285714285714286
52 595 -0.5714285714285714
52 634 -0.5714285714285714
53 54 -2.0
53 61 0.5714285714285714
53 62 0.9285714285714286
53 661 1.3571428571428572
53 669 1.3571428571428572
54 62 -0.9285714285714286
54 63 -2.0
54 72 0.9285714285714286
55 159 -2.0
55 166 0.5714285714285714
55 188 0.5714285714285714
55 195 2.0
56 283 0.5714285714285714
56 316 -1.3571428571428572
57 58 -0.9285714285714286
57 353 0.5714285714285714
58 59 0.5714285714285714
58 424 -1.3571428571428572
58 445 2.0
58 452 -2.0
59 60 1.3571428571428572
59 479 -0.9285714285714286
59 488 1.3571428571428572
59 516 2.0
59 525 -0.9285714285714286
60 61 -2.0
60 553 -0.5714285714285714
60 561 -2.0
60 595 1.3571428571428572
61 62 0.5714285714285714
61 634 -0.5714285714285714
61 661 1.3571428571428572
62 63 0.9285714285714286
63 72 1.7857142857142858
63 98 -0.5714285714285714
63 105 -2.0
64 65 -0.5714285714285714
64 72 2.0
64 73 1.3571428571428572
64 90 0.5714285714285714
64 119 -2.0
64 124 -0.5714285714285714
65 66 0.9285714285714286
65 73 1.3571428571428572
65 158 0.9285714285714286
65 180 -0.5714285714285714
65 187 -0.5714285714285714
66 67 -1.3571428571428572
66 74 1.7857142857142858
66 209 -2.0
66 247 1.3571428571428572
67 68 0.5714285714285714
67 74 2.0
67 75 2.0
67 282 1.7857142857142858
67 308 1.7857142857142858
67 315 -1.7857142857142858
68 69 -1.3571428571428572
68 75 1.3571428571428572
68 76 1.7857142857142858
68 343 -0.5714285714285714
68 352 1.7857142857142858
68 379 -2.0
68 387 0.9285714285714286
69 76 -0.9285714285714286
69 77 0.5714285714285714
69 408 1.7857142857142858
69 416 2.0
69 444 -0.9285714285714286
70 71 -2.0
70 78 -0.5714285714285714
70 79 2.0
70 543 -1.3571428571428572
70 552 -2.0
70 579 0.5714285714285714
70 587 1.7857142857142858
71 79 -1.7857142857142858
71 80 0.5714285714285714
71 614 -1.7857142857142858
71 624 -1.7857142857142858
71 652 -1.7857142857142858
71 660 2.0
72 73 1.7857142857142858
72 90 2.0
73 119 -1.3571428571428572
73 124 1.3571428571428572
74 75 -0.9285714285714286
74 247 0.5714285714285714
74 282 -1.7857142857142858
75 76 0.9285714285714286
75 308 -2.0
75 315 1.7857142857142858
75 352 -0.9285714285714286
76 77 1.7857142857142858
76 379 -1.7857142857142858
76 408 0.5714285714285714
76 416 2.0
77 78 -1.3571428571428572
77 444 0.9285714285714286
77 470 -0.9285714285714286
78 79 1.7857142857142858
78 505 -1.3571428571428572
78 515 -1.7857142857142858
78 543 -1.3571428571428572
78 552 1.3571428571428572
79 80 1.3571428571428572
79 579 -1.3571428571428572
79 587 2.0
79 614 1.7857142857142858
79 624 1.7857142857142858
80 652 -0.9285714285714286
80 660 -2.0
80 686 -1.3571428571428572
80 694 -0.5714285714285714
81 82 -2.0
81 91 0.5714285714285714
81 126 2.0
81 135 0.9285714285714286
81 160 -2.0
81 166 -1.7857142857142858
82 83 -2.0
82 91 -1.7857142857142858
82 92 -2.0
82 195 0.5714285714285714
82 222 1.7857142857142858
83 84 2.0
83 92 -1.3571428571428572
83 93 -1.3571428571428572
83 249 0.9285714285714286
83 257 2.0
83 284 1.3571428571428572
84 85 -0.5714285714285714
84 93 -1.3571428571428572
84 94 2.0
84 317 1.3571428571428572
84 354 -0.5714285714285714
85 86 1.7857142857142858
85 94 -0.5714285714285714
85 388 -1.7857142857142858
85 424 1.7857142857142858
86 87 1.3571428571428572
86 95 -2.0
86 446 -2.0
86 452 -1.7857142857142858
86 480 0.9285714285714286
86 488 -1.3571428571428572
87 88 -0.9285714285714286
87 95 0.5714285714285714
87 525 0.9285714285714286
87 554 1.3571428571428572
87 561 0.9285714285714286
88 89 1.7857142857142858
88 96 -1.3571428571428572
88 588 -1.3571428571428572
88 595 -0.5714285714285714
88 625 -0.9285714285714286
88 634 1.3571428571428572
89 90 1.3571428571428572
89 96 0.9285714285714286
89 97 0.5714285714285714
89 669 -2.0
90 97 1.7857142857142858
91 92 1.3571428571428572
91 160 1.7857142857142858
91 166 1.7857142857142858
91 195 -1.3571428571428572
92 93 0.5714285714285714
92 222 -2.0
92 249 -0.9285714285714286
92 257 -1.7857142857142858
93 94 -1.3571428571428572
93 284 -1.3571428571428572
93 317 -0.5714285714285714
94 354 -0.5714285714285714
94 388 0.5714285714285714
95 480 0.9285714285714286
95 488 1.7857142857142858
95 525 -1.3571428571428572
96 97 1.7857142857142858
96 625 1.7857142857142858
96 634 -0.5714285714285714
96 669 -1.7857142857142858
98 105 -0.9285714285714286
99 100 2.0
99 106 0.9285714285714286
99 107 -2.0
99 158 -0.5714285714285714
99 187 -1.3571428571428572
100 101 -1.7857142857142858
100 107 1.3571428571428572
100 108 0.5714285714285714
100 247 1.7857142857142858
101 102 -1.7857142857142858
101 108 -0.5714285714285714
101 109 1.7857142857142858
101 282 -1.3571428571428572
101 315 0.5714285714285714
102 109 -0.5714285714285714
102 352 -1.3571428571428572
102 387 -0.9285714285714286
103 104 1.3571428571428572
103 110 -1.3571428571428572
103 515 1.3571428571428572
104 110 1.3571428571428572
104 552 -1.3571428571428572
104 587 1.3571428571428572
105 106 -0.5714285714285714
106 107 -2.0
106 124 -1.3571428571428572
107 108 0.5714285714285714
107 187 -0.5714285714285714
108 109 2.0
108 247 -0.5714285714285714
108 282 -1.7857142857142858
109 315 -2.0
109 352 -1.7857142857142858
110 515 -2.0
110 552 0.5714285714285714
111 660 -1.7857142857142858
111 694 0.9285714285714286
112 113 -0.9285714285714286
112 126 -1.3571428571428572
112 136 -0.9285714285714286
112 160 1.7857142857142858
112 167 -1.3571428571428572
113 114 -1.7857142857142858
113 196 -0.5714285714285714
113 223 1.3571428571428572
114 120 0.9285714285714286
114 249 -1.3571428571428572
114 258 0.9285714285714286
114 284 2.0
114 291 2.0
115 116 -0.5714285714285714
115 121 -0.5714285714285714
115 446 -0.9285714285714286
115 453 0.5714285714285714
115 480 0.5714285714285714
115 489 1.7857142857142858
116 117 0.9285714285714286
116 526 -2.0
116 554 0.5714285714285714
116 562 2.0
117 118 -0.5714285714285714
117 122 1.3571428571428572
117 588 -1.7857142857142858
117 596 2.0
117 625 -2.0
117 635 -0.5714285714285714
118 119 -2.0
118 122 0.5714285714285714
118 123 -2.0
119 123 0.5714285714285714
119 124 -0.5714285714285714
120 284 1.7857142857142858
120 317 0.5714285714285714
120 326 0.5714285714285714
121 480 -2.0
121 489 -0.5714285714285714
121 526 1.7857142857142858
122 123 -1.7857142857142858
122 625 1.7857142857142858
122 635 -1.3571428571428572
123 124 -1.3571428571428572
125 126 -2.0
125 135 1.7857142857142858
126 127 0.5714285714285714
126 136 1.3571428571428572
127 136 1.7857142857142858
127 137 -1.3571428571428572
127 144 -1.3571428571428572
127 175 -1.7857142857142858
128 129 -0.9285714285714286
128 137 -0.9285714285714286
128 138 1.3571428571428572
128 231 1.3571428571428572
129 130 -1.7857142857142858
129 138 -1.7857142857142858
129 139 2.0
129 266 1.7857142857142858
129 300 -1.7857142857142858
130 131 2.0
130 139 -0.5714285714285714
130 140 1.7857142857142858
130 370 2.0
131 132 -0.5714285714285714
131 140 -1.3571428571428572
131 141 0.5714285714285714
131 400 0.9285714285714286
131 430 -1.3571428571428572
132 133 -0.9285714285714286
132 141 1.3571428571428572
132 462 1.7857142857142858
132 496 -0.5714285714285714
133 134 0.9285714285714286
133 142 -1.3571428571428572
133 535 -0.5714285714285714
133 571 -2.0
134 142 0.9285714285714286
134 143 2.0
134 605 -0.5714285714285714
134 643 1.7857142857142858
135 136 -0.9285714285714286
136 137 -2.0
136 144 0.9285714285714286
137 138 0.5714285714285714
137 175 1.7857142857142858
138 139 -0.9285714285714286
138 231 1.7857142857142858
139 140 -2.0
139 300 -1.3571428571428572
140 141 -0.5714285714285714
140 370 -1.7857142857142858
140 400 -0.5714285714285714
141 430 1.7857142857142858
141 462 2.0
142 143 -1.3571428571428572
142 571 2.0
142 605 0.9285714285714286
143 643 -0.9285714285714286
143 678 -2.0
144 145 1.7857142857142858
144 152 1.3571428571428572
144 161 0.9285714285714286
144 167 -2.0
145 146 -2.0
145 152 -0.9285714285714286
145 153 1.3571428571428572
145 196 0.5714285714285714
145 217 -1.7857142857142858
145 223 -1.7857142857142858
146 153 0.9285714285714286
146 154 -1.3571428571428572
146 250 -1.3571428571428572
146 258 0.9285714285714286
146 285 -1.3571428571428572
146 291 1.7857142857142858
147 154 -0.5714285714285714
147 155 -1.3571428571428572
147 318 -1.7857142857142858
147 326 -1.3571428571428572
147 355 0.5714285714285714
147 363 1.7857142857142858
148 149 0.9285714285714286
148 453 -0.5714285714285714
148 481 0.9285714285714286
148 489 2.0
149 150 -1.7857142857142858
149 156 -0.5714285714285714
149 517 -0.5714285714285714
149 526 1.7857142857142858
149 562 -1.7857142857142858
150 151 -2.0
150 156 0.9285714285714286
150 589 0.5714285714285714
150 596 0.9285714285714286
150 626 2.0
150 635 1.7857142857142858
151 157 0.5714285714285714
151 662 -1.3571428571428572
152 153 0.9285714285714286
152 161 0.9285714285714286
152 167 1.3571428571428572
152 196 -1.3571428571428572
153 154 -0.5714285714285714
153 217 0.5714285714285714
153 223 -0.5714285714285714
153 250 -0.5714285714285714
153 258 -0.9285714285714286
154 155 0.9285714285714286
154 285 2.0
154 291 1.7857142857142858
154 318 1.7857142857142858
154 326 -2.0
155 355 2.0
155 363 0.9285714285714286
156 562 -1.3571428571428572
156 589 1.7857142857142858
156 596 1.3571428571428572
157 158 -0.9285714285714286
159 160 1.7857142857142858
159 166 0.9285714285714286
160 161 -0.9285714285714286
160 166 -0.5714285714285714
160 167 0.5714285714285714
161 167 -0.9285714285714286
161 168 1.7857142857142858
161 175 2.0
161 181 0.9285714285714286
162 168 -0.5714285714285714
162 169 -1.3571428571428572
162 231 -2.0
162 239 1.7857142857142858
163 164 -1.7857142857142858
163 172 -1.3571428571428572
163 462 1.3571428571428572
163 471 -1.7857142857142858
163 496 1.3571428571428572
163 506 0.5714285714285714
164 165 0.5714285714285714
164 173 2.0
164 535 0.5714285714285714
164 544 -0.5714285714285714
164 571 0.5714285714285714
165 173 -0.9285714285714286
165 174 0.9285714285714286
165 605 2.0
165 615 1.3571428571428572
165 643 1.3571428571428572
165 653 0.9285714285714286
166 167 -0.5714285714285714
167 168 2.0
168 169 1.7857142857142858
168 175 2.0
168 181 0.5714285714285714
169 170 0.9285714285714286
169 231 1.7857142857142858
169 239 2.0
169 274 1.3571428571428572
170 171 1.7857142857142858
170 300 0.9285714285714286
170 309 2.0
171 172 2.0
171 370 1.7857142857142858
171 380 2.0
171 400 -1.3571428571428572
171 409 -2.0
172 430 0.5714285714285714
172 462 -0.9285714285714286
172 471 -1.3571428571428572
173 174 -1.3571428571428572
173 571 -1.3571428571428572
173 605 0.9285714285714286
173 615 2.0
174 643 -1.3571428571428572
174 653 1.7857142857142858
174 678 -0.9285714285714286
175 176 -0.9285714285714286
175 181 0.5714285714285714
176 181 0.9285714285714286
176 182 0.5714285714285714
176 197 -1.7857142857142858
176 217 2.0
176 224 1.7857142857142858
177 184 1.7857142857142858
177 454 -1.7857142857142858
177 481 -0.5714285714285714
177 490 -0.5714285714285714
178 179 0.5714285714285714
178 185 -1.7857142857142858
178 589 -0.5714285714285714
178 597 -1.3571428571428572
178 626 0.9285714285714286
178 636 -1.3571428571428572
179 180 0.9285714285714286
179 185 1.7857142857142858
179 186 -1.3571428571428572
179 662 -1.7857142857142858
179 670 0.9285714285714286
180 186 2.0
180 187 2.0
181 182 0.9285714285714286
181 197 2.0
182 217 -1.3571428571428572
182 224 -1.3571428571428572
182 250 0.9285714285714286
182 259 -1.7857142857142858
183 355 -0.9285714285714286
184 481 0.9285714285714286
184 490 -1.3571428571428572
184 517 1.7857142857142858
184 527 -2.0
185 186 -1.7857142857142858
185 626 -1.7857142857142858
185 636 1.3571428571428572
185 662 0.9285714285714286
185 670 -0.5714285714285714
186 187 -1.7857142857142858
188 195 -0.5714285714285714
189 190 -2.0
189 197 1.3571428571428572
189 202 1.7857142857142858
189 232 1.3571428571428572
189 239 -2.0
190 191 0.5714285714285714
190 198 1.3571428571428572
190 274 -1.3571428571428572
190 309 -1.3571428571428572
191 192 -0.9285714285714286
191 199 0.9285714285714286
191 335 0.5714285714285714
191 371 -0.9285714285714286
191 380 0.9285714285714286
192 193 -0.5714285714285714
192 199 -1.7857142857142858
192 401 -1.3571428571428572
192 409 -1.3571428571428572
192 431 1.7857142857142858
193 463 -2.0
193 471 -1.7857142857142858
193 497 0.9285714285714286
193 506 -2.0
194 200 -1.3571428571428572
194 201 1.3571428571428572
194 606 -0.9285714285714286
194 644 -2.0
194 653 1.7857142857142858
195 196 0.9285714285714286
196 197 1.3571428571428572
197 198 1.7857142857142858
197 202 1.7857142857142858
198 232 -1.7857142857142858
198 239 0.5714285714285714
198 274 -0.5714285714285714
199 371 -1.3571428571428572
199 380 1.3571428571428572
199 401 1.7857142857142858
199 409 -1.7857142857142858
200 201 -2.0
200 606 -0.5714285714285714
200 615 0.9285714285714286
201 644 1.7857142857142858
201 653 -0.5714285714285714
202 203 -0.5714285714285714
202 210 2.0
202 218 0.5714285714285714
202 224 -1.7857142857142858
203 204 1.7857142857142858
203 210 -0.5714285714285714
203 211 2.0
203 251 0.9285714285714286
203 259 0.9285714285714286
203 286 0.5714285714285714
203 292 -2.0
204 205 -0.9285714285714286
204 211 0.9285714285714286
204 212 1.7857142857142858
204 319 0.9285714285714286
204 327 -2.0
204 356 0.5714285714285714
205 206 -0.9285714285714286
205 212 -1.3571428571428572
205 389 -0.5714285714285714
205 417 -1.3571428571428572
206 213 0.9285714285714286
206 447 2.0
206 454 -1.3571428571428572
207 208 0.9285714285714286
207 214 0.9285714285714286
207 590 0.5714285714285714
207 597 0.9285714285714286
207 627 -1.3571428571428572
207 636 -1.7857142857142858
208 209 1.7857142857142858
208 214 -0.9285714285714286
208 215 1.3571428571428572
208 663 1.7857142857142858
208 670 -1.3571428571428572
209 215 -1.3571428571428572
210 211 -2.0
210 218 1.3571428571428572
210 224 2.0
210 259 -0.5714285714285714
211 212 -1.3571428571428572
211 286 1.3571428571428572
211 292 1.7857142857142858
211 319 -1.7857142857142858
212 356 -0.9285714285714286
212 389 0.5714285714285714
213 482 1.3571428571428572
213 490 0.9285714285714286
213 527 0.9285714285714286
214 215 -1.7857142857142858
214 627 0.5714285714285714
214 636 2.0
214 663 2.0
214 670 -0.5714285714285714
216 222 2.0
217 218 -1.3571428571428572
217 223 -0.9285714285714286
217 224 -0.9285714285714286
218 224 -2.0
218 225 -0.9285714285714286
218 232 1.3571428571428572
218 240 1.7857142857142858
219 225 1.7857142857142858
219 226 0.9285714285714286
219 301 -1.7857142857142858
219 310 -2.0
220 227 -0.9285714285714286
220 228 -2.0
220 401 0.9285714285714286
220 410 -1.3571428571428572
220 431 1.3571428571428572
221 230 0.9285714285714286
221 606 -1.7857142857142858
221 616 0.9285714285714286
221 644 1.3571428571428572
221 654 2.0
222 223 2.0
223 224 -1.3571428571428572
224 225 -1.3571428571428572
225 226 0.5714285714285714
225 232 -0.5714285714285714
225 240 -0.9285714285714286
225 275 0.9285714285714286
226 227 -1.3571428571428572
226 301 -1.7857142857142858
226 310 -1.7857142857142858
226 335 1.3571428571428572
226 344 -0.9285714285714286
227 228 0.9285714285714286
227 371 -0.9285714285714286
227 381 -0.5714285714285714
227 401 -1.3571428571428572
227 410 -1.7857142857142858
228 229 2.0
228 431 -2.0
228 463 -1.3571428571428572
228 472 0.9285714285714286
229 497 -0.9285714285714286
229 507 -2.0
229 536 -1.7857142857142858
229 545 -0.5714285714285714
230 644 1.7857142857142858
231 232 2.0
231 239 1.7857142857142858
232 233 0.9285714285714286
232 239 -1.3571428571428572
232 240 2.0
233 234 -1.7857142857142858
233 240 -2.0
233 241 2.0
233 251 1.7857142857142858
233 260 -2.0
233 286 -0.5714285714285714
233 293 -1.7857142857142858
234 235 1.7857142857142858
234 241 -1.3571428571428572
234 242 0.9285714285714286
234 319 0.9285714285714286
234 328 -0.5714285714285714
234 356 1.7857142857142858
234 364 1.7857142857142858
235 236 -0.5714285714285714
235 242 -1.3571428571428572
235 243 -0.5714285714285714
235 389 1.7857142857142858
235 394 -0.5714285714285714
235 417 0.5714285714285714
235 425 1.3571428571428572
236 237 -2.0
236 243 0.5714285714285714
236 244 0.5714285714285714
236 455 0.5714285714285714
236 482 -0.5714285714285714
236 491 -1.3571428571428572
237 238 -0.5714285714285714
237 518 -1.3571428571428572
237 528 2.0
237 555 0.9285714285714286
237 564 1.7857142857142858
238 245 0.9285714285714286
238 590 2.0
238 598 -0.5714285714285714
238 627 -0.9285714285714286
238 637 1.7857142857142858
239 240 -1.7857142857142858
240 241 0.9285714285714286
240 251 -0.5714285714285714
240 260 0.5714285714285714
241 242 0.9285714285714286
241 286 -0.9285714285714286
241 293 -0.9285714285714286
241 319 2.0
241 328 -0.5714285714285714
242 243 1.3571428571428572
242 356 1.3571428571428572
242 364 1.7857142857142858
242 389 -1.3571428571428572
242 394 -1.7857142857142858
243 244 -1.3571428571428572
243 417 -0.5714285714285714
243 425 -0.5714285714285714
243 447 -0.5714285714285714
243 455 -0.9285714285714286
244 482 -0.9285714285714286
244 491 1.7857142857142858
245 246 2.0
245 627 -1.7857142857142858
245 637 -1.7857142857142858
245 663 0.9285714285714286
245 671 -0.5714285714285714
246 247 -1.3571428571428572
248 249 1.7857142857142858
248 257 -0.9285714285714286
249 250 -0.9285714285714286
249 257 -1.3571428571428572
249 258 -1.3571428571428572
250 251 0.9285714285714286
250 258 -1.3571428571428572
250 259 2.0
251 252 -0.5714285714285714
251 259 1.3571428571428572
251 260 -2.0
252 253 1.3571428571428572
252 260 0.9285714285714286
252 261 2.0
252 267 -2.0
252 275 0.9285714285714286
252 302 -0.9285714285714286
252 310 0.5714285714285714
253 261 2.0
253 262 -2.0
253 336 0.5714285714285714
253 344 -0.9285714285714286
253 372 1.7857142857142858
253 381 0.9285714285714286
254 255 -2.0
254 263 2.0
254 264 -0.5714285714285714
254 464 1.3571428571428572
254 472 1.3571428571428572
254 498 2.0
254 507 -0.5714285714285714
255 256 -0.9285714285714286
255 264 -0.9285714285714286
255 265 -0.9285714285714286
255 537 -0.9285714285714286
255 545 -0.9285714285714286
255 572 -0.5714285714285714
255 580 0.9285714285714286
256 265 -1.7857142857142858
256 607 0.9285714285714286
256 616 0.9285714285714286
256 645 -1.3571428571428572
256 654 -0.9285714285714286
257 258 -0.9285714285714286
258 259 1.3571428571428572
259 260 1.7857142857142858
260 261 -1.7857142857142858
260 267 -2.0
260 275 -0.9285714285714286
261 262 1.3571428571428572
261 302 -0.9285714285714286
261 310 0.9285714285714286
261 336 -1.7857142857142858
261 344 -1.7857142857142858
262 263 0.5714285714285714
262 372 -1.3571428571428572
262 381 0.9285714285714286
262 402 -1.7857142857142858
262 410 1.3571428571428572
263 264 -1.7857142857142858
263 432 -1.3571428571428572
263 464 -0.9285714285714286
263 472 1.3571428571428572
264 265 0.5714285714285714
264 498 0.9285714285714286
264 507 1.3571428571428572
264 537 0.5714285714285714
264 545 -1.3571428571428572
265 572 1.3571428571428572
265 580 -1.7857142857142858
265 607 1.3571428571428572
265 616 2.0
266 274 1.3571428571428572
267 268 1.7857142857142858
267 275 1.7857142857142858
267 276 1.7857142857142858
267 293 2.0
268 269 -0.9285714285714286
268 276 1.7857142857142858
268 277 -0.5714285714285714
268 320 -2.0
268 328 2.0
268 357 -0.5714285714285714
268 364 -1.3571428571428572
269 270 0.9285714285714286
269 277 -1.3571428571428572
269 390 -1.3571428571428572
269 394 -2.0
269 418 0.9285714285714286
269 425 1.3571428571428572
270 271 -0.9285714285714286
270 278 1.3571428571428572
270 455 -1.3571428571428572
270 483 -0.5714285714285714
270 491 -1.7857142857142858
271 272 0.5714285714285714
271 278 0.9285714285714286
271 279 2.0
271 519 -1.7857142857142858
271 528 -1.3571428571428572
271 556 0.5714285714285714
271 564 0.9285714285714286
272 273 1.3571428571428572
272 279 -2.0
272 280 2.0
272 598 -2.0
272 628 1.7857142857142858
272 637 1.3571428571428572
273 280 -0.9285714285714286
273 281 1.7857142857142858
273 664 -1.7857142857142858
273 671 -2.0
274 275 -0.5714285714285714
275 276 -2.0
276 287 -0.9285714285714286
276 293 -0.9285714285714286
276 320 -1.3571428571428572
276 328 0.5714285714285714
277 357 -2.0
277 364 1.3571428571428572
277 390 -1.3571428571428572
277 394 1.7857142857142858
278 279 -2.0
278 483 -2.0
278 519 1.3571428571428572
278 528 1.7857142857142858
279 280 -0.9285714285714286
279 556 2.0
279 564 1.3571428571428572
279 598 -2.0
280 281 1.7857142857142858
280 628 -0.5714285714285714
280 637 -2.0
280 664 1.3571428571428572
280 671 -0.5714285714285714
281 282 1.7857142857142858
283 284 1.7857142857142858
284 285 -0.9285714285714286
284 291 0.9285714285714286
285 286 0.5714285714285714
285 291 -0.5714285714285714
285 292 0.5714285714285714
286 287 2.0
286 292 -1.7857142857142858
286 293 2.0
287 288 -1.3571428571428572
287 293 1.7857142857142858
287 294 0.9285714285714286
287 302 -0.9285714285714286
287 311 1.3571428571428572
288 289 0.5714285714285714
288 294 1.3571428571428572
288 295 -2.0
288 336 -2.0
288 345 1.7857142857142858
288 372 1.3571428571428572
288 382 -1.3571428571428572
289 295 -1.3571428571428572
289 296 -2.0
289 402 0.9285714285714286
289 411 2.0
289 432 -2.0
289 438 -1.7857142857142858
290 298 -0.5714285714285714
290 299 1.7857142857142858
290 607 1.7857142857142858
290 617 -2.0
290 645 1.7857142857142858
290 655 -1.3571428571428572
291 292 0.9285714285714286
292 293 -1.3571428571428572
293 294 -2.0
294 295 0.5714285714285714
294 302 -2.0
294 311 -1.7857142857142858
294 336 1.7857142857142858
294 345 -2.0
295 296 1.3571428571428572
295 372 -0.5714285714285714
295 382 -0.5714285714285714
295 411 1.3571428571428572
296 297 -1.7857142857142858
296 432 0.9285714285714286
296 438 2.0
296 464 1.7857142857142858
296 473 1.7857142857142858
297 298 0.9285714285714286
297 498 -1.3571428571428572
297 508 2.0
297 537 0.9285714285714286
298 299 0.9285714285714286
298 572 2.0
298 581 -1.7857142857142858
298 607 0.5714285714285714
298 617 -0.5714285714285714
299 645 -1.3571428571428572
299 655 -2.0
299 679 1.7857142857142858
299 687 1.3571428571428572
300 301 1.3571428571428572
300 309 2.0
301 302 -0.9285714285714286
301 309 1.3571428571428572
301 310 -1.3571428571428572
302 303 2.0
302 310 1.7857142857142858
302 311 1.7857142857142858
303 311 0.5714285714285714
303 312 -2.0
303 320 -1.7857142857142858
303 329 1.3571428571428572
303 357 -0.9285714285714286
304 305 0.9285714285714286
304 312 -1.3571428571428572
304 390 -1.7857142857142858
304 395 -0.5714285714285714
304 418 1.7857142857142858
305 456 -0.5714285714285714
305 483 2.0
305 492 -0.9285714285714286
306 307 -0.5714285714285714
306 313 1.3571428571428572
306 314 -0.9285714285714286
306 599 1.3571428571428572
306 628 -1.7857142857142858
306 638 1.3571428571428572
307 308 -0.9285714285714286
307 314 0.5714285714285714
307 664 1.3571428571428572
307 672 0.5714285714285714
308 315 -2.0
309 310 0.9285714285714286
310 311 2.0
311 312 -0.9285714285714286
311 320 1.3571428571428572
311 329 -0.9285714285714286
312 357 0.5714285714285714
312 390 -2.0
312 395 1.7857142857142858
313 314 0.5714285714285714
313 556 -1.3571428571428572
313 565 1.7857142857142858
313 599 -1.3571428571428572
314 628 -1.7857142857142858
314 638 -1.7857142857142858
314 664 2.0
314 672 0.9285714285714286
316 317 1.3571428571428572
317 318 2.0
317 326 1.3571428571428572
318 319 1.7857142857142858
318 326 -0.5714285714285714
318 327 0.5714285714285714
319 320 -0.9285714285714286
319 327 -1.3571428571428572
319 328 -0.5714285714285714
320 321 -2.0
320 328 1.7857142857142858
320 329 2.0
321 322 -1.7857142857142858
321 329 2.0
321 330 0.5714285714285714
321 337 0.9285714285714286
321 345 1.3571428571428572
321 373 -0.5714285714285714
321 382 1.7857142857142858
322 323 2.0
322 330 -2.0
322 331 1.3571428571428572
322 403 2.0
322 411 -1.3571428571428572
322 433 -0.9285714285714286
322 438 1.3571428571428572
323 324 0.9285714285714286
323 331 0.9285714285714286
323 332 0.9285714285714286
323 473 1.7857142857142858
323 499 -2.0
323 508 -1.3571428571428572
324 325 -1.7857142857142858
324 332 -0.5714285714285714
324 333 0.5714285714285714
324 538 -0.9285714285714286
324 573 -0.9285714285714286
324 581 -0.9285714285714286
325 333 0.9285714285714286
325 334 -0.9285714285714286
325 608 -0.9285714285714286
325 617 1.3571428571428572
325 646 0.5714285714285714
325 655 -2.0
326 327 -1.7857142857142858
327 328 2.0
328 329 -1.7857142857142858
329 330 -1.7857142857142858
329 337 -2.0
329 345 -1.7857142857142858
330 331 -0.5714285714285714
330 373 2.0
330 382 -0.5714285714285714
330 403 1.7857142857142858
330 411 1.7857142857142858
331 332 0.5714285714285714
331 433 0.9285714285714286
331 438 -1.3571428571428572
331 473 -0.5714285714285714
332 333 0.9285714285714286
332 499 -1.7857142857142858
332 508 -2.0
332 538 -1.3571428571428572
333 334 2.0
333 573 -1.3571428571428572
333 581 1.7857142857142858
333 608 0.5714285714285714
333 617 1.7857142857142858
334 646 -0.9285714285714286
334 655 2.0
334 680 -0.9285714285714286
334 687 2.0
335 336 1.7857142857142858
335 344 -0.5714285714285714
336 337 -0.9285714285714286
336 345 -0.5714285714285714
337 338 -0.5714285714285714
337 345 -0.9285714285714286
337 346 1.3571428571428572
337 358 0.5714285714285714
338 339 -2.0
338 346 0.5714285714285714
338 347 0.9285714285714286
338 391 2.0
338 395 -1.7857142857142858
338 419 -0.5714285714285714
339 340 0.5714285714285714
339 347 -2.0
339 348 1.7857142857142858
339 456 -0.9285714285714286
339 484 1.3571428571428572
339 492 1.7857142857142858
340 341 2.0
340 348 0.5714285714285714
340 349 0.9285714285714286
340 520 2.0
340 529 2.0
340 557 -0.9285714285714286
340 565 -1.3571428571428572
341 342 2.0
341 350 -1.7857142857142858
341 591 0.5714285714285714
341 629 -1.7857142857142858
341 638 -1.7857142857142858
342 343 1.7857142857142858
342 350 -1.7857142857142858
342 351 -0.9285714285714286
342 665 1.7857142857142858
342 672 -0.9285714285714286
343 351 2.0
343 352 -2.0
344 345 -1.3571428571428572
345 346 0.5714285714285714
346 347 2.0
346 391 -0.5714285714285714
346 395 0.5714285714285714
347 348 -1.7857142857142858
347 419 -0.9285714285714286
347 456 -1.7857142857142858
348 349 -1.7857142857142858
348 484 -1.7857142857142858
348 492 1.7857142857142858
348 520 -0.5714285714285714
348 529 -1.3571428571428572
349 350 0.9285714285714286
349 557 -0.9285714285714286
349 565 0.5714285714285714
349 591 0.9285714285714286
349 599 -1.7857142857142858
350 351 1.3571428571428572
350 629 -1.3571428571428572
350 638 -0.9285714285714286
350 665 2.0
350 672 1.3571428571428572
351 352 1.3571428571428572
353 354 -0.9285714285714286
354 355 -1.3571428571428572
354 363 -1.7857142857142858
355 356 -0.9285714285714286
355 363 -0.5714285714285714
356 357 -1.7857142857142858
356 364 -2.0
357 358 0.9285714285714286
357 364 -1.7857142857142858
358 359 -0.5714285714285714
358 365 1.3571428571428572
359 360 1.3571428571428572
359 365 1.3571428571428572
359 366 -1.7857142857142858
359 403 -1.3571428571428572
359 412 0.9285714285714286
359 433 -2.0
359 439 -1.3571428571428572
360 361 2.0
360 366 0.5714285714285714
360 367 -1.7857142857142858
360 474 -0.9285714285714286
360 499 1.3571428571428572
360 509 -1.3571428571428572
361 362 1.3571428571428572
361 367 -1.7857142857142858
361 368 0.5714285714285714
361 538 -0.9285714285714286
361 546 0.5714285714285714
361 573 2.0
361 582 0.9285714285714286
362 368 -2.0
362 369 -0.5714285714285714
362 608 -0.5714285714285714
362 618 1.7857142857142858
362 646 2.0
362 656 -1.3571428571428572
365 366 -1.7857142857142858
365 373 -2.0
365 412 -0.5714285714285714
366 367 -2.0
366 474 -1.3571428571428572
367 368 1.3571428571428572
367 499 1.3571428571428572
367 509 0.5714285714285714
367 538 1.3571428571428572
367 546 -1.7857142857142858
368 369 -2.0
368 573 2.0
368 582 0.5714285714285714
368 608 -1.7857142857142858
368 618 0.9285714285714286
369 646 2.0
369 656 -1.7857142857142858
369 680 -0.9285714285714286
369 688 -0.9285714285714286
370 380 0.9285714285714286
371 372 -1.3571428571428572
371 380 1.7857142857142858
371 381 -0.9285714285714286
372 373 -2.0
372 381 0.9285714285714286
372 382 2.0
373 374 0.5714285714285714
373 382 -0.9285714285714286
374 375 0.9285714285714286
374 383 -0.5714285714285714
374 391 1.3571428571428572
374 396 -0.9285714285714286
374 419 1.3571428571428572
374 426 1.7857142857142858
375 376 -1.7857142857142858
375 383 2.0
375 384 -2.0
375 457 -1.3571428571428572
375 484 0.9285714285714286
376 377 -0.5714285714285714
376 384 -1.3571428571428572
376 385 -1.3571428571428572
376 520 -1.7857142857142858
376 530 1.3571428571428572
376 557 0.5714285714285714
376 566 -0.9285714285714286
377 378 0.5714285714285714
377 385 -1.7857142857142858
377 386 1.3571428571428572
377 591 -1.3571428571428572
377 600 -1.7857142857142858
377 629 -1.3571428571428572
377 639 -0.5714285714285714
378 379 0.9285714285714286
378 386 1.7857142857142858
378 665 0.5714285714285714
378 673 -1.7857142857142858
379 387 -1.3571428571428572
380 381 0.9285714285714286
381 382 -0.5714285714285714
383 384 -0.9285714285714286
383 419 -1.7857142857142858
383 426 0.5714285714285714
383 457 0.5714285714285714
384 385 -0.5714285714285714
384 484 -2.0
384 520 -1.3571428571428572
384 530 -1.7857142857142858
385 386 2.0
385 557 1.3571428571428572
385 566 1.7857142857142858
385 591 0.9285714285714286
385 600 -2.0
386 629 2.0
386 639 1.7857142857142858
386 665 0.5714285714285714
386 673 0.9285714285714286
389 390 1.7857142857142858
389 394 -0.5714285714285714
390 391 1.3571428571428572
390 394 -0.9285714285714286
390 395 -0.9285714285714286
391 395 -1.3571428571428572
391 396 -1.7857142857142858
392 393 2.0
392 397 -1.3571428571428572
392 398 -1.3571428571428572
392 465 -2.0
392 474 0.5714285714285714
392 500 -0.9285714285714286
392 509 -0.9285714285714286
393 398 -0.9285714285714286
393 539 0.5714285714285714
393 546 -2.0
393 574 -1.3571428571428572
393 582 -1.3571428571428572
394 395 0.5714285714285714
395 396 -2.0
396 397 -2.0
396 412 -1.3571428571428572
397 398 -0.9285714285714286
397 439 -2.0
397 465 0.5714285714285714
397 474 -1.3571428571428572
398 500 1.7857142857142858
398 509 1.7857142857142858
398 539 -0.9285714285714286
398 546 -1.3571428571428572
399 647 -1.7857142857142858
399 656 -1.3571428571428572
399 681 1.3571428571428572
400 401 0.5714285714285714
400 409 2.0
401 402 1.7857142857142858
401 409 -0.5714285714285714
401 410 -0.5714285714285714
402 403 1.3571428571428572
402 410 -0.5714285714285714
402 411 1.7857142857142858
403 411 -1.7857142857142858
403 412 -0.5714285714285714
404 413 1.7857142857142858
404 414 -1.3571428571428572
404 448 -1.7857142857142858
404 457 2.0
405 406 1.7857142857142858
405 414 1.3571428571428572
405 521 -0.9285714285714286
405 530 2.0
405 558 0.9285714285714286
405 566 -2.0
406 407 1.7857142857142858
406 592 0.9285714285714286
406 600 0.9285714285714286
406 639 -2.0
407 408 -0.9285714285714286
407 415 -1.3571428571428572
407 666 -1.7857142857142858
407 673 -2.0
408 415 -1.7857142857142858
408 416 1.7857142857142858
409 410 0.9285714285714286
411 412 0.5714285714285714
412 413 1.3571428571428572
413 414 -0.5714285714285714
413 420 -0.5714285714285714
413 426 1.3571428571428572
413 448 -1.3571428571428572
413 457 -1.3571428571428572
414 521 0.5714285714285714
414 530 -1.3571428571428572
415 416 0.5714285714285714
417 418 -0.5714285714285714
417 425 1.3571428571428572
418 419 0.9285714285714286
418 425 -1.7857142857142858
419 420 1.3571428571428572
419 426 2.0
420 421 1.7857142857142858
420 426 -0.5714285714285714
420 427 2.0
420 440 -1.3571428571428572
421 422 -0.9285714285714286
421 427 -0.5714285714285714
421 428 1.3571428571428572
421 465 0.9285714285714286
421 475 1.3571428571428572
421 500 0.5714285714285714
421 510 2.0
422 423 1.7857142857142858
422 428 -2.0
422 429 -0.9285714285714286
422 539 2.0
422 547 -0.5714285714285714
422 574 -1.7857142857142858
422 583 1.7857142857142858
423 429 1.7857142857142858
423 609 -1.7857142857142858
423 619 0.9285714285714286
423 647 -1.3571428571428572
423 657 2.0
426 427 -1.7857142857142858
427 428 -1.3571428571428572
427 440 0.9285714285714286
427 465 0.9285714285714286
427 475 -0.5714285714285714
428 429 -0.9285714285714286
428 500 -0.5714285714285714
428 539 -0.5714285714285714
428 547 -1.7857142857142858
429 574 -0.9285714285714286
429 583 -1.7857142857142858
429 619 -2.0
430 431 0.5714285714285714
431 432 1.3571428571428572
432 433 -0.9285714285714286
432 438 -1.7857142857142858
433 438 -1.7857142857142858
433 439 -0.5714285714285714
434 435 0.9285714285714286
434 440 -0.9285714285714286
434 441 1.7857142857142858
434 448 -0.9285714285714286
434 458 -0.9285714285714286
435 436 2.0
435 441 1.7857142857142858
435 521 0.5714285714285714
435 531 1.7857142857142858
435 558 1.7857142857142858
435 567 2.0
436 437 1.7857142857142858
436 442 0.5714285714285714
436 443 -1.3571428571428572
436 592 2.0
436 601 0.9285714285714286
436 630 -1.7857142857142858
436 640 0.5714285714285714
437 666 -1.3571428571428572
437 674 2.0
438 439 1.7857142857142858
439 440 1.7857142857142858
440 441 -2.0
440 448 -0.9285714285714286
440 458 2.0
441 442 -0.5714285714285714
441 521 0.5714285714285714
442 443 1.7857142857142858
442 558 -0.5714285714285714
442 592 1.7857142857142858
442 601 -2.0
443 630 1.7857142857142858
443 666 0.9285714285714286
443 674 2.0
445 446 -0.5714285714285714
445 452 -1.7857142857142858
446 452 -1.7857142857142858
446 453 0.9285714285714286
447 454 1.3571428571428572
447 455 1.3571428571428572
448 449 -1.7857142857142858
448 457 -0.9285714285714286
448 458 -0.5714285714285714
449 450 0.5714285714285714
449 458 -0.5714285714285714
449 459 -2.0
449 466 -0.9285714285714286
449 475 0.5714285714285714
449 501 -2.0
449 510 0.9285714285714286
450 451 -1.3571428571428572
450 459 -0.9285714285714286
450 460 -1.3571428571428572
450 547 -1.7857142857142858
450 575 -2.0
450 583 -1.7857142857142858
451 460 2.0
451 461 0.9285714285714286
451 610 1.7857142857142858
451 619 0.5714285714285714
451 648 -0.9285714285714286
451 657 0.5714285714285714
452 453 -0.9285714285714286
453 454 -2.0
454 455 1.7857142857142858
455 456 -1.7857142857142858
456 457 2.0
457 458 0.9285714285714286
458 459 -1.7857142857142858
458 466 -0.5714285714285714
458 475 1.3571428571428572
459 460 -0.9285714285714286
459 501 2.0
459 510 -0.9285714285714286
459 540 1.7857142857142858
459 547 -2.0
460 461 0.9285714285714286
460 575 1.3571428571428572
460 583 -1.7857142857142858
460 610 1.7857142857142858
460 619 -0.5714285714285714
461 648 -1.3571428571428572
461 657 2.0
461 682 1.7857142857142858
461 689 -1.3571428571428572
462 463 1.3571428571428572
462 471 0.5714285714285714
463 464 2.0
463 471 -0.5714285714285714
463 472 -0.9285714285714286
464 472 -1.3571428571428572
464 473 0.5714285714285714
465 466 0.5714285714285714
465 474 -1.7857142857142858
465 475 2.0
466 467 -0.5714285714285714
466 475 0.9285714285714286
466 476 0.5714285714285714
466 485 1.7857142857142858
467 468 -0.9285714285714286
467 476 1.3571428571428572
467 477 0.9285714285714286
467 531 0.9285714285714286
467 559 -1.7857142857142858
467 567 -1.3571428571428572
468 469 -1.3571428571428572
468 478 -1.7857142857142858
468 593 -1.7857142857142858
468 601 1.7857142857142858
468 631 -1.7857142857142858
468 640 0.9285714285714286
469 470 0.9285714285714286
469 478 0.9285714285714286
469 667 2.0
469 674 0.5714285714285714
471 472 -0.9285714285714286
472 473 -1.3571428571428572
473 474 -2.0
474 475 0.5714285714285714
475 476 -1.3571428571428572
476 477 0.5714285714285714
476 522 1.3571428571428572
476 531 -1.3571428571428572
477 478 2.0
477 559 0.5714285714285714
477 567 0.5714285714285714
477 593 1.7857142857142858
477 601 2.0
478 631 -1.3571428571428572
478 640 -2.0
478 667 1.3571428571428572
478 674 -1.3571428571428572
479 480 -1.3571428571428572
479 488 -0.9285714285714286
480 481 -1.7857142857142858
480 488 -2.0
480 489 -0.9285714285714286
481 482 -2.0
481 489 -1.7857142857142858
481 490 -1.3571428571428572
482 483 1.3571428571428572
482 490 -1.7857142857142858
482 491 -1.7857142857142858
483 484 1.7857142857142858
483 491 2.0
483 492 -0.5714285714285714
484 492 -0.5714285714285714
485 486 1.7857142857142858
485 493 1.7857142857142858
485 501 -0.9285714285714286
485 511 -1.7857142857142858
486 487 2.0
486 493 -2.0
486 494 -1.3571428571428572
486 540 -0.5714285714285714
486 548 0.9285714285714286
486 575 0.5714285714285714
486 584 -0.9285714285714286
487 494 1.3571428571428572
487 495 -1.3571428571428572
487 610 -1.7857142857142858
487 620 0.9285714285714286
487 648 1.3571428571428572
488 489 0.5714285714285714
489 490 -0.9285714285714286
490 491 -1.7857142857142858
491 492 -0.9285714285714286
493 494 0.5714285714285714
493 501 -1.3571428571428572
493 511 -0.9285714285714286
493 540 2.0
493 548 -1.3571428571428572
494 495 -0.9285714285714286
494 575 -1.7857142857142858
494 584 2.0
494 610 0.9285714285714286
494 620 1.7857142857142858
495 648 -1.7857142857142858
495 682 -0.5714285714285714
495 690 1.7857142857142858
496 497 1.3571428571428572
496 506 -1.7857142857142858
497 498 -0.9285714285714286
497 506 2.0
497 507 2.0
498 499 -0.9285714285714286
498 507 0.5714285714285714
498 508 -1.7857142857142858
499 500 -1.7857142857142858
499 508 1.7857142857142858
499 509 0.9285714285714286
500 501 -1.3571428571428572
500 509 -1.7857142857142858
500 510 -1.7857142857142858
501 502 1.3571428571428572
501 510 -0.9285714285714286
501 511 0.5714285714285714
502 503 0.9285714285714286
502 512 2.0
502 522 1.7857142857142858
502 559 -0.9285714285714286
503 504 2.0
503 512 0.9285714285714286
503 513 -1.7857142857142858
503 593 -2.0
503 602 0.5714285714285714
503 631 -1.7857142857142858
503 641 -2.0
504 505 1.3571428571428572
504 513 0.9285714285714286
504 514 -1.7857142857142858
504 667 0.9285714285714286
504 675 -1.3571428571428572
505 514 -0.5714285714285714
505 515 1.7857142857142858
506 507 1.7857142857142858
507 508 -2.0
508 509 -1.3571428571428572
509 510 0.9285714285714286
510 511 1.3571428571428572
511 522 1.3571428571428572
511 532 0.5714285714285714
512 513 2.0
512 559 -0.9285714285714286
512 568 -0.5714285714285714
512 593 0.5714285714285714
512 602 -1.3571428571428572
513 514 2.0
513 631 2.0
513 641 -2.0
513 667 -2.0
513 675 1.3571428571428572
514 515 -0.9285714285714286
516 525 -0.9285714285714286
517 518 2.0
517 526 2.0
517 527 -0.5714285714285714
518 519 2.0
518 527 0.9285714285714286
518 528 -1.7857142857142858
519 520 0.9285714285714286
519 528 1.7857142857142858
519 529 -2.0
520 521 1.7857142857142858
520 529 -0.9285714285714286
520 530 1.3571428571428572
521 522 -1.7857142857142858
521 530 2.0
521 531 2.0
522 523 1.3571428571428572
522 531 0.5714285714285714
522 532 1.3571428571428572
523 524 1.3571428571428572
523 532 -0.9285714285714286
523 533 0.9285714285714286
523 548 -1.7857142857142858
523 584 2.0
524 533 0.5714285714285714
524 534 -0.5714285714285714
524 611 0.9285714285714286
524 620 -0.5714285714285714
524 649 -1.3571428571428572
525 526 0.5714285714285714
526 527 0.5714285714285714
527 528 1.3571428571428572
528 529 0.9285714285714286
529 530 0.9285714285714286
530 531 2.0
531 532 0.9285714285714286
532 533 1.3571428571428572
532 548 -1.3571428571428572
533 534 -1.7857142857142858
533 576 -0.5714285714285714
533 584 -0.5714285714285714
533 611 -0.9285714285714286
533 620 -1.7857142857142858
534 649 1.3571428571428572
534 683 -0.5714285714285714
534 690 1.3571428571428572
535 536 2.0
535 544 1.3571428571428572
536 537 -0.9285714285714286
536 544 -1.3571428571428572
536 545 -1.3571428571428572
537 538 -0.9285714285714286
537 545 -2.0
538 539 0.5714285714285714
538 546 0.5714285714285714
539 540 -1.7857142857142858
539 546 -1.3571428571428572
539 547 1.3571428571428572
540 547 2.0
540 548 -0.5714285714285714
541 542 0.9285714285714286
541 549 -2.0
541 550 -2.0
541 594 -0.5714285714285714
541 602 -1.3571428571428572
541 632 2.0
541 641 1.7857142857142858
542 543 0.5714285714285714
542 550 1.3571428571428572
542 551 -1.3571428571428572
542 668 2.0
542 675 1.7857142857142858
543 551 1.7857142857142858
543 552 0.5714285714285714
544 545 0.9285714285714286
546 547 0.5714285714285714
547 548 -2.0
548 549 -0.5714285714285714
549 550 1.7857142857142858
549 560 0.5714285714285714
549 568 1.3571428571428572
549 594 -0.9285714285714286
549 602 1.7857142857142858
550 551 -0.5714285714285714
550 632 2.0
550 641 1.7857142857142858
550 668 -0.9285714285714286
550 675 1.7857142857142858
551 552 0.5714285714285714
553 554 -2.0
553 561 1.7857142857142858
554 561 -0.5714285714285714
554 562 0.9285714285714286
555 556 -1.7857142857142858
555 563 -0.9285714285714286
555 564 0.5714285714285714
556 557 -2.0
556 564 -0.9285714285714286
556 565 1.7857142857142858
557 558 1.7857142857142858
557 565 2.0
557 566 0.9285714285714286
558 559 0.9285714285714286
558 566 0.9285714285714286
558 567 1.3571428571428572
559 560 -2.0
559 567 -2.0
559 568 -2.0
560 568 -2.0
560 569 0.5714285714285714
560 576 0.9285714285714286
561 562 1.3571428571428572
562 563 -2.0
563 564 -1.3571428571428572
564 565 0.5714285714285714
566 567 -0.9285714285714286
567 568 -1.7857142857142858
568 569 0.9285714285714286
569 570 1.3571428571428572
569 576 -2.0
569 611 1.3571428571428572
569 621 -2.0
570 649 1.3571428571428572
570 683 0.5714285714285714
570 691 -0.5714285714285714
572 573 -1.3571428571428572
572 580 0.9285714285714286
572 581 -1.7857142857142858
573 574 -1.3571428571428572
573 581 -2.0
573 582 -2.0
574 575 -1.3571428571428572
574 582 -2.0
574 583 2.0
575 576 0.9285714285714286
575 583 -0.9285714285714286
575 584 -1.3571428571428572
576 577 0.5714285714285714
576 584 0.9285714285714286
577 578 -0.9285714285714286
577 594 2.0
577 603 0.5714285714285714
577 632 -0.9285714285714286
578 579 1.3571428571428572
578 585 -1.3571428571428572
578 586 1.3571428571428572
578 668 -0.9285714285714286
579 586 0.9285714285714286
579 587 1.3571428571428572
580 581 -0.5714285714285714
581 582 0.9285714285714286
582 583 0.9285714285714286
583 584 -0.5714285714285714
585 586 1.3571428571428572
585 632 1.7857142857142858
585 668 -1.7857142857142858
585 676 2.0
586 587 -0.5714285714285714
588 589 0.9285714285714286
588 595 -1.7857142857142858
588 596 1.3571428571428572
589 590 1.7857142857142858
589 596 -2.0
589 597 -0.5714285714285714
590 597 -0.5714285714285714
590 598 1.3571428571428572
591 592 0.5714285714285714
591 599 0.5714285714285714
591 600 -2.0
592 593 -2.0
592 600 2.0
592 601 0.5714285714285714
593 594 -0.9285714285714286
593 601 -0.9285714285714286
593 602 -0.9285714285714286
594 602 1.7857142857142858
594 603 -0.9285714285714286
595 596 -1.3571428571428572
596 597 0.5714285714285714
597 598 1.7857142857142858
598 599 1.7857142857142858
599 600 -1.3571428571428572
600 601 -1.3571428571428572
601 602 -2.0
602 603 -0.5714285714285714
603 604 -1.7857142857142858
603 612 -2.0
603 621 2.0
604 650 0.9285714285714286
604 684 2.0
604 691 0.9285714285714286
605 606 1.3571428571428572
605 615 2.0
606 607 -1.3571428571428572
606 615 -2.0
606 616 -1.7857142857142858
607 608 -1.3571428571428572
607 617 1.7857142857142858
608 609 -1.3571428571428572
608 617 1.7857142857142858
608 618 -1.3571428571428572
609 610 0.5714285714285714
609 618 0.9285714285714286
609 619 -0.9285714285714286
610 611 1.3571428571428572
610 619 -0.9285714285714286
610 620 0.5714285714285714
611 612 -1.3571428571428572
611 620 -2.0
611 621 0.9285714285714286
612 613 -0.5714285714285714
612 621 -0.5714285714285714
612 622 0.5714285714285714
612 633 2.0
613 614 -1.7857142857142858
613 622 -2.0
613 623 -2.0
613 676 -2.0
614 623 -0.9285714285714286
614 624 -2.0
615 616 -1.7857142857142858
616 617 -0.9285714285714286
617 618 0.5714285714285714
618 619 2.0
619 620 1.3571428571428572
621 622 1.7857142857142858
622 623 1.3571428571428572
622 633 2.0
622 676 -0.9285714285714286
623 624 -0.9285714285714286
625 626 1.7857142857142858
625 634 0.9285714285714286
625 635 1.3571428571428572
626 627 -1.7857142857142858
626 635 1.3571428571428572
626 636 -2.0
627 628 2.0
627 636 1.3571428571428572
627 637 2.0
628 629 1.7857142857142858
628 637 -1.3571428571428572
628 638 -2.0
629 630 1.7857142857142858
629 638 1.7857142857142858
629 639 -0.5714285714285714
630 631 -2.0
630 639 -1.7857142857142858
630 640 1.3571428571428572
631 632 -0.5714285714285714
631 640 -0.9285714285714286
631 641 -1.3571428571428572
632 633 -0.5714285714285714
632 641 -0.5714285714285714
633 642 -0.9285714285714286
633 650 -2.0
633 658 0.5714285714285714
634 635 -2.0
635 636 0.9285714285714286
636 637 -2.0
637 638 2.0
638 639 -0.9285714285714286
639 640 0.5714285714285714
640 641 0.5714285714285714
642 650 0.5714285714285714
642 658 0.9285714285714286
642 684 -1.7857142857142858
642 692 -2.0
643 644 0.5714285714285714
643 653 0.9285714285714286
644 645 -2.0
644 654 -2.0
645 646 -1.7857142857142858
645 654 -1.7857142857142858
645 655 -1.7857142857142858
646 647 -2.0
646 655 -1.7857142857142858
646 656 2.0
647 648 -2.0
647 656 0.9285714285714286
647 657 -1.3571428571428572
648 649 2.0
648 657 -1.7857142857142858
649 650 1.7857142857142858
650 651 -0.5714285714285714
651 652 -1.7857142857142858
651 658 2.0
651 659 -0.5714285714285714
651 677 -0.5714285714285714
652 659 2.0
652 660 -2.0
654 655 1.3571428571428572
655 656 -2.0
656 657 1.7857142857142858
658 659 -2.0
658 677 -2.0
661 669 -0.9285714285714286
662 663 -1.7857142857142858
662 670 2.0
663 664 0.9285714285714286
663 670 0.5714285714285714
663 671 -2.0
664 665 1.7857142857142858
664 671 -0.5714285714285714
664 672 1.3571428571428572
665 666 0.5714285714285714
665 672 0.9285714285714286
665 673 0.9285714285714286
666 667 -1.7857142857142858
667 668 -1.7857142857142858
667 674 -0.9285714285714286
667 675 1.3571428571428572
668 675 0.9285714285714286
668 676 0.9285714285714286
670 671 -0.5714285714285714
671 672 1.3571428571428572
672 673 -1.3571428571428572
673 674 1.3571428571428572
674 675 1.3571428571428572
675 676 -1.7857142857142858
676 677 -2.0
677 685 1.7857142857142858
677 692 -1.7857142857142858
679 680 2.0
679 687 1.7857142857142858
680 681 -0.5714285714285714
680 687 -2.0
680 688 -0.9285714285714286
681 682 -2.0
681 688 -0.5714285714285714
681 689 1.7857142857142858
682 683 -1.3571428571428572
682 690 0.5714285714285714
683 684 2.0
683 690 0.9285714285714286
683 691 1.7857142857142858
684 685 -0.5714285714285714
684 691 2.0
684 692 -0.9285714285714286
685 686 -1.3571428571428572
685 692 -2.0
685 693 0.9285714285714286
686 693 0.5714285714285714
686 694 -0.9285714285714286
687 688 2.0
688 689 -1.3571428571428572
689 690 -1.3571428571428572
690 691 -0.9285714285714286
691 692 -1.7857142857142858
692 693 2.0
693 694 -0.5714285714285714
