568 2285
1 1 -1.857142857142857
2 2 -4.142857142857143
3 3 -6.357142857142858
4 4 0.7857142857142858
5 5 -3.857142857142857
6 6 2.7857142857142856
7 7 5.142857142857143
8 8 3.714285714285715
9 9 4.5
10 10 -1.0714285714285714
11 11 2.428571428571429
12 12 -3.0714285714285716
13 13 -2.5
14 14 3.1428571428571432
15 15 -5.071428571428572
16 16 4.142857142857143
17 17 -1.857142857142857
18 18 -2.928571428571429
19 19 -5.0
20 20 -1.9285714285714286
21 21 -3.5
22 22 1.5714285714285714
23 23 6.142857142857142
24 24 -4.5
25 25 -3.1428571428571423
26 26 0.7142857142857144
27 27 -2.642857142857143
28 28 -1.0
29 29 -1.3571428571428572
30 30 5.642857142857142
31 31 -1.9999999999999998
32 32 -1.7857142857142858
33 33 5.071428571428571
34 34 2.7142857142857144
35 35 -4.428571428571429
36 36 1.3571428571428572
37 37 0.6428571428571428
38 38 -4.142857142857143
39 39 3.142857142857143
40 40 4.571428571428571
41 41 1.3571428571428577
42 42 0.4285714285714288
43 43 3.0714285714285716
44 44 3.071428571428572
45 45 -0.8571428571428572
46 46 -2.4285714285714284
47 47 -0.49999999999999933
48 48 1.9285714285714288
49 49 2.2857142857142856
50 50 -1.3571428571428572
51 51 0.7857142857142858
52 52 0.9285714285714286
53 53 -4.5
54 54 -1.5714285714285716
55 55 2.357142857142857
56 56 1.0
57 57 -0.7142857142857144
58 58 -5.428571428571429
60 60 5.642857142857143
61 61 -4.0
62 62 0.9285714285714286
63 63 4.071428571428571
64 64 4.214285714285715
65 65 1.1428571428571428
66 66 -5.357142857142858
67 67 -3.7857142857142856
68 68 3.7857142857142856
69 69 2.0
70 70 1.7857142857142856
71 71 -1.285714285714286
72 72 -4.357142857142858
73 73 4.428571428571428
74 74 0.2142857142857142
75 75 -4.0
76 76 4.214285714285714
77 77 -1.0714285714285712
78 78 1.8571428571428568
79 79 4.071428571428571
80 80 -0.1428571428571428
81 81 4.071428571428572
82 82 0.6428571428571428
83 83 -2.0
84 84 -0.7142857142857144
85 85 -0.9285714285714286
86 86 2.2857142857142856
87 87 -0.357142857142857
88 88 0.5
89 89 -2.7142857142857144
90 90 -3.5
91 91 -3.428571428571429
92 92 1.3571428571428572
93 93 -0.7857142857142858
94 94 3.0
95 95 4.785714285714286
96 96 3.642857142857143
97 97 0.7857142857142858
98 98 -2.428571428571429
99 99 -2.0714285714285716
100 100 -2.2142857142857144
101 101 -0.8571428571428572
102 102 -2.142857142857143
103 103 -7.071428571428571
104 104 0.8571428571428574
106 106 -2.7142857142857144
107 107 2.6428571428571423
108 108 4.214285714285714
109 109 -2.642857142857143
110 110 -2.714285714285714
111 111 3.5000000000000004
112 112 4.2857142857142865
113 113 0.14285714285714302
114 114 -4.440892098500626e-16
115 115 0.2857142857142858
116 116 -2.3571428571428568
117 117 -5.857142857142858
118 118 -2.928571428571429
119 119 6.214285714285714
120 120 2.1428571428571432
121 121 -1.5
122 122 -1.4285714285714282
123 123 -0.2142857142857144
124 124 -2.071428571428572
125 125 2.571428571428571
126 126 1.0714285714285714
127 127 1.857142857142857
128 128 1.3571428571428572
129 129 3.2142857142857144
130 130 2.428571428571428
131 131 4.285714285714286
132 132 -5.0
133 133 1.0000000000000002
134 134 -0.07142857142857117
135 135 -0.14285714285714346
136 136 2.2857142857142856
137 137 1.7857142857142858
138 138 2.1428571428571432
139 139 -3.428571428571429
140 140 6.2857142857142865
141 141 2.928571428571429
142 142 4.285714285714286
143 143 -1.0
144 144 -0.5714285714285714
145 145 0.5
146 146 -2.357142857142857
147 147 6.357142857142857
148 148 -5.142857142857143
149 149 -3.071428571428571
150 150 -4.571428571428571
151 151 -0.7142857142857142
152 152 4.928571428571429
153 153 -1.5714285714285714
154 154 -3.2142857142857144
155 155 6.357142857142857
156 156 -3.2142857142857153
157 157 -3.2142857142857144
158 158 4.0
159 159 9.357142857142858
160 160 4.0
161 161 -0.21428571428571486
162 162 -1.5
163 163 -3.0
164 164 3.357142857142857
165 165 2.928571428571429
166 166 8.071428571428573
167 167 -1.8571428571428572
168 168 0.0714285714285714
169 169 -7.0
170 170 9.071428571428571
171 171 6.071428571428572
172 172 3.2142857142857144
173 173 6.357142857142857
174 174 -1.5000000000000002
175 175 -3.142857142857143
176 176 -0.35714285714285743
177 177 0.7857142857142856
178 178 1.642857142857143
179 179 0.5714285714285712
180 180 3.714285714285714
181 181 2.2857142857142856
182 182 3.1428571428571432
183 183 -7.357142857142856
184 184 -2.3571428571428577
185 185 0.35714285714285654
186 186 0.7142857142857142
187 187 1.3571428571428568
188 188 3.6428571428571432
189 189 5.857142857142858
190 190 -2.5
191 191 3.928571428571428
192 192 6.571428571428572
193 193 -4.214285714285714
194 194 0.5714285714285714
195 195 2.642857142857143
196 196 3.0
197 197 -2.6428571428571432
198 198 -0.785714285714286
199 199 0.7857142857142858
200 200 -3.071428571428571
201 201 3.3571428571428577
202 202 4.642857142857143
203 203 1.5000000000000002
204 204 5.857142857142857
205 205 0.42857142857142905
206 206 -2.571428571428571
207 207 0.5
208 208 9.428571428571429
209 209 0.9285714285714286
210 210 1.357142857142857
211 211 2.220446049250313e-16
212 212 -1.1428571428571428
213 213 5.2857142857142865
214 214 0.5000000000000002
215 215 2.7142857142857144
216 216 -2.7857142857142856
217 217 -2.1428571428571432
218 218 -0.2142857142857144
219 219 0.2142857142857142
220 220 3.7857142857142865
221 221 2.571428571428572
222 222 3.928571428571429
223 223 4.142857142857142
224 224 -6.071428571428571
225 225 5.571428571428572
226 226 -1.9285714285714286
227 227 2.2142857142857144
228 228 3.2142857142857144
229 229 0.8571428571428572
230 230 0.0714285714285714
231 231 8.285714285714286
232 232 2.6428571428571432
233 233 5.857142857142858
234 234 3.6428571428571437
235 235 3.357142857142857
236 236 3.142857142857143
237 237 -2.5
238 238 6.071428571428571
239 239 0.5714285714285714
240 240 -0.2857142857142858
241 241 -2.6428571428571432
242 242 1.8571428571428572
243 243 3.6428571428571432
244 244 1.7142857142857144
245 245 -1.5000000000000002
246 246 -0.42857142857142905
247 247 -2.857142857142857
248 248 -1.9285714285714286
249 249 -4.071428571428571
250 250 5.357142857142858
251 251 5.928571428571429
253 253 2.6428571428571432
254 254 -2.1428571428571423
255 255 -0.07142857142857162
256 256 5.714285714285714
257 257 -1.0714285714285714
258 258 1.2857142857142856
259 259 3.428571428571429
260 260 -3.8571428571428577
261 261 2.928571428571429
262 262 -3.571428571428571
263 263 -6.428571428571429
264 264 1.9999999999999998
265 265 -3.1428571428571423
266 266 -1.1428571428571428
267 267 -1.7857142857142856
268 268 -0.2142857142857142
269 269 2.7857142857142856
270 270 6.642857142857143
271 271 0.35714285714285743
272 272 -0.0714285714285714
273 273 -3.571428571428572
274 274 -5.142857142857142
275 275 -4.857142857142858
276 276 -1.2142857142857144
277 277 -1.4285714285714282
278 278 0.642857142857143
279 279 1.0000000000000002
280 280 -3.571428571428571
281 281 2.928571428571429
282 282 -4.0
283 283 -4.214285714285714
284 284 -1.928571428571429
285 285 -1.4285714285714288
286 286 -1.5000000000000004
287 287 -4.714285714285714
288 288 -4.142857142857143
289 289 -1.7857142857142863
290 290 -2.7857142857142856
291 291 3.642857142857143
292 292 6.285714285714286
293 293 6.642857142857143
294 294 3.7142857142857144
295 295 -0.571428571428571
296 296 -1.8571428571428574
297 297 1.4285714285714286
298 298 -1.0
299 299 0.7142857142857144
300 300 -5.214285714285714
301 301 1.9285714285714293
302 302 -4.142857142857143
303 303 0.4285714285714288
304 304 4.5
305 305 -2.2857142857142856
306 306 3.1428571428571432
307 307 -0.785714285714286
308 308 1.0714285714285714
309 309 -4.428571428571429
310 310 -2.2857142857142856
311 311 -4.714285714285714
312 312 -0.6428571428571428
313 313 2.2142857142857144
314 314 2.428571428571429
315 315 1.9285714285714286
316 316 -1.2857142857142858
317 317 -3.642857142857143
318 318 -0.9285714285714286
319 319 -5.428571428571429
320 320 -5.071428571428571
321 321 -3.5714285714285716
322 322 2.928571428571429
323 323 -3.0714285714285716
324 324 -2.2857142857142856
325 325 -1.6428571428571426
326 326 -3.9285714285714293
327 327 -3.7142857142857144
328 328 -3.2857142857142847
329 329 2.071428571428571
330 330 0.7142857142857142
331 331 -3.000000000000001
332 332 -2.571428571428572
333 333 -1.5714285714285716
334 334 2.0000000000000004
335 335 7.428571428571428
336 336 -0.14285714285714302
337 337 1.0714285714285712
338 338 2.7142857142857144
339 339 8.285714285714286
340 340 -3.3571428571428577
341 341 -1.7857142857142854
342 342 7.785714285714286
343 343 1.0714285714285718
344 344 0.28571428571428603
345 345 2.5714285714285716
346 346 5.357142857142858
347 347 -7.714285714285714
348 348 5.214285714285714
349 349 2.142857142857143
350 350 -0.07142857142857029
351 351 0.21428571428571397
352 352 -4.714285714285714
353 353 0.1428571428571428
354 354 4.714285714285714
355 355 3.928571428571429
356 356 -1.0
357 357 2.642857142857143
358 358 2.7142857142857144
359 359 -2.642857142857143
360 360 3.571428571428571
361 361 -0.21428571428571463
362 362 -3.714285714285714
363 363 1.0714285714285716
364 364 -1.4285714285714286
365 365 -1.5714285714285718
366 366 3.785714285714286
367 367 -8.571428571428573
368 368 -3.2142857142857153
369 369 2.571428571428571
370 370 5.2857142857142865
371 371 0.3571428571428572
372 372 -1.642857142857143
373 373 -6.214285714285714
374 374 -0.3571428571428572
376 376 2.2857142857142856
377 377 -1.0714285714285718
378 378 4.142857142857143
379 379 4.071428571428571
380 380 -0.2142857142857142
381 381 -1.0
382 382 -2.1428571428571432
383 383 1.4285714285714288
384 384 -4.428571428571429
385 385 -10.785714285714286
386 386 1.214285714285714
388 388 1.4999999999999996
389 389 -0.642857142857143
390 390 3.5000000000000004
391 391 3.857142857142857
392 392 -0.7142857142857144
393 393 1.3571428571428572
394 394 -2.2142857142857144
395 395 3.071428571428572
396 396 -2.428571428571429
397 397 7.571428571428571
398 398 4.071428571428571
399 399 -3.571428571428571
400 400 3.8571428571428577
401 401 -0.6428571428571428
402 402 -5.0
403 403 10.285714285714285
404 404 4.357142857142858
405 405 -6.357142857142858
406 406 -6.571428571428571
407 407 4.5
408 408 -1.8571428571428572
409 409 6.428571428571429
410 410 -1.2142857142857142
411 411 0.357142857142857
412 412 -0.3571428571428572
413 413 -0.5714285714285714
414 414 1.5714285714285716
415 415 -3.1428571428571423
416 416 -4.428571428571429
417 417 -5.5
418 418 -4.214285714285714
419 419 -3.4285714285714284
420 420 6.714285714285714
421 421 -3.0
422 422 0.0714285714285714
423 423 -0.5714285714285716
424 424 4.285714285714286
425 425 -2.071428571428572
426 426 2.7142857142857144
427 427 4.857142857142858
428 428 -1.9285714285714284
429 429 -1.1428571428571428
430 430 -4.5
431 431 1.9285714285714286
432 432 -1.642857142857143
433 433 2.2857142857142856
434 434 4.142857142857142
435 435 5.5
436 436 -2.2142857142857144
437 437 -3.0
438 438 -3.2142857142857144
439 439 4.5
440 440 6.5
441 441 -0.21428571428571397
442 442 -3.357142857142857
443 443 -0.0714285714285714
444 444 -7.0
445 445 -2.5
446 446 0.4285714285714286
447 447 -0.5
448 448 6.5
449 449 0.928571428571429
450 450 1.642857142857143
451 451 -1.4285714285714286
452 452 -3.7142857142857144
453 453 -4.428571428571429
454 454 -4.714285714285714
455 455 -1.3571428571428572
456 456 -1.4285714285714288
457 457 3.071428571428571
458 458 1.5714285714285716
459 459 1.8571428571428572
460 460 4.642857142857142
461 461 -1.4285714285714286
462 462 1.928571428571428
463 463 1.5714285714285714
464 464 -3.0
465 465 4.142857142857142
466 466 -4.5
467 467 2.2142857142857144
468 468 -1.0714285714285716
469 469 2.8571428571428568
470 470 0.6428571428571428
471 471 -2.2857142857142856
472 472 5.2857142857142865
473 473 4.357142857142858
474 474 0.2857142857142858
475 475 -4.785714285714286
476 476 1.2142857142857144
477 477 5.214285714285714
478 478 0.3571428571428572
479 479 5.428571428571429
480 480 1.9285714285714284
481 481 -2.7857142857142856
482 482 -3.2142857142857144
483 483 -1.2142857142857144
484 484 -3.1428571428571432
485 485 -2.1428571428571432
486 486 6.571428571428571
487 487 -0.2142857142857144
488 488 3.5714285714285716
489 489 -3.7142857142857144
490 490 1.142857142857143
491 491 -4.142857142857142
492 492 -0.2142857142857144
493 493 -1.7142857142857142
494 494 -0.14285714285714324
495 495 -6.2857142857142865
496 496 4.142857142857142
497 497 6.642857142857142
498 498 -1.0714285714285716
499 499 -2.7857142857142856
500 500 5.785714285714286
501 501 -0.5714285714285716
502 502 0.2857142857142858
503 503 2.0000000000000004
504 504 -2.357142857142857
505 505 -0.9285714285714286
506 506 0.5714285714285716
507 507 8.214285714285715
508 508 -3.1428571428571423
509 509 -4.0
510 510 1.6428571428571423
511 511 -1.5
512 512 -3.7142857142857144
513 513 -0.4999999999999998
514 514 3.7142857142857144
515 515 -3.571428571428571
516 516 -0.642857142857143
517 517 -0.5714285714285714
518 518 -0.5714285714285714
519 519 -7.928571428571429
520 520 -5.785714285714286
521 521 -0.9285714285714286
522 522 -6.642857142857143
523 523 -6.071428571428571
524 524 0.14285714285714324
525 525 -2.428571428571428
526 526 -9.642857142857142
527 527 -2.8571428571428568
528 528 5.928571428571429
529 529 2.6428571428571432
530 530 -5.642857142857143
531 531 3.071428571428571
532 532 3.3571428571428577
533 533 0.07142857142857162
534 534 -3.571428571428571
535 535 -1.7857142857142856
536 536 -2.428571428571429
537 537 -3.428571428571429
538 538 0.8571428571428563
539 539 3.2142857142857144
540 540 2.428571428571429
541 541 -5.071428571428571
542 542 1.9285714285714286
543 543 -1.7142857142857142
544 544 2.3571428571428568
545 545 -2.5
546 546 0.14285714285714235
547 547 -3.3571428571428568
548 548 -8.0
549 549 -2.285714285714286
550 550 -1.1428571428571435
551 551 -3.571428571428572
552 552 3.5
553 553 -0.5714285714285714
554 554 -2.214285714285714
555 555 5.642857142857143
556 556 3.7142857142857153
557 557 -3.4999999999999996
559 559 2.8571428571428577
560 560 4.571428571428571
561 561 -0.4285714285714286
562 562 1.642857142857143
563 563 5.071428571428572
564 564 -0.357142857142857
565 565 3.571428571428571
566 566 1.6428571428571428
567 567 -5.0
568 568 2.071428571428572
1 2 2.0
1 9 -1.7857142857142858
1 21 2.0
1 28 -0.9285714285714286
1 49 0.5714285714285714
2 3 1.3571428571428572
2 9 -1.3571428571428572
2 10 1.3571428571428572
2 66 1.3571428571428572
2 73 -1.3571428571428572
2 80 1.3571428571428572
2 84 -0.5714285714285714
3 10 2.0
3 11 0.9285714285714286
3 109 2.0
3 115 2.0
3 134 -0.5714285714285714
3 140 -1.3571428571428572
4 5 -1.3571428571428572
4 218 -1.3571428571428572
4 226 0.5714285714285714
4 249 1.3571428571428572
5 6 -0.5714285714285714
5 280 2.0
5 288 1.7857142857142858
5 312 2.0
6 7 -1.7857142857142858
6 12 1.7857142857142858
6 339 -2.0
6 346 -2.0
6 367 1.7857142857142858
7 8 -1.3571428571428572
7 12 -0.9285714285714286
7 13 0.9285714285714286
7 396 1.3571428571428572
7 428 -2.0
7 437 -1.3571428571428572
8 13 -1.7857142857142858
8 14 -1.3571428571428572
8 462 1.3571428571428572
8 470 -2.0
8 496 -0.5714285714285714
8 504 2.0
9 10 -1.3571428571428572
9 49 -0.9285714285714286
9 57 0.9285714285714286
9 66 0.5714285714285714
9 73 -0.5714285714285714
10 11 -0.9285714285714286
10 80 -1.3571428571428572
10 84 1.7857142857142858
10 109 -1.7857142857142858
10 115 1.3571428571428572
11 134 -1.7857142857142858
11 140 1.3571428571428572
11 160 -2.0
12 13 -0.9285714285714286
12 367 1.3571428571428572
12 396 1.7857142857142858
13 14 0.9285714285714286
13 428 1.3571428571428572
13 437 0.5714285714285714
13 462 -0.5714285714285714
13 470 2.0
14 496 -1.3571428571428572
14 504 -1.7857142857142858
14 528 -0.9285714285714286
14 536 1.3571428571428572
15 16 1.7857142857142858
15 22 1.3571428571428572
15 85 1.3571428571428572
15 116 0.5714285714285714
16 17 -0.9285714285714286
16 22 -1.7857142857142858
16 23 -2.0
16 141 -1.7857142857142858
16 168 0.5714285714285714
17 18 2.0
17 23 -0.5714285714285714
17 24 -0.9285714285714286
17 195 1.3571428571428572
17 227 0.9285714285714286
18 24 0.5714285714285714
18 25 0.5714285714285714
18 257 -2.0
18 289 1.7857142857142858
19 20 0.9285714285714286
19 26 1.3571428571428572
19 374 1.7857142857142858
19 405 0.9285714285714286
20 26 -1.7857142857142858
20 27 2.0
20 438 1.3571428571428572
20 471 -0.5714285714285714
21 28 0.5714285714285714
21 553 0.9285714285714286
22 23 -0.9285714285714286
22 116 1.7857142857142858
22 141 -2.0
23 24 1.3571428571428572
23 168 -2.0
23 195 -2.0
24 25 2.0
24 227 0.9285714285714286
24 257 0.5714285714285714
25 289 0.5714285714285714
26 27 -1.3571428571428572
26 405 2.0
26 438 -0.9285714285714286
27 471 2.0
28 29 1.3571428571428572
29 35 2.0
29 57 -2.0
30 36 -1.3571428571428572
30 37 -0.9285714285714286
30 115 -1.3571428571428572
30 140 -2.0
31 32 1.7857142857142858
31 38 2.0
31 226 -1.7857142857142858
32 38 0.9285714285714286
32 39 -0.9285714285714286
33 34 -1.3571428571428572
33 40 -0.5714285714285714
33 41 -1.3571428571428572
33 437 -1.7857142857142858
34 41 -1.7857142857142858
34 470 -0.9285714285714286
34 504 1.3571428571428572
35 36 2.0
35 57 1.7857142857142858
35 73 -1.3571428571428572
36 37 1.3571428571428572
36 84 -2.0
36 115 -1.3571428571428572
37 140 -2.0
37 167 0.9285714285714286
38 39 1.7857142857142858
38 288 -0.5714285714285714
39 40 -2.0
39 346 -2.0
40 41 -2.0
41 437 2.0
41 470 1.7857142857142858
42 50 1.3571428571428572
42 94 1.3571428571428572
42 116 -1.7857142857142858
42 122 -1.3571428571428572
43 44 -2.0
43 51 1.3571428571428572
43 195 -2.0
43 203 1.3571428571428572
43 227 -1.7857142857142858
44 45 -0.9285714285714286
44 51 -1.7857142857142858
44 52 -0.9285714285714286
44 257 0.5714285714285714
44 289 2.0
45 46 1.3571428571428572
45 53 1.3571428571428572
45 353 -0.9285714285714286
46 47 0.5714285714285714
46 53 -1.7857142857142858
46 374 0.9285714285714286
46 380 1.3571428571428572
46 405 1.7857142857142858
46 413 -1.7857142857142858
47 48 -0.9285714285714286
47 54 -1.3571428571428572
47 55 -2.0
47 438 0.9285714285714286
47 446 0.5714285714285714
47 471 1.7857142857142858
47 479 0.9285714285714286
48 49 -0.9285714285714286
48 56 -2.0
48 512 0.5714285714285714
48 545 1.3571428571428572
49 56 1.3571428571428572
49 553 -0.5714285714285714
49 561 -1.7857142857142858
50 116 -2.0
50 122 0.9285714285714286
50 141 -0.9285714285714286
50 148 2.0
51 227 -0.9285714285714286
51 257 0.5714285714285714
52 53 2.0
52 289 -2.0
53 54 1.3571428571428572
53 353 1.3571428571428572
53 374 -1.7857142857142858
53 380 2.0
54 55 -1.3571428571428572
54 405 2.0
54 413 1.3571428571428572
54 438 0.9285714285714286
54 446 -1.3571428571428572
55 56 -0.5714285714285714
55 471 2.0
55 479 -1.7857142857142858
55 512 1.3571428571428572
56 545 -1.7857142857142858
56 553 2.0
58 59 1.7857142857142858
58 67 1.3571428571428572
58 86 0.9285714285714286
58 94 -0.5714285714285714
58 117 1.3571428571428572
58 122 0.5714285714285714
59 60 -1.7857142857142858
59 67 -1.7857142857142858
59 68 1.7857142857142858
59 148 -2.0
59 174 2.0
60 61 -0.5714285714285714
60 68 -1.7857142857142858
60 69 1.3571428571428572
60 196 -1.7857142857142858
60 203 0.9285714285714286
60 228 -2.0
61 62 0.5714285714285714
61 69 -1.3571428571428572
61 70 1.3571428571428572
61 258 2.0
61 290 2.0
62 63 -1.7857142857142858
62 70 -0.9285714285714286
62 321 1.7857142857142858
62 353 -0.5714285714285714
63 64 -0.9285714285714286
63 71 -1.7857142857142858
63 375 -0.5714285714285714
63 380 -1.3571428571428572
63 406 1.7857142857142858
63 413 0.5714285714285714
64 65 1.3571428571428572
64 71 -0.5714285714285714
64 446 -0.9285714285714286
64 472 -1.3571428571428572
64 479 -1.7857142857142858
65 66 2.0
65 72 0.5714285714285714
65 505 0.9285714285714286
65 512 -2.0
65 537 -2.0
65 545 -2.0
66 73 -0.5714285714285714
66 561 2.0
67 68 -0.9285714285714286
67 117 1.7857142857142858
67 122 2.0
67 148 1.3571428571428572
68 174 -0.9285714285714286
68 196 -0.5714285714285714
68 203 -1.3571428571428572
69 70 -2.0
69 228 0.5714285714285714
69 258 -0.5714285714285714
70 290 -2.0
70 321 1.7857142857142858
71 406 1.3571428571428572
71 413 1.3571428571428572
71 446 0.9285714285714286
72 73 -0.5714285714285714
72 537 0.5714285714285714
72 545 1.7857142857142858
72 561 2.0
74 75 1.7857142857142858
74 86 -2.0
74 95 1.7857142857142858
74 123 -1.7857142857142858
75 76 1.7857142857142858
75 149 -0.9285714285714286
75 175 1.3571428571428572
76 81 -0.9285714285714286
76 196 -1.7857142857142858
76 204 -0.5714285714285714
76 228 -1.3571428571428572
76 234 -1.3571428571428572
77 78 2.0
77 82 -0.5714285714285714
77 375 1.7857142857142858
77 381 -1.3571428571428572
77 406 0.5714285714285714
77 414 -1.3571428571428572
78 79 -0.5714285714285714
78 447 -0.5714285714285714
78 472 -1.7857142857142858
78 480 -0.9285714285714286
79 80 -1.7857142857142858
79 83 0.5714285714285714
79 505 -1.7857142857142858
79 513 -0.9285714285714286
79 537 1.3571428571428572
79 546 -0.9285714285714286
80 83 1.3571428571428572
80 84 0.5714285714285714
81 228 0.9285714285714286
81 234 -1.3571428571428572
81 258 -1.7857142857142858
81 266 -0.9285714285714286
82 406 -2.0
82 414 0.5714285714285714
82 447 1.3571428571428572
83 84 0.9285714285714286
83 537 0.9285714285714286
83 546 -1.7857142857142858
85 86 1.3571428571428572
85 94 -1.7857142857142858
86 87 -0.5714285714285714
86 95 -2.0
87 88 0.9285714285714286
87 95 -1.3571428571428572
87 96 1.3571428571428572
87 102 0.5714285714285714
87 130 -0.5714285714285714
88 89 1.3571428571428572
88 96 0.5714285714285714
88 97 -2.0
88 181 -1.3571428571428572
89 90 0.9285714285714286
89 97 2.0
89 98 -1.7857142857142858
89 211 2.0
89 242 -1.7857142857142858
90 91 0.5714285714285714
90 98 2.0
90 99 1.3571428571428572
90 304 -1.3571428571428572
91 92 0.5714285714285714
91 99 1.3571428571428572
91 100 1.7857142857142858
91 332 0.9285714285714286
91 360 -1.7857142857142858
92 93 -0.5714285714285714
92 100 1.3571428571428572
92 389 -0.9285714285714286
92 420 -1.7857142857142858
93 101 1.7857142857142858
93 455 0.9285714285714286
93 488 -1.3571428571428572
94 95 -2.0
95 96 -1.7857142857142858
95 102 0.5714285714285714
96 97 -1.7857142857142858
96 130 -2.0
97 98 1.3571428571428572
97 181 -0.9285714285714286
97 211 0.5714285714285714
98 99 -0.9285714285714286
98 242 1.7857142857142858
99 100 1.7857142857142858
99 304 -0.5714285714285714
99 332 -0.9285714285714286
100 360 -1.3571428571428572
100 389 -1.3571428571428572
101 488 -0.9285714285714286
102 103 2.0
102 110 1.3571428571428572
102 118 -1.7857142857142858
102 123 -0.5714285714285714
103 104 1.7857142857142858
103 110 -2.0
103 111 0.5714285714285714
103 149 2.0
103 169 1.7857142857142858
103 175 0.9285714285714286
104 111 -2.0
104 112 -1.7857142857142858
104 197 0.5714285714285714
104 204 -2.0
104 229 2.0
104 234 0.5714285714285714
105 112 1.3571428571428572
105 113 0.5714285714285714
105 259 -1.3571428571428572
105 266 1.7857142857142858
105 291 -0.5714285714285714
105 298 -1.7857142857142858
106 107 0.9285714285714286
106 381 1.7857142857142858
106 407 0.5714285714285714
106 414 -0.5714285714285714
107 108 -0.9285714285714286
107 114 -0.5714285714285714
107 439 -0.9285714285714286
107 447 -0.5714285714285714
107 480 -0.5714285714285714
108 109 1.3571428571428572
108 114 -2.0
108 506 0.5714285714285714
108 513 -0.9285714285714286
108 538 -0.9285714285714286
108 546 -1.3571428571428572
109 115 -0.9285714285714286
109 554 2.0
110 111 1.7857142857142858
110 118 2.0
110 123 1.3571428571428572
110 149 -1.7857142857142858
111 112 0.5714285714285714
111 169 0.9285714285714286
111 175 -2.0
111 197 -2.0
111 204 -1.3571428571428572
112 113 -1.7857142857142858
112 229 -0.9285714285714286
112 234 -0.9285714285714286
112 259 -1.3571428571428572
112 266 0.5714285714285714
113 291 -0.9285714285714286
113 298 2.0
114 480 1.3571428571428572
114 506 1.7857142857142858
114 513 -0.5714285714285714
116 117 1.7857142857142858
116 122 2.0
117 118 1.3571428571428572
117 122 -1.7857142857142858
117 123 1.3571428571428572
118 119 -1.7857142857142858
118 123 -0.5714285714285714
118 124 0.5714285714285714
118 130 1.3571428571428572
118 135 1.7857142857142858
119 124 -2.0
119 125 -1.7857142857142858
119 181 1.3571428571428572
119 188 -2.0
120 121 0.9285714285714286
120 128 -1.3571428571428572
120 389 1.3571428571428572
120 397 0.9285714285714286
120 420 -2.0
120 429 -2.0
121 129 0.5714285714285714
121 488 1.3571428571428572
121 497 -1.3571428571428572
122 123 -0.9285714285714286
123 124 1.3571428571428572
124 125 -0.5714285714285714
124 130 1.3571428571428572
124 135 1.3571428571428572
125 126 0.9285714285714286
125 181 -1.3571428571428572
125 188 -0.5714285714285714
125 211 -0.5714285714285714
125 219 1.3571428571428572
126 127 -2.0
126 242 -0.9285714285714286
126 250 0.9285714285714286
127 128 1.7857142857142858
127 304 -2.0
127 313 0.9285714285714286
127 332 -0.5714285714285714
128 360 -1.3571428571428572
128 389 1.3571428571428572
128 397 -1.7857142857142858
129 488 -1.7857142857142858
129 497 -2.0
130 131 -2.0
130 135 -0.5714285714285714
131 135 -2.0
131 136 -2.0
131 150 0.9285714285714286
131 169 1.3571428571428572
131 176 -0.5714285714285714
132 138 1.7857142857142858
132 382 1.7857142857142858
132 407 -0.5714285714285714
132 415 2.0
133 134 -1.7857142857142858
133 139 1.3571428571428572
133 506 0.5714285714285714
133 514 -1.7857142857142858
133 538 -1.3571428571428572
133 547 2.0
134 139 1.3571428571428572
134 140 -0.9285714285714286
134 554 1.7857142857142858
134 562 2.0
135 136 -1.7857142857142858
135 150 1.3571428571428572
136 169 0.9285714285714286
136 176 -1.3571428571428572
136 197 1.3571428571428572
136 205 0.5714285714285714
137 291 -1.7857142857142858
138 407 -1.7857142857142858
138 415 0.5714285714285714
138 439 -1.7857142857142858
138 448 -0.9285714285714286
139 140 -1.3571428571428572
139 538 -0.5714285714285714
139 547 1.7857142857142858
139 554 1.7857142857142858
139 562 -0.9285714285714286
141 148 1.7857142857142858
142 150 -0.9285714285714286
142 151 -1.7857142857142858
142 154 2.0
142 182 -1.7857142857142858
142 188 -1.7857142857142858
143 144 -0.5714285714285714
143 151 2.0
143 219 1.3571428571428572
143 250 -1.7857142857142858
144 145 2.0
144 152 -0.5714285714285714
144 274 0.5714285714285714
144 305 0.9285714285714286
144 313 -1.7857142857142858
145 146 0.5714285714285714
145 152 -1.3571428571428572
145 333 -0.5714285714285714
145 340 -0.5714285714285714
145 361 -0.5714285714285714
146 147 0.9285714285714286
146 390 -1.3571428571428572
146 397 -0.9285714285714286
146 421 1.3571428571428572
146 429 1.7857142857142858
147 153 -1.7857142857142858
147 456 -2.0
147 463 -0.5714285714285714
147 489 -2.0
147 497 -0.9285714285714286
148 149 2.0
149 150 1.7857142857142858
150 151 -0.5714285714285714
150 154 2.0
151 182 2.0
151 188 -0.9285714285714286
152 305 -1.3571428571428572
152 313 -2.0
152 333 0.9285714285714286
152 340 -0.5714285714285714
153 489 2.0
153 521 1.3571428571428572
154 155 0.9285714285714286
154 161 -1.3571428571428572
154 170 0.5714285714285714
154 176 -0.9285714285714286
155 156 -1.7857142857142858
155 161 -2.0
155 162 -0.5714285714285714
155 198 2.0
155 205 -1.7857142857142858
155 230 -1.3571428571428572
155 235 -1.7857142857142858
156 157 -0.5714285714285714
156 162 1.3571428571428572
156 163 1.7857142857142858
156 260 0.5714285714285714
156 267 0.9285714285714286
156 292 0.9285714285714286
157 158 -2.0
157 163 1.7857142857142858
157 322 2.0
157 347 2.0
158 164 1.3571428571428572
158 376 -2.0
158 382 -1.3571428571428572
159 160 -2.0
159 165 1.7857142857142858
159 166 -2.0
159 507 -2.0
159 514 -2.0
159 539 -1.3571428571428572
159 547 -1.7857142857142858
160 166 -0.9285714285714286
160 167 0.9285714285714286
160 555 -0.9285714285714286
160 562 0.9285714285714286
161 162 2.0
161 170 -0.5714285714285714
161 176 0.9285714285714286
161 198 -0.5714285714285714
161 205 1.7857142857142858
162 163 -0.5714285714285714
162 230 -0.5714285714285714
162 235 -0.5714285714285714
162 260 1.3571428571428572
162 267 -0.9285714285714286
163 292 -0.5714285714285714
163 322 0.5714285714285714
164 165 -0.5714285714285714
164 408 -1.7857142857142858
164 415 -1.7857142857142858
164 448 -0.5714285714285714
165 166 -2.0
165 473 -2.0
165 481 -0.9285714285714286
165 507 -0.5714285714285714
165 514 1.3571428571428572
166 539 -1.7857142857142858
166 547 0.5714285714285714
166 555 -0.5714285714285714
166 562 -1.3571428571428572
168 174 1.3571428571428572
169 170 -0.9285714285714286
169 175 2.0
169 176 0.9285714285714286
170 171 -1.7857142857142858
170 176 -1.7857142857142858
170 177 -0.5714285714285714
170 182 -2.0
170 189 -2.0
171 177 1.3571428571428572
171 178 -2.0
171 220 -0.9285714285714286
171 243 -1.3571428571428572
171 251 -1.3571428571428572
172 179 1.7857142857142858
172 180 -1.3571428571428572
172 333 -1.3571428571428572
172 341 -1.3571428571428572
172 361 -0.9285714285714286
173 456 -2.0
173 464 -2.0
173 489 -0.5714285714285714
173 498 -1.7857142857142858
174 175 -0.9285714285714286
175 176 1.7857142857142858
176 177 1.3571428571428572
177 178 1.3571428571428572
177 182 -1.3571428571428572
177 189 -2.0
177 220 -0.9285714285714286
178 179 -1.7857142857142858
178 243 1.3571428571428572
178 251 -0.5714285714285714
178 274 2.0
178 281 -2.0
179 180 2.0
179 305 1.7857142857142858
179 314 -1.7857142857142858
179 333 -0.5714285714285714
179 341 -2.0
180 361 -0.5714285714285714
180 390 -1.7857142857142858
180 398 -2.0
181 182 0.9285714285714286
181 188 -0.9285714285714286
182 183 -0.9285714285714286
182 188 2.0
182 189 -2.0
183 184 -1.7857142857142858
183 189 1.7857142857142858
183 190 1.3571428571428572
183 198 0.9285714285714286
183 206 2.0
183 230 2.0
183 236 2.0
184 185 1.7857142857142858
184 190 -1.3571428571428572
184 191 1.7857142857142858
184 260 0.9285714285714286
184 268 1.7857142857142858
184 292 -1.3571428571428572
184 299 0.5714285714285714
185 186 -1.3571428571428572
185 191 -1.3571428571428572
185 192 -0.5714285714285714
185 322 -2.0
185 327 1.7857142857142858
185 347 1.3571428571428572
186 192 -1.7857142857142858
186 383 -0.9285714285714286
186 408 1.3571428571428572
186 416 2.0
187 193 2.0
187 507 -2.0
187 515 -1.7857142857142858
187 539 1.3571428571428572
187 548 -0.9285714285714286
188 189 0.5714285714285714
189 190 -2.0
189 198 1.7857142857142858
189 206 -2.0
190 191 1.7857142857142858
190 230 1.3571428571428572
190 236 1.3571428571428572
190 260 -2.0
190 268 2.0
191 192 -1.3571428571428572
191 292 -0.9285714285714286
191 299 -0.9285714285714286
191 322 -2.0
191 327 -0.9285714285714286
192 347 0.5714285714285714
192 354 -2.0
192 376 0.5714285714285714
192 383 -2.0
193 194 -0.5714285714285714
193 539 1.7857142857142858
193 548 1.3571428571428572
193 555 0.5714285714285714
193 563 -0.9285714285714286
195 196 0.9285714285714286
195 203 -0.9285714285714286
196 197 1.3571428571428572
196 203 -0.5714285714285714
196 204 -0.5714285714285714
197 198 -2.0
197 204 1.3571428571428572
197 205 2.0
198 199 -0.9285714285714286
198 205 -1.7857142857142858
198 206 1.3571428571428572
199 200 2.0
199 206 -1.3571428571428572
199 207 2.0
199 212 -1.3571428571428572
199 220 -2.0
199 244 1.7857142857142858
199 251 -0.9285714285714286
200 207 -0.9285714285714286
200 208 -1.7857142857142858
200 275 1.3571428571428572
200 281 -1.3571428571428572
200 306 2.0
200 314 1.7857142857142858
201 202 -1.7857142857142858
201 209 1.7857142857142858
201 391 -1.7857142857142858
201 398 -1.7857142857142858
201 422 -1.7857142857142858
201 430 2.0
202 210 -1.7857142857142858
202 457 -2.0
202 464 2.0
202 490 -2.0
202 498 0.9285714285714286
203 204 -0.9285714285714286
204 205 -1.7857142857142858
205 206 0.5714285714285714
206 207 -1.3571428571428572
206 212 2.0
206 220 1.3571428571428572
207 208 -0.5714285714285714
207 244 0.9285714285714286
207 251 -0.5714285714285714
207 275 1.3571428571428572
207 281 -1.3571428571428572
208 209 -2.0
208 306 -2.0
208 314 -2.0
208 334 -2.0
208 341 0.9285714285714286
209 362 2.0
209 391 -0.9285714285714286
209 398 -1.7857142857142858
210 490 -0.9285714285714286
210 498 1.3571428571428572
210 522 1.7857142857142858
210 529 -1.7857142857142858
211 219 -2.0
212 213 0.5714285714285714
212 220 -0.9285714285714286
212 221 1.7857142857142858
212 236 -0.9285714285714286
213 214 -0.9285714285714286
213 221 -0.5714285714285714
213 222 -1.7857142857142858
213 261 -0.5714285714285714
213 268 -2.0
213 293 -0.5714285714285714
213 299 0.5714285714285714
214 215 -1.3571428571428572
214 222 2.0
214 323 1.3571428571428572
214 327 2.0
214 348 -1.7857142857142858
214 354 -1.7857142857142858
215 216 2.0
215 223 -2.0
215 383 0.5714285714285714
215 409 -1.3571428571428572
215 416 -0.5714285714285714
216 217 -1.7857142857142858
216 223 0.5714285714285714
216 224 -0.5714285714285714
216 441 1.3571428571428572
216 449 0.5714285714285714
216 474 2.0
216 482 -1.3571428571428572
217 218 1.7857142857142858
217 224 0.5714285714285714
217 225 -1.3571428571428572
217 515 1.7857142857142858
217 540 0.5714285714285714
217 548 0.5714285714285714
218 225 -1.7857142857142858
218 226 1.7857142857142858
218 556 -2.0
218 563 1.7857142857142858
219 220 -0.9285714285714286
220 221 0.5714285714285714
221 231 -2.0
221 236 -1.7857142857142858
221 268 -0.5714285714285714
222 293 -1.3571428571428572
222 299 0.5714285714285714
222 323 -1.3571428571428572
222 327 -2.0
223 224 1.3571428571428572
223 409 -1.3571428571428572
223 441 -1.7857142857142858
223 449 -0.9285714285714286
224 474 2.0
224 482 1.7857142857142858
224 515 0.9285714285714286
225 226 1.3571428571428572
225 540 -2.0
225 548 0.9285714285714286
225 556 -1.3571428571428572
225 563 -1.3571428571428572
227 228 -1.3571428571428572
228 229 -1.3571428571428572
228 234 1.3571428571428572
229 230 -0.5714285714285714
229 234 -0.5714285714285714
229 235 0.5714285714285714
230 231 -1.3571428571428572
230 235 1.7857142857142858
230 236 -1.3571428571428572
231 232 -2.0
231 236 -1.7857142857142858
231 237 1.7857142857142858
231 244 -2.0
231 252 -0.9285714285714286
232 233 -0.9285714285714286
232 237 -2.0
232 238 0.9285714285714286
232 275 -0.9285714285714286
232 306 0.9285714285714286
232 315 1.3571428571428572
233 238 -1.3571428571428572
233 239 -0.5714285714285714
233 334 -2.0
233 342 -1.7857142857142858
233 362 -0.5714285714285714
233 368 1.3571428571428572
234 235 -1.3571428571428572
235 236 -2.0
236 237 1.3571428571428572
237 238 -0.9285714285714286
237 244 -2.0
237 252 0.9285714285714286
237 275 1.3571428571428572
237 282 2.0
238 239 -1.7857142857142858
238 306 2.0
238 315 -2.0
238 334 -0.9285714285714286
238 342 -2.0
239 240 1.3571428571428572
239 362 1.7857142857142858
239 368 0.5714285714285714
239 391 -0.5714285714285714
239 399 -1.3571428571428572
240 241 -2.0
240 422 0.9285714285714286
240 431 1.7857142857142858
240 457 -1.7857142857142858
241 490 1.7857142857142858
241 499 1.3571428571428572
241 522 0.5714285714285714
241 530 0.9285714285714286
242 250 -0.9285714285714286
243 244 -0.9285714285714286
243 250 -1.7857142857142858
243 251 -0.9285714285714286
244 245 -0.5714285714285714
244 251 2.0
244 252 -0.9285714285714286
245 246 -0.9285714285714286
245 252 1.7857142857142858
245 253 -0.5714285714285714
245 261 -1.3571428571428572
245 269 1.3571428571428572
245 293 1.7857142857142858
246 247 1.7857142857142858
246 253 1.7857142857142858
246 254 1.7857142857142858
246 323 -2.0
246 328 1.3571428571428572
246 348 -1.3571428571428572
246 355 -2.0
247 254 0.9285714285714286
247 384 1.3571428571428572
247 409 -1.7857142857142858
247 417 0.5714285714285714
248 249 0.9285714285714286
248 255 1.7857142857142858
248 256 -0.9285714285714286
248 516 0.9285714285714286
248 540 -1.3571428571428572
248 549 0.5714285714285714
249 256 -0.9285714285714286
249 556 1.7857142857142858
249 564 0.9285714285714286
250 251 -1.7857142857142858
251 252 -1.7857142857142858
252 253 -1.7857142857142858
252 261 0.9285714285714286
252 269 1.7857142857142858
253 254 0.5714285714285714
253 293 -1.7857142857142858
253 323 0.9285714285714286
253 328 -1.7857142857142858
254 348 -1.7857142857142858
254 355 2.0
254 384 -1.3571428571428572
255 256 -2.0
255 474 -2.0
255 483 1.3571428571428572
255 516 0.9285714285714286
256 540 0.5714285714285714
256 549 0.9285714285714286
256 556 -1.3571428571428572
256 564 -2.0
257 258 1.3571428571428572
258 259 -0.9285714285714286
258 266 -1.3571428571428572
259 260 0.5714285714285714
259 266 -0.9285714285714286
259 267 0.5714285714285714
260 261 1.7857142857142858
260 267 -1.3571428571428572
260 268 2.0
261 262 -0.5714285714285714
261 268 -1.7857142857142858
261 269 -1.3571428571428572
262 263 2.0
262 269 0.9285714285714286
262 270 -1.3571428571428572
262 276 -0.5714285714285714
262 282 0.5714285714285714
262 307 2.0
262 315 0.5714285714285714
263 264 1.7857142857142858
263 270 -0.5714285714285714
263 271 0.9285714285714286
263 335 -2.0
263 342 2.0
263 363 1.3571428571428572
263 368 0.9285714285714286
264 265 -2.0
264 271 -0.5714285714285714
264 272 -0.9285714285714286
264 399 0.9285714285714286
264 423 0.5714285714285714
264 431 -1.7857142857142858
265 272 2.0
265 273 1.7857142857142858
265 458 -0.9285714285714286
265 491 1.3571428571428572
265 499 0.9285714285714286
266 267 2.0
267 268 0.5714285714285714
268 269 -1.7857142857142858
269 270 -0.5714285714285714
269 276 -1.3571428571428572
269 282 -1.7857142857142858
270 271 -0.9285714285714286
270 307 0.9285714285714286
270 315 -1.7857142857142858
270 335 -0.5714285714285714
270 342 -1.7857142857142858
271 272 -1.7857142857142858
271 363 -1.7857142857142858
271 368 1.7857142857142858
271 399 2.0
272 273 0.9285714285714286
272 423 -0.5714285714285714
272 431 -0.9285714285714286
272 458 1.3571428571428572
273 491 1.3571428571428572
273 499 -1.3571428571428572
273 523 -0.9285714285714286
273 530 1.7857142857142858
274 275 0.5714285714285714
274 281 2.0
275 276 1.3571428571428572
275 281 -2.0
275 282 1.7857142857142858
276 282 -0.9285714285714286
276 283 0.9285714285714286
276 294 1.7857142857142858
277 278 -0.9285714285714286
277 284 1.3571428571428572
277 285 0.9285714285714286
277 384 2.0
277 410 -0.5714285714285714
277 417 -1.3571428571428572
278 279 -0.9285714285714286
278 285 -0.9285714285714286
278 286 0.9285714285714286
278 442 0.9285714285714286
278 450 1.3571428571428572
278 475 0.9285714285714286
278 483 -2.0
279 280 0.5714285714285714
279 287 1.7857142857142858
279 508 -1.7857142857142858
279 541 1.3571428571428572
279 549 -2.0
280 287 2.0
280 288 0.9285714285714286
280 557 -0.5714285714285714
280 564 -1.3571428571428572
281 282 1.7857142857142858
282 283 0.5714285714285714
283 284 1.7857142857142858
283 294 0.9285714285714286
283 324 -2.0
283 328 2.0
284 285 2.0
284 349 -0.9285714285714286
284 355 -1.3571428571428572
284 384 -0.9285714285714286
285 286 -0.5714285714285714
285 410 1.3571428571428572
285 417 1.3571428571428572
285 442 -0.9285714285714286
285 450 -1.7857142857142858
286 287 -2.0
286 475 1.7857142857142858
286 483 1.3571428571428572
286 508 2.0
286 516 -2.0
287 288 2.0
287 541 -0.9285714285714286
287 557 0.9285714285714286
287 564 0.9285714285714286
289 290 -0.5714285714285714
290 291 2.0
290 298 1.3571428571428572
291 292 -1.7857142857142858
291 298 -0.5714285714285714
292 293 -2.0
292 299 -0.5714285714285714
293 294 -1.7857142857142858
293 299 -0.9285714285714286
294 295 -1.7857142857142858
294 300 0.9285714285714286
294 307 -2.0
294 316 -1.7857142857142858
295 296 -1.7857142857142858
295 300 2.0
295 301 0.5714285714285714
295 335 -1.7857142857142858
295 343 1.3571428571428572
295 363 2.0
296 297 -0.5714285714285714
296 301 2.0
296 302 1.3571428571428572
296 400 2.0
296 423 -0.5714285714285714
296 432 -0.5714285714285714
297 302 -1.7857142857142858
297 303 0.9285714285714286
297 458 1.3571428571428572
297 465 -1.7857142857142858
297 491 1.3571428571428572
297 500 -0.9285714285714286
300 301 -1.3571428571428572
300 307 0.9285714285714286
300 316 1.3571428571428572
300 343 1.3571428571428572
301 302 -1.7857142857142858
301 400 -1.3571428571428572
302 303 1.3571428571428572
302 423 1.7857142857142858
302 432 -0.5714285714285714
302 458 2.0
302 465 1.7857142857142858
303 491 -1.7857142857142858
303 500 -0.9285714285714286
303 523 1.3571428571428572
303 531 -1.3571428571428572
304 313 -0.5714285714285714
305 306 -1.7857142857142858
305 313 1.7857142857142858
305 314 0.9285714285714286
306 307 -0.9285714285714286
306 314 -1.3571428571428572
306 315 -2.0
307 308 -0.9285714285714286
307 315 1.3571428571428572
307 316 -0.5714285714285714
308 309 -0.5714285714285714
308 316 -0.5714285714285714
308 317 0.9285714285714286
308 324 1.3571428571428572
308 329 -0.9285714285714286
308 349 -0.9285714285714286
308 356 0.5714285714285714
309 310 0.5714285714285714
309 317 -1.3571428571428572
309 318 2.0
309 385 1.7857142857142858
309 410 2.0
310 311 0.5714285714285714
310 318 -1.7857142857142858
310 442 1.3571428571428572
310 451 1.3571428571428572
310 475 -1.7857142857142858
310 484 2.0
311 312 -1.3571428571428572
311 319 1.7857142857142858
311 320 1.7857142857142858
311 508 0.5714285714285714
311 517 0.5714285714285714
311 541 -0.5714285714285714
311 550 1.3571428571428572
312 320 -0.9285714285714286
312 557 0.9285714285714286
313 314 -0.5714285714285714
314 315 0.5714285714285714
316 317 1.7857142857142858
316 324 2.0
316 329 -0.9285714285714286
317 318 1.3571428571428572
317 349 -1.3571428571428572
317 356 0.9285714285714286
317 385 1.3571428571428572
318 319 2.0
318 410 -2.0
318 442 -2.0
318 451 1.3571428571428572
319 320 -1.3571428571428572
319 475 -1.3571428571428572
319 484 2.0
319 508 1.7857142857142858
319 517 0.5714285714285714
320 541 1.7857142857142858
320 550 1.7857142857142858
320 557 2.0
322 323 -0.5714285714285714
322 327 -0.9285714285714286
323 324 0.9285714285714286
323 327 1.7857142857142858
323 328 2.0
324 328 -1.3571428571428572
324 329 1.3571428571428572
325 326 1.3571428571428572
325 330 2.0
325 331 1.7857142857142858
325 392 -1.3571428571428572
325 400 -0.9285714285714286
325 424 -1.7857142857142858
325 432 0.5714285714285714
326 331 1.3571428571428572
326 459 1.3571428571428572
326 465 -0.5714285714285714
326 492 1.3571428571428572
326 500 -0.9285714285714286
327 328 2.0
328 329 -0.9285714285714286
329 330 -2.0
329 343 1.3571428571428572
330 331 -0.5714285714285714
330 369 -0.9285714285714286
330 392 1.3571428571428572
330 400 -0.5714285714285714
331 424 1.3571428571428572
331 432 1.7857142857142858
331 459 -1.7857142857142858
331 465 -0.9285714285714286
332 333 1.3571428571428572
332 340 1.7857142857142858
333 334 1.7857142857142858
333 340 0.9285714285714286
333 341 -0.9285714285714286
334 335 0.9285714285714286
334 341 2.0
334 342 -1.7857142857142858
335 342 -2.0
335 343 -2.0
336 344 -2.0
336 345 1.3571428571428572
336 377 -0.5714285714285714
336 385 1.3571428571428572
337 338 -2.0
337 345 -1.7857142857142858
337 443 1.3571428571428572
337 451 1.7857142857142858
337 476 1.3571428571428572
337 484 -1.7857142857142858
338 339 -2.0
338 509 0.9285714285714286
338 517 -0.5714285714285714
338 550 0.9285714285714286
339 346 -1.3571428571428572
339 558 -2.0
339 565 -0.9285714285714286
340 341 1.7857142857142858
341 342 1.3571428571428572
342 343 -1.7857142857142858
343 344 -1.3571428571428572
344 345 -1.7857142857142858
344 350 0.5714285714285714
344 356 0.9285714285714286
344 377 1.3571428571428572
344 385 2.0
345 443 0.5714285714285714
345 451 -0.9285714285714286
347 348 1.7857142857142858
347 354 2.0
348 349 -0.5714285714285714
348 354 -0.9285714285714286
348 355 -0.5714285714285714
349 350 2.0
349 355 -0.9285714285714286
349 356 0.5714285714285714
350 351 1.7857142857142858
350 356 -0.9285714285714286
350 357 -1.3571428571428572
350 370 -2.0
351 352 0.9285714285714286
351 357 1.3571428571428572
351 358 -0.9285714285714286
351 392 -1.3571428571428572
351 401 -2.0
351 424 -0.5714285714285714
351 433 0.5714285714285714
352 358 0.5714285714285714
352 359 -0.9285714285714286
352 459 2.0
352 466 0.9285714285714286
352 492 -0.5714285714285714
352 501 1.7857142857142858
354 355 -2.0
355 356 0.9285714285714286
356 357 -2.0
357 358 -1.3571428571428572
357 370 -2.0
357 392 0.9285714285714286
357 401 1.7857142857142858
358 359 2.0
358 424 -0.5714285714285714
358 433 -2.0
358 459 1.3571428571428572
358 466 -1.7857142857142858
359 492 0.5714285714285714
359 501 0.5714285714285714
359 524 1.3571428571428572
359 532 -0.9285714285714286
360 361 0.9285714285714286
361 362 1.3571428571428572
362 363 -1.7857142857142858
362 368 0.9285714285714286
363 368 -1.7857142857142858
363 369 0.9285714285714286
364 365 1.7857142857142858
364 370 -0.9285714285714286
364 371 0.9285714285714286
364 377 -0.9285714285714286
364 386 0.5714285714285714
365 366 -1.3571428571428572
365 371 -2.0
365 443 1.7857142857142858
365 452 1.3571428571428572
365 476 -1.3571428571428572
365 485 1.3571428571428572
366 367 0.9285714285714286
366 372 -0.5714285714285714
366 373 -0.9285714285714286
366 509 1.7857142857142858
366 518 -1.3571428571428572
366 542 -1.3571428571428572
366 551 -0.9285714285714286
367 373 1.3571428571428572
367 558 1.7857142857142858
367 566 1.3571428571428572
368 369 -0.5714285714285714
369 370 -2.0
370 371 0.5714285714285714
370 377 -0.9285714285714286
370 386 2.0
371 372 0.9285714285714286
371 443 -1.3571428571428572
371 452 0.5714285714285714
372 373 1.7857142857142858
372 476 0.9285714285714286
372 509 0.5714285714285714
372 518 -2.0
373 542 -0.5714285714285714
373 551 2.0
373 558 2.0
373 566 0.5714285714285714
374 380 -0.5714285714285714
375 380 -1.7857142857142858
375 381 0.5714285714285714
376 382 0.9285714285714286
376 383 -1.7857142857142858
377 378 -0.5714285714285714
377 385 0.9285714285714286
377 386 1.7857142857142858
378 379 -1.3571428571428572
378 386 -1.7857142857142858
378 387 -2.0
378 393 0.9285714285714286
378 401 1.7857142857142858
378 425 -0.5714285714285714
378 433 -0.5714285714285714
379 387 -2.0
379 388 0.5714285714285714
379 460 -0.9285714285714286
379 466 2.0
379 493 -1.7857142857142858
379 501 -0.5714285714285714
380 381 0.5714285714285714
381 382 -0.5714285714285714
382 383 1.3571428571428572
383 384 1.3571428571428572
384 385 2.0
385 386 1.3571428571428572
386 387 -1.3571428571428572
386 393 -2.0
386 401 -1.7857142857142858
387 388 1.7857142857142858
387 425 1.7857142857142858
387 433 1.7857142857142858
387 460 -1.7857142857142858
387 466 1.7857142857142858
388 493 -0.5714285714285714
388 501 -0.9285714285714286
388 525 -1.7857142857142858
388 532 -0.5714285714285714
389 390 2.0
389 397 -1.7857142857142858
390 391 -0.9285714285714286
390 397 -2.0
390 398 0.5714285714285714
391 398 0.9285714285714286
391 399 -0.5714285714285714
392 393 0.9285714285714286
392 400 -1.7857142857142858
392 401 2.0
393 394 -0.9285714285714286
393 401 -1.3571428571428572
393 402 2.0
393 411 -0.9285714285714286
394 395 0.5714285714285714
394 402 1.7857142857142858
394 403 -2.0
394 444 1.3571428571428572
394 452 -0.9285714285714286
394 477 0.5714285714285714
394 485 1.7857142857142858
395 396 -1.3571428571428572
395 403 -1.7857142857142858
395 404 0.5714285714285714
395 510 -2.0
395 518 -1.3571428571428572
395 543 0.9285714285714286
395 551 1.3571428571428572
396 404 -0.5714285714285714
396 559 1.7857142857142858
396 566 -0.5714285714285714
397 398 -2.0
398 399 2.0
399 400 0.5714285714285714
400 401 -1.7857142857142858
401 402 2.0
402 403 -1.7857142857142858
402 411 -1.3571428571428572
402 444 1.7857142857142858
402 452 0.5714285714285714
403 404 -1.3571428571428572
403 477 -0.5714285714285714
403 485 -1.3571428571428572
403 510 -2.0
403 518 0.5714285714285714
404 543 -0.9285714285714286
404 551 -0.5714285714285714
404 559 -0.9285714285714286
404 566 -0.5714285714285714
405 406 0.5714285714285714
405 413 -0.9285714285714286
406 407 2.0
406 413 1.3571428571428572
406 414 0.9285714285714286
407 408 -0.9285714285714286
407 414 -1.7857142857142858
407 415 -2.0
408 409 -0.5714285714285714
408 415 1.7857142857142858
408 416 2.0
409 410 -1.3571428571428572
409 416 -1.3571428571428572
409 417 1.3571428571428572
410 417 1.7857142857142858
411 412 -2.0
411 418 0.5714285714285714
411 425 1.3571428571428572
411 434 2.0
412 418 1.7857142857142858
412 419 -0.9285714285714286
412 460 1.3571428571428572
412 467 -1.3571428571428572
412 493 0.9285714285714286
412 502 0.5714285714285714
413 414 -1.3571428571428572
414 415 2.0
415 416 0.5714285714285714
416 417 1.7857142857142858
418 419 1.7857142857142858
418 425 0.5714285714285714
418 434 -2.0
418 460 0.5714285714285714
418 467 0.9285714285714286
419 493 2.0
419 502 -1.3571428571428572
419 525 0.5714285714285714
419 533 1.3571428571428572
420 421 -0.9285714285714286
420 429 -2.0
421 429 2.0
421 430 0.5714285714285714
422 423 -0.5714285714285714
422 431 1.3571428571428572
423 424 0.5714285714285714
423 431 -2.0
423 432 1.3571428571428572
424 425 -0.5714285714285714
424 432 -0.9285714285714286
424 433 -1.7857142857142858
425 426 0.9285714285714286
425 433 0.5714285714285714
425 434 -2.0
426 427 -0.9285714285714286
426 435 -1.7857142857142858
426 444 1.7857142857142858
426 477 -0.9285714285714286
426 486 -1.7857142857142858
427 428 -2.0
427 435 -0.9285714285714286
427 436 0.9285714285714286
427 510 -0.5714285714285714
427 519 0.9285714285714286
427 543 -1.3571428571428572
427 552 -0.9285714285714286
428 436 -0.5714285714285714
428 437 1.7857142857142858
428 559 1.3571428571428572
428 567 2.0
429 430 1.3571428571428572
430 431 0.5714285714285714
431 432 -0.9285714285714286
432 433 0.9285714285714286
433 434 -1.7857142857142858
434 444 0.5714285714285714
434 453 -0.9285714285714286
435 436 -1.3571428571428572
435 477 0.5714285714285714
435 486 -2.0
435 510 -0.9285714285714286
435 519 0.9285714285714286
436 437 1.7857142857142858
436 543 2.0
436 552 -0.5714285714285714
436 559 -2.0
436 567 2.0
438 446 0.9285714285714286
439 440 -1.7857142857142858
439 447 1.7857142857142858
439 448 -1.7857142857142858
440 441 -2.0
440 448 -0.9285714285714286
440 449 -1.7857142857142858
441 442 2.0
441 449 2.0
441 450 -1.3571428571428572
442 443 -1.3571428571428572
442 450 1.3571428571428572
442 451 2.0
443 444 -0.9285714285714286
443 451 -0.5714285714285714
443 452 0.5714285714285714
444 445 -0.9285714285714286
444 452 1.3571428571428572
444 453 2.0
445 453 1.7857142857142858
445 454 1.7857142857142858
445 467 0.9285714285714286
445 494 -2.0
445 502 0.9285714285714286
446 447 -0.5714285714285714
447 448 -0.9285714285714286
448 449 -1.3571428571428572
449 450 0.5714285714285714
450 451 -1.7857142857142858
451 452 -1.7857142857142858
452 453 2.0
453 454 1.3571428571428572
453 467 -1.7857142857142858
454 494 -1.7857142857142858
454 502 1.3571428571428572
454 526 2.0
455 456 1.7857142857142858
455 463 -1.3571428571428572
456 457 0.9285714285714286
456 463 0.9285714285714286
456 464 1.7857142857142858
457 458 -2.0
457 464 1.7857142857142858
458 459 -1.3571428571428572
458 465 -2.0
459 460 -2.0
459 465 -2.0
459 466 0.5714285714285714
460 466 -0.9285714285714286
460 467 -0.9285714285714286
461 462 1.3571428571428572
461 468 1.7857142857142858
461 469 -1.3571428571428572
461 511 0.5714285714285714
461 519 -0.9285714285714286
461 544 -1.3571428571428572
461 552 1.3571428571428572
462 469 -0.5714285714285714
462 470 -0.9285714285714286
462 560 -0.5714285714285714
462 567 -2.0
463 464 -0.5714285714285714
465 466 1.3571428571428572
466 467 0.5714285714285714
467 468 -0.5714285714285714
468 469 -0.5714285714285714
468 478 1.3571428571428572
468 486 -0.9285714285714286
468 511 -1.7857142857142858
468 519 1.7857142857142858
469 470 -0.5714285714285714
469 544 -2.0
469 552 -1.3571428571428572
469 560 1.7857142857142858
469 567 1.7857142857142858
471 472 -0.9285714285714286
471 479 -2.0
472 479 0.5714285714285714
472 480 -1.7857142857142858
473 474 -2.0
473 481 0.5714285714285714
473 482 -0.9285714285714286
474 475 0.9285714285714286
474 482 0.5714285714285714
474 483 -1.7857142857142858
475 476 1.3571428571428572
475 483 0.9285714285714286
475 484 2.0
476 477 -0.9285714285714286
476 484 -2.0
476 485 -0.5714285714285714
477 478 -1.3571428571428572
477 485 -0.5714285714285714
477 486 -2.0
478 486 -1.7857142857142858
478 487 -0.5714285714285714
478 494 2.0
479 480 -1.3571428571428572
480 481 1.3571428571428572
481 482 1.7857142857142858
482 483 1.3571428571428572
484 485 0.9285714285714286
485 486 0.5714285714285714
486 487 1.3571428571428572
487 494 -0.5714285714285714
487 526 1.3571428571428572
487 534 -1.3571428571428572
488 489 0.9285714285714286
488 497 -1.7857142857142858
489 490 2.0
489 498 1.3571428571428572
490 491 1.3571428571428572
490 498 -2.0
490 499 -1.3571428571428572
491 492 -0.5714285714285714
491 499 2.0
491 500 -0.9285714285714286
492 493 0.5714285714285714
492 500 -0.5714285714285714
492 501 -0.5714285714285714
493 494 0.5714285714285714
493 501 1.7857142857142858
493 502 -1.7857142857142858
494 495 1.3571428571428572
494 502 0.5714285714285714
495 496 1.7857142857142858
495 503 0.5714285714285714
495 511 1.7857142857142858
495 520 -0.5714285714285714
495 544 1.3571428571428572
496 503 0.5714285714285714
496 504 -0.5714285714285714
496 560 -2.0
496 568 -2.0
497 498 -0.5714285714285714
498 499 1.7857142857142858
499 500 -0.5714285714285714
500 501 -0.9285714285714286
501 502 -0.5714285714285714
503 504 1.3571428571428572
503 544 -1.7857142857142858
503 560 -1.7857142857142858
503 568 -0.9285714285714286
505 506 -0.9285714285714286
505 512 1.7857142857142858
505 513 0.9285714285714286
506 507 -1.3571428571428572
506 513 0.5714285714285714
506 514 -1.7857142857142858
507 514 -0.9285714285714286
507 515 -1.3571428571428572
508 509 -0.5714285714285714
508 516 0.5714285714285714
508 517 0.5714285714285714
509 510 0.9285714285714286
509 517 -0.5714285714285714
509 518 0.9285714285714286
510 511 0.9285714285714286
510 519 2.0
511 519 -0.5714285714285714
511 520 0.5714285714285714
512 513 2.0
513 514 -0.5714285714285714
514 515 2.0
515 516 2.0
516 517 -1.7857142857142858
517 518 1.7857142857142858
518 519 2.0
519 520 1.7857142857142858
520 527 2.0
520 534 2.0
521 522 1.3571428571428572
521 529 -1.7857142857142858
522 523 0.9285714285714286
522 530 2.0
523 524 0.9285714285714286
523 530 2.0
523 531 1.7857142857142858
524 525 -0.9285714285714286
524 531 -0.5714285714285714
524 532 -0.9285714285714286
525 526 2.0
525 532 2.0
525 533 0.5714285714285714
526 527 2.0
526 533 1.3571428571428572
526 534 0.9285714285714286
527 528 -1.3571428571428572
527 534 2.0
527 535 -1.7857142857142858
528 535 -1.7857142857142858
528 536 -0.9285714285714286
528 568 -0.9285714285714286
529 530 0.9285714285714286
530 531 -2.0
531 532 -0.9285714285714286
532 533 -2.0
533 534 -1.3571428571428572
534 535 1.3571428571428572
535 536 2.0
535 568 2.0
537 538 -0.5714285714285714
537 545 1.7857142857142858
537 546 1.3571428571428572
538 539 -0.5714285714285714
538 546 1.7857142857142858
538 547 1.3571428571428572
539 540 -2.0
539 547 -2.0
539 548 1.3571428571428572
540 541 -0.9285714285714286
540 548 0.9285714285714286
540 549 1.7857142857142858
541 542 1.7857142857142858
541 549 0.5714285714285714
541 550 2.0
542 543 -0.9285714285714286
542 550 -1.7857142857142858
542 551 0.9285714285714286
543 544 2.0
543 551 2.0
543 552 -2.0
544 552 -0.5714285714285714
545 546 1.3571428571428572
546 547 -0.5714285714285714
547 548 2.0
548 549 1.7857142857142858
549 550 -1.3571428571428572
550 551 -1.7857142857142858
551 552 0.5714285714285714
553 561 -1.7857142857142858
554 555 -2.0
554 562 -1.3571428571428572
555 556 -1.3571428571428572
555 563 -1.3571428571428572
556 557 0.5714285714285714
556 563 -1.3571428571428572
556 564 1.3571428571428572
557 558 -1.7857142857142858
557 564 2.0
557 565 -0.5714285714285714
558 559 0.5714285714285714
558 565 -0.5714285714285714
559 560 -1.3571428571428572
559 566 -0.9285714285714286
559 567 -1.3571428571428572
560 567 1.3571428571428572
560 568 -2.0
562 563 -0.9285714285714286
563 564 -0.9285714285714286
564 565 -0.5714285714285714
565 566 -0.9285714285714286
566 567 -0.5714285714285714
567 568 1.7857142857142858
