340 1321
1 1 -1.0714285714285712
2 2 3.2857142857142865
3 3 -0.5714285714285718
4 4 3.0
5 5 2.571428571428571
6 6 1.0
7 7 -1.0000000000000004
8 8 1.9285714285714286
9 9 -5.7142857142857135
10 10 -0.4285714285714286
11 11 2.0
12 12 -0.1428571428571428
13 13 -0.8571428571428572
14 14 0.5714285714285714
15 15 -5.785714285714286
16 16 -5.071428571428571
17 17 -5.285714285714286
18 18 -8.071428571428571
19 19 -6.142857142857143
20 20 -2.7142857142857144
21 21 -4.0
22 22 -3.7142857142857144
23 23 -0.714285714285714
24 24 -0.7857142857142854
25 25 4.0
26 26 1.2857142857142856
27 27 4.928571428571429
28 28 2.0
29 29 -7.214285714285714
30 30 4.5
31 31 -3.428571428571429
32 32 3.3571428571428568
33 33 5.214285714285714
34 34 1.142857142857143
35 35 0.5714285714285714
36 36 2.3571428571428568
37 37 2.8571428571428568
38 38 1.3571428571428572
39 39 3.7142857142857144
40 40 -1.2142857142857142
41 41 -1.0714285714285714
42 42 2.428571428571429
43 43 -0.2857142857142858
44 44 2.5714285714285716
45 45 -6.142857142857142
46 46 0.2142857142857144
47 47 3.1428571428571432
48 48 -0.4285714285714286
49 49 -1.2142857142857142
50 50 1.7142857142857142
51 51 -0.3571428571428572
52 52 -4.071428571428571
53 53 1.0000000000000002
54 54 -1.4285714285714286
55 55 0.2857142857142856
56 56 2.2142857142857144
57 57 -0.9999999999999996
58 58 -3.5
59 59 1.1428571428571432
60 60 3.2857142857142856
61 61 -1.7857142857142858
62 62 -8.214285714285715
63 63 -3.5714285714285716
64 64 -7.0
65 65 5.642857142857143
66 66 1.5
67 67 -3.0714285714285716
68 68 1.7142857142857146
69 69 -3.7857142857142856
70 70 -1.0714285714285716
71 71 3.4285714285714293
72 72 -0.35714285714285765
73 73 -3.0
74 74 -5.928571428571429
75 75 2.7857142857142856
76 76 -1.142857142857143
77 77 3.7857142857142856
78 78 2.2857142857142856
79 79 1.8571428571428572
80 80 1.6428571428571435
81 81 -0.2142857142857144
82 82 -1.285714285714286
83 83 -3.142857142857143
84 84 2.0
85 85 -1.7857142857142858
86 86 1.3571428571428565
87 87 2.7857142857142856
88 88 -1.5000000000000002
89 89 0.7857142857142854
90 90 3.357142857142857
91 91 -2.2142857142857144
92 92 -3.428571428571429
93 93 -6.928571428571429
94 94 2.285714285714286
95 95 2.5000000000000004
96 96 -6.071428571428571
97 97 -0.4999999999999998
98 98 -5.0
99 99 3.357142857142857
100 100 -1.3571428571428574
101 101 5.785714285714286
102 102 -2.8571428571428568
103 103 -2.642857142857143
104 104 4.785714285714286
105 105 0.1428571428571428
106 106 4.2857142857142865
107 107 -5.714285714285714
108 108 2.571428571428571
109 109 0.8571428571428572
110 110 6.5
111 111 3.857142857142857
112 112 1.6428571428571428
113 113 -3.8571428571428577
114 114 5.7142857142857135
115 115 1.7857142857142858
116 116 4.571428571428571
117 117 7.214285714285714
118 118 5.214285714285714
119 119 2.357142857142857
120 120 5.0
121 121 0.1428571428571428
122 122 2.3571428571428577
123 123 -0.6428571428571428
124 124 3.5714285714285716
125 125 -0.5714285714285712
126 126 0.7142857142857142
127 127 5.428571428571428
128 128 6.642857142857142
129 129 2.8571428571428568
130 130 -1.142857142857143
131 131 -1.0714285714285716
132 132 -3.2142857142857144
133 133 2.2142857142857144
134 134 4.857142857142858
135 135 -1.4285714285714282
136 136 -0.9285714285714288
137 137 3.7857142857142856
138 138 0.642857142857143
139 139 0.7857142857142858
140 140 0.9285714285714286
142 142 -0.7857142857142858
143 143 7.571428571428571
144 144 1.9285714285714284
145 145 1.9999999999999996
146 146 1.5000000000000004
147 147 2.2142857142857144
148 148 6.0
149 149 3.285714285714286
150 150 -0.4285714285714286
151 151 -0.7857142857142856
152 152 -2.2142857142857144
153 153 3.7142857142857144
154 154 -0.5
155 155 1.1428571428571435
156 156 1.357142857142857
157 157 -0.2142857142857144
158 158 -3.071428571428572
159 159 -3.2857142857142847
160 160 -4.428571428571429
161 161 4.857142857142858
162 162 3.071428571428572
163 163 3.857142857142857
164 164 6.071428571428572
165 165 -3.571428571428571
166 166 1.2857142857142858
167 167 3.7142857142857144
168 168 5.7857142857142865
169 169 4.142857142857143
170 170 -1.857142857142857
171 171 -0.1428571428571428
172 172 3.071428571428571
173 173 -2.4285714285714284
174 174 3.2857142857142847
175 175 -3.642857142857143
176 176 1.2142857142857142
177 177 1.7142857142857144
178 178 -2.357142857142857
179 179 -4.071428571428572
180 180 0.3571428571428572
181 181 -1.642857142857143
182 182 4.642857142857142
183 183 0.5714285714285712
184 184 -8.071428571428573
185 185 1.2142857142857146
186 186 -1.7142857142857146
187 187 -3.6428571428571423
188 188 6.714285714285715
189 189 3.928571428571429
190 190 2.2142857142857144
191 191 -0.4285714285714286
192 192 4.571428571428571
193 193 -1.2142857142857142
194 194 1.8571428571428577
195 195 -2.214285714285714
196 196 2.928571428571429
197 197 2.9285714285714284
198 198 0.7142857142857142
199 199 1.5714285714285712
200 200 3.714285714285714
201 201 -1.0000000000000004
202 202 2.1428571428571432
203 203 -3.071428571428571
204 204 1.5714285714285714
205 205 -2.2857142857142865
206 206 -3.928571428571429
207 207 -0.2142857142857144
208 208 -0.9285714285714284
209 209 0.4285714285714286
210 210 0.14285714285714302
211 211 -0.07142857142857162
212 212 -2.7857142857142856
213 213 5.071428571428571
214 214 -5.7142857142857135
215 215 1.3571428571428574
216 216 2.8571428571428568
217 217 7.000000000000001
218 218 4.928571428571429
219 219 -6.357142857142858
220 220 1.9285714285714282
221 221 -3.2142857142857144
222 222 -1.0000000000000002
223 223 -1.2142857142857142
224 224 -1.7857142857142858
225 225 0.857142857142857
226 226 -0.8571428571428572
227 227 -3.357142857142857
228 228 -2.428571428571429
229 229 -1.3571428571428572
230 230 0.1428571428571428
231 231 0.1428571428571428
232 232 -0.6428571428571428
233 233 1.9285714285714286
234 234 -3.5714285714285716
235 235 3.642857142857143
236 236 -1.142857142857143
237 237 0.14285714285714302
238 238 1.9285714285714288
239 239 -1.0
240 240 -2.571428571428571
241 241 3.7142857142857144
242 242 -2.571428571428571
243 243 0.2857142857142858
244 244 0.9999999999999998
245 245 0.6428571428571426
246 246 0.714285714285714
247 247 7.428571428571429
248 248 3.6428571428571423
249 249 2.0
250 250 -3.2857142857142856
251 251 -0.5
252 252 5.714285714285714
253 253 2.0
254 254 2.1428571428571432
255 255 3.2857142857142856
256 256 -0.2142857142857142
257 257 3.357142857142857
258 258 6.428571428571429
259 259 -3.2857142857142856
260 260 -0.4285714285714284
261 261 3.7142857142857144
262 262 2.8571428571428568
263 263 -0.7857142857142865
264 264 3.071428571428571
265 265 0.5714285714285714
266 266 1.4285714285714288
267 267 -2.2142857142857144
268 268 -5.2857142857142865
269 269 1.785714285714286
270 270 2.357142857142857
271 271 3.7142857142857144
272 272 -5.071428571428571
273 273 0.4285714285714286
274 274 6.0
275 275 4.2857142857142865
276 276 2.428571428571429
277 277 0.07142857142857206
278 278 1.642857142857143
279 279 -1.7142857142857144
280 280 1.0
281 281 0.5714285714285714
282 282 6.2142857142857135
283 283 2.8571428571428568
284 284 -2.571428571428572
285 285 0.7857142857142858
286 286 3.3571428571428568
287 287 3.2142857142857144
288 288 0.3571428571428572
289 289 3.571428571428571
290 290 2.1428571428571432
291 291 -0.642857142857143
292 292 -5.714285714285714
293 293 -4.142857142857143
294 294 3.2857142857142856
295 295 0.2857142857142858
296 296 -3.2142857142857144
297 297 3.7857142857142856
298 298 1.9285714285714295
299 299 -0.7857142857142854
300 300 2.7142857142857144
301 301 5.428571428571429
302 302 0.5714285714285712
303 303 -7.142857142857142
304 304 0.5714285714285714
305 305 0.6428571428571428
306 306 -1.0
307 307 -2.3571428571428568
308 308 3.7857142857142865
309 309 -3.2857142857142856
310 310 -3.5000000000000004
311 311 -1.9999999999999996
312 312 -2.071428571428571
313 313 2.2857142857142856
314 314 -3.1428571428571432
315 315 -2.928571428571429
316 316 -4.142857142857143
317 317 -1.5000000000000002
318 318 -0.7857142857142858
319 319 1.642857142857143
320 320 2.7142857142857144
321 321 4.5
322 322 -2.5
323 323 0.5714285714285712
324 324 -3.428571428571429
325 325 1.2857142857142854
326 326 -3.7142857142857144
327 327 5.071428571428571
328 328 1.3571428571428572
329 329 1.3571428571428572
330 330 7.2857142857142865
331 331 3.5714285714285716
332 332 -4.0
333 333 -4.857142857142858
334 334 3.928571428571429
335 335 0.857142857142857
336 336 7.071428571428571
337 337 1.0
338 338 3.000000000000001
339 339 -4.357142857142858
340 340 1.0714285714285714
1 2 2.0
1 7 -1.3571428571428572
1 43 1.7857142857142858
1 69 -1.3571428571428572
2 3 -0.5714285714285714
2 8 -1.7857142857142858
2 86 -2.0
2 106 -0.9285714285714286
3 4 0.9285714285714286
3 8 0.9285714285714286
3 9 2.0
3 128 -1.3571428571428572
3 154 -1.3571428571428572
4 9 0.5714285714285714
4 10 -1.3571428571428572
4 178 -1.3571428571428572
4 202 -1.7857142857142858
5 6 -0.5714285714285714
5 11 -2.0
5 268 -0.5714285714285714
5 292 0.5714285714285714
6 11 1.3571428571428572
6 12 0.5714285714285714
6 303 -1.7857142857142858
6 316 -0.5714285714285714
7 8 0.9285714285714286
7 69 2.0
7 86 -0.5714285714285714
8 9 2.0
8 106 -2.0
8 128 -2.0
9 154 0.5714285714285714
9 178 0.5714285714285714
10 202 1.7857142857142858
11 12 -1.7857142857142858
11 292 -1.3571428571428572
11 303 1.7857142857142858
12 316 1.3571428571428572
13 19 1.7857142857142858
13 50 -0.9285714285714286
13 69 -0.9285714285714286
13 73 0.9285714285714286
14 15 0.9285714285714286
14 20 -0.9285714285714286
14 128 -0.9285714285714286
14 134 -0.5714285714285714
14 154 0.9285714285714286
15 16 1.3571428571428572
15 20 0.9285714285714286
15 21 2.0
15 202 0.5714285714285714
16 17 0.9285714285714286
16 21 2.0
16 22 -0.5714285714285714
16 250 1.3571428571428572
17 18 1.7857142857142858
17 22 0.5714285714285714
17 23 2.0
17 268 1.3571428571428572
17 272 -2.0
17 292 2.0
17 298 -1.3571428571428572
18 23 0.5714285714285714
18 24 2.0
18 303 1.3571428571428572
18 310 0.9285714285714286
18 316 2.0
18 322 -0.5714285714285714
19 69 1.7857142857142858
19 73 1.7857142857142858
19 86 -0.5714285714285714
19 91 1.3571428571428572
20 154 0.9285714285714286
20 178 1.7857142857142858
21 22 1.7857142857142858
21 202 -1.7857142857142858
22 23 -2.0
22 250 0.5714285714285714
22 268 1.3571428571428572
22 272 2.0
23 24 0.5714285714285714
23 292 1.3571428571428572
23 298 -1.7857142857142858
23 303 2.0
23 310 -2.0
24 316 -1.7857142857142858
24 322 2.0
24 334 -2.0
25 26 -1.3571428571428572
25 32 -2.0
25 44 -2.0
25 50 1.7857142857142858
25 70 1.3571428571428572
25 73 -1.7857142857142858
26 27 -0.9285714285714286
26 32 0.9285714285714286
26 33 -1.3571428571428572
26 91 2.0
26 111 -0.5714285714285714
27 28 -1.3571428571428572
27 33 0.9285714285714286
27 34 -0.5714285714285714
27 129 -1.7857142857142858
27 134 -1.7857142857142858
27 155 0.5714285714285714
28 29 1.7857142857142858
28 34 -1.7857142857142858
28 35 -1.7857142857142858
28 179 0.5714285714285714
28 203 0.5714285714285714
29 30 0.9285714285714286
29 35 1.7857142857142858
29 227 1.3571428571428572
29 250 1.3571428571428572
30 31 -0.9285714285714286
30 36 -1.7857142857142858
30 269 -1.3571428571428572
30 272 1.3571428571428572
30 293 -1.7857142857142858
30 298 -0.9285714285714286
31 36 2.0
31 304 1.7857142857142858
31 310 1.7857142857142858
31 317 0.5714285714285714
31 322 -1.7857142857142858
32 33 -1.3571428571428572
32 70 -0.9285714285714286
32 73 0.9285714285714286
32 91 -0.9285714285714286
33 34 -0.5714285714285714
33 111 -0.5714285714285714
33 129 -0.9285714285714286
33 134 -1.3571428571428572
34 35 -2.0
34 155 1.7857142857142858
34 179 2.0
35 203 -0.5714285714285714
35 227 2.0
36 293 2.0
36 298 -2.0
36 304 -2.0
36 310 -0.5714285714285714
37 38 -1.7857142857142858
37 44 -2.0
37 51 -1.7857142857142858
37 70 1.3571428571428572
37 74 1.3571428571428572
38 92 1.3571428571428572
38 112 -0.9285714285714286
39 42 -2.0
39 129 -0.5714285714285714
39 135 -1.3571428571428572
39 155 -1.7857142857142858
39 161 2.0
40 41 1.7857142857142858
40 269 -1.7857142857142858
40 273 0.5714285714285714
40 293 2.0
40 299 -1.3571428571428572
41 304 -0.9285714285714286
41 311 0.5714285714285714
41 317 0.5714285714285714
41 323 -0.9285714285714286
42 155 2.0
42 161 -1.3571428571428572
42 179 0.9285714285714286
42 185 -2.0
43 44 -0.9285714285714286
43 50 -0.5714285714285714
44 45 0.5714285714285714
44 51 1.7857142857142858
45 46 2.0
45 51 2.0
45 52 1.3571428571428572
45 57 -1.7857142857142858
45 80 2.0
46 47 0.5714285714285714
46 52 -0.9285714285714286
46 53 -0.9285714285714286
46 118 -0.9285714285714286
47 48 2.0
47 53 -1.7857142857142858
47 54 -0.5714285714285714
47 141 -2.0
47 167 -1.3571428571428572
48 49 -0.5714285714285714
48 54 -1.7857142857142858
48 55 1.3571428571428572
48 213 -0.5714285714285714
49 55 -2.0
49 234 1.7857142857142858
49 256 2.0
50 51 -2.0
51 52 0.9285714285714286
51 57 -0.5714285714285714
52 53 0.9285714285714286
52 80 1.7857142857142858
53 54 2.0
53 118 -1.7857142857142858
53 141 0.5714285714285714
54 55 1.7857142857142858
55 56 0.9285714285714286
55 213 -1.7857142857142858
55 234 -0.5714285714285714
56 256 -1.3571428571428572
56 279 -1.7857142857142858
57 58 -0.5714285714285714
57 63 0.5714285714285714
57 71 2.0
57 74 1.3571428571428572
58 59 2.0
58 63 -0.5714285714285714
58 64 0.9285714285714286
58 92 0.9285714285714286
58 107 1.3571428571428572
58 112 -0.5714285714285714
59 64 0.9285714285714286
59 65 -1.3571428571428572
59 130 -0.5714285714285714
59 135 -1.7857142857142858
59 156 0.5714285714285714
59 161 -0.9285714285714286
60 66 -0.5714285714285714
60 180 -1.7857142857142858
60 185 -0.9285714285714286
60 204 0.9285714285714286
60 209 -0.9285714285714286
61 62 1.3571428571428572
61 67 -0.9285714285714286
61 273 1.7857142857142858
61 294 1.3571428571428572
61 299 -1.7857142857142858
62 67 1.7857142857142858
62 68 1.3571428571428572
62 305 1.3571428571428572
62 311 0.5714285714285714
62 323 1.7857142857142858
63 64 2.0
63 71 -1.7857142857142858
63 74 2.0
63 92 1.3571428571428572
64 65 0.5714285714285714
64 107 -0.5714285714285714
64 112 0.5714285714285714
64 130 0.5714285714285714
64 135 2.0
65 66 0.5714285714285714
65 156 -2.0
65 161 -2.0
65 180 0.5714285714285714
65 185 -2.0
66 204 -0.5714285714285714
66 209 -0.9285714285714286
67 68 0.5714285714285714
67 294 -2.0
67 299 1.3571428571428572
67 305 1.3571428571428572
67 311 0.9285714285714286
68 323 -0.9285714285714286
68 330 -1.7857142857142858
68 335 -0.9285714285714286
69 70 0.9285714285714286
69 73 1.3571428571428572
70 71 -0.5714285714285714
70 73 -2.0
70 74 0.9285714285714286
71 74 -0.9285714285714286
71 75 -1.7857142857142858
71 80 -0.9285714285714286
71 82 0.5714285714285714
72 75 2.0
72 76 0.9285714285714286
72 118 -2.0
72 123 -0.5714285714285714
73 74 1.7857142857142858
74 75 -0.5714285714285714
75 76 -2.0
75 80 -1.7857142857142858
75 82 1.3571428571428572
76 77 2.0
76 118 -0.9285714285714286
76 123 0.9285714285714286
76 141 2.0
76 147 -1.7857142857142858
77 78 -2.0
77 167 -2.0
77 172 -1.7857142857142858
78 79 -1.3571428571428572
78 213 -0.9285714285714286
78 220 -0.5714285714285714
78 234 0.5714285714285714
78 240 2.0
79 256 0.9285714285714286
79 279 0.5714285714285714
79 285 -2.0
80 81 -0.9285714285714286
80 82 -1.7857142857142858
81 82 -2.0
81 83 -0.9285714285714286
81 93 1.3571428571428572
81 107 1.7857142857142858
81 113 0.9285714285714286
82 83 1.7857142857142858
82 93 1.3571428571428572
83 107 0.9285714285714286
83 113 1.3571428571428572
83 130 -2.0
83 136 2.0
84 204 -2.0
85 294 0.9285714285714286
85 300 -0.9285714285714286
85 305 1.7857142857142858
86 91 1.7857142857142858
87 88 1.3571428571428572
87 93 2.0
87 94 -2.0
87 96 -1.7857142857142858
87 119 -1.7857142857142858
87 123 -0.5714285714285714
88 89 1.7857142857142858
88 94 -2.0
88 147 0.9285714285714286
88 172 -0.5714285714285714
89 95 -1.7857142857142858
89 191 -0.5714285714285714
89 214 1.7857142857142858
89 220 -2.0
90 95 -1.7857142857142858
90 235 -0.9285714285714286
90 240 1.3571428571428572
90 257 -2.0
91 92 -2.0
92 93 1.7857142857142858
93 94 -0.9285714285714286
93 96 1.3571428571428572
94 119 2.0
94 123 2.0
94 147 -1.3571428571428572
95 214 -1.3571428571428572
95 220 2.0
95 235 1.7857142857142858
95 240 -1.3571428571428572
96 97 2.0
96 100 1.7857142857142858
96 108 1.7857142857142858
96 113 0.9285714285714286
97 98 0.9285714285714286
97 100 -2.0
97 101 -1.7857142857142858
97 131 0.5714285714285714
97 136 2.0
97 157 -1.7857142857142858
97 162 0.5714285714285714
98 101 -1.3571428571428572
98 102 0.9285714285714286
98 181 1.7857142857142858
98 186 1.7857142857142858
98 205 0.9285714285714286
99 103 1.3571428571428572
99 104 -2.0
99 270 -0.9285714285714286
99 274 -1.7857142857142858
100 101 -0.5714285714285714
100 108 1.3571428571428572
100 113 -0.5714285714285714
100 136 1.3571428571428572
101 102 1.3571428571428572
101 157 -0.5714285714285714
101 162 0.9285714285714286
101 181 -1.7857142857142858
101 186 -2.0
102 103 -2.0
102 205 2.0
102 228 0.5714285714285714
103 104 -2.0
103 246 1.7857142857142858
103 251 2.0
103 270 0.5714285714285714
103 274 0.9285714285714286
104 105 1.7857142857142858
104 295 -2.0
104 300 -0.5714285714285714
105 318 0.9285714285714286
105 324 -0.9285714285714286
105 331 -0.5714285714285714
105 336 -1.3571428571428572
106 111 -1.3571428571428572
107 108 1.7857142857142858
107 112 -1.3571428571428572
107 113 1.7857142857142858
108 109 -1.3571428571428572
108 113 -2.0
108 114 -1.7857142857142858
108 119 -0.5714285714285714
108 124 -1.7857142857142858
109 114 1.7857142857142858
109 115 0.9285714285714286
109 148 -1.7857142857142858
109 168 -1.3571428571428572
109 173 0.9285714285714286
110 116 -1.7857142857142858
110 117 -0.9285714285714286
110 235 -1.7857142857142858
110 241 -1.3571428571428572
110 257 1.3571428571428572
110 262 -2.0
111 112 -1.3571428571428572
112 113 2.0
113 114 -0.5714285714285714
114 115 -2.0
114 119 -2.0
114 124 -0.5714285714285714
114 148 -0.5714285714285714
115 116 2.0
115 168 -1.7857142857142858
115 173 -1.3571428571428572
115 191 -1.3571428571428572
115 196 1.7857142857142858
116 117 -1.7857142857142858
116 214 0.9285714285714286
116 221 -0.5714285714285714
116 235 -1.3571428571428572
116 241 -2.0
117 257 -1.3571428571428572
117 262 -0.5714285714285714
117 280 -0.5714285714285714
117 286 -2.0
118 119 1.7857142857142858
118 123 -1.3571428571428572
119 120 -0.5714285714285714
119 123 -1.7857142857142858
119 124 0.5714285714285714
120 121 -0.9285714285714286
120 124 -0.9285714285714286
120 125 -1.3571428571428572
120 131 -0.5714285714285714
120 137 -2.0
120 163 1.3571428571428572
121 125 0.9285714285714286
121 126 -2.0
121 181 1.3571428571428572
121 187 0.9285714285714286
121 205 1.3571428571428572
121 210 -1.7857142857142858
122 127 0.5714285714285714
122 275 -0.9285714285714286
122 301 -2.0
123 124 2.0
124 125 -0.9285714285714286
124 131 -0.5714285714285714
124 137 -1.3571428571428572
125 126 1.3571428571428572
125 157 0.9285714285714286
125 163 -1.7857142857142858
125 181 -0.5714285714285714
125 187 2.0
126 127 -1.3571428571428572
126 205 -2.0
126 210 0.5714285714285714
126 228 0.9285714285714286
126 230 1.7857142857142858
127 246 1.3571428571428572
127 252 -2.0
127 270 -2.0
127 275 -2.0
128 129 -0.5714285714285714
128 134 -1.7857142857142858
129 130 1.7857142857142858
129 134 -1.3571428571428572
129 135 0.5714285714285714
130 131 1.3571428571428572
130 135 0.9285714285714286
130 136 -0.9285714285714286
131 132 -0.9285714285714286
131 136 -0.5714285714285714
131 137 1.7857142857142858
132 133 2.0
132 137 2.0
132 138 0.9285714285714286
132 142 1.7857142857142858
132 148 -1.3571428571428572
132 169 0.5714285714285714
132 173 -1.7857142857142858
133 138 -1.3571428571428572
133 139 -1.3571428571428572
133 192 -1.3571428571428572
133 196 -1.3571428571428572
133 215 -0.5714285714285714
133 221 1.7857142857142858
134 135 2.0
135 136 -0.9285714285714286
136 137 -2.0
137 138 -1.7857142857142858
137 142 0.9285714285714286
137 148 -1.3571428571428572
138 139 0.9285714285714286
138 169 0.9285714285714286
138 173 0.5714285714285714
138 192 0.9285714285714286
138 196 -1.7857142857142858
139 140 -1.3571428571428572
139 215 -0.5714285714285714
139 221 1.3571428571428572
139 236 -1.7857142857142858
139 241 2.0
140 258 -0.9285714285714286
140 262 -1.7857142857142858
140 281 1.7857142857142858
140 286 1.3571428571428572
141 147 -0.5714285714285714
142 143 -1.3571428571428572
142 148 -0.5714285714285714
142 149 0.9285714285714286
142 163 -0.9285714285714286
143 144 -1.3571428571428572
143 149 -2.0
143 150 0.5714285714285714
143 182 -0.5714285714285714
143 187 -0.9285714285714286
143 206 -0.5714285714285714
143 210 -1.3571428571428572
144 145 1.3571428571428572
144 150 -2.0
144 151 1.7857142857142858
144 230 -0.9285714285714286
144 247 -1.3571428571428572
144 252 0.5714285714285714
145 146 -1.3571428571428572
145 151 1.3571428571428572
145 152 -0.5714285714285714
145 275 -1.3571428571428572
145 296 0.5714285714285714
145 301 -2.0
146 152 -0.9285714285714286
146 153 -1.3571428571428572
146 307 0.9285714285714286
146 312 0.5714285714285714
146 319 2.0
146 325 -1.3571428571428572
147 148 0.5714285714285714
148 149 -0.9285714285714286
149 158 1.3571428571428572
149 163 0.9285714285714286
149 182 -1.7857142857142858
149 187 -1.7857142857142858
150 151 1.7857142857142858
150 206 -0.5714285714285714
150 210 2.0
150 230 -1.3571428571428572
151 152 0.5714285714285714
151 247 -2.0
151 252 -1.3571428571428572
151 275 -1.3571428571428572
152 153 -1.3571428571428572
152 296 1.7857142857142858
152 307 1.7857142857142858
152 312 0.9285714285714286
153 319 -1.7857142857142858
153 325 -0.5714285714285714
153 337 1.3571428571428572
154 155 -0.5714285714285714
155 156 -1.3571428571428572
155 161 -1.7857142857142858
156 157 1.7857142857142858
156 161 0.5714285714285714
156 162 -0.9285714285714286
157 158 1.7857142857142858
157 162 -1.3571428571428572
157 163 -0.5714285714285714
158 159 0.5714285714285714
158 163 -0.5714285714285714
158 164 0.5714285714285714
158 169 1.3571428571428572
158 174 -2.0
159 160 1.3571428571428572
159 164 -1.3571428571428572
159 165 0.5714285714285714
159 192 -1.3571428571428572
159 197 0.5714285714285714
159 215 0.9285714285714286
159 222 2.0
160 165 2.0
160 236 2.0
160 242 -0.9285714285714286
160 258 -0.5714285714285714
160 263 0.5714285714285714
161 162 -1.3571428571428572
162 163 -0.9285714285714286
163 164 -1.3571428571428572
164 165 -2.0
164 169 -1.7857142857142858
164 174 0.9285714285714286
164 192 -2.0
164 197 0.9285714285714286
165 166 -1.7857142857142858
165 215 -0.5714285714285714
165 222 1.3571428571428572
165 236 2.0
165 242 2.0
166 258 -2.0
166 263 0.5714285714285714
166 281 0.5714285714285714
166 287 1.3571428571428572
167 168 0.5714285714285714
167 172 -0.9285714285714286
168 169 -2.0
168 172 -1.7857142857142858
168 173 0.5714285714285714
169 170 -1.7857142857142858
169 173 0.5714285714285714
169 174 -2.0
170 174 -0.5714285714285714
170 175 1.7857142857142858
170 182 -0.9285714285714286
170 188 1.3571428571428572
170 206 2.0
171 176 0.9285714285714286
171 296 0.5714285714285714
171 302 -1.3571428571428572
172 173 2.0
173 174 0.9285714285714286
174 175 -0.9285714285714286
174 182 0.9285714285714286
174 188 -0.5714285714285714
175 176 -0.5714285714285714
175 206 2.0
175 231 1.3571428571428572
176 247 -2.0
176 253 1.7857142857142858
176 276 -1.3571428571428572
177 319 -1.3571428571428572
177 326 0.5714285714285714
177 338 -0.9285714285714286
178 179 1.3571428571428572
179 180 -1.3571428571428572
179 185 0.5714285714285714
180 181 1.7857142857142858
180 185 1.3571428571428572
180 186 -0.9285714285714286
181 182 -1.7857142857142858
181 186 -0.9285714285714286
181 187 1.7857142857142858
182 183 0.9285714285714286
182 187 0.5714285714285714
182 188 -2.0
183 184 1.7857142857142858
183 188 -2.0
183 189 -1.3571428571428572
183 193 1.3571428571428572
183 197 -0.9285714285714286
183 216 -0.9285714285714286
183 222 0.5714285714285714
184 189 1.3571428571428572
184 190 -1.7857142857142858
184 237 1.7857142857142858
184 242 1.7857142857142858
184 259 1.3571428571428572
184 263 1.7857142857142858
185 186 1.7857142857142858
186 187 2.0
187 188 -0.9285714285714286
188 189 -1.7857142857142858
188 193 0.5714285714285714
188 197 -1.3571428571428572
189 190 2.0
189 216 -1.3571428571428572
189 222 -2.0
189 237 0.5714285714285714
189 242 -1.3571428571428572
190 259 -1.3571428571428572
190 263 0.9285714285714286
190 287 -2.0
191 192 0.5714285714285714
191 196 1.7857142857142858
192 193 0.5714285714285714
192 196 -1.3571428571428572
192 197 -0.5714285714285714
193 197 -0.9285714285714286
193 198 -0.9285714285714286
193 207 0.5714285714285714
194 195 0.5714285714285714
194 199 0.9285714285714286
194 200 2.0
194 276 -2.0
194 297 -2.0
194 302 -1.3571428571428572
195 200 -0.5714285714285714
195 308 2.0
195 313 0.5714285714285714
195 320 -0.9285714285714286
195 326 0.5714285714285714
196 197 -2.0
197 198 1.3571428571428572
198 199 -0.5714285714285714
198 207 1.7857142857142858
198 229 -0.5714285714285714
198 231 -1.7857142857142858
199 200 0.9285714285714286
199 248 0.9285714285714286
199 253 -1.7857142857142858
199 276 -2.0
200 201 -1.3571428571428572
200 297 -0.5714285714285714
200 302 -1.7857142857142858
200 308 -1.7857142857142858
200 313 -0.5714285714285714
201 320 1.7857142857142858
201 326 0.5714285714285714
201 332 2.0
201 338 -2.0
202 203 -0.9285714285714286
203 204 2.0
203 209 2.0
204 205 -1.3571428571428572
204 209 -0.5714285714285714
205 210 1.3571428571428572
206 207 2.0
206 210 -0.9285714285714286
207 208 -1.3571428571428572
207 211 0.5714285714285714
207 216 -1.3571428571428572
207 223 -2.0
208 211 1.7857142857142858
208 212 1.3571428571428572
208 237 -1.7857142857142858
208 243 0.9285714285714286
208 259 2.0
208 264 -2.0
211 212 -0.5714285714285714
211 216 -0.9285714285714286
211 223 0.5714285714285714
211 243 -1.3571428571428572
212 288 2.0
213 220 -1.7857142857142858
214 215 0.5714285714285714
214 220 1.7857142857142858
214 221 2.0
215 216 2.0
215 221 -1.7857142857142858
215 222 -1.3571428571428572
216 217 -0.9285714285714286
216 222 -1.3571428571428572
216 223 2.0
217 218 -0.9285714285714286
217 223 -2.0
217 224 -2.0
217 229 0.5714285714285714
217 232 -1.3571428571428572
217 248 -0.9285714285714286
217 254 0.5714285714285714
218 219 -0.5714285714285714
218 224 0.9285714285714286
218 225 -0.5714285714285714
218 277 -2.0
218 297 -1.7857142857142858
219 225 -0.9285714285714286
219 226 1.3571428571428572
219 308 1.3571428571428572
219 314 1.7857142857142858
219 320 2.0
219 327 1.3571428571428572
220 221 -1.3571428571428572
221 222 1.7857142857142858
223 224 2.0
223 229 -1.3571428571428572
223 232 2.0
224 225 1.7857142857142858
224 248 0.5714285714285714
224 254 -0.5714285714285714
224 277 -0.9285714285714286
225 226 0.5714285714285714
225 297 -0.9285714285714286
225 308 0.5714285714285714
225 314 -1.3571428571428572
226 320 -1.3571428571428572
226 327 -0.5714285714285714
226 332 1.7857142857142858
226 339 -0.9285714285714286
228 230 0.9285714285714286
229 231 1.7857142857142858
229 232 0.9285714285714286
230 231 -0.5714285714285714
231 232 -0.9285714285714286
232 233 -1.3571428571428572
232 243 1.3571428571428572
233 264 2.0
233 282 -2.0
233 288 -0.5714285714285714
234 240 1.7857142857142858
235 236 -0.5714285714285714
235 240 0.5714285714285714
235 241 -1.3571428571428572
236 237 -0.9285714285714286
236 241 1.3571428571428572
236 242 -0.9285714285714286
237 242 2.0
237 243 -1.7857142857142858
238 244 1.7857142857142858
238 245 -0.5714285714285714
238 271 -1.7857142857142858
238 277 -1.3571428571428572
239 245 -0.5714285714285714
239 309 1.7857142857142858
239 314 0.5714285714285714
239 321 0.5714285714285714
239 327 -1.3571428571428572
240 241 -1.7857142857142858
241 242 -0.5714285714285714
242 243 0.5714285714285714
244 245 -0.9285714285714286
244 249 -1.3571428571428572
244 254 -0.9285714285714286
244 271 -0.9285714285714286
244 277 1.3571428571428572
245 309 2.0
245 314 -0.5714285714285714
246 247 -2.0
246 251 -0.9285714285714286
246 252 -0.9285714285714286
247 248 1.3571428571428572
247 252 -2.0
247 253 0.5714285714285714
248 249 -2.0
248 253 -1.7857142857142858
248 254 -1.7857142857142858
249 254 1.3571428571428572
249 255 -1.7857142857142858
249 265 1.7857142857142858
251 252 -0.5714285714285714
252 253 0.5714285714285714
253 254 -1.3571428571428572
254 255 0.5714285714285714
255 265 -0.5714285714285714
255 282 -0.5714285714285714
255 289 -0.9285714285714286
256 257 -1.3571428571428572
257 258 -0.9285714285714286
257 262 0.9285714285714286
258 259 -0.5714285714285714
258 262 0.5714285714285714
258 263 -2.0
259 263 0.9285714285714286
259 264 0.9285714285714286
260 261 0.5714285714285714
260 265 2.0
260 266 -0.9285714285714286
260 271 0.5714285714285714
260 278 -1.7857142857142858
261 266 -2.0
261 309 -1.3571428571428572
261 315 -0.9285714285714286
261 321 -0.5714285714285714
261 328 0.5714285714285714
263 264 -2.0
264 265 -2.0
265 266 -1.7857142857142858
265 271 -2.0
265 278 2.0
266 267 1.7857142857142858
266 309 0.5714285714285714
266 315 0.9285714285714286
267 333 1.3571428571428572
267 340 -0.9285714285714286
268 269 1.3571428571428572
268 272 1.7857142857142858
269 272 1.3571428571428572
269 273 -1.3571428571428572
270 274 -1.7857142857142858
270 275 1.7857142857142858
271 277 1.7857142857142858
271 278 -1.3571428571428572
272 273 0.5714285714285714
273 274 -2.0
274 275 -1.3571428571428572
275 276 0.9285714285714286
276 277 2.0
277 278 -0.9285714285714286
278 283 -0.9285714285714286
278 289 1.3571428571428572
279 280 0.9285714285714286
279 285 2.0
280 281 -0.5714285714285714
280 285 0.5714285714285714
280 286 -1.3571428571428572
281 286 -0.5714285714285714
281 287 -1.7857142857142858
282 283 -1.3571428571428572
282 288 -1.3571428571428572
282 289 -0.9285714285714286
283 284 -0.5714285714285714
283 289 -2.0
283 290 2.0
284 290 0.5714285714285714
284 291 1.7857142857142858
284 315 1.3571428571428572
284 328 -0.5714285714285714
285 286 -1.3571428571428572
286 287 0.5714285714285714
287 288 -1.3571428571428572
288 289 0.9285714285714286
289 290 -2.0
290 291 -0.9285714285714286
290 315 -1.7857142857142858
291 328 1.7857142857142858
291 340 -2.0
292 293 1.3571428571428572
292 298 1.7857142857142858
293 294 -1.7857142857142858
293 298 1.7857142857142858
293 299 0.5714285714285714
294 295 0.5714285714285714
294 299 -0.5714285714285714
294 300 -1.7857142857142858
295 300 0.5714285714285714
295 301 0.5714285714285714
296 297 0.9285714285714286
296 301 -2.0
296 302 1.3571428571428572
297 302 0.5714285714285714
298 299 0.5714285714285714
299 300 2.0
300 301 -2.0
301 302 2.0
303 304 1.7857142857142858
303 310 2.0
304 305 -1.7857142857142858
304 311 0.5714285714285714
305 306 -1.3571428571428572
305 311 -2.0
306 307 0.5714285714285714
306 312 1.7857142857142858
307 308 -0.5714285714285714
307 312 0.5714285714285714
307 313 -0.9285714285714286
308 309 -2.0
308 313 -1.3571428571428572
308 314 -2.0
309 314 0.9285714285714286
309 315 1.3571428571428572
310 311 1.3571428571428572
312 313 -1.7857142857142858
313 314 1.7857142857142858
314 315 2.0
316 317 1.7857142857142858
316 322 1.3571428571428572
317 322 0.5714285714285714
317 323 -2.0
318 319 -0.5714285714285714
318 324 1.7857142857142858
318 325 -1.3571428571428572
319 320 -1.3571428571428572
319 325 -0.5714285714285714
319 326 2.0
320 321 -0.9285714285714286
320 326 -0.5714285714285714
320 327 -1.3571428571428572
321 327 -1.7857142857142858
321 328 -1.7857142857142858
322 323 0.9285714285714286
323 324 0.5714285714285714
324 325 2.0
325 326 0.5714285714285714
327 328 -1.3571428571428572
329 330 -1.7857142857142858
329 334 -1.3571428571428572
329 335 1.7857142857142858
330 331 -1.7857142857142858
330 335 -0.5714285714285714
330 336 -1.3571428571428572
331 336 -1.7857142857142858
331 337 0.5714285714285714
332 333 0.5714285714285714
332 338 -0.9285714285714286
332 339 0.5714285714285714
333 339 2.0
333 340 0.9285714285714286
334 335 -0.5714285714285714
335 336 -0.5714285714285714
336 337 -2.0
337 338 -0.9285714285714286
338 339 1.7857142857142858
339 340 0.9285714285714286
