568 2285
1 1 -2.3571428571428568
2 2 -7.071428571428571
3 3 6.142857142857143
4 4 -0.4285714285714286
5 5 -3.2857142857142856
6 6 -2.7142857142857144
7 7 -0.5714285714285714
8 8 2.071428571428572
9 9 0.5714285714285714
10 10 -3.2857142857142856
11 11 1.8571428571428572
12 12 -5.642857142857142
13 13 -3.3571428571428568
14 14 1.6428571428571428
15 15 -3.2142857142857144
16 16 -2.8571428571428568
17 17 -3.3571428571428577
18 18 -4.142857142857142
19 19 2.3571428571428577
20 20 4.357142857142857
21 21 3.357142857142857
22 22 -2.7857142857142865
23 23 -3.2142857142857144
24 24 -3.2142857142857144
25 25 0.9285714285714286
26 26 -1.7857142857142856
27 27 -2.1428571428571432
28 28 2.0
29 29 2.2857142857142856
30 30 0.2142857142857142
31 31 4.571428571428571
32 32 4.357142857142858
33 33 -1.7857142857142856
34 34 2.571428571428571
35 35 -1.5714285714285714
36 36 7.214285714285714
37 37 2.6428571428571432
38 38 2.7142857142857144
39 39 -2.571428571428571
40 40 -0.0714285714285714
41 41 -1.2857142857142856
42 42 0.7142857142857142
43 43 -0.642857142857143
44 44 3.0000000000000004
45 45 -5.142857142857143
46 46 1.7857142857142858
47 47 7.357142857142858
48 48 2.928571428571429
49 49 0.1428571428571428
50 50 1.5714285714285716
51 51 0.2857142857142856
52 52 -1.2142857142857142
53 53 -1.571428571428572
54 54 1.571428571428571
55 55 -0.4285714285714286
56 56 2.571428571428571
57 57 -3.7857142857142856
58 58 -3.3571428571428568
59 59 -3.928571428571429
60 60 -9.285714285714286
61 61 -7.2142857142857135
62 62 0.2857142857142858
63 63 1.1428571428571426
64 64 1.9999999999999996
65 65 7.714285714285714
67 67 -3.928571428571429
68 68 -3.7142857142857144
69 69 -4.928571428571429
70 70 4.5
71 71 -2.928571428571429
72 72 -1.5
73 73 -3.2142857142857144
74 74 3.3571428571428568
75 75 -3.3571428571428577
76 76 -0.35714285714285743
77 77 -4.214285714285714
78 78 0.5000000000000002
79 79 -3.3571428571428568
80 80 -4.571428571428571
81 81 0.2857142857142858
82 82 -3.7857142857142856
83 83 -7.928571428571429
84 84 -0.7857142857142856
85 85 -2.1428571428571432
86 86 -1.7857142857142858
87 87 0.0714285714285714
88 88 -2.1428571428571432
89 89 -1.6428571428571432
90 90 -2.4285714285714284
91 91 -2.285714285714286
92 92 -3.7142857142857144
93 93 -2.1428571428571432
94 94 1.9285714285714286
95 95 4.642857142857142
96 96 3.7142857142857144
97 97 1.9285714285714284
98 98 -4.5
99 99 -0.6428571428571432
100 100 -0.5
101 101 -0.4285714285714286
102 102 6.142857142857143
103 103 0.2857142857142858
104 104 7.5
105 105 -1.642857142857143
106 106 -0.2857142857142856
107 107 -0.8571428571428572
108 108 -5.928571428571429
109 109 1.142857142857143
110 110 0.8571428571428572
111 111 0.5000000000000002
112 112 5.642857142857143
113 113 5.285714285714286
114 114 -0.49999999999999956
115 115 6.5
116 116 0.857142857142857
117 117 -7.571428571428573
118 118 -0.7857142857142865
119 119 -2.0
120 120 2.1428571428571423
121 121 5.928571428571429
122 122 -0.2142857142857144
123 123 -0.642857142857143
124 124 -2.2142857142857144
125 125 -3.571428571428571
126 126 -1.8571428571428572
127 127 0.8571428571428574
128 128 2.928571428571429
129 129 2.0
130 130 -2.071428571428571
131 131 -2.7857142857142856
132 132 -2.7142857142857144
133 133 1.071428571428572
134 134 1.714285714285714
135 135 -3.2142857142857144
136 136 0.4285714285714286
137 137 -0.5714285714285714
138 138 -2.3571428571428568
139 139 2.8571428571428568
140 140 -0.8571428571428572
141 141 -4.0
142 142 -5.642857142857142
143 143 -2.428571428571429
144 144 -1.0
145 145 1.9285714285714286
146 146 1.7142857142857142
147 147 -5.2857142857142865
148 148 -5.5
149 149 -0.9285714285714288
150 150 2.071428571428571
151 151 -1.7857142857142856
152 152 0.4285714285714286
153 153 2.928571428571429
154 154 -2.7857142857142856
155 155 -0.2142857142857142
156 156 -2.3571428571428585
157 157 0.5
158 158 2.220446049250313e-16
159 159 4.928571428571429
160 160 -0.2142857142857142
161 161 3.1428571428571432
162 162 5.5
163 163 -5.714285714285714
164 164 1.7857142857142858
165 165 6.928571428571428
166 166 -0.8571428571428565
167 167 7.571428571428571
168 168 5.571428571428571
169 169 1.4285714285714286
170 170 2.5
171 171 4.2142857142857135
172 172 0.3571428571428572
173 173 2.571428571428571
174 174 -2.0714285714285716
175 175 -6.071428571428573
176 176 3.1428571428571423
177 177 1.3571428571428572
178 178 -3.0
179 179 -2.571428571428571
180 180 -2.0
181 181 -3.5714285714285716
182 182 3.2857142857142856
183 183 -5.857142857142858
184 184 -4.142857142857143
185 185 -1.9285714285714284
186 186 2.3571428571428577
187 187 4.285714285714285
188 188 -3.8571428571428577
189 189 -3.428571428571429
190 190 -7.2857142857142865
191 191 -1.5
192 192 -0.1428571428571428
193 193 -2.2142857142857144
194 194 -2.0
195 195 1.4285714285714286
196 196 6.214285714285715
197 197 -2.2142857142857144
198 198 0.4285714285714286
199 199 1.2142857142857142
200 200 -3.428571428571429
201 201 1.857142857142857
202 202 4.7857142857142865
203 203 0.4999999999999998
204 204 1.5
205 205 4.928571428571429
206 206 -3.5
207 207 0.5
208 208 -6.928571428571429
209 209 0.0714285714285714
210 210 4.0
211 211 -6.5
212 212 4.428571428571429
213 213 4.357142857142857
214 214 -2.071428571428571
215 215 -0.4999999999999998
216 216 4.142857142857143
217 217 2.2142857142857144
218 218 -3.4285714285714284
219 219 -3.6428571428571432
220 220 0.2857142857142856
221 221 1.142857142857143
222 222 1.8571428571428572
223 223 -3.4285714285714284
224 224 0.0714285714285714
225 225 3.214285714285714
226 226 2.6428571428571423
227 227 2.071428571428571
228 228 0.357142857142857
229 229 -0.5714285714285712
230 230 -3.7142857142857144
231 231 3.0
232 232 4.5
233 233 5.714285714285714
234 234 -3.0714285714285716
235 235 -0.14285714285714324
236 236 0.8571428571428568
237 237 -2.571428571428572
238 238 -3.714285714285715
239 239 0.5714285714285716
240 240 -3.357142857142857
241 241 -1.3571428571428572
242 242 -1.1428571428571428
243 243 4.142857142857142
244 244 2.7142857142857144
245 245 6.428571428571429
246 246 -0.7142857142857142
247 247 -7.428571428571429
248 248 -7.5
249 249 -4.357142857142858
250 250 5.0
251 251 7.2857142857142865
252 252 2.571428571428571
253 253 1.5714285714285716
255 255 2.8571428571428568
256 256 3.3571428571428577
257 257 -2.5714285714285716
258 258 -6.857142857142858
259 259 -7.214285714285714
260 260 -9.214285714285715
262 262 -1.7142857142857144
263 263 -1.8571428571428572
264 264 -1.5714285714285712
265 265 -0.2142857142857142
266 266 -7.0
267 267 0.6428571428571426
268 268 -3.2142857142857144
269 269 -5.0
270 270 3.5714285714285716
271 271 -2.2142857142857144
272 272 -0.28571428571428514
273 273 -1.5714285714285716
274 274 0.8571428571428572
275 275 3.928571428571429
276 276 -5.142857142857143
277 277 -5.0
278 278 8.642857142857144
279 279 -5.714285714285714
280 280 3.0
281 281 -2.0
282 282 8.785714285714286
283 283 -3.7857142857142856
284 284 1.9285714285714286
285 285 1.7142857142857142
286 286 0.9285714285714288
287 287 -6.5
288 288 1.7857142857142858
289 289 -0.8571428571428572
290 290 -1.5714285714285714
291 291 1.0000000000000002
292 292 1.142857142857143
293 293 9.285714285714285
294 294 -7.857142857142857
295 295 6.357142857142858
296 296 0.928571428571429
297 297 -2.8571428571428568
298 298 0.8571428571428572
299 299 3.6428571428571423
300 300 -4.5
301 301 -3.357142857142857
302 302 -4.428571428571429
303 303 -3.928571428571429
304 304 -0.2142857142857142
305 305 3.5000000000000004
306 306 -9.642857142857142
307 307 -3.928571428571429
308 308 -2.928571428571429
309 309 0.6428571428571428
310 310 -1.1428571428571428
311 311 0.4285714285714288
312 312 3.428571428571429
313 313 -3.0
314 314 3.2857142857142856
315 315 -3.2857142857142856
316 316 -5.357142857142858
317 317 3.071428571428571
318 318 5.142857142857143
319 319 7.142857142857143
320 320 1.3571428571428568
321 321 0.7857142857142858
322 322 -0.2142857142857144
323 323 -1.714285714285714
324 324 1.4285714285714284
325 325 -9.357142857142858
326 326 -2.5
327 327 0.8571428571428572
328 328 -4.5
329 329 -3.1428571428571432
330 330 -5.7142857142857135
331 331 -6.5
332 332 0.7142857142857142
333 333 0.2142857142857142
334 334 -3.2857142857142856
335 335 0.6428571428571432
336 336 2.6428571428571432
337 337 -1.9285714285714284
338 338 0.4285714285714286
339 339 -0.5714285714285714
340 340 0.6428571428571428
341 341 -3.7142857142857144
342 342 -0.5
343 343 2.071428571428572
344 344 5.0
345 345 -3.2857142857142856
346 346 -1.3571428571428572
347 347 -1.0
348 348 -2.928571428571429
349 349 4.714285714285715
350 350 1.0714285714285714
351 351 4.999999999999999
352 352 -2.642857142857143
353 353 -2.357142857142857
354 354 3.071428571428572
355 355 2.785714285714286
356 356 -3.928571428571428
357 357 -7.142857142857143
358 358 -1.0
359 359 -1.1428571428571428
360 360 -4.0
361 361 -0.5714285714285714
362 362 -1.9285714285714286
363 363 -1.0714285714285716
364 364 -3.999999999999999
365 365 -4.642857142857143
366 366 -2.0714285714285716
367 367 -4.428571428571429
368 368 -1.2142857142857144
369 369 -0.7142857142857144
370 370 2.3571428571428568
371 371 1.4285714285714286
372 372 5.5
373 373 -1.7857142857142856
374 374 2.7857142857142856
375 375 1.9999999999999998
376 376 -3.7142857142857144
377 377 7.7142857142857135
378 378 8.857142857142856
379 379 1.9285714285714286
380 380 6.7142857142857135
381 381 2.0
382 382 1.357142857142857
383 383 1.8571428571428572
384 384 -2.928571428571429
385 385 0.6428571428571428
386 386 2.0000000000000004
387 387 2.0
388 388 2.357142857142857
389 389 0.4285714285714284
390 390 -1.9285714285714286
392 392 1.5714285714285716
393 393 2.857142857142857
394 394 -2.0
395 395 -3.5
396 396 0.2857142857142856
397 397 -0.5
398 398 -3.2857142857142856
399 399 -0.07142857142857117
400 400 0.4285714285714288
401 401 -4.214285714285714
402 402 -2.5
403 403 -7.571428571428571
404 404 0.0714285714285714
405 405 -5.5
406 406 -0.4285714285714288
407 407 -4.714285714285715
408 408 3.142857142857143
409 409 1.0714285714285718
410 410 0.8571428571428568
411 411 -0.2142857142857142
412 412 1.7142857142857144
413 413 1.7857142857142856
414 414 -0.2857142857142856
415 415 -2.2857142857142856
416 416 -5.642857142857142
417 417 1.4285714285714286
418 418 -3.2857142857142856
419 419 0.7142857142857142
421 421 1.5714285714285714
422 422 1.4285714285714286
423 423 -3.928571428571429
424 424 -3.6428571428571432
425 425 0.2142857142857144
426 426 5.0
427 427 3.5
428 428 0.7857142857142858
429 429 2.2142857142857144
430 430 1.5714285714285714
431 431 -1.0
432 432 -2.5
433 433 3.000000000000001
434 434 0.8571428571428568
435 435 3.7142857142857144
436 436 6.571428571428571
437 437 -4.0
438 438 -0.357142857142857
439 439 2.071428571428571
440 440 5.071428571428571
441 441 5.428571428571429
442 442 1.4285714285714286
443 443 0.5714285714285714
444 444 3.0
445 445 2.000000000000001
446 446 -3.357142857142857
447 447 0.6428571428571426
448 448 -1.2142857142857144
449 449 3.142857142857143
450 450 -2.5
451 451 1.0000000000000004
452 452 4.857142857142858
453 453 0.4285714285714286
454 454 -4.428571428571429
455 455 4.142857142857142
456 456 3.1428571428571432
457 457 4.285714285714286
458 458 6.428571428571429
459 459 0.3571428571428572
460 460 -7.571428571428571
461 461 7.214285714285714
463 463 -2.857142857142857
464 464 -0.642857142857143
465 465 -0.0714285714285714
466 466 -5.785714285714286
467 467 0.21428571428571463
468 468 4.071428571428571
469 469 4.928571428571429
470 470 2.9285714285714297
471 471 -0.4999999999999998
472 472 3.285714285714286
473 473 2.220446049250313e-16
474 474 7.285714285714285
475 475 7.500000000000001
476 476 1.4285714285714286
477 477 -1.8571428571428574
478 478 2.428571428571429
479 479 1.8571428571428577
480 480 -3.3571428571428568
481 481 1.2142857142857144
482 482 0.4285714285714286
483 483 8.285714285714285
484 484 -1.5
485 485 -8.500000000000002
486 486 1.142857142857143
487 487 0.4285714285714284
488 488 0.4285714285714286
489 489 4.571428571428571
490 490 0.8571428571428574
491 491 -9.142857142857142
492 492 1.9285714285714293
493 493 0.8571428571428572
494 494 1.7857142857142854
495 495 0.4999999999999998
496 496 4.5
497 497 0.8571428571428572
498 498 5.071428571428572
499 499 -6.999999999999999
500 500 0.642857142857143
501 501 2.0714285714285716
502 502 -3.071428571428571
503 503 -0.3571428571428572
504 504 -0.2857142857142858
505 505 2.2857142857142856
506 506 1.071428571428572
507 507 6.0
508 508 -4.357142857142857
509 509 -1.785714285714286
510 510 -3.8571428571428568
511 511 -2.428571428571429
512 512 -0.9285714285714286
513 513 2.5
514 514 3.2142857142857144
515 515 4.000000000000001
516 516 -2.571428571428571
517 517 5.071428571428571
518 518 -1.7857142857142863
519 519 1.0714285714285714
520 520 3.928571428571429
521 521 0.3571428571428572
522 522 3.6428571428571432
523 523 3.1428571428571432
524 524 0.357142857142857
525 525 -2.8571428571428577
526 526 0.357142857142857
527 527 5.071428571428571
528 528 2.0
529 529 -0.2857142857142858
530 530 0.7142857142857144
531 531 -7.0
532 532 2.2142857142857144
533 533 2.357142857142857
534 534 0.642857142857143
535 535 1.785714285714286
536 536 4.2857142857142865
537 537 -1.5714285714285714
538 538 -1.1428571428571426
539 539 2.5
540 540 2.7142857142857144
541 541 0.7142857142857144
542 542 -1.9999999999999996
543 543 -2.571428571428571
544 544 4.357142857142857
545 545 2.5714285714285703
546 546 -8.928571428571429
547 547 -6.928571428571429
548 548 5.285714285714286
549 549 1.2142857142857142
550 550 -2.7142857142857144
551 551 3.0
552 552 6.285714285714285
553 553 1.8571428571428574
554 554 1.2857142857142858
555 555 -1.6428571428571426
556 556 0.785714285714286
557 557 -1.857142857142857
558 558 3.2142857142857144
559 559 6.5
560 560 2.714285714285714
561 561 -4.071428571428571
562 562 -4.428571428571428
563 563 -2.857142857142857
564 564 3.000000000000001
565 565 3.999999999999999
566 566 5.571428571428571
567 567 0.2857142857142858
568 568 -1.0714285714285714
1 2 0.5714285714285714
1 9 1.7857142857142858
1 21 -2.0
1 28 -2.0
1 49 2.0
1 57 2.0
2 3 0.5714285714285714
2 9 -0.9285714285714286
2 10 -0.9285714285714286
2 66 2.0
2 73 2.0
2 80 2.0
2 84 1.7857142857142858
3 10 0.5714285714285714
3 11 -2.0
3 109 -0.9285714285714286
3 115 -0.5714285714285714
3 134 -2.0
3 140 -1.7857142857142858
4 5 1.3571428571428572
4 218 0.9285714285714286
4 226 -0.9285714285714286
4 249 -0.9285714285714286
5 6 1.3571428571428572
5 280 -2.0
5 288 2.0
5 312 0.5714285714285714
6 7 1.3571428571428572
6 12 -0.9285714285714286
6 339 0.9285714285714286
6 346 -0.5714285714285714
6 367 0.5714285714285714
7 8 -2.0
7 12 2.0
7 13 0.5714285714285714
7 396 -0.5714285714285714
7 428 0.5714285714285714
7 437 -1.3571428571428572
8 13 2.0
8 14 2.0
8 470 -1.3571428571428572
8 496 -1.7857142857142858
8 504 -0.9285714285714286
9 10 0.9285714285714286
9 49 -2.0
9 57 2.0
9 66 -1.7857142857142858
9 73 -0.5714285714285714
10 11 0.5714285714285714
10 80 2.0
10 84 0.5714285714285714
10 109 0.9285714285714286
10 115 -1.3571428571428572
11 134 -1.7857142857142858
11 140 1.3571428571428572
11 160 2.0
11 167 -2.0
12 13 0.5714285714285714
12 367 2.0
12 396 2.0
13 14 -1.3571428571428572
13 437 2.0
13 462 1.3571428571428572
13 470 -1.7857142857142858
14 496 -1.7857142857142858
14 504 1.7857142857142858
14 528 -1.3571428571428572
14 536 -0.9285714285714286
15 22 1.7857142857142858
15 85 -0.5714285714285714
15 116 2.0
16 17 1.7857142857142858
16 22 1.7857142857142858
16 23 2.0
16 141 -0.9285714285714286
16 168 -1.7857142857142858
17 18 -0.9285714285714286
17 23 1.7857142857142858
17 24 1.7857142857142858
17 195 -2.0
17 227 0.9285714285714286
18 24 0.5714285714285714
18 25 0.9285714285714286
18 257 1.7857142857142858
18 289 1.7857142857142858
19 20 -1.7857142857142858
19 26 -1.3571428571428572
19 374 -0.5714285714285714
19 405 1.3571428571428572
20 26 -1.3571428571428572
20 27 -0.5714285714285714
20 438 -2.0
20 471 1.3571428571428572
21 553 -1.3571428571428572
22 23 -0.5714285714285714
22 116 -2.0
22 141 1.7857142857142858
23 24 1.7857142857142858
23 168 -1.7857142857142858
24 25 -0.9285714285714286
24 227 0.9285714285714286
24 257 -0.9285714285714286
25 289 -0.9285714285714286
26 27 1.7857142857142858
26 405 0.9285714285714286
26 438 1.7857142857142858
27 471 0.9285714285714286
29 35 -0.9285714285714286
29 57 -1.3571428571428572
30 36 -2.0
30 37 0.5714285714285714
30 115 -0.5714285714285714
30 140 1.7857142857142858
31 32 -2.0
31 38 -2.0
31 226 -0.5714285714285714
32 38 -0.9285714285714286
32 39 0.5714285714285714
32 288 -2.0
33 34 0.5714285714285714
33 40 2.0
33 41 -1.3571428571428572
33 437 0.5714285714285714
34 41 -0.5714285714285714
34 470 -2.0
34 504 -0.5714285714285714
35 36 0.5714285714285714
35 57 1.3571428571428572
35 73 0.5714285714285714
36 37 -2.0
36 84 -1.7857142857142858
36 115 -2.0
37 140 0.5714285714285714
37 167 -1.7857142857142858
38 39 2.0
38 288 -1.7857142857142858
39 40 -1.3571428571428572
39 346 1.3571428571428572
40 41 -0.5714285714285714
41 437 2.0
41 470 1.7857142857142858
42 50 -1.3571428571428572
42 94 -0.5714285714285714
42 116 1.7857142857142858
42 122 -0.5714285714285714
43 44 1.3571428571428572
43 51 -0.5714285714285714
43 195 -1.3571428571428572
43 203 1.7857142857142858
43 227 -0.5714285714285714
44 45 -1.7857142857142858
44 51 1.3571428571428572
44 52 -1.3571428571428572
44 257 -0.5714285714285714
44 289 -2.0
45 46 0.9285714285714286
45 52 2.0
45 53 2.0
45 353 2.0
46 47 0.9285714285714286
46 53 1.3571428571428572
46 54 -1.7857142857142858
46 380 -0.9285714285714286
46 405 -1.3571428571428572
46 413 -0.9285714285714286
47 48 -1.7857142857142858
47 54 -2.0
47 55 1.3571428571428572
47 438 -2.0
47 446 -0.9285714285714286
47 471 -2.0
47 479 -0.9285714285714286
48 49 -1.3571428571428572
48 55 0.5714285714285714
48 56 2.0
48 512 -1.7857142857142858
48 545 -0.5714285714285714
49 56 -0.5714285714285714
49 57 1.7857142857142858
49 553 -2.0
49 561 2.0
50 116 -2.0
50 122 -0.9285714285714286
50 141 1.3571428571428572
50 148 1.3571428571428572
51 227 -2.0
51 257 0.9285714285714286
52 53 0.5714285714285714
53 54 0.9285714285714286
53 353 -0.5714285714285714
53 374 -1.3571428571428572
53 380 -1.3571428571428572
54 55 -0.9285714285714286
54 405 2.0
54 413 -0.9285714285714286
54 438 0.5714285714285714
54 446 0.5714285714285714
55 56 -0.9285714285714286
55 471 0.5714285714285714
55 479 -2.0
55 512 1.7857142857142858
56 57 -2.0
56 545 -2.0
56 553 0.9285714285714286
58 59 -0.5714285714285714
58 67 1.7857142857142858
58 86 0.5714285714285714
58 94 -1.3571428571428572
58 117 0.9285714285714286
58 122 2.0
59 60 1.7857142857142858
59 67 -2.0
59 68 2.0
59 148 0.9285714285714286
59 174 1.7857142857142858
60 61 2.0
60 68 2.0
60 69 1.7857142857142858
60 196 0.9285714285714286
60 203 -0.5714285714285714
60 228 1.3571428571428572
61 62 0.9285714285714286
61 69 0.5714285714285714
61 70 1.7857142857142858
61 258 0.5714285714285714
61 290 1.3571428571428572
62 63 -0.9285714285714286
62 70 -1.7857142857142858
62 321 0.5714285714285714
62 353 0.9285714285714286
63 64 2.0
63 71 1.3571428571428572
63 375 1.7857142857142858
63 380 -2.0
63 406 -2.0
63 413 -1.3571428571428572
64 65 -0.5714285714285714
64 71 -0.5714285714285714
64 446 -0.5714285714285714
64 472 -1.3571428571428572
64 479 -0.9285714285714286
65 66 -2.0
65 72 1.7857142857142858
65 505 -1.7857142857142858
65 512 -1.3571428571428572
65 537 -2.0
65 545 -1.7857142857142858
66 72 -0.9285714285714286
66 73 1.7857142857142858
66 561 0.9285714285714286
67 68 2.0
67 117 1.7857142857142858
67 122 0.9285714285714286
67 148 -0.5714285714285714
68 69 0.5714285714285714
68 174 0.9285714285714286
68 196 -1.7857142857142858
68 203 -2.0
69 70 -1.7857142857142858
69 228 2.0
69 258 1.7857142857142858
70 290 -1.3571428571428572
70 321 -1.3571428571428572
71 406 1.7857142857142858
71 413 -0.5714285714285714
71 446 0.9285714285714286
72 73 -0.5714285714285714
72 537 2.0
72 545 -1.3571428571428572
72 561 0.5714285714285714
74 75 -2.0
74 86 1.7857142857142858
74 95 -0.5714285714285714
74 117 -0.5714285714285714
74 123 -2.0
75 76 1.7857142857142858
75 149 1.7857142857142858
75 175 1.7857142857142858
76 81 -2.0
76 196 -0.5714285714285714
76 204 1.7857142857142858
76 228 1.3571428571428572
76 234 -2.0
77 78 1.3571428571428572
77 82 2.0
77 375 1.3571428571428572
77 381 1.7857142857142858
77 406 -0.9285714285714286
77 414 -1.3571428571428572
78 79 0.5714285714285714
78 447 -2.0
78 472 -1.3571428571428572
78 480 0.9285714285714286
79 80 1.7857142857142858
79 83 1.3571428571428572
79 505 0.5714285714285714
79 513 -0.9285714285714286
79 537 -1.7857142857142858
79 546 1.7857142857142858
80 83 0.5714285714285714
80 84 -1.7857142857142858
81 228 -1.7857142857142858
81 234 0.9285714285714286
81 258 2.0
81 266 0.5714285714285714
82 406 1.7857142857142858
82 414 0.9285714285714286
82 447 -0.9285714285714286
83 84 2.0
83 537 2.0
83 546 2.0
85 86 1.3571428571428572
85 94 1.3571428571428572
86 87 -0.5714285714285714
86 95 -1.3571428571428572
87 88 0.9285714285714286
87 95 -1.3571428571428572
87 96 0.5714285714285714
87 102 -0.5714285714285714
87 130 0.9285714285714286
88 89 -2.0
88 96 -0.5714285714285714
88 97 1.7857142857142858
88 181 2.0
89 90 0.9285714285714286
89 97 -2.0
89 98 1.7857142857142858
89 211 2.0
89 242 0.9285714285714286
90 91 0.5714285714285714
90 98 0.9285714285714286
90 99 1.7857142857142858
90 304 -1.7857142857142858
91 92 -1.7857142857142858
91 99 0.9285714285714286
91 100 -0.5714285714285714
91 332 1.7857142857142858
91 360 1.3571428571428572
92 93 1.7857142857142858
92 100 1.7857142857142858
92 389 1.3571428571428572
92 420 0.5714285714285714
93 101 1.7857142857142858
93 455 -2.0
93 488 0.5714285714285714
94 95 -1.3571428571428572
95 96 -1.3571428571428572
95 102 1.3571428571428572
96 97 -0.5714285714285714
96 130 -1.7857142857142858
97 98 -0.9285714285714286
97 181 -2.0
97 211 1.7857142857142858
98 99 0.9285714285714286
98 242 1.7857142857142858
99 100 -1.7857142857142858
99 304 -1.7857142857142858
99 332 0.5714285714285714
100 360 -0.9285714285714286
100 389 2.0
101 488 -1.3571428571428572
102 103 -1.7857142857142858
102 110 -2.0
102 118 -1.7857142857142858
102 123 -1.3571428571428572
103 104 -0.5714285714285714
103 110 0.9285714285714286
103 111 -0.5714285714285714
103 149 0.9285714285714286
103 169 -0.5714285714285714
103 175 1.3571428571428572
104 111 -1.7857142857142858
104 112 -1.3571428571428572
104 197 -1.3571428571428572
104 204 -1.7857142857142858
104 229 -2.0
104 234 1.3571428571428572
105 112 -2.0
105 113 -0.5714285714285714
105 259 0.5714285714285714
105 266 1.3571428571428572
105 291 1.3571428571428572
105 298 0.9285714285714286
106 107 0.5714285714285714
106 381 2.0
106 407 -1.3571428571428572
106 414 -0.9285714285714286
107 108 1.7857142857142858
107 114 -1.7857142857142858
107 439 -2.0
107 447 0.9285714285714286
107 480 1.3571428571428572
108 109 1.7857142857142858
108 114 -0.5714285714285714
108 506 0.5714285714285714
108 513 -0.5714285714285714
108 538 0.9285714285714286
108 546 2.0
109 115 -2.0
109 554 -0.9285714285714286
110 111 2.0
110 118 -2.0
110 123 2.0
110 149 -1.7857142857142858
111 112 -1.7857142857142858
111 169 0.5714285714285714
111 175 2.0
111 197 -0.9285714285714286
112 113 -2.0
112 229 -1.3571428571428572
112 234 0.5714285714285714
112 259 0.9285714285714286
112 266 1.3571428571428572
113 291 -1.7857142857142858
113 298 -0.9285714285714286
114 480 -0.9285714285714286
114 506 1.7857142857142858
114 513 2.0
116 117 1.3571428571428572
116 122 -2.0
117 118 0.9285714285714286
117 122 1.3571428571428572
117 123 1.7857142857142858
118 119 -1.3571428571428572
118 123 1.3571428571428572
118 124 1.3571428571428572
118 130 0.9285714285714286
118 135 1.3571428571428572
119 124 -2.0
119 125 1.3571428571428572
119 181 2.0
119 188 2.0
120 121 -1.3571428571428572
120 128 -1.3571428571428572
120 389 1.7857142857142858
120 397 1.3571428571428572
120 420 -0.5714285714285714
120 429 -2.0
121 129 -2.0
121 455 -1.7857142857142858
121 463 -0.5714285714285714
121 488 1.7857142857142858
121 497 -2.0
122 123 -0.5714285714285714
123 124 -0.5714285714285714
124 125 -0.5714285714285714
124 130 2.0
124 135 2.0
125 126 0.9285714285714286
125 181 0.9285714285714286
125 188 -0.9285714285714286
125 211 0.9285714285714286
125 219 0.9285714285714286
126 127 -1.7857142857142858
126 242 1.7857142857142858
126 250 0.9285714285714286
127 128 -1.3571428571428572
127 304 2.0
127 313 0.9285714285714286
127 332 -2.0
127 340 1.3571428571428572
128 360 1.7857142857142858
128 389 -2.0
129 488 -0.5714285714285714
129 497 0.5714285714285714
130 131 1.7857142857142858
130 135 -1.7857142857142858
131 135 0.5714285714285714
131 136 -0.9285714285714286
131 150 -0.9285714285714286
131 169 1.3571428571428572
131 176 0.9285714285714286
132 138 0.9285714285714286
132 382 -0.9285714285714286
132 407 1.7857142857142858
132 415 0.9285714285714286
133 134 -1.3571428571428572
133 139 -1.7857142857142858
133 506 0.9285714285714286
133 514 -1.7857142857142858
133 538 2.0
133 547 0.9285714285714286
134 139 1.3571428571428572
134 140 0.9285714285714286
134 554 0.5714285714285714
134 562 0.5714285714285714
135 136 2.0
135 150 -0.9285714285714286
136 169 -0.5714285714285714
136 176 -2.0
136 197 2.0
136 205 -0.9285714285714286
137 291 0.5714285714285714
138 407 0.9285714285714286
138 415 -1.7857142857142858
138 439 1.3571428571428572
138 448 0.9285714285714286
139 140 -2.0
139 538 -1.7857142857142858
139 547 1.3571428571428572
139 554 -2.0
139 562 2.0
141 148 1.7857142857142858
142 143 0.5714285714285714
142 150 0.5714285714285714
142 151 2.0
142 154 0.5714285714285714
142 182 0.5714285714285714
142 188 1.3571428571428572
143 144 2.0
143 151 0.9285714285714286
143 219 0.9285714285714286
143 250 -2.0
144 145 -0.5714285714285714
144 152 0.9285714285714286
144 274 1.3571428571428572
144 305 -1.3571428571428572
144 313 -1.3571428571428572
145 146 -0.9285714285714286
145 152 -0.5714285714285714
145 333 1.3571428571428572
145 340 0.5714285714285714
145 361 -1.7857142857142858
146 147 1.3571428571428572
146 390 1.3571428571428572
146 397 -0.5714285714285714
146 421 -0.9285714285714286
146 429 -2.0
147 153 -1.7857142857142858
147 456 1.7857142857142858
147 463 1.3571428571428572
147 489 0.5714285714285714
147 497 2.0
148 149 2.0
149 150 -2.0
150 151 1.7857142857142858
150 154 -0.5714285714285714
151 182 -1.7857142857142858
151 188 -0.5714285714285714
151 219 -0.5714285714285714
152 305 -1.3571428571428572
152 313 2.0
152 333 -2.0
152 340 0.5714285714285714
153 489 -1.3571428571428572
153 497 -1.7857142857142858
153 521 2.0
154 155 1.7857142857142858
154 161 1.7857142857142858
154 170 -1.3571428571428572
154 176 0.5714285714285714
155 156 -0.5714285714285714
155 162 -1.7857142857142858
155 198 -0.5714285714285714
155 205 -2.0
155 230 2.0
155 235 1.3571428571428572
156 157 1.3571428571428572
156 162 2.0
156 163 0.9285714285714286
156 260 1.7857142857142858
156 267 -1.3571428571428572
156 292 -1.7857142857142858
157 158 -0.9285714285714286
157 163 -0.5714285714285714
157 322 -0.9285714285714286
157 347 0.5714285714285714
158 164 -1.3571428571428572
158 376 0.9285714285714286
158 382 1.3571428571428572
159 160 -2.0
159 165 -1.3571428571428572
159 166 -0.5714285714285714
159 507 -0.9285714285714286
159 514 1.3571428571428572
159 539 -2.0
159 547 0.5714285714285714
160 166 1.3571428571428572
160 167 -1.7857142857142858
160 555 -1.3571428571428572
160 562 2.0
161 162 -1.7857142857142858
161 170 -1.3571428571428572
161 176 -1.7857142857142858
161 198 -0.9285714285714286
161 205 0.9285714285714286
162 163 2.0
162 230 -2.0
162 235 -0.5714285714285714
162 260 -1.3571428571428572
162 267 -2.0
163 292 2.0
163 322 1.3571428571428572
164 165 -0.9285714285714286
164 408 -1.7857142857142858
164 415 0.9285714285714286
164 448 1.3571428571428572
165 166 -1.3571428571428572
165 473 -1.3571428571428572
165 481 -1.3571428571428572
165 514 -0.5714285714285714
166 167 -2.0
166 539 1.7857142857142858
166 547 2.0
166 555 0.5714285714285714
166 562 -0.9285714285714286
168 174 -2.0
169 170 1.3571428571428572
169 175 -1.7857142857142858
169 176 -1.7857142857142858
170 171 -1.3571428571428572
170 176 1.3571428571428572
170 177 -1.3571428571428572
170 182 -1.7857142857142858
170 189 2.0
171 177 1.3571428571428572
171 178 0.9285714285714286
171 220 -1.3571428571428572
171 243 -1.7857142857142858
171 251 -2.0
172 179 0.9285714285714286
172 180 0.9285714285714286
172 333 -1.3571428571428572
172 341 -1.7857142857142858
172 361 0.9285714285714286
173 456 -0.5714285714285714
173 464 -0.5714285714285714
173 489 -2.0
173 498 0.5714285714285714
174 175 1.3571428571428572
175 176 1.3571428571428572
176 177 -1.7857142857142858
177 178 1.3571428571428572
177 182 1.3571428571428572
177 189 -1.3571428571428572
177 220 -0.9285714285714286
178 179 0.5714285714285714
178 251 0.5714285714285714
178 274 -1.7857142857142858
178 281 1.3571428571428572
179 180 -0.9285714285714286
179 305 -0.9285714285714286
179 314 1.7857142857142858
179 333 0.5714285714285714
179 341 0.5714285714285714
180 361 -0.9285714285714286
180 390 2.0
180 398 0.9285714285714286
181 182 -1.3571428571428572
181 188 2.0
182 183 2.0
182 188 -1.3571428571428572
182 189 -0.9285714285714286
183 184 0.5714285714285714
183 189 0.5714285714285714
183 198 0.5714285714285714
183 206 1.7857142857142858
183 230 -0.5714285714285714
183 236 0.9285714285714286
184 185 1.7857142857142858
184 190 1.3571428571428572
184 191 -1.3571428571428572
184 260 2.0
184 268 -0.5714285714285714
184 292 -0.5714285714285714
184 299 0.9285714285714286
185 186 -2.0
185 191 2.0
185 192 -0.9285714285714286
185 322 2.0
185 327 -0.9285714285714286
185 347 0.5714285714285714
185 354 -0.5714285714285714
186 192 2.0
186 383 0.5714285714285714
186 408 -2.0
186 416 -0.9285714285714286
187 193 1.3571428571428572
187 507 -2.0
187 515 -1.3571428571428572
187 539 -0.9285714285714286
187 548 -1.3571428571428572
188 189 1.3571428571428572
189 190 -0.9285714285714286
189 198 0.9285714285714286
189 206 1.7857142857142858
190 191 1.3571428571428572
190 230 0.9285714285714286
190 236 0.5714285714285714
190 260 2.0
190 268 2.0
191 192 -0.9285714285714286
191 292 -1.3571428571428572
191 299 1.7857142857142858
191 322 -1.7857142857142858
191 327 1.7857142857142858
192 347 -1.3571428571428572
192 354 -0.5714285714285714
192 376 1.3571428571428572
192 383 0.5714285714285714
193 194 2.0
193 539 -0.5714285714285714
193 548 -1.3571428571428572
193 555 1.3571428571428572
193 563 -0.5714285714285714
195 196 0.5714285714285714
195 203 1.3571428571428572
196 197 -2.0
196 203 -2.0
196 204 -1.3571428571428572
197 198 1.7857142857142858
197 204 0.9285714285714286
197 205 1.7857142857142858
198 199 -1.7857142857142858
198 205 -1.3571428571428572
198 206 0.9285714285714286
199 200 -0.9285714285714286
199 206 2.0
199 207 1.7857142857142858
199 212 -1.7857142857142858
199 220 0.9285714285714286
199 244 0.5714285714285714
199 251 -2.0
200 208 0.9285714285714286
200 275 2.0
200 281 0.5714285714285714
200 306 1.7857142857142858
200 314 -0.9285714285714286
201 202 0.5714285714285714
201 209 -2.0
201 391 1.7857142857142858
201 398 1.7857142857142858
201 422 -2.0
201 430 -2.0
202 210 -1.7857142857142858
202 457 -1.3571428571428572
202 464 1.3571428571428572
202 490 -1.7857142857142858
202 498 -1.7857142857142858
203 204 0.9285714285714286
204 205 -2.0
205 206 -1.3571428571428572
206 207 0.9285714285714286
206 212 -2.0
206 220 -0.5714285714285714
207 208 1.3571428571428572
207 244 -0.9285714285714286
207 251 -0.9285714285714286
207 275 -1.7857142857142858
207 281 -0.9285714285714286
208 209 0.5714285714285714
208 306 0.9285714285714286
208 334 1.3571428571428572
208 341 1.7857142857142858
209 362 1.3571428571428572
209 391 -0.5714285714285714
209 398 0.5714285714285714
210 490 0.5714285714285714
210 498 -0.9285714285714286
210 522 -0.9285714285714286
210 529 -0.9285714285714286
211 219 1.7857142857142858
212 213 -2.0
212 220 2.0
212 221 1.3571428571428572
212 236 -2.0
213 214 -0.5714285714285714
213 221 1.3571428571428572
213 222 1.7857142857142858
213 261 -0.5714285714285714
213 268 -1.7857142857142858
213 293 -2.0
213 299 -0.5714285714285714
214 215 0.5714285714285714
214 222 0.5714285714285714
214 323 0.9285714285714286
214 327 0.5714285714285714
214 348 1.7857142857142858
214 354 -1.7857142857142858
215 216 -1.3571428571428572
215 223 2.0
215 383 -1.7857142857142858
215 409 -0.9285714285714286
215 416 2.0
216 217 -2.0
216 223 1.7857142857142858
216 224 0.5714285714285714
216 441 -1.7857142857142858
216 449 -1.3571428571428572
216 474 -0.5714285714285714
216 482 0.5714285714285714
217 218 1.3571428571428572
217 224 0.9285714285714286
217 225 -0.9285714285714286
217 515 -1.7857142857142858
217 540 -1.7857142857142858
217 548 2.0
218 225 -0.5714285714285714
218 226 -0.5714285714285714
218 556 1.3571428571428572
218 563 0.9285714285714286
219 220 0.5714285714285714
220 221 -0.9285714285714286
221 231 -2.0
221 236 -1.7857142857142858
221 261 1.7857142857142858
221 268 -0.9285714285714286
222 293 -1.7857142857142858
222 299 -1.7857142857142858
222 323 1.3571428571428572
222 327 -2.0
223 224 -0.9285714285714286
223 409 0.5714285714285714
223 441 -1.7857142857142858
223 449 1.7857142857142858
224 225 1.3571428571428572
224 474 -2.0
224 482 -1.3571428571428572
224 515 1.3571428571428572
225 226 -0.5714285714285714
225 540 0.9285714285714286
225 548 -2.0
225 556 -2.0
225 563 0.5714285714285714
227 228 -1.3571428571428572
228 229 -0.5714285714285714
228 234 -1.3571428571428572
229 230 1.7857142857142858
229 234 1.7857142857142858
229 235 0.9285714285714286
230 231 0.9285714285714286
230 235 -1.3571428571428572
230 236 2.0
231 232 0.5714285714285714
231 236 -0.5714285714285714
231 244 -1.3571428571428572
231 252 -0.5714285714285714
232 233 -1.7857142857142858
232 237 -1.7857142857142858
232 238 -1.3571428571428572
232 275 -0.5714285714285714
232 282 -1.3571428571428572
232 306 1.7857142857142858
233 238 -1.3571428571428572
233 239 -1.3571428571428572
233 334 -0.9285714285714286
233 342 -0.9285714285714286
233 362 -1.3571428571428572
233 368 2.0
234 235 1.7857142857142858
235 236 -2.0
236 237 2.0
237 238 1.3571428571428572
237 244 2.0
237 252 0.9285714285714286
237 275 -0.5714285714285714
237 282 -1.3571428571428572
238 239 -0.5714285714285714
238 306 0.9285714285714286
238 315 1.7857142857142858
238 334 0.9285714285714286
238 342 2.0
239 240 1.3571428571428572
239 362 -2.0
239 368 -1.7857142857142858
239 391 2.0
239 399 1.7857142857142858
240 241 1.7857142857142858
240 422 0.5714285714285714
240 431 0.5714285714285714
240 457 -0.9285714285714286
241 490 -0.9285714285714286
241 499 1.3571428571428572
241 522 0.9285714285714286
241 530 -1.7857142857142858
242 243 -2.0
242 250 -1.3571428571428572
243 244 -1.7857142857142858
243 250 -0.5714285714285714
243 251 2.0
244 245 -0.5714285714285714
244 251 -2.0
244 252 1.3571428571428572
245 246 -0.9285714285714286
245 252 -2.0
245 253 -1.7857142857142858
245 261 -1.7857142857142858
245 269 2.0
245 293 -1.3571428571428572
246 247 2.0
246 253 1.7857142857142858
246 254 -0.9285714285714286
246 323 -1.7857142857142858
246 328 1.7857142857142858
246 348 0.5714285714285714
246 355 -1.7857142857142858
247 254 1.3571428571428572
247 384 1.7857142857142858
247 409 1.3571428571428572
247 417 0.9285714285714286
248 249 1.3571428571428572
248 255 1.7857142857142858
248 256 1.7857142857142858
248 516 1.3571428571428572
248 540 -0.5714285714285714
248 549 1.7857142857142858
249 256 0.5714285714285714
249 556 2.0
249 564 1.3571428571428572
250 251 -2.0
251 252 -0.9285714285714286
252 253 -1.3571428571428572
252 261 -1.3571428571428572
252 269 1.3571428571428572
253 254 -1.3571428571428572
253 293 -1.7857142857142858
253 323 2.0
253 328 0.9285714285714286
254 348 2.0
254 355 0.9285714285714286
254 384 -2.0
255 256 -1.3571428571428572
255 474 -1.7857142857142858
255 483 -0.5714285714285714
255 516 -0.9285714285714286
256 540 -0.5714285714285714
256 549 -2.0
256 564 -1.7857142857142858
257 258 1.3571428571428572
258 259 0.5714285714285714
258 266 0.5714285714285714
259 260 2.0
259 266 1.7857142857142858
259 267 1.3571428571428572
260 261 1.3571428571428572
260 267 -0.5714285714285714
260 268 2.0
261 262 0.9285714285714286
261 268 0.5714285714285714
261 269 -0.9285714285714286
262 263 -1.3571428571428572
262 269 1.3571428571428572
262 276 1.3571428571428572
262 282 0.5714285714285714
262 307 -0.5714285714285714
262 315 -0.5714285714285714
263 264 1.7857142857142858
263 270 0.9285714285714286
263 271 2.0
263 335 -0.9285714285714286
263 342 -0.5714285714285714
263 363 1.3571428571428572
263 368 -1.3571428571428572
264 265 -0.9285714285714286
264 271 2.0
264 272 -1.7857142857142858
264 399 1.3571428571428572
264 423 0.9285714285714286
264 431 -1.7857142857142858
265 272 -1.3571428571428572
265 273 0.9285714285714286
265 458 -1.7857142857142858
265 491 2.0
265 499 1.3571428571428572
266 267 1.3571428571428572
267 268 0.5714285714285714
268 269 1.3571428571428572
269 270 -0.5714285714285714
269 276 1.7857142857142858
269 282 -1.3571428571428572
270 271 -2.0
270 307 -1.7857142857142858
270 315 1.3571428571428572
270 335 -0.9285714285714286
270 342 -0.5714285714285714
271 272 1.3571428571428572
271 363 -2.0
271 368 1.7857142857142858
271 399 -0.9285714285714286
272 273 -1.7857142857142858
272 423 2.0
272 431 0.9285714285714286
272 458 0.9285714285714286
273 491 1.3571428571428572
273 499 2.0
273 523 -0.9285714285714286
274 275 -1.7857142857142858
274 281 1.3571428571428572
275 281 0.5714285714285714
275 282 -1.7857142857142858
276 282 -2.0
276 283 2.0
276 294 2.0
277 278 -1.7857142857142858
277 284 -0.5714285714285714
277 285 1.7857142857142858
277 384 1.7857142857142858
277 410 2.0
277 417 1.7857142857142858
278 279 -0.9285714285714286
278 285 -1.7857142857142858
278 286 -2.0
278 442 1.3571428571428572
278 450 -0.5714285714285714
278 475 -0.9285714285714286
278 483 -2.0
279 280 0.9285714285714286
279 287 1.7857142857142858
279 508 2.0
279 541 0.5714285714285714
279 549 1.3571428571428572
280 287 0.9285714285714286
280 288 -1.7857142857142858
280 557 0.9285714285714286
280 564 -2.0
281 282 -0.9285714285714286
282 283 -0.5714285714285714
283 284 0.5714285714285714
283 294 1.7857142857142858
283 324 1.7857142857142858
283 328 -1.7857142857142858
284 285 -0.5714285714285714
284 349 -1.3571428571428572
284 355 -0.9285714285714286
284 384 0.9285714285714286
285 286 -0.9285714285714286
285 410 0.9285714285714286
285 417 -2.0
285 442 -0.9285714285714286
285 450 1.7857142857142858
286 287 2.0
286 475 -1.7857142857142858
286 483 -1.7857142857142858
286 508 1.7857142857142858
286 516 1.7857142857142858
287 288 1.7857142857142858
287 541 -0.5714285714285714
287 549 0.5714285714285714
287 557 1.3571428571428572
287 564 -1.3571428571428572
289 290 2.0
290 291 -1.3571428571428572
290 298 0.9285714285714286
291 292 2.0
291 298 -1.7857142857142858
292 293 0.5714285714285714
292 299 -2.0
293 294 -0.9285714285714286
293 299 -2.0
294 295 -0.5714285714285714
294 300 1.7857142857142858
294 307 1.7857142857142858
294 316 2.0
295 296 -2.0
295 300 1.3571428571428572
295 301 1.3571428571428572
295 335 -1.3571428571428572
295 343 -1.7857142857142858
295 363 -2.0
295 369 -1.3571428571428572
296 297 0.5714285714285714
296 301 1.3571428571428572
296 302 0.9285714285714286
296 400 0.5714285714285714
296 423 -0.5714285714285714
296 432 -1.7857142857142858
297 302 1.3571428571428572
297 303 2.0
297 458 -0.5714285714285714
297 465 0.5714285714285714
297 491 0.9285714285714286
297 500 -2.0
300 307 0.9285714285714286
300 316 1.7857142857142858
300 343 -1.3571428571428572
301 302 2.0
301 400 -1.3571428571428572
302 303 -2.0
302 423 0.5714285714285714
302 432 2.0
302 458 -1.7857142857142858
302 465 1.3571428571428572
303 491 1.3571428571428572
303 500 1.3571428571428572
303 523 -0.5714285714285714
303 531 1.7857142857142858
304 313 1.7857142857142858
305 306 1.3571428571428572
305 313 0.5714285714285714
305 314 -1.7857142857142858
306 307 1.3571428571428572
306 314 0.5714285714285714
306 315 0.9285714285714286
307 308 1.7857142857142858
307 315 1.7857142857142858
307 316 -1.3571428571428572
308 309 0.5714285714285714
308 316 2.0
308 317 -1.7857142857142858
308 324 -1.3571428571428572
308 329 -0.5714285714285714
308 349 0.9285714285714286
308 356 1.3571428571428572
309 310 1.3571428571428572
309 317 -1.3571428571428572
309 318 -2.0
309 385 1.3571428571428572
309 410 -0.5714285714285714
310 311 1.3571428571428572
310 318 2.0
310 319 -2.0
310 442 -1.7857142857142858
310 451 2.0
310 484 -1.7857142857142858
311 312 -2.0
311 319 -1.7857142857142858
311 320 -1.3571428571428572
311 508 2.0
311 517 1.3571428571428572
311 541 -0.9285714285714286
311 550 0.9285714285714286
312 320 -2.0
312 557 2.0
312 565 -2.0
313 314 -0.9285714285714286
314 315 -2.0
316 317 0.9285714285714286
316 324 -0.9285714285714286
316 329 0.9285714285714286
317 318 -1.7857142857142858
317 349 -2.0
317 356 0.9285714285714286
317 385 2.0
318 319 0.9285714285714286
318 410 -0.9285714285714286
318 442 -2.0
318 451 -1.3571428571428572
319 320 -1.3571428571428572
319 475 -0.9285714285714286
319 484 0.9285714285714286
319 508 -2.0
319 517 -0.9285714285714286
320 541 0.5714285714285714
320 550 -0.5714285714285714
320 557 1.3571428571428572
320 565 2.0
322 323 1.3571428571428572
322 327 -1.7857142857142858
323 324 -1.7857142857142858
323 327 0.5714285714285714
323 328 -0.9285714285714286
324 328 1.7857142857142858
324 329 -0.9285714285714286
325 326 2.0
325 330 2.0
325 331 2.0
325 392 2.0
325 400 0.5714285714285714
325 424 1.3571428571428572
325 432 -0.5714285714285714
326 331 0.9285714285714286
326 459 -2.0
326 465 0.9285714285714286
326 492 -1.3571428571428572
326 500 2.0
327 328 0.9285714285714286
328 329 1.7857142857142858
329 330 0.5714285714285714
329 343 1.3571428571428572
330 331 2.0
330 369 0.9285714285714286
330 392 -1.7857142857142858
330 400 2.0
331 424 0.9285714285714286
331 432 -1.3571428571428572
331 459 2.0
332 333 0.9285714285714286
332 340 -2.0
333 334 -0.9285714285714286
333 340 -0.5714285714285714
333 341 1.7857142857142858
334 335 0.5714285714285714
334 341 1.3571428571428572
334 342 0.9285714285714286
335 343 2.0
336 344 -2.0
336 345 0.5714285714285714
336 377 -1.7857142857142858
336 385 0.5714285714285714
337 338 1.3571428571428572
337 345 0.9285714285714286
337 443 2.0
337 451 -0.9285714285714286
337 476 -2.0
337 484 0.5714285714285714
338 339 0.5714285714285714
338 509 -1.7857142857142858
338 517 -0.5714285714285714
339 346 0.5714285714285714
339 558 -0.9285714285714286
339 565 -0.5714285714285714
340 341 -0.5714285714285714
341 342 0.5714285714285714
342 343 -0.9285714285714286
343 344 -1.3571428571428572
344 345 1.7857142857142858
344 350 -0.5714285714285714
344 356 -0.9285714285714286
344 377 -0.5714285714285714
344 385 -1.3571428571428572
345 443 -2.0
345 451 2.0
347 348 1.7857142857142858
347 354 -0.5714285714285714
348 349 -0.9285714285714286
348 354 -1.3571428571428572
348 355 -0.9285714285714286
349 350 -1.3571428571428572
349 355 -0.9285714285714286
349 356 0.9285714285714286
350 351 -0.5714285714285714
350 356 0.5714285714285714
350 357 1.7857142857142858
350 370 -0.9285714285714286
351 352 2.0
351 357 -0.5714285714285714
351 392 -1.3571428571428572
351 401 -1.7857142857142858
351 424 -0.9285714285714286
351 433 -1.7857142857142858
352 358 2.0
352 359 1.3571428571428572
352 459 0.5714285714285714
352 466 -1.3571428571428572
352 492 -1.3571428571428572
352 501 -0.5714285714285714
354 355 1.7857142857142858
355 356 -0.9285714285714286
356 357 2.0
357 358 -0.5714285714285714
357 370 1.7857142857142858
357 392 0.9285714285714286
357 401 1.7857142857142858
358 359 0.5714285714285714
358 424 1.3571428571428572
358 433 -0.9285714285714286
358 459 -2.0
358 466 0.5714285714285714
359 492 -0.9285714285714286
359 501 0.5714285714285714
359 524 1.3571428571428572
359 532 -1.7857142857142858
360 361 1.7857142857142858
361 362 0.5714285714285714
362 363 1.3571428571428572
362 368 2.0
363 368 0.5714285714285714
363 369 1.7857142857142858
364 365 1.7857142857142858
364 370 0.5714285714285714
364 371 -0.9285714285714286
364 377 0.5714285714285714
364 386 2.0
365 366 2.0
365 371 -0.5714285714285714
365 443 -0.9285714285714286
365 452 -0.5714285714285714
365 476 2.0
365 485 0.9285714285714286
366 367 0.9285714285714286
366 372 -2.0
366 373 1.7857142857142858
366 509 1.7857142857142858
366 518 0.9285714285714286
366 542 -2.0
366 551 -1.3571428571428572
367 373 1.7857142857142858
367 558 0.9285714285714286
367 566 -1.7857142857142858
368 369 -2.0
369 370 1.3571428571428572
370 371 -1.3571428571428572
370 377 -2.0
370 386 -1.7857142857142858
371 372 -0.9285714285714286
371 443 1.7857142857142858
371 452 0.5714285714285714
372 373 -0.5714285714285714
372 476 -2.0
372 509 -0.9285714285714286
372 518 0.9285714285714286
373 542 0.5714285714285714
373 551 -1.7857142857142858
373 558 0.9285714285714286
373 566 -0.9285714285714286
374 375 -1.7857142857142858
374 380 0.9285714285714286
375 380 -1.3571428571428572
375 381 -2.0
376 382 2.0
376 383 -0.5714285714285714
377 378 -0.5714285714285714
377 385 -1.3571428571428572
377 386 -2.0
378 379 -1.7857142857142858
378 386 0.5714285714285714
378 387 -0.5714285714285714
378 393 -1.3571428571428572
378 401 -1.3571428571428572
378 425 -1.7857142857142858
378 433 -2.0
379 387 -2.0
379 388 -1.3571428571428572
379 460 2.0
379 466 2.0
379 493 -1.3571428571428572
379 501 0.5714285714285714
380 381 -2.0
381 382 -1.7857142857142858
382 383 -2.0
383 384 1.3571428571428572
384 385 -0.9285714285714286
385 386 -0.9285714285714286
386 387 -1.3571428571428572
386 393 0.9285714285714286
386 401 0.5714285714285714
387 388 2.0
387 425 0.5714285714285714
387 433 0.5714285714285714
387 460 0.5714285714285714
387 466 -1.7857142857142858
388 493 -2.0
388 501 -1.7857142857142858
388 525 1.3571428571428572
388 532 -0.5714285714285714
389 390 -1.7857142857142858
389 397 -1.7857142857142858
390 391 -2.0
390 397 0.5714285714285714
390 398 1.7857142857142858
391 398 -1.7857142857142858
391 399 0.5714285714285714
392 393 -1.3571428571428572
392 400 -1.7857142857142858
392 401 1.7857142857142858
393 394 1.3571428571428572
393 401 0.9285714285714286
393 402 -2.0
393 411 -1.3571428571428572
394 395 -0.5714285714285714
394 402 0.5714285714285714
394 403 -0.9285714285714286
394 444 -0.5714285714285714
394 452 -0.5714285714285714
394 477 1.7857142857142858
394 485 0.9285714285714286
395 396 1.7857142857142858
395 403 1.7857142857142858
395 404 0.9285714285714286
395 510 -1.3571428571428572
395 518 0.9285714285714286
395 543 0.5714285714285714
395 551 -0.5714285714285714
396 404 -0.9285714285714286
396 559 -2.0
396 566 -0.5714285714285714
397 398 0.9285714285714286
398 399 -0.9285714285714286
399 400 -1.7857142857142858
400 401 1.3571428571428572
401 402 0.9285714285714286
402 403 0.5714285714285714
402 411 2.0
402 444 1.3571428571428572
402 452 -0.9285714285714286
403 404 1.3571428571428572
403 477 2.0
403 485 2.0
403 510 1.3571428571428572
403 518 -0.5714285714285714
404 543 -1.7857142857142858
404 551 1.7857142857142858
404 559 0.5714285714285714
404 566 -2.0
405 406 0.5714285714285714
405 413 2.0
406 407 -2.0
406 413 1.7857142857142858
406 414 -0.5714285714285714
407 408 1.3571428571428572
407 414 2.0
407 415 2.0
408 409 -0.9285714285714286
408 415 -1.7857142857142858
408 416 2.0
409 410 -1.3571428571428572
409 416 2.0
409 417 -1.7857142857142858
410 417 -0.9285714285714286
411 412 -0.9285714285714286
411 418 1.3571428571428572
411 425 0.9285714285714286
411 434 -1.7857142857142858
412 418 -2.0
412 419 1.7857142857142858
412 460 -1.3571428571428572
412 467 0.5714285714285714
412 493 -1.7857142857142858
412 502 2.0
413 414 -1.7857142857142858
414 415 2.0
416 417 0.5714285714285714
418 419 -1.3571428571428572
418 425 0.9285714285714286
418 434 0.5714285714285714
418 460 1.7857142857142858
418 467 2.0
419 493 -0.5714285714285714
419 502 -0.5714285714285714
419 525 1.7857142857142858
419 533 -1.7857142857142858
420 421 -1.7857142857142858
420 429 1.7857142857142858
421 422 -1.7857142857142858
421 429 0.9285714285714286
421 430 2.0
422 423 -0.9285714285714286
422 430 1.3571428571428572
422 431 1.3571428571428572
423 431 0.5714285714285714
423 432 1.3571428571428572
424 425 -0.5714285714285714
424 432 0.9285714285714286
424 433 0.5714285714285714
425 426 0.9285714285714286
425 433 0.5714285714285714
425 434 -1.7857142857142858
426 427 0.9285714285714286
426 435 -2.0
426 444 -1.3571428571428572
426 453 -2.0
426 477 -0.5714285714285714
426 486 -0.9285714285714286
427 428 -1.7857142857142858
427 435 0.5714285714285714
427 436 -1.7857142857142858
427 510 -0.9285714285714286
427 519 -1.3571428571428572
427 543 1.7857142857142858
427 552 -0.9285714285714286
428 436 -0.9285714285714286
428 437 1.3571428571428572
428 559 -0.9285714285714286
428 567 0.9285714285714286
429 430 -0.9285714285714286
430 431 -2.0
431 432 1.3571428571428572
432 433 0.5714285714285714
433 434 -0.5714285714285714
434 444 0.9285714285714286
434 453 1.7857142857142858
435 436 -2.0
435 477 -0.5714285714285714
435 486 -2.0
435 510 1.3571428571428572
435 519 0.9285714285714286
436 437 -0.5714285714285714
436 543 0.5714285714285714
436 552 -0.9285714285714286
436 559 -0.9285714285714286
438 446 2.0
439 440 -0.5714285714285714
439 447 -1.7857142857142858
439 448 0.9285714285714286
440 441 -1.7857142857142858
440 448 -1.7857142857142858
440 449 -0.9285714285714286
441 442 1.3571428571428572
441 449 -2.0
441 450 0.5714285714285714
442 443 0.5714285714285714
442 450 1.3571428571428572
442 451 -1.3571428571428572
443 444 -2.0
443 451 2.0
443 452 -2.0
444 445 0.5714285714285714
444 452 -0.5714285714285714
444 453 -1.3571428571428572
445 453 0.5714285714285714
445 454 -1.3571428571428572
445 467 -1.3571428571428572
445 494 -1.7857142857142858
445 502 1.3571428571428572
446 447 1.3571428571428572
447 448 1.7857142857142858
448 449 -2.0
449 450 1.3571428571428572
450 451 -2.0
451 452 -1.3571428571428572
452 453 0.5714285714285714
453 454 2.0
453 467 -2.0
454 494 -0.9285714285714286
454 502 0.9285714285714286
454 526 1.7857142857142858
454 533 2.0
455 456 -0.9285714285714286
455 463 0.5714285714285714
456 457 -2.0
456 463 0.5714285714285714
456 464 -2.0
457 458 -0.9285714285714286
457 464 0.9285714285714286
458 459 -0.9285714285714286
458 465 -1.3571428571428572
459 460 2.0
459 465 -2.0
459 466 2.0
460 466 2.0
460 467 0.5714285714285714
461 462 1.7857142857142858
461 468 -2.0
461 469 -2.0
461 511 -1.3571428571428572
461 519 -0.9285714285714286
461 544 -1.3571428571428572
461 552 -1.3571428571428572
462 469 0.9285714285714286
462 470 -1.3571428571428572
462 560 -1.3571428571428572
462 567 -1.3571428571428572
463 464 0.9285714285714286
465 466 0.5714285714285714
466 467 1.7857142857142858
467 468 -1.7857142857142858
468 469 -1.7857142857142858
468 478 -0.9285714285714286
468 486 2.0
468 511 -0.9285714285714286
468 519 1.3571428571428572
469 470 1.7857142857142858
469 544 -0.5714285714285714
469 552 -1.3571428571428572
469 560 -0.5714285714285714
469 567 -1.3571428571428572
471 472 -0.9285714285714286
471 479 0.5714285714285714
472 479 -0.5714285714285714
472 480 0.9285714285714286
473 474 1.3571428571428572
473 481 -0.9285714285714286
473 482 0.9285714285714286
474 475 -0.9285714285714286
474 482 -2.0
474 483 -1.3571428571428572
475 483 -2.0
475 484 -0.9285714285714286
476 477 -1.3571428571428572
476 484 1.3571428571428572
476 485 0.5714285714285714
477 478 -0.9285714285714286
477 485 0.9285714285714286
477 486 0.5714285714285714
478 486 -0.5714285714285714
478 487 1.3571428571428572
478 494 -1.3571428571428572
479 480 2.0
480 481 -0.9285714285714286
481 482 2.0
482 483 -0.5714285714285714
484 485 1.3571428571428572
485 486 1.7857142857142858
486 487 -2.0
487 494 1.3571428571428572
487 526 -0.5714285714285714
487 534 -0.5714285714285714
488 489 -1.7857142857142858
488 497 0.9285714285714286
489 490 0.9285714285714286
489 498 -0.9285714285714286
490 491 1.7857142857142858
490 498 -2.0
490 499 0.5714285714285714
491 492 0.5714285714285714
491 499 0.5714285714285714
491 500 0.5714285714285714
492 493 2.0
492 500 -1.7857142857142858
492 501 0.9285714285714286
493 494 0.9285714285714286
493 501 1.3571428571428572
493 502 0.5714285714285714
494 495 -0.5714285714285714
494 502 0.5714285714285714
495 496 -2.0
495 503 1.7857142857142858
495 511 1.7857142857142858
495 520 -0.5714285714285714
495 544 -0.9285714285714286
496 503 0.5714285714285714
496 504 0.9285714285714286
496 560 0.9285714285714286
496 568 -1.3571428571428572
497 498 -0.5714285714285714
498 499 0.5714285714285714
499 500 0.5714285714285714
500 501 -1.3571428571428572
501 502 -1.7857142857142858
503 504 -0.9285714285714286
503 560 -2.0
503 568 0.9285714285714286
505 512 0.9285714285714286
505 513 -2.0
506 507 -2.0
506 513 -1.7857142857142858
506 514 -0.5714285714285714
507 514 0.9285714285714286
507 515 -2.0
508 509 0.5714285714285714
508 516 0.5714285714285714
508 517 -0.5714285714285714
509 510 1.3571428571428572
509 517 -0.5714285714285714
509 518 1.3571428571428572
510 511 0.5714285714285714
510 518 0.5714285714285714
510 519 0.9285714285714286
511 519 0.5714285714285714
511 520 1.7857142857142858
512 513 1.3571428571428572
513 514 -0.5714285714285714
514 515 -2.0
515 516 1.7857142857142858
516 517 -2.0
517 518 -1.7857142857142858
518 519 -0.5714285714285714
519 520 -2.0
520 527 -1.7857142857142858
520 534 -1.3571428571428572
521 522 -1.7857142857142858
521 529 -0.5714285714285714
522 523 -0.9285714285714286
522 530 -0.9285714285714286
523 524 -0.9285714285714286
523 530 -1.7857142857142858
523 531 2.0
524 525 -0.5714285714285714
524 531 1.7857142857142858
524 532 -2.0
525 526 -0.9285714285714286
525 532 1.7857142857142858
525 533 -0.5714285714285714
526 533 -2.0
526 534 1.3571428571428572
527 528 -0.5714285714285714
527 534 -0.9285714285714286
527 535 -1.7857142857142858
528 535 1.3571428571428572
528 536 -2.0
528 568 0.5714285714285714
529 530 1.7857142857142858
530 531 2.0
531 532 -0.5714285714285714
532 533 0.9285714285714286
533 534 -0.9285714285714286
534 535 1.7857142857142858
535 536 -1.3571428571428572
535 568 -1.7857142857142858
537 538 1.3571428571428572
537 545 1.3571428571428572
537 546 -1.3571428571428572
538 539 -1.3571428571428572
538 546 1.7857142857142858
538 547 -1.7857142857142858
539 540 0.5714285714285714
539 547 2.0
539 548 -2.0
540 541 0.5714285714285714
540 548 -0.9285714285714286
540 549 -0.9285714285714286
541 542 -0.9285714285714286
541 549 -2.0
541 550 2.0
542 543 2.0
542 550 1.7857142857142858
542 551 0.5714285714285714
543 544 -0.9285714285714286
543 551 0.9285714285714286
543 552 -0.5714285714285714
544 552 -0.5714285714285714
545 546 1.7857142857142858
546 547 0.9285714285714286
547 548 0.9285714285714286
548 549 -0.5714285714285714
549 550 0.5714285714285714
550 551 -2.0
551 552 -0.5714285714285714
553 561 0.5714285714285714
554 555 -0.9285714285714286
554 562 2.0
555 556 2.0
555 562 -1.7857142857142858
555 563 1.7857142857142858
556 557 -1.7857142857142858
556 563 -1.7857142857142858
556 564 -0.5714285714285714
557 558 -1.7857142857142858
557 564 1.7857142857142858
557 565 -2.0
558 559 -1.7857142857142858
558 565 -0.5714285714285714
559 560 -0.5714285714285714
559 566 -1.7857142857142858
559 567 0.9285714285714286
560 567 -0.9285714285714286
560 568 1.7857142857142858
562 563 0.5714285714285714
563 564 1.3571428571428572
564 565 -1.7857142857142858
565 566 0.9285714285714286
566 567 0.5714285714285714
567 568 0.9285714285714286
