989 4012
1 1 -3.0
2 2 -8.571428571428571
3 3 -3.7142857142857144
4 4 -3.3571428571428568
5 5 -2.071428571428571
6 6 4.5
7 7 2.4285714285714284
8 8 7.357142857142857
9 9 -3.1428571428571432
10 10 -2.2142857142857144
11 11 -8.714285714285715
12 12 1.2142857142857144
13 13 -4.285714285714286
14 14 1.2857142857142858
15 15 -0.5000000000000002
16 16 6.142857142857143
17 17 2.428571428571429
18 18 1.5714285714285712
19 19 -2.071428571428571
20 20 0.2142857142857144
21 21 0.4999999999999998
22 22 -0.5714285714285712
23 23 -0.0714285714285714
24 24 -5.071428571428571
25 25 3.857142857142857
26 26 1.7857142857142858
27 27 -1.5714285714285714
28 28 -3.5
29 29 6.285714285714286
30 30 7.214285714285714
31 31 1.9285714285714284
32 32 1.285714285714286
33 33 -2.071428571428571
34 34 0.3571428571428572
35 35 0.5714285714285716
36 36 0.6428571428571428
37 37 -8.142857142857142
38 38 -2.6428571428571432
39 39 -0.21428571428571486
40 40 -0.5714285714285714
41 41 -3.5000000000000004
42 42 1.0000000000000004
43 43 -4.7857142857142865
44 44 -4.5
45 45 3.1428571428571432
46 46 -2.7857142857142856
47 47 -2.214285714285714
48 48 -2.7857142857142856
49 49 -4.071428571428571
50 50 -3.0
51 51 3.928571428571429
52 52 -0.14285714285714324
53 53 -7.357142857142858
54 54 -3.2857142857142856
55 55 0.9285714285714286
56 56 2.857142857142857
57 57 -3.6428571428571423
58 58 0.857142857142857
59 59 2.357142857142857
60 60 -3.6428571428571432
61 61 7.142857142857142
62 62 2.7142857142857144
63 63 -2.571428571428571
64 64 -5.285714285714286
65 65 -0.4285714285714286
66 66 0.4285714285714284
67 67 0.42857142857142816
68 68 -0.7857142857142856
69 69 6.071428571428572
70 70 4.0
71 71 0.6428571428571426
72 72 1.5714285714285716
73 73 1.9285714285714286
74 74 2.0
75 75 -4.428571428571429
76 76 1.1428571428571428
77 77 -7.142857142857142
78 78 0.6428571428571432
79 79 -2.0
80 80 -5.142857142857143
81 81 -7.785714285714286
82 82 2.000000000000001
83 83 -2.5
84 84 -1.1428571428571428
85 85 -3.7142857142857144
86 86 2.428571428571429
87 87 1.5000000000000002
88 88 1.4999999999999998
89 89 -1.9285714285714284
90 90 0.9285714285714286
91 91 -4.428571428571429
92 92 -4.357142857142857
93 93 3.357142857142857
94 94 0.6428571428571428
95 95 -1.2857142857142858
96 96 3.1428571428571432
97 97 3.928571428571429
98 98 -3.1428571428571432
99 99 6.642857142857142
100 100 -2.8571428571428585
101 101 3.3571428571428577
102 102 -2.571428571428571
104 104 5.142857142857142
105 105 4.0
106 106 -4.571428571428572
107 107 4.357142857142857
108 108 -2.642857142857143
109 109 2.2857142857142856
110 110 3.428571428571429
111 111 -3.2857142857142856
112 112 -4.071428571428571
113 113 -2.7857142857142856
114 114 4.2857142857142865
115 115 3.1428571428571432
116 116 -4.071428571428571
117 117 -4.071428571428572
118 118 1.0
119 119 2.428571428571429
120 120 1.285714285714286
121 121 -5.928571428571429
122 122 3.1428571428571432
123 123 -6.571428571428572
124 124 -5.285714285714286
125 125 3.1428571428571423
126 126 3.071428571428571
127 127 0.5
128 128 3.285714285714286
129 129 -0.3571428571428572
130 130 4.7142857142857135
131 131 3.428571428571429
132 132 -2.1428571428571423
133 133 1.8571428571428574
134 134 -0.9285714285714284
135 135 1.0714285714285714
136 136 -0.2857142857142858
137 137 0.4285714285714284
138 138 3.0
139 139 -4.785714285714286
140 140 4.5
141 141 6.428571428571429
142 142 4.714285714285714
143 143 -0.4285714285714286
144 144 0.7857142857142858
145 145 -3.142857142857143
146 146 -6.928571428571429
147 147 -0.8571428571428572
148 148 0.857142857142857
149 149 4.714285714285714
150 150 -5.785714285714286
151 151 1.8571428571428572
152 152 4.357142857142858
153 153 5.142857142857143
154 154 -0.7857142857142858
155 155 3.071428571428571
156 156 2.214285714285714
157 157 1.2857142857142858
158 158 -5.285714285714286
159 159 1.2142857142857144
160 160 1.0
161 161 -0.2857142857142856
162 162 5.071428571428571
163 163 -2.4285714285714284
164 164 -6.5
165 165 -1.8571428571428572
166 166 -5.714285714285714
167 167 1.5714285714285718
168 168 -5.0
169 169 2.571428571428571
170 170 -1.5
171 171 0.9285714285714288
172 172 1.4285714285714286
173 173 -3.2857142857142856
174 174 1.4285714285714284
175 175 -6.142857142857142
176 176 -2.7142857142857144
177 177 -0.642857142857143
178 178 1.5
179 179 3.3571428571428568
180 180 -3.1428571428571423
181 181 -1.0000000000000002
182 182 5.0
183 183 -3.214285714285714
184 184 2.7857142857142856
185 185 0.14285714285714257
186 186 4.285714285714286
187 187 4.785714285714286
188 188 -2.928571428571429
189 189 -0.1428571428571428
190 190 0.4285714285714288
191 191 -0.2142857142857144
192 192 -2.928571428571429
193 193 1.428571428571428
194 194 1.1428571428571428
195 195 -2.428571428571429
196 196 1.5
197 197 4.5
198 198 3.0714285714285716
199 199 -2.2142857142857144
200 200 5.0
201 201 4.7142857142857135
202 202 0.5
203 203 0.4285714285714286
204 204 -4.857142857142858
205 205 -0.5
206 206 0.3571428571428572
207 207 -1.5714285714285714
208 208 -4.642857142857143
209 209 3.6428571428571432
210 210 2.2857142857142856
211 211 -1.6428571428571428
212 212 -7.071428571428571
213 213 1.9285714285714284
214 214 -1.3571428571428572
215 215 -1.7142857142857144
216 216 -4.0
217 217 -5.857142857142857
218 218 -2.071428571428571
219 219 -4.071428571428571
220 220 -1.857142857142857
221 221 6.785714285714286
222 222 -6.642857142857142
223 223 1.3571428571428574
224 224 1.3571428571428572
225 225 -4.214285714285714
226 226 4.857142857142858
227 227 3.1428571428571432
228 228 4.142857142857143
229 229 -0.4285714285714286
230 230 -4.5
231 231 1.1428571428571428
232 232 -4.571428571428572
233 233 -3.2857142857142865
234 234 1.9285714285714288
235 235 2.2142857142857144
236 236 2.928571428571429
237 237 3.2857142857142856
238 238 3.071428571428571
239 239 -4.857142857142858
240 240 0.357142857142857
241 241 2.0
242 242 6.0
243 243 -4.571428571428571
244 244 -6.071428571428571
245 245 3.8571428571428577
246 246 0.1428571428571428
247 247 2.0
248 248 -0.8571428571428572
249 249 2.0000000000000004
250 250 2.4285714285714284
251 251 -0.9285714285714286
252 252 2.7142857142857144
253 253 -2.428571428571429
254 254 -2.7142857142857144
255 255 -3.071428571428571
256 256 3.571428571428571
257 257 -4.142857142857142
258 258 -1.0
259 259 3.571428571428572
260 260 0.9285714285714286
261 261 -3.0
262 262 6.071428571428571
263 263 5.642857142857143
264 264 1.9285714285714286
265 265 0.7857142857142856
266 266 -0.2857142857142858
267 267 1.0714285714285716
268 268 -0.2857142857142858
269 269 3.928571428571429
270 270 4.928571428571429
271 271 3.7142857142857144
272 272 2.7142857142857144
273 273 1.9285714285714284
274 274 -6.714285714285715
275 275 -0.4285714285714286
276 276 -3.142857142857143
277 277 1.2857142857142858
278 278 5.714285714285714
279 279 4.357142857142857
280 280 -2.8571428571428568
281 281 -2.2142857142857144
282 282 3.1428571428571432
283 283 1.6428571428571432
284 284 -1.2857142857142856
285 285 0.8571428571428568
286 286 -1.3571428571428572
287 287 -3.857142857142857
288 288 -6.5
289 289 -1.7142857142857142
290 290 3.5
291 291 -2.0
292 292 0.14285714285714235
293 293 0.4285714285714284
294 294 0.7142857142857144
295 295 -1.857142857142857
296 296 1.0714285714285714
297 297 -1.1428571428571437
298 298 -3.285714285714285
299 299 -4.071428571428572
300 300 0.7142857142857144
301 301 4.0
302 302 3.5
303 303 1.6428571428571432
304 304 -2.428571428571429
305 305 -3.571428571428571
306 306 -2.857142857142857
307 307 -2.928571428571428
308 308 5.571428571428571
309 309 0.9285714285714286
310 310 0.2142857142857142
311 311 0.7142857142857137
312 312 0.9285714285714288
313 313 -2.7142857142857144
314 314 -1.9999999999999998
315 315 3.5
316 316 3.857142857142857
317 317 5.7857142857142865
318 318 1.6428571428571428
319 319 1.4285714285714286
320 320 4.5
321 321 0.4285714285714286
322 322 -1.7142857142857142
323 323 -0.9999999999999998
324 324 -0.8571428571428572
325 325 -0.7857142857142858
326 326 -0.7142857142857144
327 327 3.928571428571429
328 328 -3.2142857142857144
329 329 -3.2857142857142856
330 330 0.14285714285714302
331 331 -3.7857142857142856
333 333 -3.2142857142857144
334 334 -1.285714285714286
335 335 -2.1428571428571432
336 336 -7.714285714285714
337 337 0.5714285714285714
338 338 -1.4285714285714284
339 339 -2.571428571428571
340 340 -0.5714285714285714
341 341 -1.7142857142857142
342 342 0.1428571428571428
343 343 -6.285714285714286
344 344 -2.7857142857142856
345 345 -2.7142857142857144
346 346 -0.07142857142857117
347 347 -3.1428571428571423
348 348 -5.357142857142858
349 349 5.642857142857142
350 350 1.7142857142857142
351 351 0.2142857142857142
353 353 1.9999999999999998
354 354 1.4285714285714286
355 355 -3.5
356 356 -5.928571428571429
358 358 -3.7857142857142865
359 359 -1.714285714285714
360 360 0.5
361 361 -0.5714285714285716
362 362 1.7857142857142856
363 363 -3.7142857142857153
364 364 0.2857142857142858
365 365 0.3571428571428572
366 366 0.642857142857143
367 367 3.571428571428572
368 368 3.642857142857143
369 369 5.714285714285714
370 370 7.071428571428571
371 371 1.0714285714285714
372 372 -5.0
373 373 0.7857142857142856
374 374 6.428571428571429
375 375 -3.071428571428571
376 376 -2.2142857142857144
377 377 2.7857142857142856
378 378 3.785714285714286
379 379 6.071428571428571
380 380 -0.4285714285714286
381 381 -3.7142857142857144
382 382 4.214285714285714
383 383 0.0714285714285714
384 384 0.5
385 385 -4.857142857142857
386 386 -4.142857142857142
387 387 0.14285714285714235
388 388 -6.714285714285714
389 389 0.6428571428571426
390 390 -6.642857142857143
391 391 -4.5
392 392 -5.428571428571429
393 393 -4.571428571428572
394 394 -5.214285714285714
395 395 -0.928571428571429
396 396 2.7857142857142856
397 397 -6.285714285714286
398 398 -1.1428571428571426
399 399 1.857142857142857
400 400 -2.928571428571429
401 401 -5.142857142857142
402 402 3.5
403 403 -4.5
404 404 -3.1428571428571432
405 405 -1.0000000000000002
406 406 2.571428571428571
407 407 -2.7857142857142856
408 408 -1.0
409 409 0.357142857142857
410 410 2.6428571428571432
411 411 1.7142857142857144
412 412 2.857142857142857
413 413 2.642857142857143
414 414 5.928571428571428
415 415 -3.928571428571429
416 416 -4.857142857142858
417 417 -4.071428571428571
418 418 -1.7142857142857144
419 419 -0.5714285714285714
420 420 0.2142857142857144
421 421 2.7857142857142856
423 423 -3.2857142857142856
424 424 0.4285714285714286
425 425 -5.285714285714286
426 426 -1.4285714285714286
427 427 1.1428571428571428
428 428 -2.0
429 429 5.071428571428572
430 430 -2.428571428571429
431 431 -6.785714285714286
432 432 -0.5714285714285716
433 433 -4.0
434 434 -0.7142857142857144
435 435 -4.571428571428571
436 436 3.7857142857142856
437 437 5.642857142857143
438 438 -2.2857142857142856
439 439 -0.2142857142857142
440 440 -1.2857142857142854
441 441 -1.8571428571428568
442 442 0.8571428571428572
443 443 1.7142857142857146
444 444 0.2142857142857142
445 445 4.642857142857143
446 446 5.857142857142857
447 447 4.357142857142857
448 448 -5.0
449 449 3.1428571428571432
450 450 3.7857142857142856
451 451 5.214285714285714
452 452 -1.9285714285714286
453 453 0.4285714285714286
454 454 6.285714285714286
455 455 3.2857142857142856
456 456 1.857142857142857
457 457 -1.3571428571428572
458 458 -0.5
459 459 7.714285714285715
460 460 2.2142857142857153
461 461 -2.1428571428571432
462 462 3.642857142857143
463 463 1.0
464 464 0.9285714285714284
465 465 5.357142857142858
466 466 2.5
467 467 -3.9285714285714284
468 468 -2.2142857142857144
469 469 1.9285714285714288
470 470 3.7142857142857144
471 471 -0.7142857142857144
472 472 -5.642857142857143
473 473 -1.7857142857142854
474 474 3.4285714285714284
475 475 -3.5714285714285716
476 476 -6.357142857142858
477 477 -2.7857142857142856
478 478 -0.8571428571428574
479 479 1.2142857142857144
480 480 0.07142857142857095
481 481 9.642857142857144
482 482 3.9285714285714284
483 483 4.214285714285714
484 484 0.7857142857142854
485 485 2.3571428571428577
486 486 -4.428571428571429
487 487 6.071428571428572
488 488 -2.642857142857143
489 489 1.7142857142857144
490 490 -5.2857142857142865
491 491 0.14285714285714302
492 492 -0.2142857142857144
493 493 3.3571428571428577
494 494 2.2142857142857144
495 495 -0.8571428571428568
496 496 1.4285714285714286
497 497 1.5
498 498 -2.428571428571429
499 499 0.07142857142857117
500 500 5.428571428571429
501 501 6.5
502 502 2.571428571428572
503 503 0.357142857142857
504 504 -8.357142857142858
505 505 0.14285714285714235
506 506 -0.8571428571428577
507 507 1.1428571428571428
508 508 -3.7857142857142856
509 509 0.4285714285714288
510 510 -4.5
511 511 -1.2857142857142858
512 512 -5.142857142857142
513 513 -2.1428571428571432
514 514 0.1428571428571428
515 515 -2.7142857142857144
516 516 -1.0714285714285716
517 517 1.7857142857142858
518 518 -3.357142857142857
519 519 -5.714285714285715
520 520 -6.357142857142858
521 521 -2.2857142857142856
522 522 6.642857142857142
523 523 5.285714285714286
524 524 -0.9285714285714288
525 525 2.8571428571428568
526 526 -5.142857142857142
527 527 3.2142857142857144
528 528 5.142857142857142
529 529 -0.7857142857142863
530 530 2.714285714285714
531 531 -3.7857142857142856
532 532 0.3571428571428572
533 533 1.2142857142857144
534 534 -4.071428571428571
535 535 2.0
536 536 3.785714285714286
537 537 -3.642857142857143
538 538 -0.4285714285714286
539 539 -0.6428571428571428
540 540 -1.4999999999999996
541 541 0.07142857142857117
542 542 -1.8571428571428572
543 543 -3.3571428571428568
544 544 4.785714285714285
545 545 -1.142857142857143
546 546 0.07142857142857117
547 547 -1.642857142857143
548 548 -0.714285714285714
549 549 -1.4285714285714288
550 550 -0.2857142857142856
551 551 1.5714285714285718
552 552 2.071428571428571
553 553 -7.357142857142858
554 554 3.500000000000001
555 555 4.642857142857142
556 556 0.42857142857142794
557 557 3.6428571428571432
558 558 1.5
559 559 1.3571428571428585
560 560 -3.5000000000000004
561 561 0.6428571428571428
562 562 -0.35714285714285743
563 563 -5.142857142857143
564 564 2.071428571428571
565 565 -5.2142857142857135
566 566 -4.5
567 567 -2.928571428571429
568 568 1.0714285714285716
569 569 2.071428571428571
570 570 -5.785714285714286
571 571 3.0
572 572 -1.2142857142857144
573 573 -1.1428571428571432
574 574 5.142857142857142
575 575 -2.3571428571428577
576 576 -1.4999999999999998
577 577 1.7857142857142856
578 578 4.7857142857142865
579 579 -0.357142857142857
580 580 -1.9285714285714286
581 581 -6.214285714285715
582 582 -3.428571428571429
583 583 0.5000000000000002
584 584 2.3571428571428577
585 585 7.000000000000002
586 586 -0.8571428571428574
587 587 -1.2857142857142858
588 588 -1.2142857142857144
589 589 -1.9285714285714286
590 590 -8.642857142857142
591 591 -0.4285714285714288
592 592 -2.714285714285714
593 593 -3.5
594 594 -0.5000000000000002
595 595 -2.1428571428571432
596 596 -3.214285714285715
597 597 -6.642857142857142
598 598 -0.5714285714285716
599 599 5.142857142857142
600 600 -4.0
601 601 0.642857142857143
602 602 -1.5
603 603 2.6428571428571432
604 604 1.0714285714285723
605 605 8.142857142857142
606 606 3.857142857142857
607 607 2.357142857142857
608 608 -5.928571428571429
609 609 -1.5714285714285716
610 610 2.7142857142857144
611 611 3.6428571428571423
612 612 -3.071428571428571
613 613 1.4999999999999998
614 614 -1.9285714285714286
615 615 -4.7857142857142865
616 616 -1.0714285714285714
617 617 2.2857142857142856
618 618 2.571428571428571
619 619 -3.0
621 621 -0.3571428571428572
622 622 2.571428571428571
623 623 -1.0000000000000002
624 624 -9.642857142857142
625 625 1.9285714285714293
626 626 2.8571428571428577
627 627 6.071428571428571
628 628 3.5000000000000004
629 629 4.428571428571429
630 630 -1.9285714285714284
631 631 5.714285714285714
632 632 -1.142857142857143
633 633 1.2142857142857144
634 634 2.8571428571428577
635 635 5.857142857142858
636 636 4.142857142857143
637 637 3.642857142857143
638 638 10.214285714285715
639 639 -1.1428571428571428
640 640 -1.1428571428571428
641 641 -4.0
642 642 -6.0
643 643 4.571428571428571
644 644 7.642857142857143
645 645 5.642857142857142
646 646 4.285714285714286
647 647 2.2142857142857144
648 648 -0.7142857142857144
649 649 3.2142857142857144
650 650 -0.642857142857143
651 651 3.571428571428572
652 652 -5.142857142857143
653 653 3.5000000000000004
654 654 5.2857142857142865
655 655 2.7857142857142856
656 656 1.2857142857142854
657 657 -4.857142857142858
658 658 -2.7857142857142856
659 659 -2.928571428571429
660 660 0.9285714285714286
661 661 0.9285714285714284
662 662 3.7857142857142856
663 663 -1.2857142857142858
664 664 -0.857142857142857
665 665 4.857142857142858
666 666 -0.5
667 667 1.3571428571428572
668 668 -1.785714285714286
669 669 2.142857142857143
670 670 -5.0
671 671 -3.5
672 672 0.0714285714285714
673 673 0.5000000000000002
674 674 -2.6428571428571432
675 675 3.5714285714285716
676 676 1.5
677 677 -6.5
678 678 -3.428571428571429
679 679 -1.7142857142857142
680 680 -3.5000000000000004
681 681 -3.2142857142857144
682 682 -0.5714285714285714
683 683 -6.214285714285715
684 684 -1.0714285714285714
685 685 -5.071428571428571
686 686 -0.0714285714285714
687 687 -4.857142857142858
688 688 -1.2142857142857142
689 689 -1.4285714285714286
690 690 2.7857142857142856
691 691 4.285714285714286
692 692 3.071428571428571
694 694 -0.0714285714285714
695 695 2.428571428571429
696 696 6.5
697 697 2.2857142857142856
698 698 5.428571428571429
699 699 -2.428571428571429
700 700 -3.0
701 701 2.6428571428571423
702 702 -2.5714285714285716
703 703 -2.0000000000000004
704 704 -0.5
705 705 -1.9285714285714284
706 706 -1.2857142857142856
707 707 4.7857142857142865
708 708 5.285714285714286
709 709 3.071428571428571
710 710 -5.357142857142858
711 711 -2.7142857142857144
712 712 -1.0
713 713 3.1428571428571432
714 714 -2.7142857142857144
715 715 -5.0
716 716 3.0
717 717 2.928571428571429
718 718 4.928571428571429
719 719 -0.1428571428571428
720 720 4.142857142857143
721 721 -3.2142857142857144
722 722 1.2857142857142858
723 723 -5.5
724 724 -2.0714285714285716
725 725 -1.8571428571428572
726 726 1.4285714285714282
727 727 -3.428571428571429
728 728 6.214285714285714
729 729 -2.214285714285715
730 730 3.428571428571429
731 731 -0.49999999999999956
732 732 -4.000000000000001
733 733 -4.142857142857142
734 734 2.785714285714286
735 735 -1.7857142857142856
736 736 -7.214285714285714
737 737 6.357142857142857
738 738 0.9285714285714286
739 739 2.1428571428571432
740 740 5.357142857142857
741 741 4.928571428571429
742 742 -1.6428571428571432
743 743 -1.0
744 744 -0.2857142857142858
745 745 -3.2857142857142856
746 746 -1.7857142857142858
747 747 0.2142857142857144
748 748 2.285714285714285
749 749 -3.428571428571429
750 750 -1.2142857142857144
751 751 5.214285714285714
752 752 3.928571428571429
753 753 -1.214285714285714
754 754 3.714285714285715
755 755 -2.214285714285714
756 756 -4.571428571428571
757 757 -3.071428571428572
758 758 -4.857142857142858
759 759 0.7142857142857142
760 760 0.8571428571428574
761 761 -1.5714285714285712
762 762 1.0714285714285716
763 763 3.428571428571428
764 764 -2.3571428571428568
765 765 -2.571428571428571
766 766 -1.8571428571428574
767 767 4.571428571428571
768 768 -5.071428571428571
769 769 2.3571428571428568
770 770 -2.142857142857143
771 771 0.14285714285714324
773 773 2.071428571428571
774 774 -3.428571428571429
775 775 -4.571428571428571
776 776 5.142857142857144
777 777 0.5
778 778 1.7857142857142858
779 779 3.642857142857143
780 780 5.428571428571429
781 781 -0.2142857142857142
782 782 -5.642857142857142
783 783 4.714285714285714
784 784 -8.071428571428573
785 785 2.071428571428571
786 786 -9.428571428571429
787 787 -7.428571428571429
788 788 -3.285714285714286
789 789 -0.4285714285714286
790 790 5.285714285714286
791 791 -0.5
792 792 5.071428571428571
793 793 -5.357142857142857
794 794 -3.5
795 795 -1.6428571428571426
796 796 1.7857142857142858
797 797 -0.9285714285714286
798 798 -8.357142857142858
799 799 1.1428571428571428
800 800 5.714285714285714
801 801 -0.5714285714285714
802 802 -2.2142857142857144
803 803 -1.8571428571428572
804 804 -4.214285714285714
805 805 -0.35714285714285676
806 806 -0.5714285714285712
807 807 3.7142857142857135
808 808 4.071428571428572
809 809 -8.928571428571429
810 810 -0.5714285714285714
811 811 -0.7857142857142858
812 812 0.5714285714285714
813 813 -2.071428571428571
814 814 1.4999999999999996
815 815 -0.5000000000000009
816 816 1.1428571428571428
817 817 5.285714285714286
818 818 0.9285714285714286
819 819 -6.571428571428571
820 820 -0.9285714285714284
821 821 -1.642857142857143
822 822 -5.857142857142857
823 823 4.214285714285714
824 824 4.571428571428571
825 825 -1.5000000000000002
826 826 2.428571428571428
827 827 6.571428571428571
828 828 3.071428571428571
829 829 0.2857142857142856
830 830 4.928571428571429
831 831 -2.7142857142857144
832 832 -5.285714285714286
833 833 -0.5714285714285714
834 834 6.428571428571429
835 835 5.642857142857143
836 836 3.1428571428571432
837 837 2.928571428571429
838 838 7.428571428571429
839 839 2.9999999999999996
840 840 -4.142857142857143
841 841 3.214285714285714
842 842 1.0000000000000004
843 843 2.7142857142857144
844 844 -0.7857142857142858
845 845 -6.285714285714286
846 846 -5.357142857142858
847 847 2.5714285714285716
848 848 4.785714285714286
849 849 -2.928571428571429
850 850 1.2142857142857142
851 851 0.357142857142857
852 852 2.357142857142857
853 853 -1.5714285714285718
854 854 1.8571428571428568
855 855 -2.428571428571429
856 856 -4.857142857142858
857 857 -2.7857142857142865
858 858 -7.714285714285714
859 859 -1.1428571428571428
860 860 -7.0
861 861 -5.357142857142858
862 862 0.5
863 863 -6.571428571428571
864 864 -0.0714285714285714
865 865 2.8571428571428568
866 866 2.428571428571429
867 867 -3.071428571428571
868 868 -3.357142857142857
869 869 0.7857142857142858
870 870 4.071428571428571
871 871 -2.0
872 872 -2.428571428571429
873 873 0.0714285714285714
874 874 2.3571428571428577
875 875 -0.4999999999999998
876 876 -4.928571428571428
877 877 2.3571428571428568
878 878 -3.7857142857142856
879 879 -4.857142857142857
880 880 -1.1428571428571428
881 881 2.285714285714286
882 882 1.7857142857142856
883 883 0.357142857142857
884 884 -2.071428571428571
885 885 3.7142857142857144
886 886 -2.928571428571428
887 887 2.928571428571429
888 888 -5.5
889 889 -1.4285714285714286
890 890 -5.928571428571429
891 891 1.5
892 892 -2.0
893 893 1.3571428571428572
894 894 6.2857142857142865
895 895 3.071428571428571
896 896 0.42857142857142905
897 897 -5.071428571428572
898 898 -3.3571428571428568
899 899 3.2142857142857135
900 900 -2.5000000000000004
901 901 1.857142857142857
902 902 2.0
903 903 1.4285714285714286
904 904 -5.142857142857142
905 905 -3.9285714285714293
906 906 -1.8571428571428568
907 907 -0.4285714285714286
908 908 0.5714285714285707
909 909 1.5
910 910 4.642857142857142
911 911 0.0714285714285714
912 912 7.214285714285714
913 913 2.857142857142857
914 914 -3.6428571428571432
915 915 -9.071428571428571
916 916 -4.0
917 917 -3.0714285714285716
918 918 2.428571428571429
919 919 -5.142857142857143
920 920 -0.9285714285714288
921 921 -0.785714285714286
922 922 1.9285714285714284
923 923 3.4285714285714284
924 924 1.4285714285714284
925 925 3.2142857142857144
926 926 -0.21428571428571397
927 927 3.785714285714285
928 928 3.428571428571429
929 929 2.857142857142857
930 930 1.0
931 931 1.8571428571428577
932 932 4.7857142857142865
933 933 -2.0
934 934 1.357142857142857
935 935 -2.5
936 936 -7.928571428571429
937 937 -5.857142857142857
938 938 3.0
939 939 4.5
940 940 2.0714285714285716
941 941 5.214285714285715
942 942 -2.1428571428571432
943 943 1.7857142857142858
944 944 4.642857142857142
945 945 -0.07142857142857117
946 946 -5.785714285714286
947 947 1.642857142857143
948 948 7.857142857142858
949 949 2.2142857142857144
950 950 1.8571428571428572
951 951 0.8571428571428572
952 952 -0.7857142857142863
953 953 -6.785714285714286
954 954 -5.071428571428571
955 955 0.2857142857142856
956 956 -1.9285714285714288
957 957 -1.7857142857142854
958 958 -2.2857142857142865
959 959 0.357142857142857
960 960 1.3571428571428572
961 961 1.357142857142857
962 962 -0.7142857142857142
963 963 4.071428571428571
964 964 1.3571428571428574
965 965 -6.785714285714286
966 966 -4.5
967 967 -4.071428571428572
968 968 -0.5714285714285712
969 969 0.7857142857142863
970 970 5.357142857142858
971 971 -2.428571428571429
972 972 1.7142857142857142
973 973 4.5
974 974 2.7857142857142856
975 975 1.0714285714285716
976 976 -1.4999999999999996
977 977 -6.571428571428572
978 978 -6.0
979 979 4.0
980 980 -0.3571428571428572
981 981 4.5
982 982 -1.5714285714285718
983 983 3.9285714285714284
984 984 -2.428571428571429
985 985 -1.9285714285714286
986 986 -2.928571428571429
987 987 -1.8571428571428572
988 988 -0.1428571428571428
989 989 4.714285714285714
1 2 0.9285714285714286
1 11 1.3571428571428572
1 47 0.5714285714285714
1 57 2.0
1 103 -0.9285714285714286
1 114 -0.9285714285714286
2 3 1.7857142857142858
2 11 1.7857142857142858
2 12 0.5714285714285714
2 166 1.7857142857142858
2 175 0.9285714285714286
2 220 -0.5714285714285714
2 226 1.3571428571428572
3 12 -1.3571428571428572
3 13 0.9285714285714286
3 280 0.5714285714285714
3 288 -1.3571428571428572
3 334 1.3571428571428572
3 343 1.7857142857142858
4 5 2.0
4 486 -0.9285714285714286
4 496 0.9285714285714286
4 524 1.3571428571428572
5 6 0.5714285714285714
5 568 0.9285714285714286
5 578 0.5714285714285714
5 610 -2.0
6 7 -0.9285714285714286
6 14 0.5714285714285714
6 645 -2.0
6 655 -1.7857142857142858
6 681 -0.9285714285714286
7 8 -1.7857142857142858
7 14 -0.9285714285714286
7 15 -0.5714285714285714
7 719 1.3571428571428572
7 761 -0.9285714285714286
7 773 1.3571428571428572
8 9 -0.5714285714285714
8 15 0.9285714285714286
8 807 -2.0
8 818 -2.0
8 850 -1.3571428571428572
8 859 -0.5714285714285714
9 16 0.5714285714285714
9 17 0.9285714285714286
9 890 1.7857142857142858
9 936 1.3571428571428572
9 946 -0.9285714285714286
10 18 0.5714285714285714
10 19 0.5714285714285714
10 83 0.5714285714285714
10 92 2.0
10 143 -0.9285714285714286
10 154 -0.5714285714285714
11 12 -0.5714285714285714
11 103 1.7857142857142858
11 114 0.5714285714285714
11 166 1.7857142857142858
11 175 2.0
12 13 -1.3571428571428572
12 220 0.5714285714285714
12 226 -1.7857142857142858
12 280 0.9285714285714286
12 288 1.7857142857142858
13 334 1.7857142857142858
13 343 2.0
13 390 0.9285714285714286
14 15 0.9285714285714286
14 681 -0.9285714285714286
14 719 -0.9285714285714286
15 16 -2.0
15 761 2.0
15 773 -2.0
15 807 -0.5714285714285714
15 818 1.7857142857142858
16 17 -2.0
16 850 -2.0
16 859 -1.3571428571428572
16 890 2.0
16 902 -1.3571428571428572
17 18 -1.3571428571428572
17 936 1.7857142857142858
17 946 0.5714285714285714
17 978 -1.7857142857142858
17 987 -0.5714285714285714
18 19 -2.0
18 38 1.7857142857142858
18 92 -0.5714285714285714
19 143 -0.5714285714285714
19 154 1.3571428571428572
19 201 1.3571428571428572
19 210 1.3571428571428572
20 21 0.9285714285714286
20 30 -0.9285714285714286
20 260 2.0
20 271 -1.7857142857142858
20 318 -1.7857142857142858
20 328 1.3571428571428572
21 30 -2.0
21 31 -1.7857142857142858
21 373 0.5714285714285714
21 425 1.7857142857142858
22 23 2.0
22 32 0.9285714285714286
22 33 0.9285714285714286
22 548 0.5714285714285714
22 559 -2.0
22 591 -0.9285714285714286
22 600 -0.9285714285714286
23 24 -0.5714285714285714
23 33 1.3571428571428572
23 34 -1.7857142857142858
23 628 -0.9285714285714286
23 636 -1.7857142857142858
23 672 1.7857142857142858
24 25 -1.3571428571428572
24 34 2.0
24 35 2.0
24 698 -1.3571428571428572
24 710 2.0
24 742 1.7857142857142858
24 752 0.5714285714285714
25 26 -1.7857142857142858
25 35 -0.5714285714285714
25 36 -0.5714285714285714
25 786 0.9285714285714286
25 798 0.9285714285714286
25 829 0.5714285714285714
25 841 -2.0
26 36 -0.5714285714285714
26 37 0.5714285714285714
26 869 -1.3571428571428572
26 880 0.5714285714285714
26 915 1.3571428571428572
26 926 -0.5714285714285714
27 28 2.0
27 38 -1.7857142857142858
27 39 1.7857142857142858
27 74 -1.7857142857142858
27 125 1.3571428571428572
28 29 -0.5714285714285714
28 39 -0.9285714285714286
28 40 2.0
28 184 0.5714285714285714
28 193 1.3571428571428572
28 248 -0.9285714285714286
29 40 -1.7857142857142858
29 302 -1.3571428571428572
29 309 -2.0
29 354 -0.5714285714285714
30 31 -2.0
30 318 0.5714285714285714
30 328 -0.5714285714285714
30 373 -0.9285714285714286
30 382 -1.3571428571428572
31 32 0.9285714285714286
31 425 2.0
31 466 -2.0
31 477 0.9285714285714286
32 33 -1.7857142857142858
32 506 1.3571428571428572
32 548 -1.7857142857142858
32 559 -0.9285714285714286
33 34 -0.5714285714285714
33 591 -1.3571428571428572
33 600 2.0
33 628 0.5714285714285714
33 636 0.9285714285714286
34 35 1.7857142857142858
34 672 -2.0
34 698 -1.7857142857142858
34 710 2.0
35 742 -0.9285714285714286
35 752 -0.5714285714285714
35 786 -1.3571428571428572
35 798 -0.9285714285714286
36 37 2.0
36 829 -0.9285714285714286
36 841 -1.7857142857142858
36 869 1.7857142857142858
36 880 -0.5714285714285714
37 38 1.7857142857142858
37 915 2.0
37 926 0.5714285714285714
37 958 -0.5714285714285714
37 969 1.7857142857142858
38 39 1.7857142857142858
38 74 -0.9285714285714286
39 40 1.3571428571428572
39 125 -1.7857142857142858
39 193 -2.0
40 248 1.3571428571428572
40 302 -0.5714285714285714
40 309 -1.7857142857142858
41 42 -0.5714285714285714
41 51 0.9285714285714286
41 250 1.3571428571428572
41 311 1.7857142857142858
42 43 -0.9285714285714286
42 51 -2.0
42 52 0.5714285714285714
42 366 1.3571428571428572
42 419 0.5714285714285714
43 44 1.3571428571428572
43 52 -0.5714285714285714
43 53 1.7857142857142858
43 457 1.7857142857142858
43 498 1.3571428571428572
44 53 1.7857142857142858
44 54 1.3571428571428572
44 538 -2.0
44 581 2.0
45 46 -2.0
45 55 -0.9285714285714286
45 691 -2.0
45 733 1.7857142857142858
46 55 1.3571428571428572
46 56 -0.5714285714285714
46 777 2.0
46 821 2.0
47 48 0.5714285714285714
47 57 2.0
47 950 -0.9285714285714286
48 49 1.3571428571428572
48 57 -0.9285714285714286
48 59 1.7857142857142858
49 50 2.0
49 58 -2.0
49 177 0.9285714285714286
49 230 1.7857142857142858
50 58 1.3571428571428572
50 292 0.5714285714285714
50 347 -0.9285714285714286
51 52 -2.0
51 311 0.9285714285714286
51 366 -1.7857142857142858
52 53 1.7857142857142858
52 419 -0.5714285714285714
52 457 0.9285714285714286
53 54 1.3571428571428572
53 498 2.0
53 538 -1.3571428571428572
54 581 0.5714285714285714
55 56 -1.3571428571428572
55 733 0.9285714285714286
55 777 -0.9285714285714286
56 821 -0.9285714285714286
57 59 0.5714285714285714
58 230 1.7857142857142858
58 292 -2.0
59 66 -1.7857142857142858
59 104 -2.0
59 114 -0.9285714285714286
60 67 1.7857142857142858
60 68 -0.5714285714285714
60 288 2.0
60 335 -0.9285714285714286
60 343 1.3571428571428572
61 62 -1.3571428571428572
61 69 -2.0
61 496 -1.7857142857142858
61 525 -2.0
62 69 -0.9285714285714286
62 70 0.9285714285714286
62 569 0.5714285714285714
62 578 -0.5714285714285714
62 611 -1.3571428571428572
63 64 2.0
63 71 0.5714285714285714
63 72 2.0
63 720 -1.3571428571428572
63 762 1.3571428571428572
63 773 -2.0
64 72 2.0
64 808 -1.7857142857142858
64 818 2.0
64 851 -0.9285714285714286
64 859 2.0
65 74 -1.3571428571428572
65 84 1.7857142857142858
65 92 0.5714285714285714
65 154 -0.5714285714285714
66 67 -0.9285714285714286
66 104 0.9285714285714286
66 114 -1.3571428571428572
66 167 0.9285714285714286
66 175 1.7857142857142858
67 68 0.9285714285714286
67 221 -2.0
67 226 -2.0
67 288 1.7857142857142858
68 335 0.9285714285714286
68 343 1.3571428571428572
68 391 -0.9285714285714286
68 399 -0.9285714285714286
69 70 -2.0
69 525 -1.3571428571428572
69 569 2.0
69 578 -1.7857142857142858
70 71 1.3571428571428572
70 611 -0.9285714285714286
70 646 -1.3571428571428572
70 655 -2.0
71 72 -2.0
71 720 -0.5714285714285714
72 762 -1.7857142857142858
72 773 -0.9285714285714286
72 808 -1.7857142857142858
72 818 0.9285714285714286
73 74 0.5714285714285714
73 937 -0.9285714285714286
73 946 1.7857142857142858
73 979 -2.0
73 987 -1.3571428571428572
74 84 0.5714285714285714
74 92 0.9285714285714286
75 76 1.3571428571428572
75 86 -2.0
75 261 1.7857142857142858
75 271 1.3571428571428572
75 319 1.3571428571428572
75 328 0.5714285714285714
76 77 1.7857142857142858
76 374 -2.0
76 382 -1.3571428571428572
76 426 -0.9285714285714286
77 78 2.0
77 87 2.0
77 467 1.3571428571428572
77 477 0.9285714285714286
77 507 -0.9285714285714286
78 79 -0.9285714285714286
78 87 -0.5714285714285714
78 88 -0.9285714285714286
78 549 -2.0
78 559 -0.9285714285714286
78 592 0.9285714285714286
78 600 1.7857142857142858
79 80 -2.0
79 88 1.7857142857142858
79 629 1.3571428571428572
79 636 1.3571428571428572
79 666 -0.9285714285714286
79 672 1.3571428571428572
80 81 2.0
80 89 0.9285714285714286
80 699 1.3571428571428572
80 710 0.9285714285714286
80 743 0.5714285714285714
80 752 1.3571428571428572
81 82 1.7857142857142858
81 89 -1.7857142857142858
81 90 1.7857142857142858
81 787 1.7857142857142858
81 798 1.3571428571428572
81 830 -0.9285714285714286
81 841 1.7857142857142858
82 83 -1.3571428571428572
82 90 -2.0
82 91 -2.0
82 880 1.3571428571428572
82 916 2.0
82 926 -1.7857142857142858
83 84 -0.9285714285714286
83 91 1.3571428571428572
83 92 1.7857142857142858
83 959 -0.9285714285714286
83 969 2.0
84 85 0.9285714285714286
84 92 0.5714285714285714
84 93 -1.7857142857142858
85 93 1.3571428571428572
85 94 -1.3571428571428572
85 185 1.3571428571428572
85 193 -0.5714285714285714
85 239 2.0
86 319 -0.9285714285714286
86 328 1.3571428571428572
86 374 0.9285714285714286
86 382 -1.7857142857142858
87 88 -2.0
87 507 1.7857142857142858
87 549 -1.3571428571428572
87 559 -1.3571428571428572
88 592 0.5714285714285714
88 600 1.3571428571428572
88 629 -0.9285714285714286
88 636 -1.3571428571428572
89 90 -0.5714285714285714
89 743 0.9285714285714286
89 752 -1.3571428571428572
89 787 1.7857142857142858
89 798 2.0
90 91 0.5714285714285714
90 830 -0.9285714285714286
90 841 -1.7857142857142858
90 880 2.0
91 916 2.0
91 926 1.3571428571428572
91 959 0.5714285714285714
91 969 0.5714285714285714
92 93 -0.9285714285714286
93 94 -2.0
93 185 1.7857142857142858
93 193 -1.7857142857142858
94 95 0.9285714285714286
94 239 1.7857142857142858
94 248 -0.5714285714285714
94 309 0.5714285714285714
95 355 1.7857142857142858
95 408 0.5714285714285714
95 417 -2.0
96 107 -1.7857142857142858
96 262 -0.9285714285714286
96 311 0.9285714285714286
96 320 -1.3571428571428572
97 98 1.3571428571428572
97 108 -1.3571428571428572
97 457 -1.3571428571428572
97 468 -0.5714285714285714
97 498 -2.0
98 99 -2.0
98 108 2.0
98 109 -0.9285714285714286
98 538 1.7857142857142858
98 581 0.9285714285714286
99 100 -0.5714285714285714
99 109 -0.9285714285714286
99 110 -1.7857142857142858
99 667 -1.3571428571428572
100 101 -1.7857142857142858
100 110 1.7857142857142858
100 111 -1.7857142857142858
100 691 0.9285714285714286
100 700 2.0
100 733 1.3571428571428572
100 744 0.9285714285714286
101 102 0.9285714285714286
101 111 1.3571428571428572
101 112 -0.9285714285714286
101 777 -1.3571428571428572
101 788 1.7857142857142858
101 821 -2.0
101 831 -1.3571428571428572
102 103 0.5714285714285714
102 112 1.3571428571428572
102 113 0.5714285714285714
102 870 -1.7857142857142858
102 917 0.9285714285714286
103 104 0.5714285714285714
103 113 0.9285714285714286
103 114 -2.0
103 950 -0.9285714285714286
104 105 -2.0
104 114 -2.0
104 115 -2.0
104 126 1.3571428571428572
105 106 -1.7857142857142858
105 115 -0.9285714285714286
105 116 -0.5714285714285714
105 177 0.9285714285714286
105 186 -0.5714285714285714
105 230 0.9285714285714286
106 116 1.7857142857142858
106 117 1.3571428571428572
106 292 1.7857142857142858
106 303 -0.9285714285714286
106 347 0.5714285714285714
106 356 1.7857142857142858
107 311 -1.7857142857142858
107 320 -0.5714285714285714
107 366 -2.0
107 375 1.7857142857142858
108 498 2.0
109 110 -1.7857142857142858
109 581 1.3571428571428572
110 111 -1.7857142857142858
110 667 1.3571428571428572
110 691 -1.7857142857142858
110 700 0.5714285714285714
111 112 1.3571428571428572
111 733 2.0
111 744 0.9285714285714286
111 777 1.7857142857142858
111 788 -0.5714285714285714
112 113 0.5714285714285714
112 821 1.3571428571428572
112 831 0.9285714285714286
112 870 -0.5714285714285714
113 114 1.7857142857142858
113 917 0.9285714285714286
113 950 -2.0
114 115 0.5714285714285714
115 116 2.0
115 126 -2.0
115 177 0.5714285714285714
115 186 -1.3571428571428572
116 117 1.7857142857142858
116 230 -1.3571428571428572
116 292 1.7857142857142858
116 303 -1.3571428571428572
117 347 0.9285714285714286
117 356 -0.9285714285714286
117 400 0.9285714285714286
118 126 1.3571428571428572
118 127 0.5714285714285714
118 167 -1.7857142857142858
118 221 -0.5714285714285714
118 227 -0.5714285714285714
119 120 -2.0
119 128 -1.3571428571428572
119 391 0.9285714285714286
120 121 2.0
120 128 -1.7857142857142858
120 129 0.5714285714285714
120 497 -0.9285714285714286
120 525 1.7857142857142858
120 535 -0.9285714285714286
121 122 0.9285714285714286
121 129 -0.9285714285714286
121 130 0.9285714285714286
121 569 0.9285714285714286
121 579 0.5714285714285714
121 611 0.9285714285714286
121 619 0.5714285714285714
122 130 -2.0
122 131 -0.9285714285714286
122 646 -1.7857142857142858
122 656 -1.3571428571428572
122 688 2.0
123 124 2.0
123 132 2.0
123 133 -0.5714285714285714
123 808 0.9285714285714286
123 819 1.3571428571428572
123 851 -0.9285714285714286
123 860 1.7857142857142858
124 125 1.3571428571428572
124 133 0.5714285714285714
124 134 0.9285714285714286
124 891 -0.9285714285714286
124 903 1.7857142857142858
124 937 0.9285714285714286
124 947 -1.3571428571428572
125 134 -1.3571428571428572
125 979 -1.7857142857142858
125 988 -0.9285714285714286
126 127 -2.0
126 167 -1.7857142857142858
127 221 0.9285714285714286
127 227 1.7857142857142858
127 289 -1.7857142857142858
128 129 1.3571428571428572
128 454 -0.5714285714285714
128 497 -0.9285714285714286
129 130 -0.5714285714285714
129 525 -2.0
129 535 0.5714285714285714
129 579 1.3571428571428572
130 131 -0.9285714285714286
130 611 -0.5714285714285714
130 619 1.7857142857142858
130 646 -1.3571428571428572
130 656 -2.0
131 132 1.7857142857142858
131 688 -1.3571428571428572
131 720 -2.0
132 133 0.5714285714285714
132 762 0.5714285714285714
132 774 -1.3571428571428572
132 808 -2.0
132 819 0.5714285714285714
133 134 -2.0
133 851 -0.9285714285714286
133 860 2.0
133 891 -0.5714285714285714
133 903 -0.9285714285714286
134 937 2.0
134 947 2.0
134 979 -2.0
134 988 1.3571428571428572
135 144 -1.3571428571428572
135 155 1.7857142857142858
135 202 -0.5714285714285714
135 211 -0.9285714285714286
136 137 -2.0
136 147 0.5714285714285714
136 261 1.7857142857142858
136 272 -0.9285714285714286
136 319 -0.9285714285714286
136 329 1.7857142857142858
137 138 -2.0
137 147 1.7857142857142858
137 374 -1.3571428571428572
137 383 1.3571428571428572
137 426 1.7857142857142858
138 139 0.9285714285714286
138 148 -1.7857142857142858
138 467 1.3571428571428572
138 478 -0.9285714285714286
138 507 -0.5714285714285714
139 140 -0.5714285714285714
139 148 2.0
139 149 1.3571428571428572
139 549 -0.9285714285714286
139 560 -0.5714285714285714
139 592 2.0
139 601 0.5714285714285714
140 149 -0.9285714285714286
140 150 -1.3571428571428572
140 629 -0.5714285714285714
140 666 0.9285714285714286
140 673 -2.0
141 142 -2.0
141 151 -2.0
141 152 -2.0
141 787 -2.0
141 799 1.3571428571428572
141 830 2.0
141 842 -1.7857142857142858
142 143 1.7857142857142858
142 152 -0.9285714285714286
142 153 -1.7857142857142858
142 881 -1.7857142857142858
142 916 -0.5714285714285714
142 927 0.5714285714285714
143 144 0.9285714285714286
143 153 -0.5714285714285714
143 154 0.5714285714285714
143 959 -1.3571428571428572
143 970 0.5714285714285714
144 145 2.0
144 154 -1.7857142857142858
144 155 -0.5714285714285714
145 146 0.9285714285714286
145 155 -1.7857142857142858
145 156 2.0
145 185 0.5714285714285714
145 194 -0.5714285714285714
145 239 2.0
145 249 -2.0
146 156 0.9285714285714286
146 157 2.0
146 310 -0.9285714285714286
146 355 2.0
146 365 2.0
147 319 1.7857142857142858
147 329 -1.3571428571428572
147 374 -0.5714285714285714
147 383 -1.3571428571428572
148 149 -2.0
148 507 -2.0
148 549 2.0
148 560 0.9285714285714286
149 150 1.3571428571428572
149 592 -1.3571428571428572
149 601 -1.7857142857142858
149 629 -1.3571428571428572
150 151 0.5714285714285714
150 666 0.9285714285714286
150 673 1.3571428571428572
150 699 2.0
150 711 0.9285714285714286
151 152 0.9285714285714286
151 743 -0.9285714285714286
151 787 1.3571428571428572
151 799 -1.7857142857142858
152 153 -2.0
152 830 -1.7857142857142858
152 842 2.0
152 881 -0.5714285714285714
153 154 1.7857142857142858
153 916 0.9285714285714286
153 927 -2.0
153 959 -0.5714285714285714
153 970 -0.9285714285714286
155 156 -1.3571428571428572
155 185 -0.5714285714285714
155 194 -0.5714285714285714
156 157 -1.3571428571428572
156 239 0.9285714285714286
156 249 -1.3571428571428572
156 310 -2.0
157 355 -1.7857142857142858
157 365 -0.5714285714285714
157 408 -0.9285714285714286
157 418 1.3571428571428572
158 159 0.5714285714285714
158 169 1.3571428571428572
158 251 2.0
158 262 -2.0
158 312 2.0
158 320 1.3571428571428572
159 160 -1.7857142857142858
159 169 -0.5714285714285714
159 170 0.5714285714285714
159 375 0.9285714285714286
159 427 -0.9285714285714286
160 161 -0.9285714285714286
160 170 1.7857142857142858
160 458 -0.9285714285714286
160 468 1.7857142857142858
160 499 -0.9285714285714286
161 162 0.5714285714285714
161 171 0.5714285714285714
161 172 -1.7857142857142858
161 539 0.9285714285714286
161 582 0.9285714285714286
162 163 -1.3571428571428572
162 172 -0.9285714285714286
162 622 -2.0
162 667 -1.3571428571428572
163 164 0.9285714285714286
163 173 0.5714285714285714
163 692 1.3571428571428572
163 700 0.9285714285714286
163 734 0.9285714285714286
163 744 -0.9285714285714286
164 165 0.5714285714285714
164 173 1.3571428571428572
164 788 1.3571428571428572
164 822 0.9285714285714286
164 831 1.3571428571428572
165 166 0.9285714285714286
165 174 -2.0
165 862 -1.7857142857142858
165 870 0.5714285714285714
165 906 1.7857142857142858
165 917 1.7857142857142858
166 167 2.0
166 174 -0.5714285714285714
166 175 1.7857142857142858
166 960 -2.0
167 175 -0.9285714285714286
168 176 0.9285714285714286
168 293 0.5714285714285714
168 303 0.9285714285714286
168 348 0.5714285714285714
168 356 2.0
169 170 -1.3571428571428572
169 312 2.0
169 320 -2.0
169 375 -2.0
170 171 0.9285714285714286
170 427 -1.3571428571428572
170 458 0.9285714285714286
171 172 0.9285714285714286
171 499 -1.3571428571428572
171 539 -2.0
172 582 0.9285714285714286
172 622 -0.5714285714285714
173 734 -0.9285714285714286
173 744 0.9285714285714286
173 788 1.3571428571428572
174 175 0.5714285714285714
174 906 0.5714285714285714
174 917 1.3571428571428572
174 960 -1.3571428571428572
176 231 1.3571428571428572
176 293 1.7857142857142858
176 303 -1.3571428571428572
177 186 -1.7857142857142858
178 179 -1.7857142857142858
178 187 -2.0
178 281 1.3571428571428572
178 289 1.3571428571428572
178 336 1.3571428571428572
178 344 -1.7857142857142858
179 180 -2.0
179 188 1.7857142857142858
179 189 -0.5714285714285714
179 392 1.7857142857142858
179 444 -0.5714285714285714
179 454 -2.0
180 181 0.5714285714285714
180 189 2.0
180 190 -1.3571428571428572
180 487 1.3571428571428572
180 497 1.7857142857142858
180 526 -0.5714285714285714
180 535 1.3571428571428572
181 190 -2.0
181 579 1.3571428571428572
181 612 -0.9285714285714286
181 619 2.0
182 183 -1.3571428571428572
182 191 -2.0
182 721 -0.5714285714285714
182 763 -2.0
182 774 0.9285714285714286
183 191 1.7857142857142858
183 809 2.0
183 819 -0.5714285714285714
183 860 1.3571428571428572
184 185 -1.3571428571428572
184 192 0.5714285714285714
184 193 -0.5714285714285714
184 988 -2.0
185 193 -0.5714285714285714
185 194 -1.3571428571428572
186 187 -0.5714285714285714
187 188 0.9285714285714286
187 227 -1.7857142857142858
187 281 -1.3571428571428572
188 189 -1.7857142857142858
188 336 2.0
188 344 1.3571428571428572
188 392 -1.3571428571428572
189 190 0.9285714285714286
189 444 -0.5714285714285714
189 454 0.5714285714285714
189 487 -1.3571428571428572
189 497 0.9285714285714286
190 526 2.0
190 535 1.3571428571428572
190 579 -1.3571428571428572
191 763 -2.0
191 774 0.9285714285714286
191 809 0.9285714285714286
191 819 0.5714285714285714
192 193 1.3571428571428572
192 938 1.7857142857142858
192 947 -1.3571428571428572
192 988 0.5714285714285714
193 194 1.3571428571428572
195 204 0.9285714285714286
195 272 0.5714285714285714
195 329 0.9285714285714286
196 205 -0.9285714285714286
196 478 -0.5714285714285714
197 198 -1.7857142857142858
197 206 -0.9285714285714286
197 673 -1.7857142857142858
198 199 -0.9285714285714286
198 207 0.5714285714285714
198 711 -0.9285714285714286
199 207 0.5714285714285714
199 208 1.3571428571428572
199 799 -0.5714285714285714
199 842 1.7857142857142858
200 201 -2.0
200 208 -2.0
200 209 0.9285714285714286
200 881 -0.5714285714285714
200 927 -1.3571428571428572
201 202 -0.5714285714285714
201 209 -0.5714285714285714
201 210 -0.9285714285714286
201 970 -2.0
202 210 -1.3571428571428572
202 211 2.0
203 212 1.7857142857142858
203 213 -1.3571428571428572
203 310 0.9285714285714286
203 365 -1.7857142857142858
204 205 2.0
204 329 0.5714285714285714
204 383 1.3571428571428572
205 478 -0.5714285714285714
206 601 0.5714285714285714
207 208 1.7857142857142858
207 799 -1.3571428571428572
208 209 0.9285714285714286
208 842 0.5714285714285714
208 881 2.0
209 210 -1.3571428571428572
209 927 -1.7857142857142858
209 970 -1.7857142857142858
211 212 0.5714285714285714
212 213 2.0
212 249 0.9285714285714286
212 310 1.7857142857142858
213 365 -0.5714285714285714
213 418 -2.0
214 215 -2.0
214 251 1.3571428571428572
214 263 -1.3571428571428572
214 312 1.3571428571428572
214 321 2.0
215 216 0.5714285714285714
215 376 1.7857142857142858
215 428 1.3571428571428572
216 223 -0.5714285714285714
216 458 1.7857142857142858
216 469 -1.3571428571428572
216 499 1.7857142857142858
216 508 1.7857142857142858
217 218 0.5714285714285714
217 692 1.3571428571428572
217 701 0.5714285714285714
217 734 2.0
217 745 1.3571428571428572
218 219 1.7857142857142858
218 789 -1.7857142857142858
218 822 0.5714285714285714
218 832 0.9285714285714286
219 220 0.9285714285714286
219 225 1.3571428571428572
219 862 -0.9285714285714286
219 871 2.0
219 906 0.9285714285714286
219 918 -2.0
220 221 -1.3571428571428572
220 225 1.3571428571428572
220 226 0.9285714285714286
221 226 -2.0
221 227 -1.7857142857142858
222 228 2.0
222 229 1.3571428571428572
222 293 0.5714285714285714
222 348 0.9285714285714286
222 357 1.7857142857142858
223 499 -1.7857142857142858
223 508 0.5714285714285714
223 539 -0.9285714285714286
223 550 1.3571428571428572
224 734 -1.7857142857142858
224 745 1.3571428571428572
224 789 -0.9285714285714286
225 906 0.5714285714285714
225 918 0.9285714285714286
226 227 -1.3571428571428572
227 228 0.5714285714285714
228 229 -1.3571428571428572
228 231 -2.0
228 240 -1.3571428571428572
228 293 -2.0
229 348 0.9285714285714286
229 357 -1.3571428571428572
229 401 1.7857142857142858
229 409 -0.9285714285714286
230 231 1.3571428571428572
231 232 -0.9285714285714286
231 240 -0.9285714285714286
232 233 -2.0
232 240 1.7857142857142858
232 241 -0.5714285714285714
232 281 1.7857142857142858
232 290 1.7857142857142858
232 336 1.3571428571428572
232 345 1.3571428571428572
233 234 2.0
233 241 1.7857142857142858
233 242 -0.9285714285714286
233 392 1.7857142857142858
233 444 2.0
233 455 -1.3571428571428572
234 235 -2.0
234 242 -2.0
234 243 0.5714285714285714
234 487 -0.9285714285714286
234 526 1.3571428571428572
234 536 -0.9285714285714286
235 236 -1.7857142857142858
235 243 0.9285714285714286
235 244 2.0
235 580 -0.9285714285714286
235 612 1.3571428571428572
235 620 -1.7857142857142858
236 244 1.7857142857142858
236 245 -0.9285714285714286
236 647 -1.7857142857142858
236 657 1.7857142857142858
236 689 -2.0
237 238 -0.5714285714285714
237 246 -1.3571428571428572
237 820 -1.3571428571428572
238 247 -0.9285714285714286
238 892 1.7857142857142858
238 938 -2.0
238 948 -1.3571428571428572
239 248 -0.9285714285714286
239 249 -0.9285714285714286
240 241 -0.9285714285714286
240 281 2.0
240 290 -0.9285714285714286
241 242 -0.9285714285714286
241 336 -1.7857142857142858
241 345 -0.9285714285714286
241 392 1.3571428571428572
242 243 -0.9285714285714286
242 444 -0.5714285714285714
242 455 1.3571428571428572
242 487 -2.0
243 244 0.9285714285714286
243 526 2.0
243 536 -0.9285714285714286
243 580 2.0
244 245 0.9285714285714286
244 612 0.5714285714285714
244 620 1.7857142857142858
244 647 -0.5714285714285714
244 657 -1.3571428571428572
245 246 -0.9285714285714286
245 721 -2.0
245 731 -0.9285714285714286
246 763 0.9285714285714286
246 775 -1.3571428571428572
246 809 2.0
246 820 0.5714285714285714
247 248 0.5714285714285714
247 938 -2.0
247 948 0.9285714285714286
247 989 -0.5714285714285714
248 249 1.3571428571428572
250 251 -2.0
250 262 -1.7857142857142858
251 252 -1.7857142857142858
251 263 1.3571428571428572
252 253 2.0
252 263 -1.3571428571428572
252 264 1.3571428571428572
252 273 -2.0
252 330 -0.9285714285714286
253 254 0.9285714285714286
253 264 -2.0
253 265 0.9285714285714286
253 436 0.5714285714285714
254 255 -1.7857142857142858
254 265 2.0
254 266 1.3571428571428572
254 479 -1.7857142857142858
254 517 2.0
255 256 1.7857142857142858
255 266 2.0
255 267 2.0
255 602 -0.9285714285714286
256 257 -2.0
256 267 -1.7857142857142858
256 268 -2.0
256 637 -0.9285714285714286
256 674 1.3571428571428572
257 258 1.7857142857142858
257 268 1.7857142857142858
257 712 0.5714285714285714
257 753 2.0
258 259 0.5714285714285714
258 269 -1.3571428571428572
258 800 -1.7857142857142858
258 843 1.7857142857142858
259 260 -0.5714285714285714
259 269 -0.5714285714285714
259 270 -1.7857142857142858
259 882 0.5714285714285714
259 928 -1.7857142857142858
260 261 0.9285714285714286
260 270 -1.7857142857142858
260 271 -0.5714285714285714
260 971 -0.9285714285714286
261 271 -0.9285714285714286
261 272 -0.5714285714285714
262 263 -1.3571428571428572
263 264 -0.9285714285714286
263 273 -2.0
264 265 -0.9285714285714286
264 330 0.5714285714285714
265 266 -2.0
265 436 -1.3571428571428572
265 479 0.5714285714285714
266 267 0.9285714285714286
266 517 -2.0
267 268 -1.3571428571428572
267 602 0.9285714285714286
267 637 -1.7857142857142858
268 674 0.9285714285714286
268 712 0.9285714285714286
269 270 -2.0
269 843 -1.7857142857142858
269 882 1.7857142857142858
270 928 -1.3571428571428572
270 971 2.0
271 272 -1.7857142857142858
273 274 1.3571428571428572
273 283 1.7857142857142858
273 313 0.9285714285714286
273 321 -2.0
274 275 -0.5714285714285714
274 283 2.0
274 284 0.9285714285714286
274 376 -0.5714285714285714
274 420 1.7857142857142858
274 428 1.7857142857142858
275 284 1.3571428571428572
275 285 1.3571428571428572
275 459 -0.5714285714285714
275 469 -1.7857142857142858
275 500 -1.3571428571428572
275 508 2.0
276 285 0.9285714285714286
276 286 1.3571428571428572
276 540 -2.0
276 550 0.5714285714285714
276 583 1.3571428571428572
276 593 0.9285714285714286
277 278 -0.5714285714285714
277 701 -1.7857142857142858
277 735 2.0
277 745 -0.9285714285714286
278 279 -0.9285714285714286
278 287 -1.7857142857142858
278 778 -1.7857142857142858
278 789 1.3571428571428572
278 832 -2.0
279 280 -0.9285714285714286
279 287 0.9285714285714286
279 863 -0.9285714285714286
279 871 -1.3571428571428572
279 907 -0.5714285714285714
279 918 -0.5714285714285714
280 288 1.3571428571428572
280 951 0.9285714285714286
281 282 -2.0
281 289 1.7857142857142858
281 290 -1.3571428571428572
282 290 -1.3571428571428572
282 291 1.7857142857142858
282 294 1.3571428571428572
282 349 -2.0
282 357 -0.9285714285714286
283 284 -1.3571428571428572
283 313 -0.9285714285714286
283 321 -1.7857142857142858
283 376 -1.3571428571428572
284 285 0.9285714285714286
284 420 -0.5714285714285714
284 428 -1.3571428571428572
284 459 1.3571428571428572
285 286 -0.5714285714285714
285 500 -1.7857142857142858
285 508 0.5714285714285714
285 540 -1.3571428571428572
285 550 -0.9285714285714286
286 583 0.5714285714285714
287 832 2.0
287 863 1.3571428571428572
287 871 1.3571428571428572
288 289 0.9285714285714286
289 290 -0.5714285714285714
290 291 0.9285714285714286
290 294 -2.0
291 349 -1.3571428571428572
291 357 2.0
291 409 -1.3571428571428572
292 293 -1.3571428571428572
292 303 -0.9285714285714286
293 294 -2.0
293 303 2.0
294 295 -0.9285714285714286
294 304 0.5714285714285714
294 337 1.3571428571428572
294 345 0.9285714285714286
295 296 -1.3571428571428572
295 304 1.3571428571428572
295 393 0.9285714285714286
295 445 0.9285714285714286
295 455 0.9285714285714286
296 297 1.3571428571428572
296 305 -2.0
296 488 2.0
296 527 0.9285714285714286
296 536 -2.0
297 298 -1.3571428571428572
297 305 -0.5714285714285714
297 306 -0.9285714285714286
297 570 1.7857142857142858
297 580 -0.9285714285714286
297 620 1.7857142857142858
298 299 -0.5714285714285714
298 306 0.5714285714285714
298 307 1.3571428571428572
298 648 0.9285714285714286
298 657 0.5714285714285714
298 689 1.7857142857142858
299 300 2.0
299 307 0.9285714285714286
299 722 0.5714285714285714
299 731 0.5714285714285714
299 764 0.5714285714285714
300 301 -1.7857142857142858
300 810 1.3571428571428572
300 820 -0.9285714285714286
300 852 -1.3571428571428572
301 302 -0.5714285714285714
301 308 -2.0
301 893 0.5714285714285714
301 904 1.7857142857142858
301 948 -2.0
302 308 -0.5714285714285714
302 309 1.3571428571428572
302 989 -1.7857142857142858
304 337 -1.3571428571428572
304 345 0.9285714285714286
304 393 0.9285714285714286
305 306 2.0
305 527 -0.5714285714285714
305 536 0.9285714285714286
305 570 2.0
305 580 1.7857142857142858
306 307 1.7857142857142858
306 620 -2.0
306 648 -0.5714285714285714
306 657 2.0
307 689 2.0
307 722 -1.3571428571428572
307 731 -1.7857142857142858
308 309 0.9285714285714286
308 939 -1.3571428571428572
308 948 -2.0
308 989 -0.5714285714285714
311 312 -2.0
311 320 -0.5714285714285714
312 313 -2.0
312 320 -1.3571428571428572
312 321 -0.9285714285714286
313 314 -0.9285714285714286
313 321 1.3571428571428572
313 322 2.0
313 330 0.9285714285714286
313 338 1.3571428571428572
314 322 -1.3571428571428572
314 323 2.0
314 436 0.9285714285714286
314 446 1.3571428571428572
315 316 -1.3571428571428572
315 326 0.9285714285714286
315 712 -0.9285714285714286
315 723 -1.7857142857142858
315 753 0.5714285714285714
315 765 -0.9285714285714286
316 317 0.9285714285714286
316 327 -0.9285714285714286
316 800 -0.5714285714285714
316 811 -0.5714285714285714
316 843 -1.3571428571428572
317 318 -1.7857142857142858
317 327 -0.5714285714285714
317 882 0.5714285714285714
317 894 -1.3571428571428572
317 928 -1.7857142857142858
317 940 -1.7857142857142858
318 319 -0.9285714285714286
318 328 0.9285714285714286
318 971 1.3571428571428572
319 328 -1.7857142857142858
321 322 0.9285714285714286
322 323 0.5714285714285714
322 330 -1.3571428571428572
322 338 0.9285714285714286
323 324 1.7857142857142858
323 436 -1.3571428571428572
323 446 -2.0
323 479 1.3571428571428572
323 489 -1.3571428571428572
324 325 1.7857142857142858
324 517 -1.7857142857142858
324 528 -0.9285714285714286
325 326 -1.7857142857142858
325 602 0.9285714285714286
325 613 -0.5714285714285714
325 637 1.3571428571428572
325 649 -0.9285714285714286
326 674 0.9285714285714286
326 712 -1.3571428571428572
326 723 2.0
327 843 -1.3571428571428572
327 882 -2.0
327 894 0.9285714285714286
328 329 1.3571428571428572
330 331 2.0
330 338 -1.3571428571428572
331 338 -0.9285714285714286
331 339 2.0
331 377 -2.0
331 420 0.9285714285714286
331 429 1.7857142857142858
332 341 1.7857142857142858
332 702 -1.7857142857142858
332 735 1.3571428571428572
332 746 -1.3571428571428572
333 334 0.5714285714285714
333 342 -1.7857142857142858
333 863 2.0
333 872 -1.3571428571428572
333 907 2.0
333 919 1.7857142857142858
334 335 1.7857142857142858
334 342 -0.5714285714285714
334 343 -1.3571428571428572
334 951 -0.9285714285714286
334 961 -1.3571428571428572
335 336 1.7857142857142858
335 343 -2.0
335 344 0.5714285714285714
336 337 -0.5714285714285714
336 344 1.7857142857142858
336 345 1.7857142857142858
337 345 -1.7857142857142858
337 346 0.9285714285714286
337 349 -0.9285714285714286
337 358 1.7857142857142858
338 339 2.0
338 377 -0.5714285714285714
339 429 0.9285714285714286
339 459 -1.7857142857142858
339 470 -0.5714285714285714
340 583 0.5714285714285714
341 735 -1.7857142857142858
341 746 0.9285714285714286
341 778 1.3571428571428572
341 790 -0.5714285714285714
342 343 1.3571428571428572
342 919 1.7857142857142858
342 961 -0.9285714285714286
343 344 1.7857142857142858
344 345 -0.9285714285714286
345 346 1.3571428571428572
346 349 -1.3571428571428572
346 358 0.9285714285714286
346 410 -1.7857142857142858
347 348 0.5714285714285714
347 356 2.0
348 349 0.9285714285714286
348 356 2.0
348 357 -0.5714285714285714
349 350 0.5714285714285714
349 357 -0.9285714285714286
349 358 -0.5714285714285714
350 358 -2.0
350 359 0.9285714285714286
350 445 -1.7857142857142858
350 456 0.5714285714285714
351 360 1.7857142857142858
351 361 -2.0
351 570 2.0
351 621 -2.0
352 353 0.5714285714285714
352 362 -1.3571428571428572
352 722 -0.5714285714285714
352 732 1.3571428571428572
352 764 1.7857142857142858
352 776 -1.7857142857142858
353 362 0.5714285714285714
353 363 -1.3571428571428572
353 810 -2.0
353 852 -1.7857142857142858
353 861 2.0
354 355 0.9285714285714286
354 364 -1.7857142857142858
355 365 0.5714285714285714
356 357 -0.9285714285714286
357 358 0.9285714285714286
358 359 0.9285714285714286
358 393 1.7857142857142858
359 360 -0.9285714285714286
359 445 -1.7857142857142858
359 456 0.5714285714285714
359 488 2.0
360 527 -1.3571428571428572
360 537 0.9285714285714286
360 570 -0.9285714285714286
361 621 1.7857142857142858
361 648 -0.5714285714285714
361 658 1.3571428571428572
362 363 1.7857142857142858
362 764 -2.0
362 776 -1.3571428571428572
362 810 0.5714285714285714
363 364 0.9285714285714286
363 852 -0.5714285714285714
363 861 0.5714285714285714
363 893 0.5714285714285714
363 905 1.7857142857142858
364 949 0.5714285714285714
366 375 1.7857142857142858
367 368 -1.3571428571428572
367 377 -2.0
367 378 2.0
367 384 -1.7857142857142858
367 437 0.9285714285714286
367 446 -1.3571428571428572
368 369 0.9285714285714286
368 378 -2.0
368 489 0.5714285714285714
368 528 -1.7857142857142858
369 370 -1.3571428571428572
369 379 -1.7857142857142858
369 561 -2.0
369 603 -0.9285714285714286
369 613 -0.5714285714285714
370 379 -1.7857142857142858
370 638 -2.0
370 649 -1.3571428571428572
370 675 -0.5714285714285714
371 713 -2.0
371 723 2.0
371 754 -2.0
371 765 0.9285714285714286
372 373 2.0
372 380 1.7857142857142858
372 381 1.7857142857142858
372 883 -0.9285714285714286
372 929 -0.5714285714285714
372 940 0.9285714285714286
373 374 -2.0
373 381 1.3571428571428572
373 382 -1.7857142857142858
374 382 0.5714285714285714
374 383 -2.0
375 376 0.5714285714285714
376 377 1.7857142857142858
377 378 -1.3571428571428572
377 384 1.3571428571428572
378 437 -0.5714285714285714
378 446 -0.9285714285714286
378 489 -0.9285714285714286
379 603 -1.3571428571428572
379 613 -2.0
379 638 -0.9285714285714286
379 649 1.7857142857142858
380 381 -0.9285714285714286
380 883 1.3571428571428572
380 894 -1.7857142857142858
381 382 0.9285714285714286
381 940 0.5714285714285714
382 383 0.5714285714285714
384 385 0.5714285714285714
384 394 1.3571428571428572
384 429 -2.0
385 386 1.3571428571428572
385 394 0.9285714285714286
385 395 -0.9285714285714286
385 460 2.0
385 470 -1.7857142857142858
385 501 1.3571428571428572
385 509 1.3571428571428572
386 387 2.0
386 395 1.7857142857142858
386 396 0.5714285714285714
386 541 -1.7857142857142858
386 551 -1.7857142857142858
386 584 2.0
387 388 1.7857142857142858
387 396 -1.3571428571428572
387 623 -2.0
387 659 -0.5714285714285714
388 397 1.7857142857142858
388 693 1.3571428571428572
388 702 1.7857142857142858
389 390 1.3571428571428572
389 398 0.5714285714285714
389 864 -0.5714285714285714
389 872 -0.9285714285714286
389 908 -2.0
389 919 0.9285714285714286
390 391 1.7857142857142858
390 398 2.0
390 399 -1.3571428571428572
390 952 0.5714285714285714
390 961 1.3571428571428572
391 392 0.9285714285714286
391 399 1.7857142857142858
392 393 0.9285714285714286
394 395 1.7857142857142858
394 421 0.5714285714285714
394 429 -0.5714285714285714
394 460 0.5714285714285714
394 470 0.5714285714285714
395 396 -2.0
395 501 -2.0
395 509 0.9285714285714286
395 551 1.3571428571428572
396 584 1.3571428571428572
396 623 -1.3571428571428572
397 736 1.7857142857142858
397 746 0.9285714285714286
397 790 1.7857142857142858
398 399 -1.3571428571428572
398 908 -0.5714285714285714
398 919 0.9285714285714286
398 952 -1.3571428571428572
398 961 0.9285714285714286
400 401 2.0
401 409 1.3571428571428572
402 410 -2.0
402 411 -0.9285714285714286
402 456 -0.5714285714285714
403 404 0.9285714285714286
403 412 1.7857142857142858
403 621 1.7857142857142858
404 405 1.7857142857142858
404 412 -0.9285714285714286
404 413 1.3571428571428572
404 658 0.9285714285714286
404 690 -0.9285714285714286
405 406 1.7857142857142858
405 413 -0.5714285714285714
405 414 -2.0
405 732 1.7857142857142858
405 776 -1.7857142857142858
406 414 -1.7857142857142858
406 415 -2.0
406 861 -0.5714285714285714
407 408 -0.5714285714285714
407 416 1.3571428571428572
407 417 2.0
408 417 1.3571428571428572
408 418 0.5714285714285714
409 410 0.5714285714285714
410 411 0.5714285714285714
411 456 -1.3571428571428572
412 413 -0.5714285714285714
412 621 -1.7857142857142858
412 658 -1.3571428571428572
413 414 -1.3571428571428572
413 690 -0.9285714285714286
413 732 -0.5714285714285714
414 415 0.5714285714285714
414 776 -1.3571428571428572
415 416 2.0
415 861 2.0
415 905 1.3571428571428572
416 417 0.9285714285714286
416 949 0.5714285714285714
417 418 1.7857142857142858
419 427 0.5714285714285714
420 421 -0.9285714285714286
420 428 0.5714285714285714
420 429 -2.0
421 422 -1.3571428571428572
421 429 -1.3571428571428572
421 430 1.7857142857142858
421 437 -0.9285714285714286
421 447 -0.5714285714285714
422 430 1.7857142857142858
422 431 1.7857142857142858
422 490 1.7857142857142858
422 518 -2.0
422 529 -2.0
423 432 1.7857142857142858
423 433 2.0
423 638 0.5714285714285714
423 650 -2.0
423 675 0.9285714285714286
424 425 -1.3571428571428572
424 435 1.3571428571428572
424 883 2.0
424 895 -1.3571428571428572
424 929 0.9285714285714286
424 941 -2.0
425 426 0.5714285714285714
425 435 1.3571428571428572
425 980 0.9285714285714286
427 428 0.5714285714285714
428 429 -0.9285714285714286
429 430 -0.9285714285714286
430 431 2.0
430 437 -1.3571428571428572
430 447 0.9285714285714286
430 490 -1.7857142857142858
431 432 -2.0
431 518 2.0
431 529 -0.5714285714285714
431 561 1.7857142857142858
431 571 1.7857142857142858
432 433 1.7857142857142858
432 603 -2.0
432 614 1.3571428571428572
432 638 -0.9285714285714286
432 650 0.5714285714285714
433 434 1.7857142857142858
433 675 -2.0
433 713 -0.9285714285714286
433 724 1.3571428571428572
434 754 -2.0
434 766 -0.5714285714285714
434 801 0.5714285714285714
434 812 0.9285714285714286
435 929 0.9285714285714286
435 941 0.9285714285714286
436 437 -2.0
436 446 -0.5714285714285714
437 438 -0.5714285714285714
437 446 -0.5714285714285714
437 447 -0.5714285714285714
438 439 0.5714285714285714
438 447 -1.7857142857142858
438 448 -0.5714285714285714
438 460 1.7857142857142858
438 471 0.9285714285714286
438 501 1.3571428571428572
438 510 0.5714285714285714
439 440 -0.5714285714285714
439 448 2.0
439 449 -1.7857142857142858
439 541 0.9285714285714286
439 552 1.3571428571428572
439 584 -1.3571428571428572
439 594 -0.9285714285714286
440 441 -2.0
440 449 0.5714285714285714
440 450 -2.0
440 623 2.0
440 630 1.3571428571428572
440 659 1.3571428571428572
440 668 0.5714285714285714
441 442 1.3571428571428572
441 450 1.3571428571428572
441 451 -0.9285714285714286
441 703 0.5714285714285714
441 736 0.9285714285714286
441 747 0.5714285714285714
442 443 -0.5714285714285714
442 779 -0.9285714285714286
442 791 2.0
442 823 -1.7857142857142858
442 834 -0.9285714285714286
443 452 2.0
443 864 -1.7857142857142858
443 873 0.9285714285714286
443 908 -1.3571428571428572
443 920 -0.9285714285714286
444 445 1.7857142857142858
444 454 -0.9285714285714286
444 455 -1.3571428571428572
445 455 -1.7857142857142858
445 456 -2.0
446 447 -1.7857142857142858
447 448 -0.5714285714285714
447 460 -0.9285714285714286
447 471 0.9285714285714286
448 449 1.7857142857142858
448 501 -1.3571428571428572
448 510 0.5714285714285714
448 541 1.7857142857142858
448 552 1.3571428571428572
449 450 -1.3571428571428572
449 584 -1.7857142857142858
449 594 -0.9285714285714286
449 623 -0.5714285714285714
449 630 0.9285714285714286
450 451 -1.3571428571428572
450 659 0.9285714285714286
450 668 -0.5714285714285714
450 693 -1.3571428571428572
450 703 0.5714285714285714
451 736 -0.9285714285714286
451 747 -2.0
452 453 0.9285714285714286
452 908 1.7857142857142858
452 920 0.5714285714285714
452 952 -2.0
452 962 -1.3571428571428572
453 454 -1.3571428571428572
454 455 -2.0
455 456 0.9285714285714286
457 458 -0.5714285714285714
457 468 0.5714285714285714
458 459 -1.3571428571428572
458 468 -1.3571428571428572
458 469 2.0
459 460 -2.0
459 469 -2.0
459 470 -1.3571428571428572
460 461 -0.9285714285714286
460 470 -0.9285714285714286
460 471 -1.7857142857142858
461 462 -1.3571428571428572
461 471 1.3571428571428572
461 472 0.5714285714285714
461 480 1.7857142857142858
461 490 1.7857142857142858
461 519 -2.0
461 529 0.9285714285714286
462 472 0.9285714285714286
462 473 1.3571428571428572
462 562 -0.5714285714285714
462 571 -2.0
462 614 -2.0
463 464 -0.5714285714285714
463 474 -1.7857142857142858
463 475 0.5714285714285714
463 714 0.9285714285714286
463 724 1.7857142857142858
463 755 -0.5714285714285714
463 766 -1.3571428571428572
464 465 -2.0
464 475 1.7857142857142858
464 476 0.9285714285714286
464 802 -0.5714285714285714
464 812 0.5714285714285714
464 844 -2.0
464 853 0.9285714285714286
465 466 -0.9285714285714286
465 476 -0.5714285714285714
465 884 0.5714285714285714
465 895 -0.9285714285714286
465 930 -0.9285714285714286
465 941 -0.5714285714285714
466 467 -1.3571428571428572
466 477 -0.5714285714285714
466 972 1.7857142857142858
466 980 0.5714285714285714
467 477 0.5714285714285714
467 478 2.0
468 469 1.7857142857142858
469 470 -0.5714285714285714
470 471 0.9285714285714286
471 472 0.9285714285714286
471 480 -2.0
471 490 -0.5714285714285714
472 473 0.9285714285714286
472 519 1.7857142857142858
472 529 0.9285714285714286
472 562 -1.7857142857142858
472 571 1.3571428571428572
473 474 -2.0
473 604 -1.7857142857142858
473 614 0.5714285714285714
473 639 0.9285714285714286
473 650 1.7857142857142858
474 475 -0.5714285714285714
474 676 1.3571428571428572
474 714 1.3571428571428572
474 724 -1.7857142857142858
475 476 0.9285714285714286
475 755 1.3571428571428572
475 766 0.5714285714285714
475 802 0.9285714285714286
475 812 -2.0
476 844 1.3571428571428572
476 853 1.7857142857142858
476 884 1.3571428571428572
476 895 0.5714285714285714
477 478 0.9285714285714286
479 489 -1.3571428571428572
480 481 -2.0
480 490 1.3571428571428572
480 491 -0.5714285714285714
480 510 1.3571428571428572
481 482 -1.3571428571428572
481 491 -0.9285714285714286
481 492 1.7857142857142858
481 542 -1.7857142857142858
481 552 -1.3571428571428572
481 585 -2.0
481 594 -2.0
482 483 -2.0
482 492 -2.0
482 624 2.0
482 630 -0.5714285714285714
482 660 -1.3571428571428572
482 668 1.3571428571428572
483 484 -1.3571428571428572
483 493 -1.7857142857142858
483 703 1.7857142857142858
483 737 0.9285714285714286
483 747 -1.7857142857142858
484 485 2.0
484 493 1.3571428571428572
484 494 -0.5714285714285714
484 780 -2.0
484 791 -0.5714285714285714
484 824 0.9285714285714286
484 834 -0.5714285714285714
485 486 -1.3571428571428572
485 494 -0.9285714285714286
485 873 -0.5714285714285714
485 909 -0.9285714285714286
485 920 -0.5714285714285714
486 495 1.7857142857142858
486 496 0.9285714285714286
486 953 2.0
486 962 2.0
487 488 -1.3571428571428572
487 497 -1.7857142857142858
489 490 1.3571428571428572
490 491 1.3571428571428572
491 502 -1.7857142857142858
491 510 -1.3571428571428572
491 542 1.3571428571428572
491 552 1.7857142857142858
492 585 -0.9285714285714286
492 594 1.7857142857142858
492 624 1.3571428571428572
492 630 -1.7857142857142858
493 494 -1.3571428571428572
493 737 -2.0
493 780 1.3571428571428572
493 791 -0.9285714285714286
494 495 2.0
494 824 -0.5714285714285714
494 834 0.5714285714285714
494 873 -1.3571428571428572
495 496 -0.9285714285714286
495 909 -2.0
495 920 1.7857142857142858
495 962 -1.7857142857142858
496 497 -0.5714285714285714
498 499 -0.9285714285714286
499 500 1.3571428571428572
499 508 1.7857142857142858
500 501 -1.3571428571428572
500 508 -0.9285714285714286
500 509 -1.3571428571428572
501 502 -1.3571428571428572
501 509 -1.3571428571428572
501 510 -1.7857142857142858
502 503 0.5714285714285714
502 510 1.3571428571428572
502 511 -1.3571428571428572
502 519 1.7857142857142858
502 530 -1.7857142857142858
503 504 1.7857142857142858
503 511 -1.3571428571428572
503 512 0.9285714285714286
503 562 1.7857142857142858
503 572 -1.3571428571428572
503 604 -0.9285714285714286
503 615 -1.7857142857142858
504 512 0.5714285714285714
504 513 2.0
504 639 2.0
504 651 0.5714285714285714
504 676 -0.5714285714285714
504 682 2.0
505 506 1.7857142857142858
505 515 1.3571428571428572
505 516 -0.9285714285714286
505 884 -1.7857142857142858
505 896 2.0
505 930 -2.0
505 942 -0.5714285714285714
506 507 0.5714285714285714
506 516 -1.3571428571428572
506 972 -0.9285714285714286
506 981 -0.5714285714285714
508 509 -2.0
509 510 2.0
510 511 1.7857142857142858
511 512 1.7857142857142858
511 519 -0.9285714285714286
511 530 -2.0
511 562 1.3571428571428572
511 572 2.0
512 513 1.7857142857142858
512 604 0.5714285714285714
512 615 1.7857142857142858
512 639 -0.9285714285714286
512 651 -1.3571428571428572
513 514 1.7857142857142858
513 676 -0.5714285714285714
513 682 -0.9285714285714286
513 714 -0.5714285714285714
513 725 -1.3571428571428572
514 515 -2.0
514 755 2.0
514 767 -1.3571428571428572
514 802 -0.5714285714285714
515 516 1.3571428571428572
515 844 2.0
515 854 -0.5714285714285714
515 884 0.5714285714285714
516 942 2.0
516 972 0.9285714285714286
516 981 -0.9285714285714286
517 518 2.0
517 528 -2.0
518 519 0.9285714285714286
518 528 -1.3571428571428572
518 529 1.7857142857142858
519 520 1.7857142857142858
519 529 0.5714285714285714
519 530 1.7857142857142858
520 521 0.9285714285714286
520 530 0.9285714285714286
520 531 1.7857142857142858
520 542 0.9285714285714286
520 553 2.0
520 585 -2.0
521 522 -1.3571428571428572
521 531 0.9285714285714286
521 624 1.3571428571428572
521 631 -1.3571428571428572
521 660 1.7857142857142858
522 532 -1.7857142857142858
522 704 -0.9285714285714286
522 737 -0.5714285714285714
522 748 -2.0
523 524 -0.5714285714285714
523 533 -1.7857142857142858
523 534 1.7857142857142858
523 874 -0.9285714285714286
523 909 -1.7857142857142858
523 921 -2.0
524 525 1.3571428571428572
524 534 -0.5714285714285714
524 953 1.3571428571428572
524 963 -2.0
525 526 1.3571428571428572
525 535 -2.0
526 527 -1.7857142857142858
526 535 -0.5714285714285714
526 536 1.3571428571428572
527 536 -1.7857142857142858
527 537 1.3571428571428572
528 529 0.9285714285714286
529 530 -1.7857142857142858
530 531 -0.9285714285714286
530 542 2.0
530 553 -0.9285714285714286
531 585 -1.3571428571428572
531 624 2.0
531 631 1.3571428571428572
532 533 2.0
532 737 -0.9285714285714286
532 748 0.9285714285714286
532 780 -0.5714285714285714
533 534 0.5714285714285714
533 824 1.7857142857142858
533 835 -1.7857142857142858
533 874 -2.0
534 909 2.0
534 921 1.3571428571428572
534 953 0.9285714285714286
534 963 -2.0
535 536 -1.7857142857142858
536 537 1.3571428571428572
538 539 2.0
539 540 2.0
539 550 -1.3571428571428572
540 541 1.7857142857142858
540 550 2.0
540 551 -0.9285714285714286
541 542 -1.3571428571428572
541 551 0.5714285714285714
541 552 -2.0
542 543 0.9285714285714286
542 552 -2.0
542 553 1.7857142857142858
543 544 -0.5714285714285714
543 553 1.7857142857142858
543 554 2.0
543 563 0.5714285714285714
543 572 -1.7857142857142858
543 605 -1.3571428571428572
543 615 1.7857142857142858
544 545 2.0
544 554 -2.0
544 555 -0.5714285714285714
544 640 -2.0
544 651 -0.5714285714285714
544 677 0.9285714285714286
544 682 -2.0
545 546 -2.0
545 555 -2.0
545 556 2.0
545 725 1.3571428571428572
545 756 1.7857142857142858
545 767 -2.0
546 547 -0.5714285714285714
546 556 0.9285714285714286
546 557 -1.3571428571428572
546 803 0.5714285714285714
546 845 1.7857142857142858
546 854 0.5714285714285714
547 548 1.3571428571428572
547 557 -2.0
547 558 -1.3571428571428572
547 885 0.5714285714285714
547 896 1.7857142857142858
547 931 0.9285714285714286
547 942 0.9285714285714286
548 549 1.3571428571428572
548 558 0.9285714285714286
548 559 0.5714285714285714
548 973 -0.9285714285714286
548 981 -1.3571428571428572
549 559 0.5714285714285714
549 560 1.7857142857142858
550 551 -1.3571428571428572
551 552 0.5714285714285714
552 553 -1.7857142857142858
553 554 1.7857142857142858
553 563 0.9285714285714286
553 572 1.7857142857142858
554 555 -0.9285714285714286
554 605 -0.9285714285714286
554 615 0.5714285714285714
554 640 -2.0
554 651 -2.0
555 556 1.3571428571428572
555 677 -0.5714285714285714
555 682 -1.3571428571428572
555 725 -0.5714285714285714
556 557 -0.5714285714285714
556 756 -1.7857142857142858
556 767 -0.5714285714285714
556 803 -1.7857142857142858
557 558 1.7857142857142858
557 845 2.0
557 854 -0.5714285714285714
557 885 -0.9285714285714286
557 896 -2.0
558 559 1.3571428571428572
558 931 -1.7857142857142858
558 942 -2.0
558 973 0.9285714285714286
558 981 -1.3571428571428572
559 560 1.3571428571428572
561 562 1.3571428571428572
561 571 -1.7857142857142858
562 563 2.0
562 571 -1.7857142857142858
562 572 -2.0
563 564 -2.0
563 572 1.3571428571428572
563 573 0.9285714285714286
563 586 1.3571428571428572
564 565 0.5714285714285714
564 573 0.9285714285714286
564 574 -0.5714285714285714
564 625 -1.7857142857142858
564 631 1.3571428571428572
564 661 -0.5714285714285714
565 566 -0.9285714285714286
565 574 -0.9285714285714286
565 575 1.3571428571428572
565 704 1.3571428571428572
565 738 2.0
565 748 1.7857142857142858
566 567 2.0
566 575 1.7857142857142858
566 576 -1.7857142857142858
566 781 0.5714285714285714
566 792 1.7857142857142858
566 825 2.0
566 835 -0.9285714285714286
567 568 -0.5714285714285714
567 577 2.0
567 865 -0.9285714285714286
567 910 -0.9285714285714286
567 921 1.3571428571428572
568 569 -1.7857142857142858
568 577 -0.5714285714285714
568 578 -0.5714285714285714
568 954 0.9285714285714286
568 963 0.5714285714285714
569 578 -1.7857142857142858
569 579 -2.0
570 580 0.9285714285714286
571 572 -0.5714285714285714
572 573 1.7857142857142858
573 574 -2.0
573 586 1.7857142857142858
573 625 -1.3571428571428572
573 631 -0.9285714285714286
574 575 0.9285714285714286
574 661 -2.0
574 704 -0.5714285714285714
575 738 0.9285714285714286
575 748 -1.7857142857142858
575 781 0.9285714285714286
575 792 -1.7857142857142858
576 577 -0.5714285714285714
576 825 0.9285714285714286
576 835 0.5714285714285714
576 865 1.7857142857142858
576 874 0.5714285714285714
577 578 -2.0
577 910 -0.5714285714285714
577 921 -0.9285714285714286
577 954 1.7857142857142858
577 963 -0.9285714285714286
578 579 1.3571428571428572
579 580 -0.9285714285714286
581 582 1.3571428571428572
582 583 -1.7857142857142858
582 593 2.0
583 584 -1.7857142857142858
583 593 0.5714285714285714
584 585 -1.3571428571428572
584 594 0.5714285714285714
585 586 -1.3571428571428572
585 594 2.0
586 587 -0.9285714285714286
586 595 1.3571428571428572
586 605 -1.3571428571428572
587 588 0.9285714285714286
587 595 -1.3571428571428572
587 596 0.9285714285714286
587 640 1.7857142857142858
587 652 -0.9285714285714286
587 677 1.7857142857142858
587 683 -0.9285714285714286
588 596 2.0
588 597 2.0
588 726 -1.7857142857142858
588 756 -0.5714285714285714
588 768 -1.3571428571428572
589 590 1.7857142857142858
589 597 0.5714285714285714
589 803 -1.7857142857142858
589 813 1.3571428571428572
589 845 -1.3571428571428572
589 855 1.3571428571428572
590 591 2.0
590 598 1.3571428571428572
590 599 1.7857142857142858
590 897 1.3571428571428572
590 931 -0.5714285714285714
590 943 0.9285714285714286
591 592 -2.0
591 599 -2.0
591 600 1.7857142857142858
591 973 0.9285714285714286
591 982 2.0
592 600 0.5714285714285714
592 601 2.0
595 596 0.9285714285714286
595 605 -0.5714285714285714
595 652 1.7857142857142858
596 597 1.3571428571428572
596 726 -2.0
597 598 -0.9285714285714286
597 756 2.0
597 768 0.5714285714285714
597 803 2.0
597 813 -0.9285714285714286
598 599 -0.5714285714285714
598 845 1.3571428571428572
598 855 -2.0
598 897 1.3571428571428572
599 600 -0.5714285714285714
599 931 -2.0
599 943 -1.7857142857142858
599 973 -1.3571428571428572
599 982 1.3571428571428572
600 601 -2.0
602 613 0.5714285714285714
603 604 -0.9285714285714286
603 613 2.0
603 614 0.5714285714285714
604 605 -0.5714285714285714
604 614 0.5714285714285714
604 615 2.0
605 606 -2.0
605 615 -1.3571428571428572
606 607 -2.0
606 625 -0.9285714285714286
606 632 -0.9285714285714286
606 661 2.0
607 608 1.7857142857142858
607 616 0.5714285714285714
607 705 -1.7857142857142858
607 738 -0.9285714285714286
608 609 1.3571428571428572
608 616 -0.5714285714285714
608 617 1.3571428571428572
608 781 -0.5714285714285714
608 793 -0.5714285714285714
608 825 1.7857142857142858
608 836 1.3571428571428572
609 610 -2.0
609 617 -0.9285714285714286
609 618 0.9285714285714286
609 865 -0.5714285714285714
609 875 2.0
609 910 -0.5714285714285714
609 922 1.3571428571428572
610 611 -0.9285714285714286
610 618 1.7857142857142858
610 954 1.3571428571428572
610 964 -0.9285714285714286
611 612 0.5714285714285714
611 619 -1.3571428571428572
612 619 0.9285714285714286
612 620 0.5714285714285714
613 614 -0.9285714285714286
614 615 1.7857142857142858
616 617 -0.9285714285714286
616 738 -0.5714285714285714
616 781 0.5714285714285714
616 793 2.0
617 618 -1.7857142857142858
617 825 -2.0
617 836 2.0
617 865 -0.5714285714285714
617 875 0.5714285714285714
618 910 0.5714285714285714
618 922 -0.9285714285714286
618 954 -1.7857142857142858
618 964 -1.3571428571428572
619 620 -0.9285714285714286
620 621 0.5714285714285714
623 624 0.9285714285714286
623 630 2.0
624 625 1.7857142857142858
624 630 2.0
624 631 -1.7857142857142858
625 631 -0.5714285714285714
625 632 0.9285714285714286
626 627 -1.3571428571428572
626 633 -0.5714285714285714
626 634 -1.3571428571428572
626 715 -1.3571428571428572
626 726 1.7857142857142858
626 757 -2.0
626 768 2.0
627 634 -2.0
627 804 -1.7857142857142858
627 813 0.9285714285714286
627 846 -0.9285714285714286
627 855 -0.9285714285714286
628 629 -2.0
628 635 -1.3571428571428572
628 636 -0.5714285714285714
628 974 -0.5714285714285714
628 982 1.3571428571428572
629 636 -0.9285714285714286
630 631 -2.0
631 632 -1.7857142857142858
632 633 0.5714285714285714
632 641 0.5714285714285714
632 652 1.7857142857142858
633 634 -1.7857142857142858
633 683 1.7857142857142858
633 715 0.5714285714285714
633 726 -1.7857142857142858
634 757 1.3571428571428572
634 768 0.9285714285714286
634 804 1.3571428571428572
634 813 -1.3571428571428572
635 636 -1.7857142857142858
635 932 -1.3571428571428572
635 943 -1.3571428571428572
635 974 1.7857142857142858
635 982 -1.7857142857142858
637 638 -1.3571428571428572
637 649 -0.9285714285714286
638 639 -1.7857142857142858
638 649 -1.7857142857142858
638 650 -2.0
639 640 1.7857142857142858
639 650 0.9285714285714286
639 651 -1.7857142857142858
640 641 -1.7857142857142858
640 651 2.0
640 652 1.3571428571428572
641 642 2.0
641 652 2.0
641 653 -0.5714285714285714
641 662 1.7857142857142858
642 653 2.0
642 654 0.5714285714285714
642 694 -0.5714285714285714
642 705 2.0
643 644 -2.0
643 654 -1.3571428571428572
643 782 0.5714285714285714
643 793 1.3571428571428572
643 826 -1.3571428571428572
643 836 -1.7857142857142858
644 645 -1.7857142857142858
644 866 -0.9285714285714286
644 875 -2.0
644 922 -0.9285714285714286
645 646 -0.9285714285714286
645 655 0.5714285714285714
645 955 -0.5714285714285714
645 964 -0.9285714285714286
646 647 -2.0
646 655 1.3571428571428572
646 656 1.7857142857142858
647 648 1.7857142857142858
647 656 -0.5714285714285714
647 657 0.9285714285714286
648 657 -1.7857142857142858
648 658 0.9285714285714286
650 651 1.3571428571428572
651 652 -1.7857142857142858
652 653 0.9285714285714286
653 654 -1.7857142857142858
653 662 -1.7857142857142858
653 694 -0.9285714285714286
653 705 -1.3571428571428572
654 782 -1.7857142857142858
654 793 -0.9285714285714286
655 656 -0.9285714285714286
656 657 1.7857142857142858
657 658 0.9285714285714286
659 660 -0.5714285714285714
659 668 1.7857142857142858
660 661 0.5714285714285714
660 668 -1.3571428571428572
661 662 -0.9285714285714286
662 663 0.9285714285714286
662 669 -2.0
662 684 -1.7857142857142858
663 664 -1.7857142857142858
663 669 -2.0
663 670 0.5714285714285714
663 715 1.7857142857142858
663 727 1.3571428571428572
663 757 1.7857142857142858
663 769 -1.3571428571428572
664 665 -2.0
664 670 2.0
664 671 2.0
664 804 -0.9285714285714286
664 814 -1.7857142857142858
664 846 2.0
664 856 1.3571428571428572
665 671 -0.9285714285714286
665 886 -0.5714285714285714
665 898 -1.7857142857142858
665 932 1.7857142857142858
665 944 -1.3571428571428572
666 672 -1.7857142857142858
666 673 1.3571428571428572
669 670 1.3571428571428572
669 684 -0.9285714285714286
669 715 2.0
669 727 -0.5714285714285714
670 671 1.7857142857142858
670 757 -0.5714285714285714
670 769 -1.3571428571428572
670 804 1.7857142857142858
670 814 -0.5714285714285714
671 846 2.0
671 856 -0.9285714285714286
671 886 0.9285714285714286
671 898 -1.3571428571428572
672 673 0.5714285714285714
674 675 -0.5714285714285714
675 676 -1.3571428571428572
676 677 0.5714285714285714
676 682 -0.9285714285714286
677 682 1.7857142857142858
677 683 2.0
678 679 -1.7857142857142858
678 684 2.0
678 685 1.3571428571428572
678 694 0.9285714285714286
678 706 0.9285714285714286
679 680 1.3571428571428572
679 685 0.9285714285714286
679 782 1.7857142857142858
679 794 -0.5714285714285714
679 826 0.5714285714285714
679 837 -0.5714285714285714
680 681 1.3571428571428572
680 686 0.9285714285714286
680 687 1.3571428571428572
680 866 -1.7857142857142858
680 876 -0.9285714285714286
680 911 -0.5714285714285714
680 923 1.7857142857142858
681 687 1.3571428571428572
681 955 1.7857142857142858
681 965 0.5714285714285714
682 683 2.0
683 684 1.3571428571428572
684 694 1.3571428571428572
684 706 -0.9285714285714286
685 686 -0.5714285714285714
685 782 1.3571428571428572
685 794 2.0
686 687 -0.5714285714285714
686 826 -2.0
686 866 1.3571428571428572
686 876 0.9285714285714286
687 911 -0.9285714285714286
687 923 0.9285714285714286
687 955 1.3571428571428572
687 965 1.3571428571428572
688 689 0.5714285714285714
689 690 -0.9285714285714286
691 692 -2.0
691 700 0.5714285714285714
692 700 -2.0
692 701 -1.7857142857142858
693 702 1.3571428571428572
693 703 -1.3571428571428572
694 695 2.0
694 705 -0.9285714285714286
694 706 -1.7857142857142858
695 696 -0.5714285714285714
695 706 0.9285714285714286
695 707 -0.9285714285714286
695 716 -1.7857142857142858
695 727 -0.5714285714285714
695 758 -0.5714285714285714
695 769 -0.9285714285714286
696 697 -1.7857142857142858
696 707 -2.0
696 708 -0.9285714285714286
696 805 2.0
696 814 -0.9285714285714286
696 847 -1.3571428571428572
696 856 -0.9285714285714286
697 698 1.3571428571428572
697 708 -1.7857142857142858
697 709 0.5714285714285714
697 887 -0.9285714285714286
697 898 1.7857142857142858
697 933 -0.5714285714285714
697 944 -0.9285714285714286
698 699 -1.7857142857142858
698 709 -1.3571428571428572
698 710 -0.9285714285714286
698 975 1.7857142857142858
698 983 -1.3571428571428572
699 710 -0.9285714285714286
699 711 1.7857142857142858
700 701 0.9285714285714286
701 702 -0.5714285714285714
702 703 1.7857142857142858
703 704 -1.3571428571428572
704 705 2.0
705 706 2.0
706 707 -1.3571428571428572
706 716 0.5714285714285714
706 727 0.9285714285714286
707 708 -2.0
707 758 0.5714285714285714
707 769 -0.5714285714285714
707 805 0.5714285714285714
707 814 0.9285714285714286
708 709 0.9285714285714286
708 847 -0.5714285714285714
708 856 1.7857142857142858
708 887 -1.7857142857142858
708 898 -0.9285714285714286
709 710 1.3571428571428572
709 933 -2.0
709 944 -1.7857142857142858
709 975 0.5714285714285714
709 983 -1.3571428571428572
710 711 0.9285714285714286
712 723 1.7857142857142858
713 714 -1.3571428571428572
713 723 0.5714285714285714
713 724 0.5714285714285714
714 724 0.5714285714285714
714 725 1.7857142857142858
715 716 0.5714285714285714
715 726 -0.5714285714285714
715 727 2.0
716 717 -0.5714285714285714
716 727 1.3571428571428572
716 728 -1.3571428571428572
716 739 -1.7857142857142858
717 718 -0.9285714285714286
717 728 -0.5714285714285714
717 729 1.3571428571428572
717 783 -1.3571428571428572
717 827 -1.7857142857142858
717 837 0.9285714285714286
718 719 0.5714285714285714
718 729 1.3571428571428572
718 730 -2.0
718 867 -0.9285714285714286
718 876 0.5714285714285714
718 912 -1.7857142857142858
718 923 -1.7857142857142858
719 720 -2.0
719 730 0.5714285714285714
719 956 0.5714285714285714
720 721 1.7857142857142858
721 722 2.0
721 731 2.0
722 731 -1.3571428571428572
722 732 -0.5714285714285714
723 724 0.9285714285714286
724 725 -1.3571428571428572
725 726 2.0
726 727 0.9285714285714286
727 728 -2.0
728 729 -2.0
728 739 2.0
728 783 -0.9285714285714286
728 794 -1.3571428571428572
729 730 1.3571428571428572
729 827 -0.5714285714285714
729 837 -2.0
729 867 1.7857142857142858
729 876 0.9285714285714286
730 912 -2.0
730 923 -1.3571428571428572
730 956 -1.3571428571428572
730 965 1.3571428571428572
731 732 2.0
733 734 -0.5714285714285714
733 744 -1.3571428571428572
734 735 0.9285714285714286
734 744 -2.0
734 745 -1.3571428571428572
735 736 2.0
735 745 -0.9285714285714286
735 746 -1.7857142857142858
736 737 -0.5714285714285714
736 746 2.0
736 747 2.0
737 738 -1.7857142857142858
737 747 0.5714285714285714
737 748 -2.0
738 748 -0.5714285714285714
739 740 -0.5714285714285714
739 749 -0.5714285714285714
739 758 0.5714285714285714
739 770 -1.7857142857142858
740 741 -1.7857142857142858
740 749 2.0
740 750 -0.5714285714285714
740 805 -1.3571428571428572
740 815 0.9285714285714286
740 847 -2.0
740 857 -2.0
741 742 -1.3571428571428572
741 750 2.0
741 751 -2.0
741 887 -2.0
741 899 -1.7857142857142858
741 933 2.0
742 743 1.7857142857142858
742 751 -0.5714285714285714
742 752 -0.5714285714285714
742 975 0.5714285714285714
742 984 0.9285714285714286
743 752 -1.3571428571428572
744 745 1.7857142857142858
745 746 2.0
746 747 -0.9285714285714286
747 748 1.3571428571428572
749 750 -0.9285714285714286
749 758 0.9285714285714286
749 770 0.5714285714285714
749 805 -0.5714285714285714
749 815 2.0
750 751 1.7857142857142858
750 847 1.3571428571428572
750 857 1.3571428571428572
750 887 -1.7857142857142858
750 899 -2.0
751 752 -2.0
751 933 1.3571428571428572
751 975 -1.7857142857142858
751 984 -2.0
753 754 -1.3571428571428572
754 755 0.5714285714285714
754 765 2.0
754 766 -0.9285714285714286
755 756 -0.9285714285714286
755 766 1.7857142857142858
755 767 -2.0
756 757 1.7857142857142858
756 767 0.9285714285714286
756 768 1.3571428571428572
757 758 1.7857142857142858
757 768 0.9285714285714286
757 769 -2.0
758 759 -1.3571428571428572
758 769 0.9285714285714286
758 770 2.0
759 760 0.9285714285714286
759 771 1.3571428571428572
759 783 -0.9285714285714286
759 795 2.0
759 827 -0.9285714285714286
759 838 -1.7857142857142858
760 761 2.0
760 771 1.3571428571428572
760 772 -2.0
760 867 -0.5714285714285714
760 877 -1.7857142857142858
760 912 0.5714285714285714
760 924 -1.3571428571428572
761 762 0.5714285714285714
761 772 1.3571428571428572
761 773 0.5714285714285714
761 956 -2.0
761 966 -2.0
762 763 -0.5714285714285714
762 773 -1.7857142857142858
762 774 0.5714285714285714
763 764 -0.5714285714285714
763 774 -0.5714285714285714
763 775 1.3571428571428572
764 775 2.0
764 776 0.5714285714285714
765 766 0.5714285714285714
766 767 1.7857142857142858
767 768 -1.3571428571428572
768 769 2.0
769 770 0.9285714285714286
770 783 1.3571428571428572
770 795 -0.9285714285714286
771 772 -1.7857142857142858
771 827 -0.9285714285714286
771 838 -0.9285714285714286
771 867 -0.5714285714285714
771 877 1.3571428571428572
772 773 1.7857142857142858
772 912 0.9285714285714286
772 924 -1.7857142857142858
772 956 0.9285714285714286
772 966 0.5714285714285714
773 774 0.9285714285714286
774 775 2.0
775 776 0.5714285714285714
777 788 -2.0
778 779 -1.3571428571428572
778 789 1.7857142857142858
778 790 -1.7857142857142858
779 780 -2.0
779 790 -1.3571428571428572
779 791 2.0
780 781 -1.7857142857142858
780 791 1.3571428571428572
780 792 -1.7857142857142858
781 782 0.9285714285714286
781 792 -1.3571428571428572
781 793 0.9285714285714286
782 783 -0.5714285714285714
782 793 1.3571428571428572
782 794 2.0
783 794 -0.9285714285714286
783 795 -1.3571428571428572
784 785 0.5714285714285714
784 795 1.7857142857142858
784 796 0.5714285714285714
784 815 1.3571428571428572
784 848 2.0
784 857 1.7857142857142858
785 786 1.7857142857142858
785 796 -1.7857142857142858
785 797 -0.9285714285714286
785 888 -0.5714285714285714
785 899 -0.5714285714285714
785 934 -0.5714285714285714
786 787 0.9285714285714286
786 797 1.7857142857142858
786 798 1.7857142857142858
786 976 1.7857142857142858
786 984 1.7857142857142858
787 798 1.7857142857142858
787 799 1.7857142857142858
788 789 1.3571428571428572
789 790 -1.3571428571428572
790 791 -2.0
791 792 -1.3571428571428572
792 793 -0.5714285714285714
793 794 1.7857142857142858
794 795 0.5714285714285714
795 796 1.3571428571428572
795 815 -1.7857142857142858
796 797 -0.5714285714285714
796 848 -1.3571428571428572
796 857 0.9285714285714286
796 888 -0.9285714285714286
797 798 2.0
797 934 -0.9285714285714286
797 976 -1.7857142857142858
797 984 1.3571428571428572
798 799 -0.5714285714285714
800 801 -2.0
800 811 -1.3571428571428572
801 802 2.0
801 811 0.9285714285714286
801 812 -0.9285714285714286
802 803 1.3571428571428572
802 812 -0.9285714285714286
803 804 0.9285714285714286
803 813 0.5714285714285714
804 805 0.9285714285714286
804 813 0.5714285714285714
804 814 1.3571428571428572
805 814 0.5714285714285714
805 815 -1.7857142857142858
806 807 0.9285714285714286
806 816 0.5714285714285714
806 817 1.7857142857142858
806 868 -1.7857142857142858
806 877 -0.9285714285714286
806 913 0.5714285714285714
806 924 -0.5714285714285714
807 808 0.5714285714285714
807 817 -0.9285714285714286
807 818 -1.3571428571428572
807 957 -0.9285714285714286
807 966 0.5714285714285714
808 809 -2.0
808 819 2.0
809 810 2.0
809 819 2.0
809 820 2.0
810 820 -1.3571428571428572
811 812 1.7857142857142858
813 814 0.9285714285714286
814 815 -2.0
815 816 1.7857142857142858
816 817 -1.7857142857142858
816 828 -1.7857142857142858
816 838 -1.3571428571428572
816 868 2.0
816 877 -0.5714285714285714
817 818 -0.9285714285714286
817 913 -1.7857142857142858
817 924 0.9285714285714286
817 957 -2.0
817 966 -0.5714285714285714
818 819 -1.3571428571428572
819 820 2.0
821 822 1.7857142857142858
821 831 -0.5714285714285714
822 831 0.5714285714285714
822 832 2.0
823 824 -2.0
823 833 1.3571428571428572
823 834 -1.7857142857142858
824 825 -0.9285714285714286
824 834 -1.7857142857142858
824 835 -2.0
825 826 2.0
825 835 -0.9285714285714286
825 836 -1.3571428571428572
826 827 -0.5714285714285714
826 836 -2.0
826 837 0.9285714285714286
827 828 2.0
827 837 -1.7857142857142858
827 838 -2.0
828 838 -1.3571428571428572
828 839 -1.3571428571428572
828 848 -0.5714285714285714
829 830 -0.9285714285714286
829 840 1.3571428571428572
829 841 2.0
829 976 -1.7857142857142858
829 985 -0.5714285714285714
830 841 -0.5714285714285714
830 842 -1.7857142857142858
831 832 1.7857142857142858
832 833 0.5714285714285714
833 834 -1.3571428571428572
834 835 -0.5714285714285714
836 837 -1.3571428571428572
837 838 0.9285714285714286
838 839 -0.9285714285714286
839 840 -0.5714285714285714
839 848 -2.0
839 888 0.9285714285714286
839 900 0.9285714285714286
840 841 0.9285714285714286
840 934 -1.3571428571428572
840 976 1.7857142857142858
840 985 2.0
841 842 -1.7857142857142858
844 845 0.9285714285714286
844 853 -0.5714285714285714
844 854 -0.9285714285714286
845 846 1.3571428571428572
845 854 -1.7857142857142858
845 855 2.0
846 847 0.9285714285714286
846 855 -1.7857142857142858
846 856 1.7857142857142858
847 848 -1.7857142857142858
847 856 -0.9285714285714286
847 857 1.7857142857142858
848 849 0.9285714285714286
848 857 -2.0
849 850 0.5714285714285714
849 858 1.7857142857142858
849 868 -1.7857142857142858
849 878 2.0
849 913 -0.5714285714285714
850 851 0.9285714285714286
850 858 0.9285714285714286
850 859 -1.7857142857142858
850 957 0.5714285714285714
850 967 0.9285714285714286
851 859 0.5714285714285714
851 860 0.9285714285714286
852 861 1.3571428571428572
853 854 -0.5714285714285714
854 855 2.0
855 856 1.7857142857142858
856 857 0.9285714285714286
858 859 1.3571428571428572
858 913 0.9285714285714286
858 957 0.9285714285714286
858 967 1.7857142857142858
859 860 0.9285714285714286
862 863 1.7857142857142858
862 870 -0.9285714285714286
862 871 1.3571428571428572
863 864 0.5714285714285714
863 872 1.7857142857142858
864 872 0.9285714285714286
864 873 0.9285714285714286
865 866 -2.0
865 875 -0.5714285714285714
866 867 0.9285714285714286
866 875 -0.5714285714285714
866 876 0.5714285714285714
867 868 2.0
867 876 1.7857142857142858
867 877 -1.3571428571428572
868 877 0.9285714285714286
868 878 2.0
869 879 0.5714285714285714
869 880 -1.7857142857142858
869 977 1.7857142857142858
869 985 -1.7857142857142858
870 871 -1.3571428571428572
872 873 2.0
873 874 -2.0
874 875 2.0
875 876 -0.9285714285714286
876 877 2.0
877 878 -2.0
878 879 -0.5714285714285714
878 889 1.7857142857142858
878 900 0.5714285714285714
879 880 0.9285714285714286
879 935 2.0
879 977 0.5714285714285714
879 985 1.3571428571428572
880 881 -1.3571428571428572
882 883 -1.7857142857142858
882 894 -0.9285714285714286
883 884 -0.5714285714285714
883 894 -1.7857142857142858
883 895 1.3571428571428572
884 885 1.3571428571428572
884 896 0.5714285714285714
885 886 -1.7857142857142858
885 896 -2.0
885 897 -0.9285714285714286
886 887 0.5714285714285714
886 897 1.7857142857142858
886 898 2.0
887 888 1.7857142857142858
887 898 1.7857142857142858
887 899 -0.5714285714285714
888 889 0.9285714285714286
888 899 1.3571428571428572
888 900 2.0
889 890 -1.7857142857142858
889 900 0.9285714285714286
889 901 -1.3571428571428572
889 914 0.9285714285714286
890 891 0.9285714285714286
890 901 -0.5714285714285714
890 902 1.7857142857142858
890 967 1.7857142857142858
891 892 0.9285714285714286
891 902 -0.9285714285714286
891 903 -0.9285714285714286
892 893 -1.3571428571428572
892 903 -1.3571428571428572
892 904 2.0
893 904 -0.5714285714285714
893 905 -0.5714285714285714
894 895 -1.3571428571428572
895 896 -1.3571428571428572
896 897 0.5714285714285714
897 898 0.9285714285714286
898 899 0.9285714285714286
899 900 -0.5714285714285714
900 901 -1.3571428571428572
901 902 -0.9285714285714286
901 914 1.7857142857142858
901 967 0.5714285714285714
902 903 -0.5714285714285714
903 904 0.5714285714285714
904 905 1.3571428571428572
906 907 -2.0
906 917 -0.5714285714285714
906 918 0.5714285714285714
907 908 1.3571428571428572
907 918 0.5714285714285714
907 919 -0.9285714285714286
908 909 1.3571428571428572
908 919 -0.5714285714285714
908 920 -0.5714285714285714
909 910 -1.3571428571428572
909 920 -0.5714285714285714
909 921 1.7857142857142858
910 911 2.0
910 921 -2.0
910 922 -1.7857142857142858
911 912 -0.5714285714285714
911 922 0.5714285714285714
911 923 -0.5714285714285714
912 913 -2.0
912 923 -1.7857142857142858
912 924 -0.5714285714285714
913 914 -0.5714285714285714
913 924 0.5714285714285714
914 915 0.9285714285714286
914 925 -1.7857142857142858
914 935 1.7857142857142858
914 945 0.5714285714285714
915 916 2.0
915 925 0.5714285714285714
915 926 -0.9285714285714286
915 977 1.7857142857142858
915 986 1.3571428571428572
916 926 -1.7857142857142858
916 927 -0.5714285714285714
917 918 -1.3571428571428572
918 919 -0.5714285714285714
919 920 1.7857142857142858
920 921 -0.5714285714285714
921 922 1.7857142857142858
922 923 -2.0
923 924 1.3571428571428572
925 926 2.0
925 935 -2.0
925 945 -2.0
925 977 -2.0
925 986 2.0
926 927 1.3571428571428572
928 929 0.5714285714285714
928 940 0.9285714285714286
929 930 -2.0
929 940 -0.9285714285714286
929 941 -1.7857142857142858
930 931 0.5714285714285714
930 941 1.3571428571428572
930 942 2.0
931 932 -0.9285714285714286
931 942 0.5714285714285714
931 943 1.3571428571428572
932 933 -1.3571428571428572
932 943 -0.9285714285714286
932 944 -2.0
933 934 0.5714285714285714
933 944 2.0
934 935 0.9285714285714286
935 936 1.7857142857142858
935 945 -2.0
936 937 0.5714285714285714
936 945 0.9285714285714286
936 946 0.5714285714285714
936 968 0.9285714285714286
937 938 0.9285714285714286
937 946 1.7857142857142858
937 947 0.5714285714285714
938 939 -0.5714285714285714
938 947 -0.5714285714285714
938 948 -0.5714285714285714
939 948 -0.5714285714285714
939 949 -2.0
940 941 -1.7857142857142858
941 942 -1.3571428571428572
942 943 0.5714285714285714
943 944 -0.5714285714285714
945 946 2.0
945 968 0.5714285714285714
947 948 -0.9285714285714286
948 949 -1.3571428571428572
950 960 2.0
951 952 0.9285714285714286
951 961 -1.7857142857142858
952 953 -0.9285714285714286
952 961 1.7857142857142858
952 962 1.7857142857142858
953 954 2.0
953 962 2.0
953 963 -0.5714285714285714
954 955 -1.7857142857142858
954 963 2.0
954 964 0.5714285714285714
955 956 -2.0
955 964 0.9285714285714286
956 957 1.7857142857142858
956 965 2.0
956 966 2.0
957 966 2.0
957 967 -0.5714285714285714
958 959 1.3571428571428572
958 968 1.7857142857142858
958 969 -1.3571428571428572
958 978 2.0
958 986 -0.9285714285714286
959 970 0.5714285714285714
961 962 -1.3571428571428572
962 963 -0.5714285714285714
963 964 -0.5714285714285714
964 965 0.9285714285714286
965 966 0.5714285714285714
966 967 1.3571428571428572
967 968 -1.7857142857142858
968 969 -2.0
968 978 2.0
968 986 -0.9285714285714286
969 970 -1.7857142857142858
972 973 -2.0
972 980 -0.5714285714285714
972 981 -0.9285714285714286
973 974 -0.9285714285714286
973 981 -0.5714285714285714
973 982 -0.5714285714285714
974 975 0.9285714285714286
974 982 -2.0
974 983 -2.0
975 976 -1.3571428571428572
975 984 -1.7857142857142858
976 977 0.9285714285714286
976 984 1.3571428571428572
976 985 0.5714285714285714
977 978 2.0
977 985 0.9285714285714286
977 986 0.5714285714285714
978 979 1.7857142857142858
978 986 -0.9285714285714286
978 987 0.9285714285714286
979 987 -0.9285714285714286
979 988 0.9285714285714286
980 981 -0.5714285714285714
981 982 1.7857142857142858
982 983 -0.5714285714285714
983 984 1.3571428571428572
984 985 -0.5714285714285714
986 987 1.7857142857142858
987 988 2.0
988 989 -1.7857142857142858
