449 1785
1 1 1.1428571428571428
2 2 -2.142857142857143
3 3 0.5714285714285714
4 4 0.5714285714285716
5 5 -5.714285714285714
6 6 -2.8571428571428568
7 7 -1.6428571428571432
8 8 -5.428571428571429
9 9 -2.7142857142857144
10 10 -3.5
11 11 -0.7142857142857144
12 12 -2.5714285714285716
13 13 -2.428571428571429
14 14 -0.5
15 15 -1.6428571428571432
16 16 2.3571428571428577
17 17 1.5000000000000002
18 18 1.0714285714285714
19 19 2.2142857142857144
20 20 -4.714285714285714
21 21 -1.8571428571428572
22 22 -2.357142857142857
23 23 2.428571428571429
24 24 1.6428571428571428
25 25 3.571428571428571
26 26 3.4285714285714284
27 27 2.3571428571428568
28 28 1.5714285714285714
29 29 4.714285714285714
30 30 2.1428571428571437
31 31 1.3571428571428577
32 32 1.5714285714285716
33 33 -1.1428571428571426
34 34 3.7857142857142856
35 35 4.071428571428571
36 36 4.142857142857143
37 37 2.6428571428571432
38 38 8.285714285714286
39 39 1.142857142857143
40 40 1.0714285714285714
41 41 1.0000000000000002
42 42 6.285714285714286
43 43 -3.0
44 44 0.07142857142857184
45 45 -0.2142857142857144
46 46 0.3571428571428572
47 47 -1.7857142857142858
48 48 1.5714285714285716
49 49 1.3571428571428572
50 50 1.2142857142857142
51 51 1.5714285714285718
52 52 9.214285714285715
53 53 2.571428571428571
54 54 1.8571428571428572
55 55 -1.7142857142857144
56 56 3.1428571428571423
57 57 1.3571428571428572
58 58 4.0
59 59 4.357142857142858
60 60 -1.9285714285714288
61 61 -5.071428571428571
62 62 -3.7142857142857144
63 63 6.071428571428571
64 64 -4.571428571428571
65 65 4.428571428571429
66 66 -3.2142857142857144
67 67 1.6428571428571432
68 68 0.714285714285714
69 69 -1.0714285714285714
70 70 0.3571428571428572
71 71 -0.5
72 72 3.5
73 73 -5.0
74 74 -1.7142857142857144
75 75 5.642857142857143
76 76 1.8571428571428574
77 77 -0.2857142857142858
78 78 -1.5714285714285716
79 79 -3.8571428571428577
80 80 -2.785714285714286
81 81 -2.3571428571428577
82 82 3.7142857142857144
83 83 -0.4285714285714286
84 84 -8.571428571428571
85 85 -5.571428571428571
86 86 -2.7857142857142856
87 87 -6.142857142857143
88 88 -5.357142857142857
89 89 -4.428571428571429
90 90 -1.285714285714286
91 91 0.2142857142857142
92 92 -6.642857142857143
93 93 0.8571428571428574
94 94 2.7142857142857144
95 95 2.0
96 96 4.857142857142858
97 97 -5.0
98 98 -4.714285714285714
99 99 3.571428571428572
100 100 0.5714285714285714
101 101 -0.07142857142857162
102 102 5.928571428571429
103 103 -0.7857142857142854
104 104 -5.214285714285714
105 105 -0.2142857142857142
106 106 -2.857142857142857
107 107 -6.5
108 108 5.071428571428571
109 109 -9.0
110 110 0.14285714285714324
111 111 -5.928571428571429
112 112 9.142857142857144
113 113 2.0714285714285716
114 114 -2.142857142857143
115 115 8.071428571428573
116 116 2.428571428571429
117 117 3.285714285714286
118 118 -1.2857142857142858
119 119 -0.9999999999999998
120 120 3.428571428571429
121 121 -2.1428571428571432
122 122 -4.928571428571429
123 123 2.3571428571428568
124 124 7.285714285714286
125 125 -3.428571428571429
126 126 -4.428571428571429
127 127 1.9285714285714282
128 128 -0.6428571428571428
129 129 -3.571428571428571
130 130 5.214285714285714
131 131 2.7142857142857144
132 132 1.2142857142857144
133 133 -0.14285714285714235
135 135 3.7857142857142856
136 136 -5.071428571428573
137 137 0.4285714285714286
138 138 5.214285714285714
139 139 4.571428571428571
140 140 0.8571428571428572
141 141 5.0
142 142 0.5000000000000007
143 143 0.5714285714285721
144 144 5.071428571428571
145 145 3.142857142857143
146 146 3.0
147 147 1.2142857142857144
148 148 -2.2857142857142856
149 149 -6.500000000000001
150 150 2.0
151 151 11.357142857142858
152 152 8.5
153 153 -4.142857142857142
154 154 5.071428571428572
155 155 1.142857142857143
156 156 -4.785714285714286
157 157 2.7142857142857144
158 158 2.285714285714286
159 159 7.7142857142857135
160 160 -0.5714285714285716
161 161 -1.5
162 162 4.142857142857143
163 163 -1.0714285714285718
164 164 0.785714285714286
165 165 8.571428571428571
166 166 3.571428571428571
167 167 -1.285714285714286
168 168 -0.7857142857142854
169 169 9.571428571428573
170 170 2.7142857142857144
171 171 -3.571428571428571
172 172 -2.6428571428571432
173 173 2.5
174 174 6.214285714285714
175 175 -0.1428571428571428
176 176 4.857142857142858
177 177 -0.0714285714285714
178 178 1.1428571428571432
179 179 1.1428571428571428
180 180 -3.2857142857142856
181 181 -2.428571428571429
182 182 -1.4285714285714286
183 183 -5.5
184 184 5.357142857142857
185 185 -0.8571428571428572
186 186 -8.357142857142858
187 187 1.7857142857142856
188 188 -1.6428571428571428
189 189 -7.571428571428571
190 190 -4.928571428571429
191 191 -4.0
192 192 -3.6428571428571423
193 193 1.5
194 194 -4.214285714285714
195 195 0.0714285714285714
196 196 -8.285714285714286
197 197 3.6428571428571432
198 198 3.428571428571429
199 199 -1.2142857142857144
200 200 -4.214285714285714
201 201 4.857142857142858
202 202 4.142857142857143
203 203 3.071428571428571
204 204 7.285714285714286
205 205 -5.142857142857143
206 206 -5.5
207 207 -8.928571428571427
208 208 -1.2857142857142858
209 209 5.7142857142857135
210 210 -4.214285714285714
211 211 -4.5
212 212 -7.7857142857142865
213 213 -5.928571428571429
214 214 -3.642857142857143
215 215 3.571428571428571
216 216 1.928571428571429
217 217 -5.571428571428571
218 218 1.7142857142857142
219 219 4.642857142857142
220 220 -1.0000000000000004
221 221 -0.14285714285714324
222 222 3.571428571428571
223 223 -2.857142857142857
224 224 4.285714285714286
225 225 -6.857142857142858
226 226 -4.642857142857143
227 227 -1.7142857142857144
228 228 -1.0714285714285714
229 229 -1.0000000000000002
230 230 1.4285714285714286
231 231 0.0714285714285714
232 232 -2.2142857142857144
233 233 2.142857142857143
234 234 -0.7142857142857144
235 235 1.642857142857143
236 236 -1.7142857142857142
237 237 -9.714285714285715
238 238 -4.142857142857143
239 239 -1.2142857142857146
240 240 1.2142857142857144
241 241 -3.571428571428571
242 242 7.642857142857143
243 243 1.7857142857142854
244 244 2.571428571428571
245 245 -3.0
246 246 1.0714285714285707
247 247 5.2857142857142865
248 248 4.428571428571429
249 249 -3.7857142857142847
250 250 -1.2857142857142856
251 251 1.5714285714285718
252 252 -3.3571428571428577
253 253 0.357142857142857
254 254 3.0
255 255 -3.0
256 256 0.7857142857142851
257 257 -3.0
258 258 4.571428571428571
259 259 1.0000000000000002
260 260 -0.4285714285714286
261 261 5.214285714285715
262 262 1.7142857142857146
263 263 2.3571428571428568
264 264 1.857142857142857
265 265 -2.2142857142857144
266 266 4.214285714285714
267 267 -1.4999999999999998
268 268 -4.214285714285714
269 269 -0.5714285714285714
270 270 -1.6428571428571432
271 271 4.785714285714286
272 272 1.2142857142857144
273 273 -0.2142857142857144
274 274 3.928571428571429
275 275 0.2142857142857142
276 276 2.928571428571429
277 277 -0.1428571428571428
278 278 2.714285714285715
279 279 -6.928571428571429
280 280 -7.357142857142858
281 281 2.0
282 282 0.14285714285714324
283 283 -3.7857142857142856
284 284 -0.5000000000000002
285 285 -3.642857142857143
286 286 -0.3571428571428572
287 287 0.7142857142857144
288 288 -2.357142857142857
289 289 -1.1428571428571432
290 290 0.7857142857142851
291 291 -1.5714285714285718
292 292 -0.4285714285714286
293 293 -1.0714285714285714
294 294 1.5
295 295 -6.0
296 296 3.071428571428571
297 297 0.3571428571428572
298 298 -1.8571428571428572
299 299 -2.6428571428571423
300 300 -2.0
301 301 6.285714285714286
302 302 -2.4285714285714284
303 303 3.0000000000000004
304 304 -3.428571428571428
305 305 -3.7857142857142856
306 306 2.2857142857142856
307 307 0.5714285714285714
308 308 -4.142857142857142
309 309 -2.7142857142857144
310 310 4.571428571428571
311 311 -3.071428571428571
312 312 -3.3571428571428577
313 313 3.6428571428571432
314 314 2.571428571428571
315 315 3.714285714285714
316 316 -1.7857142857142856
317 317 2.071428571428571
318 318 0.5000000000000002
319 319 2.2857142857142856
320 320 -1.9285714285714286
321 321 -4.714285714285714
322 322 2.1428571428571432
323 323 2.6428571428571423
324 324 -1.2142857142857144
325 325 -0.4285714285714284
326 326 3.2142857142857144
327 327 -8.357142857142858
328 328 2.5
329 329 -0.357142857142857
330 330 0.5
331 331 -0.28571428571428537
332 332 -1.8571428571428572
333 333 2.428571428571429
334 334 -0.8571428571428572
335 335 -5.7142857142857135
336 336 1.2142857142857144
337 337 6.714285714285714
338 338 4.142857142857143
339 339 5.142857142857143
340 340 3.1428571428571432
341 341 -2.857142857142857
342 342 2.5
343 343 -4.571428571428571
344 344 -0.5
345 345 -0.6428571428571428
346 346 0.2142857142857144
347 347 -8.071428571428571
348 348 -0.0714285714285714
349 349 1.6428571428571432
350 350 1.7142857142857144
351 351 -2.7857142857142865
352 352 -3.071428571428571
353 353 1.5000000000000002
354 354 8.428571428571429
355 355 -3.642857142857143
356 356 4.357142857142858
357 357 -3.4285714285714284
358 358 -4.857142857142858
359 359 0.4999999999999998
360 360 1.142857142857143
361 361 -2.071428571428572
362 362 -0.9285714285714286
363 363 1.5
364 364 4.928571428571429
365 365 -0.4285714285714286
366 366 4.0
367 367 -0.8571428571428574
368 368 -1.9285714285714286
369 369 2.0000000000000004
370 370 4.5
371 371 2.5
372 372 -2.0
373 373 -0.642857142857143
374 374 5.0
375 375 -9.857142857142858
376 376 -2.857142857142857
377 377 2.5714285714285716
378 378 -3.1428571428571432
379 379 -6.714285714285714
380 380 -2.571428571428571
381 381 -6.428571428571429
382 382 1.2142857142857144
383 383 0.3571428571428572
384 384 2.7142857142857144
385 385 -2.0
386 386 2.2142857142857144
387 387 -0.7142857142857144
388 388 -2.8571428571428577
389 389 -1.6428571428571428
390 390 -3.5
391 391 3.0
392 392 -3.0
393 393 -2.428571428571429
394 394 4.571428571428571
395 395 -0.14285714285714235
396 396 -3.714285714285715
397 397 -3.7142857142857144
398 398 -2.571428571428571
399 399 0.6428571428571428
400 400 2.0
401 401 2.928571428571429
402 402 4.92857142857143
403 403 -1.642857142857143
404 404 -3.071428571428571
405 405 -1.7142857142857146
406 406 -0.5000000000000002
407 407 -2.6428571428571432
408 408 -2.6428571428571432
409 409 -2.1428571428571423
410 410 8.928571428571429
411 411 -3.7142857142857135
412 412 2.071428571428571
413 413 1.214285714285714
414 414 -3.6428571428571432
415 415 -6.785714285714286
416 416 2.571428571428571
417 417 0.2857142857142856
418 418 2.6428571428571432
419 419 1.5
420 420 -3.142857142857143
421 421 2.571428571428572
422 422 4.285714285714286
423 423 3.8571428571428568
424 424 -1.1428571428571432
425 425 0.857142857142857
426 426 5.428571428571429
427 427 -10.0
428 428 0.3571428571428572
429 429 -1.4285714285714286
430 430 1.1428571428571437
431 431 0.3571428571428579
432 432 -8.714285714285714
433 433 3.1428571428571432
434 434 7.357142857142858
435 435 2.2857142857142856
436 436 -1.8571428571428572
437 437 -0.7857142857142856
438 438 -3.071428571428571
439 439 1.142857142857143
440 440 -1.3571428571428572
441 441 -1.0714285714285714
442 442 0.9285714285714288
443 443 0.4285714285714286
444 444 -1.142857142857143
445 445 -0.7142857142857144
446 446 -0.6428571428571428
447 447 -1.7857142857142856
448 448 -0.357142857142857
449 449 -1.9285714285714286
1 2 -1.3571428571428572
1 7 -0.5714285714285714
1 50 -0.5714285714285714
1 77 1.3571428571428572
2 3 -0.9285714285714286
2 7 -0.9285714285714286
2 8 2.0
2 98 2.0
2 121 1.3571428571428572
3 4 -1.7857142857142858
3 8 1.3571428571428572
3 9 1.3571428571428572
3 176 -0.5714285714285714
4 9 1.3571428571428572
4 10 0.9285714285714286
4 203 -2.0
4 231 0.9285714285714286
5 6 0.5714285714285714
5 11 1.3571428571428572
5 307 1.7857142857142858
5 335 2.0
6 11 1.3571428571428572
6 12 1.3571428571428572
6 364 -1.3571428571428572
6 392 0.9285714285714286
7 8 1.3571428571428572
7 98 1.7857142857142858
8 9 -2.0
8 121 1.3571428571428572
8 147 1.3571428571428572
9 10 2.0
9 176 -1.7857142857142858
9 203 1.7857142857142858
10 231 0.5714285714285714
11 12 -0.5714285714285714
11 335 0.5714285714285714
11 364 -2.0
12 392 1.7857142857142858
13 20 1.7857142857142858
13 58 1.7857142857142858
13 77 -0.5714285714285714
13 82 -0.5714285714285714
14 15 1.7857142857142858
14 21 2.0
14 147 -1.7857142857142858
14 154 -0.9285714285714286
14 176 -0.5714285714285714
15 16 2.0
15 21 1.3571428571428572
15 22 -0.9285714285714286
15 203 -0.5714285714285714
15 231 -2.0
16 17 -2.0
16 22 0.5714285714285714
16 23 -2.0
16 287 -0.9285714285714286
17 18 0.9285714285714286
17 23 -1.3571428571428572
17 24 -1.3571428571428572
17 307 -0.5714285714285714
17 312 1.3571428571428572
17 335 0.5714285714285714
17 342 0.9285714285714286
18 19 0.5714285714285714
18 24 -1.3571428571428572
18 25 -0.5714285714285714
18 364 1.3571428571428572
18 371 -0.9285714285714286
18 392 0.9285714285714286
18 399 -2.0
19 25 -2.0
19 26 -2.0
19 413 -0.5714285714285714
19 428 1.7857142857142858
20 77 0.9285714285714286
20 82 -0.9285714285714286
20 98 0.9285714285714286
20 104 2.0
21 176 -0.5714285714285714
21 203 -0.9285714285714286
22 23 1.3571428571428572
22 231 1.3571428571428572
23 24 2.0
23 287 -1.7857142857142858
23 307 -2.0
23 312 1.3571428571428572
24 25 -1.3571428571428572
24 335 1.7857142857142858
24 342 0.9285714285714286
24 364 -0.9285714285714286
24 371 -1.3571428571428572
25 26 -0.5714285714285714
25 392 0.5714285714285714
25 399 -0.5714285714285714
25 413 0.9285714285714286
26 428 -1.7857142857142858
26 436 0.9285714285714286
27 28 0.9285714285714286
27 35 -0.9285714285714286
27 51 2.0
27 58 -1.7857142857142858
27 78 -0.5714285714285714
27 82 -2.0
28 29 -0.9285714285714286
28 35 -2.0
28 104 1.7857142857142858
28 127 -1.3571428571428572
29 30 1.3571428571428572
29 36 -1.7857142857142858
29 37 -0.5714285714285714
29 148 0.5714285714285714
29 154 -2.0
29 177 -1.3571428571428572
30 31 -2.0
30 37 -0.5714285714285714
30 38 -1.7857142857142858
30 204 -0.9285714285714286
30 232 1.7857142857142858
31 32 -1.7857142857142858
31 38 -1.3571428571428572
31 260 1.7857142857142858
31 287 2.0
32 33 -0.5714285714285714
32 39 2.0
32 308 0.5714285714285714
32 312 2.0
32 336 -1.7857142857142858
32 342 -2.0
33 34 -0.5714285714285714
33 39 -1.7857142857142858
33 371 1.7857142857142858
33 393 0.9285714285714286
33 399 1.3571428571428572
34 40 -2.0
34 407 0.9285714285714286
34 413 -0.9285714285714286
34 421 -1.7857142857142858
34 428 0.5714285714285714
35 36 -0.9285714285714286
35 78 -0.5714285714285714
35 82 0.9285714285714286
35 104 -0.5714285714285714
36 37 0.9285714285714286
36 127 -0.9285714285714286
36 148 0.5714285714285714
36 154 -2.0
37 38 -2.0
37 177 0.9285714285714286
37 204 -1.3571428571428572
38 232 -1.7857142857142858
38 260 -1.3571428571428572
39 336 1.3571428571428572
39 342 -1.7857142857142858
39 371 -0.9285714285714286
40 421 1.3571428571428572
40 428 0.9285714285714286
40 443 -1.3571428571428572
41 42 -1.7857142857142858
41 51 -1.7857142857142858
41 59 2.0
41 78 0.5714285714285714
42 43 -0.9285714285714286
42 105 -1.7857142857142858
42 128 -1.7857142857142858
43 47 1.3571428571428572
43 148 0.5714285714285714
43 155 -1.3571428571428572
43 177 1.3571428571428572
43 183 2.0
44 45 -0.9285714285714286
44 48 -0.9285714285714286
44 308 2.0
44 313 0.5714285714285714
44 336 -1.3571428571428572
44 343 0.5714285714285714
45 46 1.3571428571428572
45 372 -0.5714285714285714
45 393 0.9285714285714286
45 400 -0.5714285714285714
46 49 -1.3571428571428572
46 407 0.5714285714285714
46 414 1.7857142857142858
46 421 -1.7857142857142858
46 429 -0.9285714285714286
47 177 0.9285714285714286
47 183 -0.9285714285714286
47 204 -0.9285714285714286
47 211 1.3571428571428572
48 336 0.5714285714285714
48 343 -1.7857142857142858
48 372 0.5714285714285714
49 421 -0.9285714285714286
49 429 0.9285714285714286
50 51 1.3571428571428572
50 58 -2.0
51 52 -1.3571428571428572
51 59 -1.7857142857142858
52 53 -1.7857142857142858
52 59 -1.3571428571428572
52 60 -1.7857142857142858
52 65 -2.0
52 89 -0.9285714285714286
53 54 -2.0
53 61 1.7857142857142858
53 134 -0.5714285714285714
54 55 1.3571428571428572
54 61 -1.3571428571428572
54 62 0.5714285714285714
54 161 -1.3571428571428572
54 190 0.9285714285714286
55 56 0.9285714285714286
55 62 1.7857142857142858
55 63 -1.7857142857142858
55 244 -0.5714285714285714
56 57 -1.3571428571428572
56 63 -0.9285714285714286
56 64 -1.3571428571428572
56 269 0.9285714285714286
56 293 -1.3571428571428572
57 64 2.0
57 320 -2.0
58 59 -2.0
59 60 0.5714285714285714
59 65 -1.7857142857142858
60 61 1.3571428571428572
60 89 1.7857142857142858
61 62 1.7857142857142858
61 134 0.5714285714285714
61 161 0.9285714285714286
62 63 -1.3571428571428572
62 190 0.9285714285714286
63 64 0.5714285714285714
63 244 -2.0
63 269 -0.5714285714285714
64 293 1.3571428571428572
64 320 2.0
65 66 -2.0
65 72 -0.5714285714285714
65 79 1.3571428571428572
65 83 0.5714285714285714
66 67 2.0
66 72 -0.5714285714285714
66 73 1.3571428571428572
66 105 1.3571428571428572
66 122 2.0
66 128 -0.9285714285714286
67 73 -1.3571428571428572
67 74 -1.3571428571428572
67 149 1.7857142857142858
67 155 -1.7857142857142858
67 183 -0.9285714285714286
68 74 -0.9285714285714286
68 75 -1.3571428571428572
68 205 1.3571428571428572
68 211 1.3571428571428572
68 233 -0.5714285714285714
68 239 -0.5714285714285714
69 70 0.9285714285714286
69 313 -0.9285714285714286
69 337 -0.9285714285714286
69 343 2.0
70 71 -0.9285714285714286
70 76 -1.7857142857142858
70 365 1.7857142857142858
70 372 -0.9285714285714286
70 400 0.5714285714285714
71 76 0.5714285714285714
71 408 -0.9285714285714286
71 414 1.3571428571428572
71 422 -1.3571428571428572
71 429 1.7857142857142858
72 73 1.3571428571428572
72 79 -0.5714285714285714
72 83 -1.7857142857142858
72 105 -1.3571428571428572
73 74 1.3571428571428572
73 122 -2.0
73 128 0.9285714285714286
73 149 1.3571428571428572
73 155 2.0
74 75 -1.3571428571428572
74 178 -1.3571428571428572
74 183 2.0
74 205 2.0
74 211 1.3571428571428572
75 233 -0.9285714285714286
75 239 -2.0
76 400 0.5714285714285714
76 408 0.5714285714285714
76 414 -1.7857142857142858
77 78 0.5714285714285714
77 82 -2.0
78 79 -2.0
78 82 1.7857142857142858
78 83 1.7857142857142858
79 80 2.0
79 83 -0.5714285714285714
79 84 1.3571428571428572
79 89 1.3571428571428572
79 93 0.9285714285714286
80 84 1.7857142857142858
80 85 1.3571428571428572
80 134 -1.7857142857142858
80 141 -0.5714285714285714
81 88 -0.5714285714285714
81 320 1.3571428571428572
81 327 2.0
81 348 -1.3571428571428572
81 356 0.9285714285714286
82 83 -0.9285714285714286
83 84 1.3571428571428572
84 85 0.9285714285714286
84 89 1.7857142857142858
84 93 1.3571428571428572
85 86 0.5714285714285714
85 134 1.3571428571428572
85 141 -2.0
85 161 1.3571428571428572
85 168 2.0
86 87 1.7857142857142858
86 190 -0.9285714285714286
86 196 1.3571428571428572
87 88 1.3571428571428572
87 244 -1.3571428571428572
87 252 1.7857142857142858
87 269 0.5714285714285714
87 276 2.0
88 293 2.0
88 320 0.5714285714285714
88 327 2.0
89 90 1.3571428571428572
89 93 -0.9285714285714286
90 93 -1.3571428571428572
90 94 -2.0
90 106 0.5714285714285714
90 122 1.7857142857142858
90 129 0.9285714285714286
91 96 -0.9285714285714286
91 314 0.9285714285714286
91 337 -2.0
91 344 1.7857142857142858
92 97 2.0
92 408 0.9285714285714286
92 415 1.7857142857142858
92 422 1.3571428571428572
92 430 0.5714285714285714
93 94 -1.7857142857142858
93 106 0.9285714285714286
94 122 0.5714285714285714
94 129 0.9285714285714286
94 149 -1.7857142857142858
94 156 1.3571428571428572
95 233 -2.0
96 337 -0.5714285714285714
96 344 -2.0
96 365 -1.3571428571428572
97 422 0.5714285714285714
97 430 -1.3571428571428572
97 437 2.0
97 444 1.7857142857142858
99 100 -0.9285714285714286
99 106 -1.3571428571428572
99 107 0.9285714285714286
99 109 0.9285714285714286
99 135 -1.7857142857142858
99 141 -1.3571428571428572
100 101 -0.5714285714285714
100 107 0.9285714285714286
100 168 -1.7857142857142858
100 196 1.7857142857142858
101 102 -1.3571428571428572
101 108 -0.9285714285714286
101 218 1.7857142857142858
101 245 0.5714285714285714
101 252 0.5714285714285714
102 103 -1.7857142857142858
102 108 -1.7857142857142858
102 270 1.3571428571428572
102 276 -1.7857142857142858
102 294 -0.5714285714285714
103 321 1.7857142857142858
103 327 2.0
103 349 0.5714285714285714
103 356 -1.7857142857142858
104 105 2.0
106 107 0.9285714285714286
106 109 1.7857142857142858
107 135 0.5714285714285714
107 141 1.3571428571428572
107 168 1.7857142857142858
108 245 -1.3571428571428572
108 252 -1.7857142857142858
108 270 1.3571428571428572
108 276 -0.5714285714285714
109 110 1.7857142857142858
109 115 1.7857142857142858
109 123 1.3571428571428572
109 129 1.3571428571428572
110 111 0.9285714285714286
110 115 -1.7857142857142858
110 116 -1.3571428571428572
110 150 0.5714285714285714
110 156 2.0
110 179 -1.3571428571428572
110 184 -0.9285714285714286
111 112 -1.7857142857142858
111 116 2.0
111 117 2.0
111 206 -0.5714285714285714
111 212 1.3571428571428572
111 234 2.0
112 113 -1.7857142857142858
112 117 -1.7857142857142858
112 261 -2.0
112 282 -1.7857142857142858
113 118 0.9285714285714286
113 309 0.5714285714285714
113 314 -1.7857142857142858
114 119 0.5714285714285714
114 120 -1.7857142857142858
114 409 2.0
114 415 0.9285714285714286
114 423 1.7857142857142858
114 430 -1.3571428571428572
115 116 -1.7857142857142858
115 123 -1.7857142857142858
115 129 -1.3571428571428572
115 150 -1.7857142857142858
115 156 -1.3571428571428572
116 117 -0.5714285714285714
116 179 -0.9285714285714286
116 184 -0.9285714285714286
116 206 0.5714285714285714
116 212 0.5714285714285714
117 234 -2.0
117 261 -0.9285714285714286
118 119 -2.0
118 338 0.5714285714285714
118 344 1.7857142857142858
119 120 -1.3571428571428572
119 394 -1.3571428571428572
119 401 1.3571428571428572
119 409 2.0
119 415 1.7857142857142858
120 423 0.5714285714285714
120 430 0.5714285714285714
120 438 0.5714285714285714
120 444 -2.0
121 127 -0.5714285714285714
122 128 0.5714285714285714
122 129 2.0
123 129 -1.7857142857142858
123 130 -2.0
123 135 0.9285714285714286
123 142 0.9285714285714286
124 130 -2.0
124 131 -1.7857142857142858
124 169 -2.0
124 191 -0.9285714285714286
124 197 -0.5714285714285714
125 126 1.3571428571428572
125 132 -0.9285714285714286
125 133 1.7857142857142858
125 270 -0.9285714285714286
125 277 0.9285714285714286
125 294 -0.5714285714285714
125 300 1.7857142857142858
126 133 2.0
126 321 1.3571428571428572
126 328 0.9285714285714286
126 349 -1.7857142857142858
126 357 0.5714285714285714
127 128 0.9285714285714286
128 129 0.9285714285714286
129 130 0.5714285714285714
130 131 0.5714285714285714
130 135 -2.0
130 142 0.5714285714285714
130 169 -0.9285714285714286
131 191 1.3571428571428572
131 197 0.9285714285714286
131 218 -2.0
131 224 -1.7857142857142858
132 133 -0.9285714285714286
132 245 -1.3571428571428572
132 253 2.0
132 270 -0.5714285714285714
132 277 0.5714285714285714
133 294 0.5714285714285714
133 300 -0.9285714285714286
133 321 -0.5714285714285714
133 328 -1.7857142857142858
134 135 1.3571428571428572
134 141 -0.9285714285714286
135 136 -1.3571428571428572
135 141 -0.5714285714285714
135 142 -0.9285714285714286
136 137 -1.7857142857142858
136 142 2.0
136 143 1.3571428571428572
136 150 1.3571428571428572
136 157 2.0
136 179 0.9285714285714286
136 185 0.5714285714285714
137 138 -0.5714285714285714
137 143 -0.5714285714285714
137 144 -0.9285714285714286
137 206 0.5714285714285714
137 213 0.9285714285714286
137 234 1.3571428571428572
137 240 0.5714285714285714
138 139 -2.0
138 144 0.5714285714285714
138 145 -0.5714285714285714
138 261 -0.9285714285714286
138 264 -0.9285714285714286
138 282 0.5714285714285714
138 288 -1.3571428571428572
139 145 -0.5714285714285714
139 315 -0.9285714285714286
139 338 -2.0
139 345 0.9285714285714286
140 146 0.5714285714285714
140 409 0.5714285714285714
140 416 -2.0
140 423 -0.5714285714285714
140 431 0.5714285714285714
141 142 -0.9285714285714286
142 143 0.5714285714285714
142 150 -0.9285714285714286
142 157 -1.7857142857142858
143 144 -1.3571428571428572
143 179 0.5714285714285714
143 185 1.7857142857142858
143 206 -2.0
143 213 -0.9285714285714286
144 145 -2.0
144 234 1.3571428571428572
144 240 -1.3571428571428572
144 264 -1.3571428571428572
145 282 -0.9285714285714286
145 288 1.7857142857142858
145 309 0.9285714285714286
145 315 -1.7857142857142858
146 423 -1.7857142857142858
146 431 -0.9285714285714286
146 438 0.9285714285714286
146 445 -1.7857142857142858
147 148 0.5714285714285714
147 154 -1.3571428571428572
148 154 1.7857142857142858
148 155 -1.7857142857142858
149 150 2.0
149 155 1.7857142857142858
149 156 1.3571428571428572
150 151 -1.3571428571428572
150 156 -0.9285714285714286
150 157 -0.9285714285714286
151 152 -0.9285714285714286
151 157 -1.7857142857142858
151 158 -1.7857142857142858
151 162 -2.0
151 169 -0.5714285714285714
151 192 -0.9285714285714286
151 197 -2.0
152 158 -1.7857142857142858
152 159 0.9285714285714286
152 219 -2.0
152 224 -1.7857142857142858
152 246 -2.0
152 253 -0.9285714285714286
153 160 1.3571428571428572
153 322 2.0
153 328 0.5714285714285714
153 350 -1.7857142857142858
153 357 2.0
154 155 -0.5714285714285714
155 156 0.5714285714285714
156 157 1.7857142857142858
157 158 0.9285714285714286
157 162 -0.9285714285714286
157 169 -2.0
158 159 -0.9285714285714286
158 192 0.5714285714285714
158 197 1.3571428571428572
158 219 -2.0
158 224 1.3571428571428572
159 160 -2.0
159 246 -1.3571428571428572
159 253 -2.0
159 271 -0.5714285714285714
159 277 -1.7857142857142858
160 295 1.7857142857142858
160 300 0.9285714285714286
160 322 -0.5714285714285714
160 328 -0.9285714285714286
161 168 0.5714285714285714
162 163 -1.7857142857142858
162 169 -0.9285714285714286
162 170 0.9285714285714286
162 185 0.5714285714285714
163 164 -1.3571428571428572
163 170 -0.5714285714285714
163 171 2.0
163 207 1.7857142857142858
163 213 0.5714285714285714
163 235 1.3571428571428572
163 240 -0.9285714285714286
164 165 -1.3571428571428572
164 171 -1.7857142857142858
164 264 1.7857142857142858
164 283 1.3571428571428572
164 288 0.5714285714285714
165 166 -2.0
165 172 -2.0
165 173 0.9285714285714286
165 315 -1.7857142857142858
165 339 -0.5714285714285714
165 345 -1.7857142857142858
166 167 1.7857142857142858
166 173 -1.3571428571428572
166 174 -2.0
166 367 -1.3571428571428572
166 373 1.3571428571428572
166 395 1.7857142857142858
166 402 -1.7857142857142858
167 174 -0.9285714285714286
167 175 -0.9285714285714286
167 416 1.7857142857142858
167 424 1.3571428571428572
167 431 -1.7857142857142858
168 169 -1.7857142857142858
169 170 -1.3571428571428572
170 180 -2.0
170 185 -0.9285714285714286
170 207 1.7857142857142858
170 213 -0.5714285714285714
171 172 2.0
171 235 0.5714285714285714
171 240 1.3571428571428572
171 264 -0.5714285714285714
172 173 -0.5714285714285714
172 283 0.9285714285714286
172 288 1.3571428571428572
172 315 0.9285714285714286
173 174 -0.5714285714285714
173 339 -1.7857142857142858
173 367 1.7857142857142858
173 373 -0.9285714285714286
174 175 0.9285714285714286
174 395 -1.3571428571428572
174 402 -1.3571428571428572
174 416 -0.9285714285714286
175 431 -1.3571428571428572
175 439 0.9285714285714286
175 445 0.5714285714285714
176 177 -1.3571428571428572
177 178 -1.7857142857142858
177 183 1.3571428571428572
178 179 2.0
178 183 2.0
178 184 -2.0
179 180 0.5714285714285714
179 184 -0.9285714285714286
179 185 -2.0
180 181 1.3571428571428572
180 185 2.0
180 186 0.9285714285714286
180 192 1.3571428571428572
180 198 -0.9285714285714286
181 182 -1.7857142857142858
181 186 2.0
181 187 2.0
181 219 -0.5714285714285714
181 225 -0.5714285714285714
181 246 1.7857142857142858
181 254 -1.7857142857142858
182 187 1.7857142857142858
182 188 2.0
182 271 -0.5714285714285714
182 278 0.9285714285714286
182 295 -0.9285714285714286
184 185 -0.5714285714285714
185 186 -0.5714285714285714
186 187 0.5714285714285714
186 192 1.7857142857142858
186 198 1.3571428571428572
186 219 0.9285714285714286
186 225 1.3571428571428572
187 188 -2.0
187 246 -2.0
187 254 0.5714285714285714
187 271 -1.3571428571428572
187 278 -1.3571428571428572
188 189 2.0
188 295 1.7857142857142858
188 301 -0.9285714285714286
188 322 -1.7857142857142858
188 329 0.5714285714285714
189 350 2.0
189 358 1.7857142857142858
189 380 1.7857142857142858
190 191 2.0
190 196 2.0
191 192 1.7857142857142858
191 196 1.7857142857142858
191 197 -2.0
192 193 -0.9285714285714286
192 197 -0.9285714285714286
192 198 0.9285714285714286
193 198 -0.5714285714285714
193 199 -0.5714285714285714
193 207 -0.9285714285714286
193 214 0.5714285714285714
193 235 0.9285714285714286
194 200 1.7857142857142858
194 316 1.3571428571428572
194 339 -0.9285714285714286
194 346 2.0
195 201 0.5714285714285714
195 202 -2.0
195 417 0.9285714285714286
195 424 -1.3571428571428572
195 432 1.7857142857142858
196 197 1.3571428571428572
197 198 -1.7857142857142858
198 199 -1.7857142857142858
198 207 1.3571428571428572
198 214 -2.0
199 200 1.7857142857142858
199 265 1.7857142857142858
200 283 -1.3571428571428572
200 316 2.0
201 202 -0.9285714285714286
201 395 -1.7857142857142858
201 403 -0.9285714285714286
201 417 -1.7857142857142858
202 424 0.5714285714285714
202 432 2.0
202 439 -1.7857142857142858
202 446 -2.0
203 204 -1.3571428571428572
204 205 -1.7857142857142858
204 211 -0.9285714285714286
205 206 1.7857142857142858
205 212 1.7857142857142858
206 207 1.7857142857142858
206 212 1.3571428571428572
206 213 2.0
207 208 0.5714285714285714
207 213 0.5714285714285714
207 214 2.0
208 209 0.9285714285714286
208 214 -0.9285714285714286
208 215 1.3571428571428572
208 220 -0.5714285714285714
208 225 -0.9285714285714286
208 247 -0.9285714285714286
208 254 1.7857142857142858
209 210 1.7857142857142858
209 215 -0.5714285714285714
209 216 -1.3571428571428572
209 272 -2.0
209 278 -1.3571428571428572
209 296 -1.3571428571428572
209 301 -1.7857142857142858
210 216 1.3571428571428572
210 217 -0.9285714285714286
210 329 0.5714285714285714
210 351 -0.5714285714285714
210 358 2.0
211 212 1.3571428571428572
212 213 1.3571428571428572
213 214 2.0
214 215 1.3571428571428572
214 220 -1.3571428571428572
214 225 2.0
215 216 -1.7857142857142858
215 247 -1.7857142857142858
215 254 -1.3571428571428572
215 272 0.5714285714285714
215 278 -1.3571428571428572
216 217 2.0
216 296 -0.9285714285714286
216 301 -1.7857142857142858
216 329 0.5714285714285714
217 351 1.3571428571428572
217 358 1.7857142857142858
217 381 1.3571428571428572
218 219 -0.9285714285714286
218 224 -0.5714285714285714
219 220 -0.9285714285714286
219 224 -0.9285714285714286
219 225 1.7857142857142858
220 225 2.0
220 226 0.9285714285714286
220 236 0.9285714285714286
221 222 -2.0
221 227 1.7857142857142858
221 228 -0.5714285714285714
221 316 0.5714285714285714
221 340 -0.5714285714285714
221 346 0.9285714285714286
222 223 1.7857142857142858
222 228 -0.9285714285714286
222 229 0.5714285714285714
222 368 -1.7857142857142858
222 374 -2.0
222 396 1.3571428571428572
222 403 -0.5714285714285714
223 230 -0.9285714285714286
223 410 -1.7857142857142858
223 425 1.7857142857142858
223 432 2.0
224 225 -0.5714285714285714
225 226 1.7857142857142858
226 227 2.0
226 236 -0.9285714285714286
226 262 -0.9285714285714286
226 265 1.7857142857142858
227 228 1.3571428571428572
227 284 -2.0
227 289 -2.0
227 316 0.5714285714285714
228 229 -0.9285714285714286
228 340 2.0
228 346 -1.3571428571428572
228 368 0.5714285714285714
228 374 0.9285714285714286
229 230 -1.7857142857142858
229 396 1.7857142857142858
229 403 1.7857142857142858
229 410 -1.3571428571428572
229 417 0.9285714285714286
230 425 1.3571428571428572
230 432 0.5714285714285714
230 440 1.3571428571428572
230 446 -2.0
231 232 -0.9285714285714286
232 233 1.3571428571428572
232 239 1.7857142857142858
233 234 -2.0
233 239 2.0
234 235 -0.9285714285714286
234 240 0.9285714285714286
235 236 -1.7857142857142858
235 240 -1.7857142857142858
236 237 1.3571428571428572
236 241 -0.5714285714285714
236 247 1.3571428571428572
236 255 1.3571428571428572
237 238 2.0
237 241 2.0
237 242 -2.0
237 272 2.0
237 279 1.7857142857142858
237 296 0.5714285714285714
237 302 2.0
238 242 -1.7857142857142858
238 243 -0.5714285714285714
238 330 1.7857142857142858
238 351 0.9285714285714286
238 359 1.7857142857142858
241 242 -0.9285714285714286
241 247 2.0
241 255 -0.9285714285714286
241 279 2.0
242 243 -2.0
242 330 -0.9285714285714286
243 351 -0.9285714285714286
243 359 0.9285714285714286
243 381 1.3571428571428572
243 387 -0.5714285714285714
244 252 1.3571428571428572
245 246 1.3571428571428572
245 252 2.0
245 253 1.7857142857142858
246 247 -2.0
246 253 1.3571428571428572
246 254 1.7857142857142858
247 248 -1.3571428571428572
247 254 -2.0
247 255 -0.5714285714285714
248 249 -2.0
248 255 1.3571428571428572
248 256 1.3571428571428572
248 262 0.5714285714285714
248 266 -2.0
248 284 -1.7857142857142858
248 290 -0.5714285714285714
249 250 2.0
249 256 2.0
249 257 1.7857142857142858
249 317 1.3571428571428572
249 340 -1.3571428571428572
250 251 -1.7857142857142858
250 257 1.7857142857142858
250 258 -1.3571428571428572
250 368 -1.3571428571428572
250 375 1.7857142857142858
250 396 -1.7857142857142858
250 404 2.0
251 258 1.3571428571428572
251 259 2.0
251 410 -2.0
251 418 1.7857142857142858
251 425 -0.9285714285714286
251 433 -2.0
252 253 -0.5714285714285714
253 254 -2.0
255 256 -0.9285714285714286
255 262 1.7857142857142858
255 266 0.9285714285714286
256 257 -0.5714285714285714
256 284 1.3571428571428572
256 290 -2.0
256 317 -2.0
257 258 -1.7857142857142858
257 340 -0.9285714285714286
257 368 1.3571428571428572
257 375 1.3571428571428572
258 259 -1.3571428571428572
258 396 1.7857142857142858
258 404 0.5714285714285714
258 410 -2.0
258 418 -1.7857142857142858
259 425 -1.7857142857142858
259 433 -1.7857142857142858
259 440 0.5714285714285714
259 447 1.3571428571428572
261 264 -1.3571428571428572
262 265 -1.3571428571428572
262 266 -1.7857142857142858
263 267 2.0
263 268 0.9285714285714286
263 323 -1.7857142857142858
263 330 -0.9285714285714286
263 352 -0.5714285714285714
263 359 -2.0
264 265 0.5714285714285714
265 266 -0.5714285714285714
266 267 0.5714285714285714
266 279 -1.3571428571428572
267 268 -0.9285714285714286
267 302 0.9285714285714286
267 323 -2.0
267 330 0.9285714285714286
268 352 0.9285714285714286
268 359 0.9285714285714286
268 382 1.7857142857142858
268 387 0.5714285714285714
269 270 -0.9285714285714286
269 276 0.5714285714285714
270 271 1.7857142857142858
270 276 -1.7857142857142858
270 277 1.3571428571428572
271 272 -1.7857142857142858
271 277 -1.3571428571428572
271 278 -0.9285714285714286
272 278 -1.7857142857142858
272 279 1.7857142857142858
273 280 2.0
273 281 -2.0
273 310 -1.7857142857142858
273 317 2.0
274 275 -0.5714285714285714
274 281 -1.3571428571428572
274 369 -2.0
274 375 2.0
274 397 -2.0
275 411 1.7857142857142858
275 418 -2.0
275 433 0.5714285714285714
276 277 -1.3571428571428572
277 278 1.7857142857142858
278 279 1.3571428571428572
279 280 1.3571428571428572
280 281 1.3571428571428572
280 285 0.9285714285714286
280 290 1.3571428571428572
280 310 0.9285714285714286
280 317 -0.5714285714285714
281 369 -2.0
281 375 2.0
282 283 2.0
283 284 2.0
283 288 -0.5714285714285714
283 289 -0.5714285714285714
284 285 0.9285714285714286
284 289 1.3571428571428572
284 290 -1.3571428571428572
285 286 0.5714285714285714
285 290 -1.3571428571428572
285 291 2.0
285 303 0.5714285714285714
286 291 -2.0
286 292 1.3571428571428572
286 323 1.3571428571428572
286 331 -0.9285714285714286
286 352 2.0
286 360 -2.0
288 289 0.5714285714285714
289 290 1.7857142857142858
290 291 1.3571428571428572
291 292 -2.0
291 303 -0.9285714285714286
291 323 1.7857142857142858
291 331 1.3571428571428572
292 352 0.9285714285714286
292 360 0.5714285714285714
292 382 -1.3571428571428572
292 388 0.9285714285714286
293 294 -0.9285714285714286
294 295 1.7857142857142858
294 300 -1.7857142857142858
295 296 -1.3571428571428572
295 300 2.0
295 301 0.9285714285714286
296 301 -1.7857142857142858
296 302 1.7857142857142858
297 298 0.9285714285714286
297 303 -1.7857142857142858
297 304 0.9285714285714286
297 310 1.3571428571428572
297 318 -1.7857142857142858
298 299 -0.5714285714285714
298 304 1.7857142857142858
298 369 0.5714285714285714
298 376 0.5714285714285714
298 397 0.5714285714285714
298 405 -2.0
299 305 2.0
299 306 0.5714285714285714
299 411 1.7857142857142858
299 419 1.7857142857142858
299 426 -2.0
299 434 -0.9285714285714286
301 302 -0.9285714285714286
302 303 -1.3571428571428572
303 304 1.3571428571428572
303 310 -1.7857142857142858
303 318 0.9285714285714286
304 305 0.5714285714285714
304 369 0.5714285714285714
304 376 -1.7857142857142858
305 306 -2.0
305 397 1.7857142857142858
305 411 2.0
305 419 -0.5714285714285714
306 426 -1.7857142857142858
306 434 -2.0
306 441 2.0
306 448 0.9285714285714286
307 308 2.0
307 312 -1.7857142857142858
308 312 1.3571428571428572
308 313 -1.7857142857142858
309 314 -0.5714285714285714
309 315 1.7857142857142858
310 311 -0.5714285714285714
310 317 -0.9285714285714286
310 318 -1.7857142857142858
311 318 2.0
311 319 -0.9285714285714286
311 324 1.7857142857142858
311 331 -1.7857142857142858
311 353 2.0
311 360 0.5714285714285714
312 313 -0.9285714285714286
313 314 -0.5714285714285714
314 315 -0.5714285714285714
315 316 -1.3571428571428572
316 317 -1.3571428571428572
317 318 -0.5714285714285714
318 319 0.9285714285714286
318 324 -2.0
318 331 1.7857142857142858
319 353 -0.9285714285714286
319 360 -2.0
319 383 -1.3571428571428572
319 388 2.0
320 321 0.5714285714285714
320 327 -0.5714285714285714
321 322 -1.7857142857142858
321 327 2.0
321 328 1.3571428571428572
322 328 -1.7857142857142858
322 329 1.7857142857142858
323 324 -0.5714285714285714
323 330 -2.0
323 331 0.5714285714285714
324 325 0.5714285714285714
324 331 -0.9285714285714286
324 332 1.7857142857142858
324 341 0.5714285714285714
325 326 2.0
325 332 0.5714285714285714
325 333 -1.3571428571428572
325 370 -0.5714285714285714
325 376 0.5714285714285714
325 405 -1.3571428571428572
326 333 -1.7857142857142858
326 334 0.5714285714285714
326 412 -1.3571428571428572
326 419 -2.0
326 427 1.3571428571428572
326 434 -2.0
327 328 0.9285714285714286
328 329 -1.7857142857142858
329 330 -1.3571428571428572
330 331 2.0
331 332 -1.7857142857142858
332 333 -0.9285714285714286
332 341 1.7857142857142858
332 370 -0.9285714285714286
332 376 1.3571428571428572
333 334 -0.5714285714285714
333 398 2.0
333 405 1.3571428571428572
333 412 -0.5714285714285714
333 419 -0.5714285714285714
334 427 0.5714285714285714
334 434 -0.5714285714285714
334 442 -0.9285714285714286
334 448 1.7857142857142858
335 336 1.3571428571428572
335 342 -0.5714285714285714
336 337 -0.5714285714285714
336 342 -1.3571428571428572
336 343 0.5714285714285714
337 338 -1.7857142857142858
337 343 0.9285714285714286
337 344 -1.7857142857142858
338 339 -0.9285714285714286
338 344 -2.0
338 345 2.0
339 340 -0.9285714285714286
339 345 -0.9285714285714286
339 346 0.9285714285714286
340 346 -1.3571428571428572
341 347 0.9285714285714286
341 353 -1.7857142857142858
341 361 1.3571428571428572
342 343 1.3571428571428572
343 344 0.9285714285714286
344 345 1.7857142857142858
345 346 -1.3571428571428572
347 353 2.0
347 361 1.7857142857142858
347 383 1.3571428571428572
347 389 2.0
348 349 2.0
348 356 -0.5714285714285714
349 350 -1.7857142857142858
349 356 -2.0
349 357 1.3571428571428572
350 351 1.3571428571428572
350 357 -0.9285714285714286
350 358 -0.5714285714285714
351 352 1.7857142857142858
351 358 -0.5714285714285714
351 359 -0.5714285714285714
352 353 0.5714285714285714
352 359 -2.0
352 360 -0.5714285714285714
353 354 -1.3571428571428572
353 361 -2.0
354 355 -1.3571428571428572
354 362 -2.0
354 370 -1.3571428571428572
354 377 0.5714285714285714
354 398 -2.0
354 406 -0.9285714285714286
355 362 2.0
355 363 -1.7857142857142858
355 412 -0.5714285714285714
355 420 2.0
355 427 1.3571428571428572
355 435 2.0
356 357 -0.9285714285714286
357 358 1.3571428571428572
358 359 -0.9285714285714286
359 360 1.3571428571428572
360 361 0.9285714285714286
361 370 -1.3571428571428572
361 377 1.3571428571428572
362 363 1.3571428571428572
362 398 0.5714285714285714
362 406 -1.3571428571428572
362 412 -0.5714285714285714
362 420 0.9285714285714286
363 427 0.9285714285714286
363 435 -2.0
363 442 -0.5714285714285714
363 449 0.5714285714285714
364 371 -2.0
365 366 -2.0
365 372 2.0
366 367 -2.0
367 368 1.3571428571428572
367 373 2.0
367 374 -0.9285714285714286
368 369 1.7857142857142858
368 374 -1.7857142857142858
368 375 1.7857142857142858
369 370 -0.9285714285714286
369 375 -0.5714285714285714
369 376 0.5714285714285714
370 376 2.0
370 377 -1.3571428571428572
371 372 0.9285714285714286
373 374 -1.7857142857142858
374 375 0.5714285714285714
375 376 0.9285714285714286
376 377 -1.3571428571428572
377 389 -1.7857142857142858
378 379 1.7857142857142858
378 385 1.3571428571428572
379 380 2.0
379 385 2.0
379 386 0.9285714285714286
380 381 0.5714285714285714
380 386 -1.7857142857142858
381 382 1.7857142857142858
381 387 1.3571428571428572
382 383 0.5714285714285714
382 387 -2.0
382 388 -2.0
383 389 -0.9285714285714286
384 390 0.5714285714285714
384 391 -0.5714285714285714
384 420 -1.3571428571428572
384 435 -1.3571428571428572
385 386 -1.3571428571428572
387 388 1.3571428571428572
388 389 0.5714285714285714
389 390 1.7857142857142858
390 391 -1.7857142857142858
390 406 2.0
390 420 0.9285714285714286
391 435 -2.0
391 449 1.3571428571428572
392 393 0.5714285714285714
392 399 -1.7857142857142858
393 399 1.7857142857142858
393 400 -1.7857142857142858
394 395 -1.3571428571428572
394 401 -0.9285714285714286
394 402 -0.9285714285714286
395 396 0.9285714285714286
395 402 0.5714285714285714
395 403 1.3571428571428572
396 397 2.0
396 403 -0.5714285714285714
396 404 -1.7857142857142858
397 398 0.5714285714285714
397 404 1.3571428571428572
397 405 -0.5714285714285714
398 405 2.0
398 406 -0.5714285714285714
399 400 0.5714285714285714
400 401 -1.3571428571428572
401 402 -2.0
402 403 0.5714285714285714
404 405 0.9285714285714286
405 406 1.3571428571428572
407 408 1.3571428571428572
407 413 -2.0
407 414 1.7857142857142858
408 409 -2.0
408 414 0.9285714285714286
408 415 1.7857142857142858
409 415 1.3571428571428572
409 416 -1.7857142857142858
410 411 -0.9285714285714286
410 417 -1.7857142857142858
410 418 0.9285714285714286
411 412 1.7857142857142858
411 418 -1.7857142857142858
411 419 -0.9285714285714286
412 419 0.5714285714285714
412 420 -1.3571428571428572
413 414 1.3571428571428572
414 415 -1.7857142857142858
415 416 0.9285714285714286
416 417 -0.5714285714285714
417 418 2.0
418 419 -1.7857142857142858
419 420 2.0
421 422 0.9285714285714286
421 428 -0.9285714285714286
421 429 0.5714285714285714
422 423 -1.7857142857142858
422 429 -2.0
422 430 -2.0
423 424 -0.5714285714285714
423 430 -0.9285714285714286
423 431 -0.5714285714285714
424 425 -2.0
424 431 1.7857142857142858
424 432 1.3571428571428572
425 426 -2.0
425 432 1.3571428571428572
425 433 1.3571428571428572
426 427 1.7857142857142858
426 433 0.5714285714285714
426 434 -2.0
427 434 2.0
427 435 2.0
428 429 -0.9285714285714286
429 430 2.0
430 431 1.3571428571428572
431 432 0.5714285714285714
432 433 -0.9285714285714286
433 434 -0.9285714285714286
434 435 -0.9285714285714286
436 443 0.9285714285714286
437 438 0.5714285714285714
437 444 -1.7857142857142858
438 439 0.5714285714285714
438 444 1.7857142857142858
438 445 -1.3571428571428572
439 440 -2.0
439 445 0.5714285714285714
439 446 0.5714285714285714
440 441 -0.9285714285714286
440 446 1.7857142857142858
440 447 0.5714285714285714
441 442 -0.9285714285714286
441 447 0.9285714285714286
442 448 0.5714285714285714
442 449 0.9285714285714286
444 445 1.3571428571428572
445 446 1.3571428571428572
446 447 0.9285714285714286
447 448 -2.0
448 449 -0.9285714285714286
