989 4013
1 1 1.0
2 2 9.857142857142858
3 3 3.6428571428571432
4 4 -1.142857142857143
5 5 2.2857142857142856
6 6 1.9285714285714288
7 7 1.785714285714286
8 8 -6.214285714285714
9 9 0.4285714285714284
10 10 -2.071428571428571
11 11 0.4285714285714288
12 12 1.3571428571428574
13 13 4.857142857142857
14 14 -4.5
15 15 -7.714285714285714
16 16 -7.642857142857143
17 17 -3.2142857142857144
18 18 -2.7142857142857144
19 19 -8.571428571428571
20 20 4.142857142857143
21 21 1.642857142857143
22 22 -2.285714285714286
23 23 1.0714285714285718
24 24 1.0714285714285712
25 25 3.4285714285714284
26 26 3.7857142857142856
27 27 4.714285714285714
28 28 6.428571428571429
29 29 3.0000000000000004
30 30 0.2142857142857142
31 31 0.2142857142857144
32 32 -4.642857142857142
33 33 2.285714285714286
34 34 -1.7142857142857146
35 35 -2.285714285714286
36 36 1.9285714285714286
37 37 2.928571428571429
38 38 6.214285714285715
39 39 1.4285714285714284
40 40 1.0000000000000002
41 41 3.0
42 42 4.857142857142857
43 43 5.642857142857142
44 44 2.4285714285714284
45 45 1.4285714285714288
46 46 -5.142857142857142
47 47 0.3571428571428572
48 48 -2.6428571428571423
49 49 1.3571428571428572
50 50 0.7857142857142858
51 51 -2.571428571428572
52 52 0.3571428571428572
53 53 -4.285714285714286
54 54 -4.071428571428571
55 55 2.5
56 56 -0.2857142857142858
57 57 1.5
58 58 -4.7857142857142865
59 59 2.928571428571429
60 60 -0.9285714285714286
61 61 -3.7857142857142856
62 62 -0.7857142857142858
63 63 -3.571428571428571
64 64 -3.5714285714285716
66 66 2.1428571428571432
67 67 0.6428571428571428
68 68 -5.571428571428572
69 69 2.142857142857143
70 70 -3.1428571428571432
71 71 2.5714285714285716
72 72 5.7857142857142865
73 73 -0.21428571428571463
74 74 2.4999999999999996
75 75 2.3571428571428568
76 76 2.142857142857143
77 77 -0.7142857142857142
78 78 -0.4285714285714286
79 79 -0.14285714285714302
80 80 -3.2857142857142856
81 81 -6.642857142857142
82 82 -7.214285714285714
83 83 2.1428571428571432
84 84 -0.1428571428571428
85 85 3.071428571428572
86 86 -6.0
88 88 4.714285714285714
89 89 1.214285714285714
90 90 -1.5714285714285712
91 91 3.285714285714286
92 92 -8.857142857142858
93 93 3.428571428571429
94 94 3.1428571428571432
95 95 3.785714285714286
97 97 -1.8571428571428572
98 98 -3.1428571428571432
99 99 -1.7857142857142856
100 100 0.7142857142857137
101 101 -4.857142857142857
102 102 -2.1428571428571432
103 103 2.7142857142857144
104 104 2.857142857142857
105 105 -1.3571428571428568
106 106 0.14285714285714257
107 107 0.9999999999999998
108 108 -4.5
109 109 -0.21428571428571397
110 110 4.2857142857142865
111 111 -1.0714285714285714
112 112 3.0000000000000004
113 113 0.7857142857142858
114 114 1.7142857142857144
115 115 -3.9285714285714293
116 116 -1.1428571428571428
117 117 -3.928571428571429
118 118 0.9285714285714288
119 119 -4.214285714285714
120 120 -6.428571428571429
121 121 4.571428571428571
122 122 -0.8571428571428572
123 123 -9.357142857142858
124 124 1.214285714285714
125 125 2.3571428571428577
126 126 3.8571428571428577
127 127 -2.428571428571429
128 128 -5.571428571428571
129 129 -2.428571428571428
130 130 -7.785714285714285
131 131 1.6428571428571428
132 132 -0.9999999999999998
133 133 -8.785714285714286
134 134 2.5714285714285716
135 135 -1.2142857142857146
136 136 -4.571428571428572
137 137 5.428571428571429
138 138 3.5
139 139 0.4285714285714284
140 140 3.3571428571428568
141 141 4.714285714285714
142 142 -0.9999999999999998
143 143 -3.428571428571428
144 144 0.1428571428571428
145 145 -5.571428571428571
146 146 1.9285714285714286
147 147 3.0
148 148 -1.857142857142857
149 149 5.642857142857143
150 150 7.071428571428571
151 151 -4.500000000000001
152 152 -2.428571428571429
153 153 0.4285714285714286
154 154 7.285714285714286
155 155 -1.1428571428571432
156 156 -4.071428571428571
157 157 1.7142857142857146
158 158 -2.3571428571428568
159 159 0.35714285714285743
160 160 0.9285714285714284
161 161 -0.9999999999999996
162 162 -1.0
163 163 2.2142857142857144
164 164 7.571428571428572
165 165 0.4285714285714286
166 166 2.5
167 167 2.5
168 168 -1.5714285714285714
169 169 -6.142857142857143
170 170 -2.428571428571429
171 171 -5.857142857142858
172 172 -1.7857142857142856
173 173 3.0714285714285716
174 174 0.7857142857142858
175 175 -1.0
176 176 -3.571428571428571
177 177 -1.5714285714285718
178 178 1.7142857142857144
179 179 0.857142857142857
180 180 1.0714285714285716
181 181 2.357142857142857
182 182 -1.3571428571428572
183 183 -2.428571428571429
184 184 6.142857142857142
185 185 -1.7857142857142856
186 186 1.9285714285714286
187 187 -0.7142857142857144
188 188 -6.642857142857142
189 189 -3.7857142857142856
190 190 3.3571428571428577
191 191 1.2142857142857146
192 192 5.785714285714286
193 193 3.4285714285714284
194 194 3.0
195 195 1.3571428571428572
196 196 0.7857142857142858
197 197 3.7142857142857144
198 198 1.9285714285714286
199 199 0.642857142857143
200 200 6.357142857142857
201 201 -1.2857142857142856
202 202 -1.4285714285714286
203 203 0.4285714285714286
204 204 3.357142857142857
205 205 3.428571428571429
206 206 0.7857142857142858
207 207 3.142857142857143
208 208 3.571428571428571
209 209 -2.9285714285714284
210 210 -6.357142857142857
211 211 3.0
212 212 -0.07142857142857117
213 213 -2.5
214 214 -7.857142857142858
215 215 -0.6428571428571428
216 216 -4.571428571428571
217 217 4.7857142857142865
218 218 -0.5
219 219 -3.5
220 220 0.6428571428571428
221 221 -1.4285714285714284
222 222 -1.5714285714285718
223 223 0.5000000000000002
224 224 4.214285714285714
225 225 0.5714285714285716
226 226 -2.4999999999999996
227 227 -8.0
228 228 -6.071428571428572
229 229 1.7142857142857142
230 230 -2.0
231 231 -3.7142857142857144
232 232 1.2857142857142856
233 233 -1.0714285714285714
234 234 5.357142857142858
235 235 9.357142857142858
236 236 7.571428571428571
237 237 2.7857142857142856
238 238 5.428571428571429
239 239 -0.5
240 240 -5.571428571428571
241 241 -0.4285714285714286
242 242 0.2857142857142856
243 243 6.571428571428571
244 244 3.7142857142857144
245 245 0.7857142857142858
246 246 -1.5
247 247 2.7857142857142856
248 248 6.428571428571428
249 249 2.857142857142857
250 250 -0.2857142857142858
251 251 -1.3571428571428568
252 252 -3.428571428571428
253 253 0.3571428571428572
254 254 6.214285714285714
255 255 -3.071428571428571
256 256 -2.1428571428571432
257 257 -4.142857142857143
258 258 5.214285714285714
259 259 1.4285714285714286
260 260 3.5714285714285716
261 261 -2.7142857142857144
262 262 2.357142857142857
263 263 -3.071428571428571
264 264 -5.785714285714286
265 265 -2.2857142857142856
266 266 -3.5
267 267 -4.0
268 268 1.5714285714285714
269 269 -1.7142857142857144
270 270 -0.2857142857142858
271 271 -7.5
272 272 -3.2142857142857144
273 273 -3.6428571428571432
274 274 3.2142857142857135
275 275 1.7142857142857142
276 276 -7.142857142857142
277 277 3.357142857142857
278 278 -0.9999999999999998
279 279 -3.5714285714285716
280 280 -2.2142857142857144
281 281 1.4285714285714288
282 282 -6.142857142857143
283 283 4.785714285714286
284 284 -1.0000000000000002
285 285 -0.4285714285714286
286 286 -0.2857142857142856
287 287 2.142857142857143
288 288 4.357142857142857
289 289 5.642857142857142
290 290 -0.785714285714286
291 291 -1.7857142857142858
292 292 -1.9285714285714284
293 293 -4.928571428571429
294 294 -5.0
295 295 -4.214285714285714
296 296 -2.571428571428571
297 297 -4.5
298 298 -7.5
299 299 -6.071428571428572
300 300 -1.5714285714285714
301 301 -0.07142857142857162
302 302 2.7857142857142856
303 303 -3.5
304 304 -2.071428571428571
305 305 -1.8571428571428572
306 306 -1.7857142857142851
307 307 -5.571428571428571
308 308 0.2142857142857144
309 309 3.071428571428571
310 310 -4.928571428571429
311 311 2.2142857142857144
312 312 -1.571428571428572
313 313 2.5000000000000004
314 314 -3.5
315 315 7.571428571428571
316 316 3.5714285714285716
317 317 -1.1428571428571432
318 318 4.857142857142857
319 319 -0.07142857142857117
320 320 -0.2142857142857144
321 321 -2.3571428571428568
322 322 6.928571428571429
323 323 -1.0714285714285714
324 324 1.5
325 325 1.3571428571428577
326 326 1.0714285714285716
327 327 -0.4285714285714284
328 328 1.2142857142857146
329 329 -4.2857142857142865
330 330 -1.2142857142857144
331 331 -1.2142857142857144
332 332 -3.428571428571429
333 333 5.928571428571429
334 334 0.8571428571428572
335 335 -1.5
336 336 0.7142857142857144
337 337 0.14285714285714324
338 338 -2.7857142857142856
339 339 -1.5714285714285714
340 340 -1.7857142857142858
341 341 0.2142857142857144
342 342 -2.7142857142857144
343 343 -0.5714285714285712
344 344 -1.7857142857142858
345 345 6.571428571428571
346 346 3.642857142857143
347 347 -1.5714285714285716
348 348 -2.571428571428571
349 349 -1.7142857142857146
350 350 4.714285714285714
351 351 -0.2142857142857142
352 352 4.285714285714286
353 353 -1.0714285714285712
354 354 -3.9285714285714284
355 355 -1.5714285714285714
356 356 3.7142857142857144
357 357 1.7857142857142858
358 358 8.5
359 359 0.8571428571428568
360 360 -1.5714285714285716
361 361 3.5
362 362 1.2142857142857146
363 363 -1.5
364 364 -2.857142857142857
365 365 -4.714285714285714
366 366 -0.7857142857142858
367 367 4.571428571428571
368 368 -0.6428571428571428
369 369 -2.071428571428571
370 370 0.6428571428571432
371 371 -5.500000000000001
372 372 -2.7857142857142856
373 373 -0.6428571428571428
374 374 3.2857142857142856
375 375 0.4285714285714288
376 376 3.7142857142857144
377 377 -2.571428571428571
378 378 -4.571428571428571
379 379 1.1428571428571428
380 380 4.357142857142858
381 381 0.4285714285714288
382 382 -0.357142857142857
383 383 4.714285714285714
384 384 -0.8571428571428572
385 385 -6.285714285714286
386 386 0.9285714285714286
387 387 -0.07142857142857117
388 388 -2.642857142857143
389 389 2.2142857142857144
390 390 3.2142857142857144
391 391 -4.285714285714286
392 392 -2.5
393 393 -2.7142857142857144
394 394 8.285714285714285
395 395 -1.2142857142857149
396 396 -2.7857142857142856
397 397 2.571428571428571
398 398 4.714285714285714
399 399 3.2142857142857144
400 400 -1.7857142857142858
401 401 -2.6428571428571432
402 402 -3.2857142857142856
403 403 4.928571428571429
404 404 3.1428571428571432
405 405 -2.2857142857142856
406 406 -4.142857142857143
407 407 -2.6428571428571432
408 408 0.7857142857142854
409 409 -6.071428571428571
410 410 -4.5
411 411 -2.1428571428571432
412 412 1.3571428571428572
413 413 4.7857142857142865
414 414 0.07142857142857117
415 415 2.214285714285714
416 416 3.285714285714286
417 417 0.357142857142857
418 418 0.21428571428571397
419 419 2.1428571428571432
420 420 -4.142857142857142
421 421 8.285714285714285
422 422 -2.8571428571428568
423 423 4.0
424 424 -0.9999999999999998
425 425 -0.4285714285714284
426 426 3.642857142857143
427 427 6.5
428 428 -3.2857142857142865
429 429 -2.071428571428571
430 430 -6.928571428571429
431 431 -1.9285714285714288
432 432 2.6428571428571432
433 433 3.7142857142857144
434 434 -0.9285714285714286
435 435 3.071428571428571
436 436 -4.0
437 437 -3.357142857142857
438 438 4.428571428571429
439 439 -0.8571428571428572
440 440 4.642857142857142
441 441 5.571428571428571
442 442 -3.7142857142857144
443 443 -1.6428571428571428
444 444 -2.714285714285714
445 445 -2.3571428571428568
446 446 -0.0714285714285714
447 447 1.9285714285714286
448 448 3.428571428571429
449 449 6.071428571428572
450 450 1.0
451 451 -0.7142857142857142
452 452 4.214285714285714
453 453 -0.6428571428571428
454 454 -7.0
455 455 3.2857142857142856
456 456 -5.428571428571429
457 457 3.5
458 458 0.1428571428571428
459 459 -8.428571428571429
460 460 -1.1428571428571428
461 461 -0.9285714285714284
462 462 0.07142857142857117
463 463 0.35714285714285676
464 464 -7.0
465 465 -0.6428571428571428
466 466 -1.0714285714285714
467 467 0.7857142857142858
468 468 -8.0
469 469 -2.571428571428571
470 470 1.2142857142857142
471 471 5.428571428571429
472 472 -2.6428571428571423
473 473 -1.857142857142857
474 474 -2.2857142857142856
475 475 3.928571428571429
476 476 -3.928571428571429
477 477 -5.142857142857143
478 478 4.5
479 479 4.642857142857142
480 480 -0.07142857142857117
481 481 -6.071428571428571
482 482 -2.428571428571429
483 483 -2.0
484 484 -4.142857142857143
485 485 0.7142857142857144
486 486 2.220446049250313e-16
487 487 1.5000000000000002
488 488 -3.5
489 489 -3.214285714285714
490 490 -2.214285714285715
491 491 -6.2857142857142865
492 492 2.357142857142857
493 493 1.7142857142857144
494 494 0.2857142857142858
495 495 1.2142857142857135
496 496 -5.2857142857142865
497 497 0.14285714285714302
498 498 -2.0
499 499 1.8571428571428568
500 500 4.285714285714286
501 501 3.7142857142857144
502 502 6.785714285714286
503 503 -3.071428571428572
504 504 2.428571428571429
505 505 -0.07142857142857162
507 507 2.357142857142857
508 508 -4.357142857142858
509 509 -2.428571428571429
510 510 4.357142857142858
511 511 -6.142857142857143
512 512 4.7857142857142865
513 513 -2.2857142857142856
515 515 -3.0714285714285716
516 516 2.8571428571428577
517 517 0.9285714285714286
518 518 -9.714285714285715
519 519 -7.0
520 520 1.5714285714285716
521 521 4.357142857142858
522 522 -1.3571428571428572
523 523 -5.5
524 524 -1.357142857142857
525 525 -5.785714285714286
526 526 -8.714285714285714
527 527 0.4999999999999998
528 528 -1.5714285714285714
529 529 -2.2857142857142856
530 530 2.7857142857142856
531 531 1.4285714285714286
532 532 4.142857142857142
533 533 -5.2857142857142865
534 534 -6.071428571428571
535 535 -9.500000000000002
536 536 2.071428571428571
537 537 3.2857142857142856
538 538 -3.2142857142857144
539 539 0.4285714285714288
540 540 -2.1428571428571423
541 541 -6.8571428571428585
542 542 -7.7857142857142865
543 543 -0.3571428571428572
544 544 1.7857142857142854
545 545 6.857142857142857
546 546 -2.2142857142857144
547 547 0.857142857142857
548 548 -0.5714285714285712
549 549 2.214285714285715
550 550 5.642857142857142
551 551 2.7142857142857144
552 552 -2.9285714285714284
553 553 5.857142857142858
554 554 1.5714285714285723
555 555 6.7857142857142865
556 556 -3.571428571428571
557 557 -0.2142857142857144
558 558 -1.5714285714285718
559 559 6.285714285714286
560 560 2.0714285714285716
561 561 -0.3571428571428572
562 562 1.9285714285714286
563 563 0.2142857142857142
564 564 -1.9285714285714286
565 565 -1.7857142857142858
566 566 -7.214285714285714
567 567 1.0714285714285716
568 568 6.928571428571429
569 569 6.357142857142857
570 570 0.8571428571428572
571 571 3.4285714285714284
572 572 -0.4285714285714288
573 573 -1.3571428571428572
574 574 -4.357142857142858
575 575 3.7142857142857144
576 576 -2.928571428571429
577 577 -3.5
578 578 6.928571428571429
579 579 8.428571428571429
580 580 3.428571428571429
581 581 3.8571428571428577
582 582 1.2142857142857142
583 583 -3.0
584 584 4.7857142857142865
585 585 -0.2142857142857144
586 586 -4.0
587 587 1.7142857142857142
588 588 3.2142857142857144
589 589 5.428571428571429
590 590 -0.2857142857142856
591 591 2.3571428571428577
592 592 -0.928571428571429
593 593 -0.4285714285714286
594 594 2.571428571428571
595 595 3.428571428571429
596 596 -0.5
597 597 0.9285714285714284
598 598 -3.0000000000000004
599 599 7.571428571428571
600 600 3.6428571428571432
601 601 1.0714285714285714
602 602 -5.214285714285714
603 603 -2.642857142857143
604 604 -1.5
605 605 6.357142857142858
606 606 -2.1428571428571432
607 607 0.5714285714285714
608 608 2.3571428571428577
609 609 2.428571428571429
610 610 -1.5714285714285714
611 611 -1.7142857142857144
612 612 -1.4285714285714284
613 613 -1.4285714285714286
614 614 -2.5
615 615 3.8571428571428577
616 616 -1.3571428571428572
617 617 -4.071428571428571
618 618 1.5000000000000004
619 619 -7.0
620 620 -10.785714285714286
621 621 -2.857142857142857
622 622 2.928571428571429
623 623 -0.4285714285714288
624 624 -4.642857142857143
625 625 0.642857142857143
626 626 2.3571428571428577
627 627 4.214285714285714
628 628 0.9285714285714286
629 629 2.7142857142857144
630 630 -0.07142857142857162
631 631 1.9285714285714284
632 632 -5.0
633 633 0.5714285714285716
634 634 4.571428571428571
635 635 2.6428571428571432
636 636 7.5
637 637 -1.357142857142857
638 638 9.428571428571429
639 639 2.428571428571429
640 640 3.0
641 641 1.8571428571428574
642 642 -4.2857142857142865
643 643 0.5
644 644 -1.7142857142857142
645 645 6.0
646 646 -3.2857142857142856
647 647 2.928571428571429
648 648 -2.4999999999999996
649 649 -0.7142857142857142
650 650 2.928571428571429
651 651 4.142857142857144
652 652 -3.2857142857142856
653 653 0.14285714285714257
654 654 4.357142857142857
655 655 0.8571428571428572
656 656 1.7857142857142858
657 657 -5.7857142857142865
658 658 4.571428571428571
659 659 6.214285714285714
660 660 5.142857142857143
661 661 -1.5000000000000007
662 662 7.2857142857142865
663 663 3.071428571428571
664 664 3.7857142857142856
665 665 -1.7142857142857144
666 666 1.9285714285714286
667 667 -3.1428571428571423
668 668 1.8571428571428572
669 669 -3.3571428571428568
670 670 -1.5000000000000002
671 671 -2.1428571428571432
672 672 -4.357142857142857
673 673 2.071428571428572
674 674 -2.5
675 675 1.285714285714286
676 676 -1.1428571428571428
677 677 -1.0714285714285716
678 678 -2.857142857142857
679 679 -1.9999999999999993
680 680 6.357142857142857
681 681 -0.2857142857142858
682 682 0.2142857142857142
683 683 5.571428571428571
684 684 8.142857142857142
685 685 6.928571428571429
686 686 3.1428571428571432
687 687 1.2857142857142858
688 688 1.4285714285714286
689 689 1.3571428571428572
690 690 -1.3571428571428572
691 691 -2.1428571428571432
692 692 -4.5
693 693 -1.642857142857143
694 694 -0.857142857142857
695 695 6.857142857142857
696 696 -5.5
697 697 -1.9285714285714288
698 698 4.214285714285714
699 699 -3.7142857142857144
700 700 2.928571428571429
701 701 2.0
702 702 2.4285714285714284
703 703 2.5
704 704 2.2857142857142856
705 705 -5.428571428571429
706 706 -2.571428571428571
707 707 2.357142857142857
708 708 1.0714285714285712
709 709 1.7142857142857142
710 710 -6.857142857142857
711 711 1.785714285714286
712 712 2.5714285714285716
713 713 -4.285714285714286
714 714 -1.5714285714285714
715 715 -1.6428571428571426
716 716 4.714285714285714
717 717 7.714285714285715
718 718 -3.0714285714285716
719 719 -4.357142857142857
720 720 -1.7857142857142858
721 721 -2.0714285714285716
722 722 -2.7142857142857144
723 723 0.7857142857142858
724 724 -3.5714285714285707
725 725 3.7142857142857144
726 726 -1.0714285714285714
727 727 -0.5
728 728 5.142857142857142
729 729 3.071428571428571
730 730 3.5
731 731 -7.999999999999999
732 732 -1.142857142857143
733 733 -1.1428571428571428
734 734 4.214285714285714
735 735 -1.9285714285714282
736 736 -0.9285714285714286
737 737 2.571428571428571
738 738 -1.0
739 739 -2.142857142857143
740 740 0.7857142857142856
741 741 6.7857142857142865
742 742 2.142857142857143
743 743 -2.357142857142857
744 744 -4.142857142857143
745 745 -0.7857142857142858
746 746 5.214285714285714
747 747 3.428571428571429
748 748 -7.428571428571428
749 749 -5.571428571428571
750 750 2.071428571428571
751 751 -4.0
752 752 -2.5714285714285716
753 753 -3.928571428571429
754 754 -2.3571428571428577
755 755 -3.5
756 756 0.6428571428571428
757 757 -3.8571428571428568
758 758 11.571428571428571
759 759 -0.8571428571428572
760 760 3.714285714285715
761 761 -0.642857142857143
762 762 0.9285714285714288
763 763 -1.571428571428572
765 765 -4.928571428571429
766 766 -6.214285714285714
767 767 2.6428571428571432
768 768 4.571428571428571
769 769 3.1428571428571432
770 770 -1.7142857142857142
771 771 -4.071428571428572
772 772 -1.5714285714285718
773 773 -0.8571428571428572
774 774 -3.6428571428571432
775 775 2.5
776 776 8.785714285714286
777 777 -1.7857142857142856
778 778 -1.5714285714285714
779 779 -7.214285714285715
780 780 -0.07142857142857162
781 781 -1.7142857142857142
782 782 -4.142857142857142
783 783 -0.4285714285714284
784 784 4.071428571428571
785 785 -4.440892098500626e-16
786 786 0.357142857142857
787 787 0.7142857142857142
788 788 2.7857142857142856
789 789 6.071428571428572
790 790 -6.357142857142858
791 791 -5.571428571428571
792 792 -2.785714285714285
793 793 2.571428571428572
794 794 -4.2142857142857135
795 795 -3.214285714285715
796 796 -0.928571428571429
797 797 -5.357142857142858
798 798 -11.785714285714286
799 799 -1.2857142857142858
800 800 3.1428571428571432
801 801 0.7142857142857142
802 802 0.9285714285714286
803 803 4.214285714285714
804 804 3.2857142857142865
805 805 2.4285714285714284
806 806 5.071428571428572
807 807 3.6428571428571432
808 808 1.0714285714285714
809 809 -1.6428571428571428
810 810 5.571428571428571
811 811 -0.7857142857142856
812 812 -5.5
813 813 -3.1428571428571432
814 814 -3.1428571428571432
815 815 3.0
816 816 0.8571428571428572
817 817 5.142857142857144
818 818 2.6428571428571432
819 819 -7.2857142857142865
820 820 2.571428571428571
821 821 -3.3571428571428577
822 822 3.5
823 823 0.2857142857142858
824 824 2.7857142857142856
825 825 -0.7142857142857142
826 826 0.2857142857142856
827 827 1.5000000000000004
828 828 -2.2142857142857144
829 829 0.07142857142857162
830 830 -4.0
831 831 5.928571428571428
832 832 -0.4285714285714284
833 833 2.428571428571429
834 834 1.7857142857142858
835 835 0.2142857142857144
836 836 3.1428571428571423
837 837 3.5
838 838 2.7142857142857144
839 839 -0.14285714285714324
840 840 7.142857142857142
841 841 5.642857142857143
842 842 1.285714285714286
843 843 1.9285714285714286
844 844 -3.857142857142857
845 845 3.0
846 846 4.428571428571429
847 847 6.214285714285714
848 848 1.1428571428571428
849 849 3.428571428571429
850 850 -1.1428571428571428
851 851 -2.357142857142857
852 852 5.071428571428571
853 853 3.5000000000000004
854 854 1.3571428571428577
855 855 4.5
856 856 1.071428571428571
857 857 1.9999999999999998
858 858 -4.142857142857142
859 859 -4.285714285714286
860 860 -7.0
861 861 1.357142857142857
862 862 1.7142857142857144
863 863 -0.9285714285714286
864 864 -3.7857142857142856
865 865 -3.4285714285714293
866 866 -5.785714285714286
867 867 -7.0
868 868 -3.2142857142857144
869 869 -3.1428571428571423
870 870 -4.5
871 871 -0.6428571428571432
872 872 -0.5
873 873 0.1428571428571428
874 874 -4.785714285714286
875 875 1.8571428571428572
876 876 6.357142857142857
877 877 0.35714285714285743
878 878 2.2142857142857144
879 879 0.2857142857142856
880 880 7.000000000000001
881 881 0.9285714285714286
882 882 -0.0714285714285714
883 883 -0.7142857142857144
884 884 3.714285714285715
885 885 4.857142857142857
886 886 -1.1428571428571428
887 887 0.8571428571428568
888 888 4.642857142857143
889 889 7.928571428571429
890 890 -3.1428571428571432
891 891 -4.642857142857143
892 892 3.2857142857142856
893 893 -0.642857142857143
894 894 -0.9285714285714286
895 895 -5.357142857142858
896 896 3.7857142857142865
897 897 1.2857142857142858
898 898 5.500000000000001
899 899 4.357142857142858
900 900 -3.785714285714286
901 901 0.9285714285714286
902 902 5.142857142857142
903 903 3.0
904 904 3.3571428571428577
905 905 -6.5
906 906 1.2142857142857146
907 907 4.0
908 908 -0.7857142857142858
909 909 1.9285714285714288
910 910 -3.785714285714286
911 911 4.214285714285714
912 912 0.9285714285714286
913 913 -3.857142857142857
914 914 1.3571428571428577
915 915 -2.857142857142857
916 916 -5.142857142857143
917 917 1.8571428571428574
918 918 -3.0714285714285716
919 919 -7.142857142857143
920 920 -2.857142857142857
921 921 -4.785714285714285
922 922 10.5
923 923 -3.142857142857143
924 924 -3.714285714285715
925 925 -2.8571428571428568
926 926 1.5714285714285718
927 927 -1.2857142857142858
928 928 -0.2857142857142858
929 929 -2.6428571428571432
930 930 0.5714285714285714
931 931 6.285714285714286
932 932 -0.8571428571428568
933 933 4.285714285714286
934 934 4.571428571428571
935 935 5.714285714285714
936 936 3.7142857142857144
937 937 0.1428571428571428
938 938 4.785714285714286
939 939 -1.4285714285714286
940 940 -7.142857142857143
941 941 -5.0
942 942 0.2142857142857144
943 943 -3.2142857142857144
944 944 -2.8571428571428568
945 945 3.071428571428571
946 946 -1.6428571428571432
947 947 5.928571428571429
948 948 -2.857142857142857
949 949 -3.1428571428571432
950 950 0.7142857142857142
951 951 -4.714285714285714
952 952 0.5
953 953 1.5714285714285714
954 954 -4.285714285714285
955 955 2.9285714285714284
956 956 3.571428571428571
957 957 -5.785714285714286
958 958 -1.285714285714286
959 959 2.8571428571428568
960 960 3.357142857142857
961 961 -3.8571428571428577
962 962 7.714285714285714
963 963 -3.5714285714285703
964 964 1.9285714285714286
965 965 7.714285714285715
967 967 -0.0714285714285714
968 968 1.3571428571428572
969 969 -2.2857142857142856
970 970 -2.2857142857142856
971 971 0.9285714285714284
972 972 -0.7857142857142865
973 973 -4.2857142857142865
974 974 1.0714285714285712
975 975 1.785714285714286
976 976 -1.2857142857142856
977 977 -4.928571428571429
978 978 -2.2857142857142856
979 979 -1.9999999999999998
980 980 -4.714285714285714
981 981 -6.428571428571429
982 982 3.3571428571428577
983 983 0.4285714285714284
984 984 -3.1428571428571432
985 985 4.142857142857142
986 986 -0.5714285714285716
987 987 0.6428571428571428
988 988 0.9285714285714284
989 989 1.5000000000000002
1 2 -0.9285714285714286
1 11 1.3571428571428572
1 47 0.5714285714285714
1 57 -0.5714285714285714
1 103 0.5714285714285714
1 114 -2.0
2 3 -1.7857142857142858
2 11 -1.3571428571428572
2 12 -2.0
2 166 -1.7857142857142858
2 175 -0.5714285714285714
2 220 -2.0
2 226 0.5714285714285714
3 12 0.5714285714285714
3 13 1.7857142857142858
3 280 1.3571428571428572
3 288 -2.0
3 334 -1.7857142857142858
3 343 -1.7857142857142858
4 5 -0.5714285714285714
4 486 1.3571428571428572
4 496 -0.5714285714285714
4 524 0.9285714285714286
5 6 1.3571428571428572
5 568 -2.0
5 578 -2.0
5 610 0.9285714285714286
6 7 -0.5714285714285714
6 14 0.9285714285714286
6 645 -0.9285714285714286
6 655 -0.9285714285714286
6 681 -1.7857142857142858
7 8 1.7857142857142858
7 14 -1.7857142857142858
7 15 0.9285714285714286
7 719 0.5714285714285714
7 761 -0.9285714285714286
7 773 -1.7857142857142858
8 9 -0.5714285714285714
8 15 -0.5714285714285714
8 16 2.0
8 807 -0.5714285714285714
8 818 1.7857142857142858
8 850 0.5714285714285714
8 859 1.7857142857142858
9 16 1.3571428571428572
9 17 -0.5714285714285714
9 890 1.7857142857142858
9 902 -2.0
9 936 -1.7857142857142858
9 946 1.3571428571428572
10 18 1.3571428571428572
10 19 -0.5714285714285714
10 83 0.9285714285714286
10 92 0.5714285714285714
10 143 1.7857142857142858
10 154 -2.0
11 12 -1.7857142857142858
11 103 -0.9285714285714286
11 166 0.9285714285714286
11 175 1.3571428571428572
12 13 -0.5714285714285714
12 220 1.3571428571428572
12 226 2.0
12 280 -0.9285714285714286
13 334 -0.9285714285714286
13 343 -1.3571428571428572
13 390 -2.0
13 399 -1.7857142857142858
14 15 1.3571428571428572
14 681 2.0
14 719 2.0
15 16 2.0
15 761 1.7857142857142858
15 773 2.0
15 807 -1.7857142857142858
15 818 2.0
16 17 1.7857142857142858
16 850 0.5714285714285714
16 859 1.3571428571428572
16 890 0.5714285714285714
16 902 -2.0
17 18 1.3571428571428572
17 936 2.0
17 946 1.3571428571428572
17 978 -0.9285714285714286
17 987 -1.7857142857142858
18 19 1.3571428571428572
18 38 -1.3571428571428572
18 83 -2.0
18 92 2.0
19 143 2.0
19 154 2.0
19 201 1.7857142857142858
19 210 2.0
20 21 -1.3571428571428572
20 30 0.5714285714285714
20 260 -2.0
20 271 1.7857142857142858
20 318 -1.7857142857142858
20 328 -1.3571428571428572
21 30 0.9285714285714286
21 31 -2.0
21 373 0.5714285714285714
21 382 -1.7857142857142858
21 425 2.0
22 23 -1.7857142857142858
22 32 0.5714285714285714
22 33 -1.3571428571428572
22 548 0.9285714285714286
22 559 1.3571428571428572
22 591 2.0
22 600 0.5714285714285714
23 24 1.3571428571428572
23 33 0.9285714285714286
23 628 -1.7857142857142858
23 636 -1.7857142857142858
23 672 2.0
24 25 -1.3571428571428572
24 34 0.5714285714285714
24 35 0.9285714285714286
24 698 -0.9285714285714286
24 710 -0.5714285714285714
24 742 -2.0
24 752 0.9285714285714286
25 26 -2.0
25 35 -0.5714285714285714
25 36 0.9285714285714286
25 786 0.9285714285714286
25 798 1.3571428571428572
25 829 -0.9285714285714286
25 841 -1.7857142857142858
26 36 -0.9285714285714286
26 37 -1.7857142857142858
26 869 0.5714285714285714
26 880 -2.0
26 915 1.7857142857142858
26 926 0.5714285714285714
27 28 -1.7857142857142858
27 38 -2.0
27 39 -2.0
27 74 -0.9285714285714286
27 125 2.0
28 29 -1.7857142857142858
28 39 0.9285714285714286
28 40 -1.7857142857142858
28 184 -2.0
28 193 1.3571428571428572
28 248 -1.3571428571428572
29 40 0.5714285714285714
29 302 -1.7857142857142858
29 309 -1.3571428571428572
29 354 1.3571428571428572
30 31 -2.0
30 318 -2.0
30 328 1.3571428571428572
30 382 0.9285714285714286
31 32 1.7857142857142858
31 425 1.7857142857142858
31 466 2.0
31 477 -1.7857142857142858
32 33 1.7857142857142858
32 506 1.3571428571428572
32 548 0.9285714285714286
32 559 -1.7857142857142858
33 34 -2.0
33 591 0.5714285714285714
33 600 -1.3571428571428572
33 628 0.9285714285714286
33 636 -1.7857142857142858
34 35 -2.0
34 672 1.3571428571428572
34 698 1.7857142857142858
34 710 2.0
35 742 1.3571428571428572
35 752 1.7857142857142858
35 786 -0.5714285714285714
35 798 1.3571428571428572
36 37 -0.5714285714285714
36 829 1.7857142857142858
36 841 -1.7857142857142858
36 880 -1.3571428571428572
37 38 -2.0
37 915 -0.5714285714285714
37 926 1.3571428571428572
37 958 -1.3571428571428572
37 969 2.0
38 39 0.9285714285714286
38 74 -1.7857142857142858
39 40 2.0
39 125 -1.3571428571428572
39 184 -1.3571428571428572
39 193 -0.5714285714285714
40 248 -0.9285714285714286
40 302 0.9285714285714286
40 309 -1.7857142857142858
41 42 -1.7857142857142858
41 51 1.3571428571428572
41 250 -0.5714285714285714
41 311 -2.0
42 43 -2.0
42 51 1.7857142857142858
42 52 -0.5714285714285714
42 366 -1.3571428571428572
42 419 -0.9285714285714286
43 44 -1.3571428571428572
43 52 0.5714285714285714
43 53 -0.9285714285714286
43 457 -0.5714285714285714
43 498 -1.3571428571428572
44 53 1.7857142857142858
44 54 0.9285714285714286
44 538 -1.7857142857142858
44 581 -2.0
45 46 -0.9285714285714286
45 55 -2.0
45 691 0.9285714285714286
45 733 0.5714285714285714
46 55 0.9285714285714286
46 56 1.7857142857142858
46 777 1.3571428571428572
46 821 2.0
47 48 0.5714285714285714
47 57 -0.9285714285714286
47 950 -0.5714285714285714
48 49 0.5714285714285714
48 57 0.9285714285714286
48 59 0.5714285714285714
49 50 -1.3571428571428572
49 58 1.7857142857142858
49 177 -0.5714285714285714
49 230 -1.7857142857142858
50 58 -0.5714285714285714
50 292 0.5714285714285714
50 347 0.5714285714285714
51 52 -0.5714285714285714
51 311 0.5714285714285714
51 366 -0.5714285714285714
52 53 0.5714285714285714
52 419 0.5714285714285714
52 457 -0.9285714285714286
53 54 1.3571428571428572
53 498 0.5714285714285714
53 538 0.9285714285714286
54 581 1.7857142857142858
55 56 -0.5714285714285714
55 733 -1.7857142857142858
55 777 0.9285714285714286
56 821 -0.9285714285714286
57 59 -0.9285714285714286
58 230 1.7857142857142858
58 292 1.7857142857142858
59 66 -1.7857142857142858
59 104 -1.3571428571428572
59 114 0.5714285714285714
60 67 0.5714285714285714
60 68 -0.5714285714285714
60 288 -1.7857142857142858
60 335 1.7857142857142858
60 343 0.9285714285714286
61 62 -0.5714285714285714
61 69 0.5714285714285714
61 496 1.7857142857142858
61 525 2.0
62 69 1.7857142857142858
62 70 0.5714285714285714
62 569 -1.7857142857142858
62 578 1.3571428571428572
62 611 -0.5714285714285714
63 64 1.7857142857142858
63 71 0.9285714285714286
63 72 1.7857142857142858
63 720 1.7857142857142858
63 762 -1.3571428571428572
63 773 -1.3571428571428572
64 72 1.7857142857142858
64 808 1.3571428571428572
64 818 -0.9285714285714286
64 851 -1.7857142857142858
64 859 1.3571428571428572
65 74 -1.3571428571428572
65 84 2.0
65 92 1.3571428571428572
65 154 -2.0
66 67 -1.7857142857142858
66 104 1.3571428571428572
66 114 2.0
66 167 -0.5714285714285714
66 175 -1.3571428571428572
67 68 1.7857142857142858
67 221 1.3571428571428572
67 226 -2.0
67 288 -0.5714285714285714
68 335 0.9285714285714286
68 343 2.0
68 391 -0.5714285714285714
68 399 2.0
69 70 -1.3571428571428572
69 525 -0.5714285714285714
69 569 -2.0
69 578 -0.5714285714285714
70 71 -0.5714285714285714
70 611 0.9285714285714286
70 646 1.7857142857142858
70 655 1.7857142857142858
71 72 -2.0
71 720 -0.9285714285714286
72 762 -2.0
72 773 -1.3571428571428572
72 808 -2.0
72 818 -2.0
73 74 0.9285714285714286
73 937 -0.9285714285714286
73 946 -0.5714285714285714
73 979 -0.5714285714285714
73 987 1.3571428571428572
74 84 -1.3571428571428572
74 92 2.0
75 76 -0.5714285714285714
75 86 -0.5714285714285714
75 261 1.7857142857142858
75 271 0.5714285714285714
75 319 -1.7857142857142858
75 328 -1.7857142857142858
76 77 0.9285714285714286
76 374 -0.5714285714285714
76 382 -0.5714285714285714
76 426 -1.3571428571428572
77 78 -1.3571428571428572
77 87 -1.3571428571428572
77 467 0.5714285714285714
77 477 1.3571428571428572
77 507 0.5714285714285714
78 79 0.5714285714285714
78 87 1.3571428571428572
78 88 0.9285714285714286
78 549 -2.0
78 559 0.5714285714285714
78 592 -0.5714285714285714
78 600 0.9285714285714286
79 80 2.0
79 88 0.9285714285714286
79 629 2.0
79 636 -2.0
79 666 -2.0
79 672 -1.3571428571428572
80 81 1.3571428571428572
80 89 -2.0
80 699 0.5714285714285714
80 710 0.9285714285714286
80 743 1.7857142857142858
80 752 -1.3571428571428572
81 82 2.0
81 89 -0.5714285714285714
81 90 -1.3571428571428572
81 787 0.9285714285714286
81 798 2.0
81 830 1.3571428571428572
81 841 0.9285714285714286
82 83 1.7857142857142858
82 90 0.9285714285714286
82 91 2.0
82 880 -1.7857142857142858
82 916 1.3571428571428572
82 926 0.9285714285714286
83 84 -1.3571428571428572
83 91 -0.5714285714285714
83 92 2.0
83 959 -2.0
83 969 -0.9285714285714286
84 85 -0.9285714285714286
84 92 1.7857142857142858
85 93 -1.7857142857142858
85 94 -1.3571428571428572
85 185 1.3571428571428572
85 193 -0.9285714285714286
85 239 0.5714285714285714
86 319 2.0
86 328 0.5714285714285714
86 374 2.0
86 382 2.0
87 88 -1.7857142857142858
87 507 1.3571428571428572
87 549 1.3571428571428572
87 559 -0.9285714285714286
88 592 -2.0
88 600 0.5714285714285714
88 629 -2.0
88 636 -1.3571428571428572
89 90 0.9285714285714286
89 743 0.5714285714285714
89 752 -0.9285714285714286
89 787 -0.5714285714285714
89 798 1.3571428571428572
90 91 -0.5714285714285714
90 830 2.0
90 841 0.5714285714285714
90 880 -0.9285714285714286
91 92 -1.7857142857142858
91 916 1.3571428571428572
91 926 -1.7857142857142858
91 959 -0.5714285714285714
91 969 -1.3571428571428572
92 93 0.9285714285714286
93 94 -1.7857142857142858
93 185 0.5714285714285714
93 193 -1.3571428571428572
94 95 1.3571428571428572
94 239 -1.3571428571428572
94 248 0.5714285714285714
94 309 -0.5714285714285714
95 355 -1.7857142857142858
95 408 -2.0
95 417 -1.3571428571428572
96 107 1.7857142857142858
96 262 -1.7857142857142858
96 311 0.5714285714285714
96 320 -0.5714285714285714
97 98 0.9285714285714286
97 457 -2.0
97 468 2.0
97 498 0.9285714285714286
98 99 -1.3571428571428572
98 108 1.7857142857142858
98 109 1.7857142857142858
98 538 0.9285714285714286
98 581 -0.9285714285714286
99 100 0.9285714285714286
99 109 2.0
99 110 -1.7857142857142858
99 667 2.0
100 101 2.0
100 110 2.0
100 111 -2.0
100 691 -0.5714285714285714
100 700 -2.0
100 733 -2.0
100 744 0.9285714285714286
101 102 0.5714285714285714
101 111 1.3571428571428572
101 112 -1.3571428571428572
101 777 0.9285714285714286
101 788 0.9285714285714286
101 821 1.3571428571428572
101 831 -0.9285714285714286
102 103 -0.5714285714285714
102 112 -1.3571428571428572
102 113 0.5714285714285714
102 870 0.9285714285714286
102 917 2.0
103 104 -1.7857142857142858
103 113 1.3571428571428572
103 114 -0.9285714285714286
103 950 0.9285714285714286
103 960 -1.3571428571428572
104 105 -2.0
104 114 1.3571428571428572
104 115 1.3571428571428572
104 126 -1.7857142857142858
105 106 1.7857142857142858
105 115 -1.7857142857142858
105 116 0.5714285714285714
105 177 1.3571428571428572
105 186 -0.5714285714285714
105 230 2.0
106 116 -1.7857142857142858
106 117 1.3571428571428572
106 292 -0.9285714285714286
106 303 1.7857142857142858
106 347 -0.5714285714285714
106 356 -1.7857142857142858
107 311 -1.3571428571428572
107 320 -0.5714285714285714
107 366 0.9285714285714286
107 375 -1.7857142857142858
108 498 0.9285714285714286
108 538 1.7857142857142858
109 110 -1.7857142857142858
109 581 -1.7857142857142858
110 111 -0.5714285714285714
110 667 0.5714285714285714
110 691 -1.3571428571428572
110 700 -1.3571428571428572
111 112 -0.9285714285714286
111 733 2.0
111 744 2.0
111 777 0.5714285714285714
111 788 -1.3571428571428572
112 113 -0.9285714285714286
112 821 2.0
112 831 -1.3571428571428572
112 870 0.9285714285714286
113 114 -1.7857142857142858
113 917 -0.9285714285714286
113 950 0.9285714285714286
114 115 -0.9285714285714286
115 116 1.3571428571428572
115 126 2.0
115 177 1.3571428571428572
115 186 0.5714285714285714
116 117 -0.5714285714285714
116 230 2.0
116 292 1.3571428571428572
116 303 -1.7857142857142858
117 347 1.7857142857142858
117 356 1.3571428571428572
118 126 -0.9285714285714286
118 127 2.0
118 167 -0.5714285714285714
118 221 -2.0
118 227 0.5714285714285714
119 120 0.5714285714285714
119 128 1.3571428571428572
119 391 0.9285714285714286
119 454 1.3571428571428572
120 121 1.3571428571428572
120 128 1.3571428571428572
120 129 -0.5714285714285714
120 497 1.3571428571428572
120 525 0.5714285714285714
120 535 1.7857142857142858
121 122 -1.3571428571428572
121 129 -1.3571428571428572
121 130 -0.9285714285714286
121 569 2.0
121 579 -1.3571428571428572
121 611 -2.0
121 619 -0.9285714285714286
122 130 0.9285714285714286
122 131 -2.0
122 646 1.7857142857142858
122 656 0.5714285714285714
122 688 0.9285714285714286
123 124 1.3571428571428572
123 132 0.9285714285714286
123 133 0.9285714285714286
123 808 2.0
123 819 1.7857142857142858
123 851 0.5714285714285714
123 860 1.7857142857142858
124 125 -0.5714285714285714
124 133 0.5714285714285714
124 134 -2.0
124 891 -0.5714285714285714
124 937 1.3571428571428572
124 947 -1.3571428571428572
125 134 -0.9285714285714286
125 979 -0.5714285714285714
125 988 -0.9285714285714286
126 127 -1.7857142857142858
126 167 -1.3571428571428572
127 221 2.0
127 227 2.0
127 289 -1.7857142857142858
128 129 1.3571428571428572
128 454 0.9285714285714286
128 497 0.5714285714285714
129 130 -1.3571428571428572
129 525 1.7857142857142858
129 535 2.0
129 579 0.5714285714285714
130 131 1.3571428571428572
130 611 2.0
130 619 2.0
130 646 2.0
130 656 1.7857142857142858
131 132 -1.3571428571428572
131 688 -0.5714285714285714
131 720 0.9285714285714286
132 133 2.0
132 762 -1.3571428571428572
132 774 2.0
132 808 -1.7857142857142858
132 819 0.5714285714285714
133 134 1.3571428571428572
133 851 1.7857142857142858
133 860 -0.5714285714285714
133 891 1.3571428571428572
133 903 1.3571428571428572
134 937 1.3571428571428572
134 947 -2.0
134 979 0.5714285714285714
134 988 -0.9285714285714286
135 144 -0.9285714285714286
135 155 1.3571428571428572
135 202 -0.5714285714285714
135 211 1.3571428571428572
136 137 0.5714285714285714
136 147 1.3571428571428572
136 261 -0.5714285714285714
136 272 1.7857142857142858
136 319 -0.5714285714285714
136 329 2.0
137 138 -2.0
137 147 0.9285714285714286
137 374 -2.0
137 383 -2.0
137 426 -0.9285714285714286
138 139 0.9285714285714286
138 148 1.3571428571428572
138 478 -1.7857142857142858
138 507 -2.0
139 140 0.5714285714285714
139 148 -0.5714285714285714
139 149 0.9285714285714286
139 549 -1.7857142857142858
139 560 0.9285714285714286
139 592 -2.0
139 601 0.5714285714285714
140 149 -1.7857142857142858
140 150 -2.0
140 629 -1.3571428571428572
140 666 1.7857142857142858
140 673 -0.5714285714285714
141 142 -1.7857142857142858
141 151 1.7857142857142858
141 152 2.0
141 787 -2.0
141 799 -2.0
141 830 -0.9285714285714286
141 842 -1.7857142857142858
142 143 1.7857142857142858
142 152 -2.0
142 153 -1.3571428571428572
142 881 0.5714285714285714
142 916 2.0
142 927 1.7857142857142858
143 144 2.0
143 153 -2.0
143 154 -0.9285714285714286
143 959 -1.7857142857142858
143 970 0.5714285714285714
144 145 1.3571428571428572
144 154 -0.5714285714285714
144 155 -2.0
145 146 -0.9285714285714286
145 155 -0.5714285714285714
145 156 -0.5714285714285714
145 185 1.7857142857142858
145 194 0.9285714285714286
145 239 1.7857142857142858
145 249 1.7857142857142858
146 156 -1.3571428571428572
146 157 -0.5714285714285714
146 310 -2.0
146 355 0.9285714285714286
146 365 2.0
147 319 -0.9285714285714286
147 329 -1.7857142857142858
147 374 -0.5714285714285714
147 383 -2.0
148 149 -0.5714285714285714
148 507 -0.9285714285714286
148 549 2.0
148 560 0.5714285714285714
149 150 -1.7857142857142858
149 592 1.3571428571428572
149 601 -2.0
149 629 -1.7857142857142858
150 151 -1.3571428571428572
150 666 -1.3571428571428572
150 673 -0.5714285714285714
150 699 1.3571428571428572
150 711 -1.3571428571428572
151 152 0.9285714285714286
151 787 1.7857142857142858
151 799 1.3571428571428572
152 153 1.3571428571428572
152 830 0.5714285714285714
152 842 -1.7857142857142858
152 881 1.3571428571428572
153 154 -1.7857142857142858
153 916 2.0
153 927 0.9285714285714286
153 959 -0.9285714285714286
153 970 1.3571428571428572
154 155 -2.0
155 156 2.0
155 185 1.7857142857142858
155 194 0.5714285714285714
156 157 2.0
156 239 1.3571428571428572
156 249 -1.3571428571428572
156 310 2.0
157 355 -0.9285714285714286
157 365 1.3571428571428572
157 408 -1.7857142857142858
157 418 -1.7857142857142858
158 159 0.5714285714285714
158 169 0.9285714285714286
158 251 2.0
158 262 -1.7857142857142858
158 312 2.0
158 320 -1.3571428571428572
159 160 -1.3571428571428572
159 169 2.0
159 170 1.7857142857142858
159 375 -1.3571428571428572
159 427 -2.0
160 161 -1.3571428571428572
160 170 -1.3571428571428572
160 171 2.0
160 458 1.3571428571428572
160 468 1.7857142857142858
160 499 -2.0
161 162 2.0
161 171 -0.5714285714285714
161 172 1.3571428571428572
161 539 -1.7857142857142858
161 582 1.3571428571428572
162 163 -0.9285714285714286
162 172 1.3571428571428572
162 622 -2.0
162 667 0.5714285714285714
163 164 -1.7857142857142858
163 173 -0.5714285714285714
163 692 2.0
163 700 -0.9285714285714286
163 734 -1.3571428571428572
163 744 1.3571428571428572
164 165 -0.9285714285714286
164 173 -0.9285714285714286
164 788 -0.5714285714285714
164 822 -1.3571428571428572
164 831 -2.0
165 166 -0.5714285714285714
165 174 0.5714285714285714
165 862 0.5714285714285714
165 870 1.7857142857142858
165 906 -0.9285714285714286
165 917 -0.9285714285714286
166 167 1.3571428571428572
166 174 -1.3571428571428572
166 175 0.9285714285714286
166 960 -2.0
167 175 -1.3571428571428572
168 176 -0.9285714285714286
168 293 2.0
168 303 -0.5714285714285714
168 348 2.0
168 356 -0.9285714285714286
169 170 0.9285714285714286
169 312 0.9285714285714286
169 320 1.3571428571428572
170 171 1.7857142857142858
170 427 -1.7857142857142858
170 458 -0.9285714285714286
170 468 2.0
171 172 2.0
171 499 2.0
171 539 -1.3571428571428572
172 582 -2.0
172 622 -0.9285714285714286
173 734 -1.7857142857142858
173 744 -1.7857142857142858
173 788 2.0
174 175 2.0
174 906 -2.0
174 917 -2.0
174 960 2.0
176 231 1.3571428571428572
176 293 1.7857142857142858
176 303 1.3571428571428572
177 186 -0.5714285714285714
178 179 0.5714285714285714
178 187 -0.9285714285714286
178 188 0.5714285714285714
178 281 -0.5714285714285714
178 289 -1.7857142857142858
178 336 1.7857142857142858
178 344 -1.3571428571428572
179 180 -2.0
179 188 2.0
179 189 1.3571428571428572
179 392 -2.0
179 444 0.5714285714285714
179 454 -1.3571428571428572
180 181 -2.0
180 189 0.9285714285714286
180 190 0.5714285714285714
180 487 -0.5714285714285714
180 497 -1.7857142857142858
180 526 2.0
180 535 1.7857142857142858
181 190 -1.3571428571428572
181 579 -0.9285714285714286
181 612 1.3571428571428572
181 619 0.5714285714285714
182 183 -2.0
182 191 -1.3571428571428572
182 721 1.7857142857142858
182 763 2.0
182 774 0.9285714285714286
183 191 -1.3571428571428572
183 809 1.7857142857142858
183 819 2.0
183 860 2.0
184 185 -0.5714285714285714
184 192 -2.0
184 193 1.7857142857142858
184 988 -2.0
185 193 -1.7857142857142858
185 194 -1.3571428571428572
186 187 -1.3571428571428572
187 188 1.7857142857142858
187 227 1.7857142857142858
187 281 -0.5714285714285714
188 189 -0.5714285714285714
188 336 -0.9285714285714286
188 344 1.7857142857142858
188 392 2.0
189 190 -1.3571428571428572
189 444 2.0
189 454 1.7857142857142858
189 487 -0.9285714285714286
189 497 0.5714285714285714
190 526 -0.5714285714285714
190 535 1.3571428571428572
190 579 -2.0
191 763 1.3571428571428572
191 774 -1.7857142857142858
191 809 0.5714285714285714
191 819 1.3571428571428572
192 193 -0.5714285714285714
192 938 -1.7857142857142858
192 947 -2.0
192 988 0.5714285714285714
193 194 -1.3571428571428572
194 211 -1.7857142857142858
195 204 -1.3571428571428572
195 272 -0.9285714285714286
195 329 0.9285714285714286
196 205 0.5714285714285714
196 478 -1.3571428571428572
197 198 -0.5714285714285714
197 206 -1.3571428571428572
197 673 -1.7857142857142858
198 199 1.7857142857142858
198 207 -1.3571428571428572
198 711 -1.7857142857142858
199 200 -1.7857142857142858
199 207 -0.9285714285714286
199 208 -2.0
199 799 1.3571428571428572
199 842 0.9285714285714286
200 201 -0.5714285714285714
200 208 -2.0
200 209 1.3571428571428572
200 881 -1.3571428571428572
200 927 -2.0
201 202 0.5714285714285714
201 209 0.9285714285714286
201 210 0.5714285714285714
201 970 -2.0
202 210 2.0
202 211 -0.5714285714285714
203 212 -0.9285714285714286
203 213 0.9285714285714286
203 310 1.3571428571428572
203 365 -1.7857142857142858
204 205 -2.0
204 329 1.7857142857142858
204 383 -1.7857142857142858
205 478 -2.0
206 601 0.5714285714285714
207 208 0.9285714285714286
207 799 -1.7857142857142858
208 209 -1.3571428571428572
208 842 1.7857142857142858
208 881 -0.9285714285714286
209 210 1.7857142857142858
209 927 -1.7857142857142858
209 970 2.0
211 212 -2.0
212 213 1.7857142857142858
212 249 -0.5714285714285714
212 310 1.7857142857142858
213 365 1.7857142857142858
213 418 -2.0
214 215 2.0
214 251 1.7857142857142858
214 263 1.3571428571428572
214 312 1.3571428571428572
214 321 1.3571428571428572
215 216 0.5714285714285714
215 376 -1.3571428571428572
215 428 -0.5714285714285714
216 223 1.3571428571428572
216 458 -0.5714285714285714
216 469 -0.5714285714285714
216 499 1.7857142857142858
216 508 2.0
217 218 0.9285714285714286
217 224 -0.9285714285714286
217 692 -2.0
217 701 -2.0
217 734 -1.3571428571428572
217 745 0.5714285714285714
218 219 0.9285714285714286
218 789 -2.0
218 822 -1.3571428571428572
218 832 2.0
219 220 -1.3571428571428572
219 225 0.5714285714285714
219 862 -1.3571428571428572
219 871 1.7857142857142858
219 906 2.0
219 918 0.9285714285714286
220 221 0.9285714285714286
220 225 -1.3571428571428572
220 226 1.7857142857142858
221 226 -1.7857142857142858
221 227 0.9285714285714286
222 228 1.7857142857142858
222 229 1.7857142857142858
222 293 -2.0
222 348 0.5714285714285714
222 357 -0.5714285714285714
223 499 -2.0
223 508 -1.7857142857142858
223 539 1.3571428571428572
223 550 0.5714285714285714
224 734 -0.5714285714285714
224 745 -1.7857142857142858
224 789 -0.9285714285714286
225 226 0.5714285714285714
225 906 0.5714285714285714
225 918 -0.9285714285714286
226 227 1.3571428571428572
227 228 1.3571428571428572
228 229 -2.0
228 231 1.7857142857142858
228 240 1.3571428571428572
228 293 1.7857142857142858
229 348 -0.5714285714285714
229 357 -0.9285714285714286
229 401 -0.9285714285714286
229 409 0.9285714285714286
230 231 -2.0
231 232 2.0
231 240 0.5714285714285714
232 233 2.0
232 240 -0.9285714285714286
232 241 -0.5714285714285714
232 281 -1.7857142857142858
232 290 -2.0
232 336 0.9285714285714286
232 345 -0.9285714285714286
233 234 -1.3571428571428572
233 241 -0.5714285714285714
233 242 1.3571428571428572
233 392 2.0
233 444 -1.7857142857142858
233 455 -0.5714285714285714
234 235 -2.0
234 242 -2.0
234 243 -1.3571428571428572
234 487 -0.9285714285714286
234 526 1.3571428571428572
234 536 0.9285714285714286
235 236 -2.0
235 243 -0.9285714285714286
235 244 -2.0
235 580 -2.0
235 612 -1.3571428571428572
235 620 0.9285714285714286
236 244 -2.0
236 245 -2.0
236 647 -2.0
236 657 1.3571428571428572
236 689 -0.9285714285714286
237 238 0.5714285714285714
237 246 -1.3571428571428572
237 820 -2.0
238 247 -0.5714285714285714
238 892 -0.9285714285714286
238 904 -1.7857142857142858
238 938 -1.3571428571428572
238 948 -1.3571428571428572
239 248 -0.9285714285714286
239 249 -0.9285714285714286
240 241 2.0
240 281 2.0
240 290 0.5714285714285714
241 242 1.3571428571428572
241 336 0.5714285714285714
241 345 -0.5714285714285714
241 392 -1.7857142857142858
242 243 -2.0
242 444 0.5714285714285714
242 455 -1.3571428571428572
242 487 1.7857142857142858
243 244 -0.9285714285714286
243 526 2.0
243 536 -1.3571428571428572
243 580 -2.0
244 245 0.5714285714285714
244 612 -1.7857142857142858
244 620 1.3571428571428572
244 647 -0.9285714285714286
244 657 2.0
245 246 -1.3571428571428572
245 731 2.0
246 763 1.3571428571428572
246 775 0.5714285714285714
246 809 0.9285714285714286
246 820 1.3571428571428572
247 248 -2.0
247 938 0.9285714285714286
247 948 -0.5714285714285714
247 989 -0.5714285714285714
248 249 -1.7857142857142858
250 251 -0.9285714285714286
250 262 1.7857142857142858
251 252 -0.9285714285714286
251 263 -0.5714285714285714
252 253 -1.7857142857142858
252 263 0.5714285714285714
252 264 2.0
252 273 1.7857142857142858
252 330 1.7857142857142858
253 264 -0.9285714285714286
253 265 1.7857142857142858
253 436 0.5714285714285714
254 255 -0.5714285714285714
254 265 -2.0
254 266 -0.9285714285714286
254 479 -0.9285714285714286
254 517 -1.7857142857142858
255 256 0.5714285714285714
255 266 2.0
255 267 -0.9285714285714286
255 602 2.0
256 257 0.5714285714285714
256 267 1.7857142857142858
256 268 -0.5714285714285714
256 637 1.7857142857142858
256 674 -2.0
257 258 -0.5714285714285714
257 268 0.5714285714285714
257 712 1.7857142857142858
257 753 1.7857142857142858
258 259 -1.3571428571428572
258 269 -0.5714285714285714
258 800 -1.7857142857142858
258 843 -0.9285714285714286
259 260 -0.9285714285714286
259 269 1.7857142857142858
259 270 0.5714285714285714
259 882 -0.5714285714285714
259 928 -0.9285714285714286
260 261 0.9285714285714286
260 270 -2.0
260 271 1.3571428571428572
260 971 -0.9285714285714286
261 272 0.5714285714285714
262 263 -0.5714285714285714
263 264 0.9285714285714286
263 273 1.3571428571428572
264 265 2.0
264 330 1.7857142857142858
265 266 2.0
265 436 -0.9285714285714286
265 479 -0.5714285714285714
266 267 1.3571428571428572
266 517 -0.9285714285714286
267 268 -2.0
267 602 1.7857142857142858
267 637 2.0
268 674 1.3571428571428572
268 712 -0.9285714285714286
269 270 2.0
269 843 -0.5714285714285714
269 882 -0.9285714285714286
270 271 2.0
270 928 -0.9285714285714286
270 971 -1.3571428571428572
271 272 1.7857142857142858
273 274 0.9285714285714286
273 313 0.9285714285714286
273 321 -1.3571428571428572
274 275 -0.5714285714285714
274 283 -2.0
274 284 -1.7857142857142858
274 376 -1.7857142857142858
274 428 2.0
275 284 -0.5714285714285714
275 285 -0.5714285714285714
275 459 1.7857142857142858
275 469 -1.7857142857142858
275 500 -1.3571428571428572
275 508 1.3571428571428572
276 285 1.7857142857142858
276 286 2.0
276 540 2.0
276 550 -1.3571428571428572
276 583 0.9285714285714286
276 593 1.7857142857142858
277 278 -1.7857142857142858
277 701 1.3571428571428572
277 735 -0.9285714285714286
277 745 -2.0
278 279 1.3571428571428572
278 287 -0.5714285714285714
278 778 0.5714285714285714
278 789 -0.5714285714285714
278 832 2.0
279 280 1.7857142857142858
279 863 -1.3571428571428572
279 871 1.7857142857142858
279 907 2.0
279 918 -2.0
280 288 0.5714285714285714
280 951 -0.5714285714285714
281 282 1.7857142857142858
281 289 -0.9285714285714286
281 290 -1.3571428571428572
282 290 1.7857142857142858
282 291 -1.3571428571428572
282 294 0.5714285714285714
282 349 1.3571428571428572
282 357 2.0
283 284 0.9285714285714286
283 313 -1.7857142857142858
283 321 -1.3571428571428572
283 376 -0.5714285714285714
284 285 0.5714285714285714
284 420 1.7857142857142858
284 428 2.0
284 459 -0.5714285714285714
284 469 -1.3571428571428572
285 286 -0.9285714285714286
285 500 -0.9285714285714286
285 508 2.0
285 540 -0.9285714285714286
285 550 -0.5714285714285714
286 583 0.5714285714285714
286 593 -1.3571428571428572
287 832 -2.0
287 863 1.3571428571428572
287 871 -0.9285714285714286
288 289 -0.5714285714285714
289 290 -0.5714285714285714
290 291 1.7857142857142858
290 294 0.5714285714285714
291 349 2.0
291 357 -2.0
291 409 1.3571428571428572
292 293 -1.7857142857142858
292 303 0.9285714285714286
293 294 1.3571428571428572
293 303 1.7857142857142858
294 295 1.7857142857142858
294 304 1.7857142857142858
294 337 0.9285714285714286
294 345 -2.0
295 296 0.5714285714285714
295 304 2.0
295 393 1.3571428571428572
295 445 -0.9285714285714286
295 455 -0.5714285714285714
296 297 1.7857142857142858
296 305 1.3571428571428572
296 488 2.0
296 527 -1.7857142857142858
296 536 -1.3571428571428572
297 298 2.0
297 305 0.5714285714285714
297 306 -1.3571428571428572
297 570 0.5714285714285714
297 620 0.9285714285714286
298 299 0.9285714285714286
298 306 -1.3571428571428572
298 307 2.0
298 648 2.0
298 657 0.5714285714285714
298 689 1.3571428571428572
299 300 1.3571428571428572
299 307 1.7857142857142858
299 722 0.5714285714285714
299 731 1.7857142857142858
299 764 0.5714285714285714
299 775 -0.9285714285714286
300 301 2.0
300 810 0.5714285714285714
300 820 -0.5714285714285714
300 852 -1.7857142857142858
301 302 0.9285714285714286
301 308 -1.3571428571428572
301 893 -0.5714285714285714
301 904 1.3571428571428572
301 939 -1.3571428571428572
301 948 -0.9285714285714286
302 308 -1.3571428571428572
302 309 -0.5714285714285714
302 989 -0.9285714285714286
304 337 -1.3571428571428572
304 345 0.5714285714285714
304 393 -0.9285714285714286
305 306 1.3571428571428572
305 527 1.7857142857142858
305 536 -1.7857142857142858
305 570 -2.0
305 580 0.5714285714285714
306 307 0.5714285714285714
306 620 2.0
306 648 0.5714285714285714
307 689 -1.3571428571428572
307 722 0.5714285714285714
307 731 2.0
308 309 -0.5714285714285714
308 939 2.0
308 948 2.0
308 989 -0.9285714285714286
309 310 1.7857142857142858
311 312 -1.3571428571428572
311 320 1.3571428571428572
312 313 -1.3571428571428572
312 320 -0.5714285714285714
312 321 0.5714285714285714
313 314 0.9285714285714286
313 321 0.5714285714285714
313 322 -1.7857142857142858
313 330 -1.7857142857142858
313 338 1.7857142857142858
314 322 -1.3571428571428572
314 323 1.3571428571428572
314 436 2.0
314 446 0.5714285714285714
315 316 -2.0
315 326 -1.7857142857142858
315 712 -2.0
315 723 -1.3571428571428572
315 753 0.9285714285714286
315 765 -1.3571428571428572
316 317 -2.0
316 327 -0.9285714285714286
316 800 -0.5714285714285714
316 811 0.5714285714285714
316 843 1.3571428571428572
317 318 -0.5714285714285714
317 327 2.0
317 882 0.5714285714285714
317 894 -2.0
317 928 1.7857142857142858
317 940 1.3571428571428572
318 319 -0.9285714285714286
318 328 -0.9285714285714286
318 971 1.3571428571428572
319 328 0.9285714285714286
319 329 1.3571428571428572
320 321 0.5714285714285714
321 322 2.0
322 323 -1.7857142857142858
322 330 -2.0
322 338 -2.0
323 324 -0.5714285714285714
323 436 0.9285714285714286
323 446 0.9285714285714286
323 479 -1.7857142857142858
323 489 2.0
324 325 -1.7857142857142858
324 517 1.7857142857142858
324 528 -0.9285714285714286
325 326 0.5714285714285714
325 602 2.0
325 613 -0.9285714285714286
325 637 -1.7857142857142858
325 649 0.5714285714285714
326 674 1.3571428571428572
326 712 -1.7857142857142858
326 723 0.5714285714285714
327 843 -1.7857142857142858
327 882 0.5714285714285714
327 894 0.5714285714285714
330 331 -0.5714285714285714
330 338 2.0
331 338 -0.9285714285714286
331 339 0.9285714285714286
331 377 1.3571428571428572
331 420 -1.3571428571428572
331 429 1.7857142857142858
332 341 2.0
332 702 2.0
332 746 -0.5714285714285714
333 334 -2.0
333 342 -0.5714285714285714
333 863 -1.7857142857142858
333 872 1.3571428571428572
333 907 -2.0
333 919 -0.9285714285714286
334 335 -1.3571428571428572
334 342 1.7857142857142858
334 343 -0.5714285714285714
334 951 2.0
334 961 2.0
335 336 0.9285714285714286
335 343 -1.3571428571428572
335 344 0.5714285714285714
336 337 -2.0
336 345 -2.0
337 345 0.9285714285714286
337 346 1.3571428571428572
337 349 1.7857142857142858
337 358 -1.7857142857142858
338 339 0.5714285714285714
338 377 1.3571428571428572
339 420 0.9285714285714286
339 429 -1.7857142857142858
339 459 0.9285714285714286
340 583 1.7857142857142858
341 735 -2.0
341 746 -0.5714285714285714
341 778 -0.5714285714285714
341 790 0.9285714285714286
342 343 1.3571428571428572
342 907 -2.0
342 919 1.7857142857142858
342 951 0.9285714285714286
342 961 -0.5714285714285714
343 344 1.3571428571428572
344 345 -0.5714285714285714
345 346 -2.0
346 349 -1.7857142857142858
346 358 -1.7857142857142858
346 410 0.5714285714285714
347 348 1.7857142857142858
347 356 -2.0
348 349 -1.7857142857142858
348 356 0.5714285714285714
349 350 -0.9285714285714286
349 357 2.0
349 358 -0.9285714285714286
350 358 -2.0
350 359 -1.7857142857142858
350 445 -2.0
350 456 2.0
351 360 0.9285714285714286
351 361 -1.3571428571428572
351 570 -1.3571428571428572
351 621 2.0
352 353 -1.3571428571428572
352 362 1.3571428571428572
352 722 -0.5714285714285714
352 732 -1.7857142857142858
352 764 -0.5714285714285714
352 776 -1.3571428571428572
353 362 0.5714285714285714
353 363 2.0
353 810 -0.5714285714285714
353 852 -0.9285714285714286
353 861 1.3571428571428572
354 355 2.0
354 364 0.5714285714285714
355 365 1.3571428571428572
356 357 -0.9285714285714286
357 358 -1.3571428571428572
358 359 -2.0
358 393 1.3571428571428572
359 360 -0.5714285714285714
359 445 0.9285714285714286
359 456 2.0
359 488 0.5714285714285714
360 361 -0.5714285714285714
360 527 1.7857142857142858
360 537 -0.5714285714285714
360 570 0.5714285714285714
361 621 -0.9285714285714286
361 648 1.3571428571428572
361 658 -2.0
362 363 -1.7857142857142858
362 764 1.7857142857142858
362 776 -1.3571428571428572
362 810 -1.7857142857142858
363 364 0.9285714285714286
363 852 -0.5714285714285714
363 861 -0.9285714285714286
363 893 0.9285714285714286
363 905 0.9285714285714286
364 949 1.3571428571428572
366 375 1.7857142857142858
367 368 -2.0
367 377 0.5714285714285714
367 378 1.7857142857142858
367 384 -0.9285714285714286
367 437 -2.0
367 446 -2.0
368 369 0.5714285714285714
368 378 0.5714285714285714
368 489 0.5714285714285714
368 528 0.9285714285714286
369 370 2.0
369 379 -0.5714285714285714
369 561 -0.5714285714285714
369 603 -1.3571428571428572
369 613 2.0
370 371 0.9285714285714286
370 379 -1.3571428571428572
370 638 -1.7857142857142858
370 649 0.9285714285714286
370 675 -1.3571428571428572
371 713 2.0
371 723 -0.5714285714285714
371 754 1.7857142857142858
371 765 1.3571428571428572
372 373 1.7857142857142858
372 380 -1.3571428571428572
372 381 0.5714285714285714
372 883 1.7857142857142858
372 929 -2.0
372 940 2.0
373 374 0.5714285714285714
373 381 -0.9285714285714286
373 382 -1.3571428571428572
374 382 -1.7857142857142858
374 383 -0.9285714285714286
375 376 0.9285714285714286
376 377 -0.9285714285714286
377 378 -1.7857142857142858
377 384 2.0
378 437 2.0
378 446 2.0
379 603 0.9285714285714286
379 613 -0.5714285714285714
379 638 1.7857142857142858
379 649 -1.3571428571428572
380 381 -1.7857142857142858
380 883 -1.7857142857142858
380 894 0.5714285714285714
381 382 0.9285714285714286
381 929 -0.5714285714285714
381 940 1.3571428571428572
382 383 2.0
384 385 1.7857142857142858
384 394 -2.0
384 421 -2.0
384 429 2.0
385 386 1.7857142857142858
385 394 1.7857142857142858
385 395 1.7857142857142858
385 460 -1.3571428571428572
385 470 -0.5714285714285714
385 501 -0.9285714285714286
385 509 2.0
386 387 -1.7857142857142858
386 395 -0.9285714285714286
386 396 -0.5714285714285714
386 541 0.9285714285714286
386 551 0.5714285714285714
386 584 -0.9285714285714286
387 388 0.9285714285714286
387 396 1.3571428571428572
387 623 0.9285714285714286
387 659 -1.3571428571428572
388 397 -0.5714285714285714
388 693 1.3571428571428572
388 702 0.9285714285714286
389 390 -1.7857142857142858
389 398 -1.7857142857142858
389 872 -1.7857142857142858
389 908 1.3571428571428572
389 919 1.7857142857142858
390 391 2.0
390 398 1.3571428571428572
390 399 -2.0
390 952 -1.3571428571428572
390 961 0.5714285714285714
391 392 1.3571428571428572
391 399 0.5714285714285714
392 393 0.9285714285714286
394 395 -2.0
394 421 -2.0
394 429 -1.3571428571428572
394 460 -1.3571428571428572
394 470 -1.3571428571428572
395 396 -0.5714285714285714
395 501 1.3571428571428572
395 509 1.3571428571428572
395 541 2.0
395 551 -1.7857142857142858
396 584 0.5714285714285714
396 623 2.0
397 736 -0.5714285714285714
397 746 -2.0
397 790 0.5714285714285714
398 399 -2.0
398 908 -1.3571428571428572
398 919 1.3571428571428572
398 952 -0.9285714285714286
398 961 -1.3571428571428572
400 401 1.7857142857142858
401 409 1.7857142857142858
402 410 0.5714285714285714
402 411 1.3571428571428572
402 456 1.3571428571428572
403 404 -2.0
403 412 -0.9285714285714286
403 621 -2.0
404 405 -1.7857142857142858
404 412 0.9285714285714286
404 413 -0.9285714285714286
404 658 -1.3571428571428572
404 690 2.0
405 406 0.9285714285714286
405 413 0.9285714285714286
405 414 1.3571428571428572
405 732 1.7857142857142858
405 776 -0.9285714285714286
406 414 1.7857142857142858
406 415 -0.5714285714285714
406 861 2.0
407 408 1.7857142857142858
407 416 -0.9285714285714286
407 417 1.7857142857142858
408 417 -0.5714285714285714
408 418 1.7857142857142858
409 410 2.0
410 411 1.3571428571428572
411 456 -0.5714285714285714
412 413 -1.3571428571428572
412 621 2.0
412 658 -2.0
413 414 0.5714285714285714
413 690 -2.0
413 732 -2.0
414 415 -2.0
414 776 -1.7857142857142858
415 416 0.5714285714285714
415 861 -2.0
415 905 1.7857142857142858
416 417 -2.0
416 949 -0.9285714285714286
417 418 1.7857142857142858
419 427 -1.7857142857142858
420 421 -0.5714285714285714
420 428 1.3571428571428572
420 429 2.0
421 422 -1.7857142857142858
421 429 -2.0
421 430 2.0
421 437 -1.3571428571428572
421 447 -0.5714285714285714
422 430 0.9285714285714286
422 431 1.3571428571428572
422 518 0.5714285714285714
422 529 1.7857142857142858
423 432 0.5714285714285714
423 433 -2.0
423 638 -1.7857142857142858
423 650 0.5714285714285714
423 675 -1.3571428571428572
424 425 -1.3571428571428572
424 435 -0.5714285714285714
424 883 -1.3571428571428572
424 895 2.0
424 929 0.9285714285714286
424 941 1.3571428571428572
425 426 -1.3571428571428572
425 435 -2.0
425 980 1.3571428571428572
427 428 -0.9285714285714286
428 429 -0.5714285714285714
429 430 2.0
430 431 -0.5714285714285714
430 437 1.3571428571428572
430 447 1.7857142857142858
430 490 -0.5714285714285714
431 432 -0.5714285714285714
431 518 1.7857142857142858
431 529 -2.0
431 561 0.5714285714285714
431 571 1.3571428571428572
432 433 -0.9285714285714286
432 603 -0.5714285714285714
432 614 -1.7857142857142858
432 638 -1.3571428571428572
432 650 2.0
433 434 0.5714285714285714
433 675 -0.9285714285714286
433 713 -1.7857142857142858
433 724 1.3571428571428572
434 754 -1.7857142857142858
434 766 0.9285714285714286
434 801 1.7857142857142858
434 812 -0.5714285714285714
435 929 1.3571428571428572
435 941 -0.9285714285714286
435 980 -0.9285714285714286
436 437 2.0
436 446 -0.5714285714285714
437 438 -0.9285714285714286
437 446 0.9285714285714286
437 447 1.3571428571428572
438 439 -0.5714285714285714
438 447 -0.9285714285714286
438 448 0.9285714285714286
438 460 2.0
438 471 -2.0
438 501 -2.0
438 510 -0.9285714285714286
439 440 2.0
439 448 -2.0
439 449 0.9285714285714286
439 541 -0.5714285714285714
439 552 -0.9285714285714286
439 594 2.0
440 441 -2.0
440 449 -2.0
440 450 1.3571428571428572
440 623 -2.0
440 630 0.9285714285714286
440 659 -2.0
440 668 -0.9285714285714286
441 442 1.7857142857142858
441 450 -0.5714285714285714
441 451 -1.7857142857142858
441 703 0.5714285714285714
441 736 -1.7857142857142858
441 747 -1.7857142857142858
442 443 1.3571428571428572
442 779 0.9285714285714286
442 791 0.5714285714285714
442 834 -0.9285714285714286
443 452 -2.0
443 864 1.3571428571428572
443 873 -0.9285714285714286
443 908 0.9285714285714286
443 920 0.9285714285714286
444 445 1.7857142857142858
444 454 0.9285714285714286
444 455 -1.3571428571428572
445 455 0.5714285714285714
445 456 2.0
446 447 -1.7857142857142858
447 448 -0.5714285714285714
447 460 0.5714285714285714
447 471 -1.7857142857142858
448 449 -0.9285714285714286
448 501 1.3571428571428572
448 510 -1.3571428571428572
448 541 -1.7857142857142858
448 552 0.9285714285714286
449 450 -1.7857142857142858
449 584 -2.0
449 594 -0.9285714285714286
449 623 -1.3571428571428572
449 630 2.0
450 451 0.5714285714285714
450 659 -0.5714285714285714
450 693 1.3571428571428572
450 703 -1.3571428571428572
451 736 1.3571428571428572
451 747 0.5714285714285714
452 453 -1.3571428571428572
452 908 -0.9285714285714286
452 920 -1.3571428571428572
452 952 -0.5714285714285714
452 962 2.0
453 454 2.0
454 455 1.3571428571428572
455 456 -1.3571428571428572
457 458 -2.0
457 468 2.0
458 459 1.7857142857142858
458 468 -1.7857142857142858
458 469 2.0
459 460 1.3571428571428572
459 469 1.3571428571428572
459 470 1.7857142857142858
460 461 0.5714285714285714
460 470 -2.0
460 471 1.3571428571428572
461 462 1.3571428571428572
461 471 -1.7857142857142858
461 472 2.0
461 480 -1.7857142857142858
461 490 -2.0
461 519 0.5714285714285714
461 529 2.0
462 472 1.7857142857142858
462 473 0.5714285714285714
462 562 -1.7857142857142858
462 571 -0.5714285714285714
462 604 0.5714285714285714
462 614 -2.0
463 464 -0.9285714285714286
463 474 -0.5714285714285714
463 475 -0.5714285714285714
463 714 -0.9285714285714286
463 724 -1.3571428571428572
463 755 2.0
463 766 2.0
464 465 2.0
464 475 0.9285714285714286
464 476 2.0
464 802 2.0
464 812 1.3571428571428572
464 844 0.5714285714285714
464 853 -0.9285714285714286
465 466 -1.3571428571428572
465 476 0.9285714285714286
465 884 -1.7857142857142858
465 895 -0.5714285714285714
465 930 -0.5714285714285714
465 941 2.0
466 467 -1.7857142857142858
466 477 1.7857142857142858
466 972 -0.9285714285714286
466 980 1.3571428571428572
467 477 1.7857142857142858
467 478 -1.3571428571428572
468 469 2.0
469 470 0.9285714285714286
471 472 1.3571428571428572
471 480 -2.0
471 490 -0.5714285714285714
472 473 -1.3571428571428572
472 519 -0.5714285714285714
472 529 -0.5714285714285714
472 562 1.7857142857142858
472 571 -1.7857142857142858
473 474 1.7857142857142858
473 604 -0.9285714285714286
473 614 2.0
473 639 1.7857142857142858
473 650 -2.0
474 475 0.5714285714285714
474 676 -0.5714285714285714
474 714 -0.9285714285714286
474 724 2.0
475 476 -0.9285714285714286
475 755 -1.7857142857142858
475 766 -1.7857142857142858
475 802 -0.9285714285714286
475 812 0.5714285714285714
476 844 1.3571428571428572
476 853 -1.7857142857142858
476 884 0.5714285714285714
476 895 1.7857142857142858
477 478 2.0
479 489 -1.3571428571428572
480 481 0.5714285714285714
480 490 1.3571428571428572
480 491 1.3571428571428572
480 510 0.5714285714285714
481 482 1.3571428571428572
481 491 2.0
481 492 -2.0
481 542 1.3571428571428572
481 552 1.3571428571428572
481 585 2.0
481 594 -0.5714285714285714
482 483 1.7857142857142858
482 492 2.0
482 624 2.0
482 630 -1.7857142857142858
482 660 -2.0
482 668 -0.9285714285714286
483 484 -0.5714285714285714
483 493 -1.7857142857142858
483 703 1.3571428571428572
483 737 -0.5714285714285714
483 747 1.7857142857142858
484 485 1.3571428571428572
484 493 2.0
484 494 1.3571428571428572
484 780 -1.7857142857142858
484 791 1.7857142857142858
484 824 -2.0
484 834 2.0
485 486 -0.5714285714285714
485 494 -0.9285714285714286
485 495 0.5714285714285714
485 873 -1.7857142857142858
485 909 -1.3571428571428572
485 920 2.0
486 495 0.5714285714285714
486 496 1.7857142857142858
486 953 -1.7857142857142858
486 962 -1.3571428571428572
487 488 0.9285714285714286
487 497 -1.7857142857142858
489 490 2.0
490 491 2.0
491 510 -2.0
491 542 2.0
491 552 0.9285714285714286
492 585 -1.7857142857142858
492 594 0.9285714285714286
492 624 -0.9285714285714286
492 630 -0.5714285714285714
493 494 -1.7857142857142858
493 737 1.7857142857142858
493 780 -1.3571428571428572
493 791 -0.5714285714285714
494 495 1.7857142857142858
494 824 -1.3571428571428572
494 834 2.0
494 873 -1.3571428571428572
495 496 1.3571428571428572
495 909 -2.0
495 920 -0.5714285714285714
495 953 -0.9285714285714286
495 962 -2.0
496 497 0.9285714285714286
498 499 0.9285714285714286
499 500 -2.0
499 508 -0.5714285714285714
500 508 1.3571428571428572
500 509 -1.3571428571428572
501 502 -0.5714285714285714
501 509 -0.9285714285714286
501 510 -2.0
502 503 -2.0
502 510 -2.0
502 511 -1.7857142857142858
502 519 1.3571428571428572
502 530 -1.7857142857142858
503 504 -0.9285714285714286
503 511 2.0
503 512 1.7857142857142858
503 562 2.0
503 572 2.0
503 615 -1.7857142857142858
504 512 -1.3571428571428572
504 513 0.9285714285714286
504 639 0.9285714285714286
504 651 -2.0
504 676 0.5714285714285714
504 682 -0.5714285714285714
505 506 1.3571428571428572
505 515 -0.5714285714285714
505 516 -1.7857142857142858
505 884 -0.9285714285714286
505 896 -1.3571428571428572
505 930 1.3571428571428572
505 942 2.0
506 507 -1.3571428571428572
506 516 -1.3571428571428572
506 972 -1.7857142857142858
506 981 1.7857142857142858
509 510 1.3571428571428572
510 511 2.0
511 512 0.9285714285714286
511 519 2.0
511 530 0.5714285714285714
511 562 -1.3571428571428572
511 572 1.7857142857142858
512 513 -2.0
512 604 0.5714285714285714
512 615 -1.3571428571428572
512 639 -1.3571428571428572
512 651 -2.0
513 514 -1.3571428571428572
513 676 0.5714285714285714
513 682 1.7857142857142858
513 714 0.5714285714285714
513 725 1.7857142857142858
514 515 0.5714285714285714
514 755 1.3571428571428572
514 767 -0.5714285714285714
515 516 1.7857142857142858
515 844 0.9285714285714286
515 854 1.7857142857142858
515 884 0.5714285714285714
515 896 -2.0
516 930 -1.3571428571428572
516 942 -1.3571428571428572
516 972 -0.5714285714285714
516 981 1.7857142857142858
517 518 1.3571428571428572
517 528 -1.3571428571428572
518 519 2.0
518 528 2.0
518 529 2.0
519 520 2.0
519 529 -0.9285714285714286
519 530 0.5714285714285714
520 521 1.7857142857142858
520 530 0.5714285714285714
520 531 -1.7857142857142858
520 542 -1.7857142857142858
520 553 -1.7857142857142858
520 585 -0.5714285714285714
521 522 -2.0
521 531 0.5714285714285714
521 624 -0.9285714285714286
521 631 -2.0
521 660 -1.7857142857142858
522 532 -2.0
522 704 1.3571428571428572
522 737 2.0
522 748 2.0
523 524 0.5714285714285714
523 533 2.0
523 534 2.0
523 874 -0.5714285714285714
523 909 0.9285714285714286
523 921 0.5714285714285714
524 525 2.0
524 534 -1.3571428571428572
524 953 -1.3571428571428572
524 963 0.5714285714285714
525 526 0.5714285714285714
525 535 -0.5714285714285714
526 535 1.3571428571428572
526 536 2.0
527 536 -0.9285714285714286
527 537 -1.3571428571428572
528 529 0.9285714285714286
529 530 -0.9285714285714286
530 531 -2.0
530 542 2.0
530 553 -1.7857142857142858
531 585 -0.5714285714285714
531 624 1.7857142857142858
531 631 0.5714285714285714
532 533 -1.3571428571428572
532 737 -2.0
532 748 1.7857142857142858
532 780 -0.5714285714285714
533 534 1.7857142857142858
533 824 1.7857142857142858
533 835 -0.9285714285714286
533 874 2.0
534 909 -0.9285714285714286
534 921 2.0
534 953 0.5714285714285714
534 963 2.0
535 536 1.7857142857142858
536 537 -1.3571428571428572
538 539 1.3571428571428572
539 540 2.0
539 550 -2.0
540 541 2.0
540 550 -0.9285714285714286
540 551 -2.0
541 542 1.3571428571428572
541 551 0.9285714285714286
541 552 2.0
542 543 2.0
542 552 -0.9285714285714286
542 553 1.7857142857142858
543 544 1.7857142857142858
543 553 0.9285714285714286
543 554 -1.3571428571428572
543 563 1.3571428571428572
543 572 -2.0
543 605 -1.7857142857142858
543 615 -0.5714285714285714
544 545 -0.5714285714285714
544 554 0.9285714285714286
544 555 -0.5714285714285714
544 640 -2.0
544 651 -1.3571428571428572
544 677 0.5714285714285714
544 682 -0.5714285714285714
545 546 -1.7857142857142858
545 555 -1.7857142857142858
545 556 -1.3571428571428572
545 725 -1.7857142857142858
545 756 1.3571428571428572
545 767 -0.9285714285714286
546 547 0.9285714285714286
546 556 2.0
546 557 -0.9285714285714286
546 803 -0.9285714285714286
546 845 0.9285714285714286
546 854 2.0
547 548 -2.0
547 557 -1.3571428571428572
547 558 0.5714285714285714
547 885 -0.5714285714285714
547 896 -1.7857142857142858
547 931 1.3571428571428572
547 942 2.0
548 549 1.3571428571428572
548 558 0.9285714285714286
548 559 -1.7857142857142858
548 973 2.0
548 981 -1.7857142857142858
549 559 -1.3571428571428572
549 560 -1.7857142857142858
550 551 -1.3571428571428572
551 552 0.9285714285714286
552 553 -1.3571428571428572
553 554 -1.3571428571428572
553 563 -1.3571428571428572
553 572 -0.9285714285714286
554 555 -2.0
554 605 -0.9285714285714286
554 615 2.0
554 640 0.5714285714285714
554 651 0.5714285714285714
555 556 0.5714285714285714
555 677 -1.7857142857142858
555 682 -1.7857142857142858
555 725 0.5714285714285714
556 557 0.9285714285714286
556 756 1.7857142857142858
556 767 -0.9285714285714286
556 803 0.5714285714285714
557 558 0.9285714285714286
557 845 0.9285714285714286
557 854 -0.9285714285714286
557 885 -1.3571428571428572
557 896 2.0
558 559 -0.5714285714285714
558 931 1.3571428571428572
558 942 -2.0
558 973 0.9285714285714286
558 981 -0.5714285714285714
559 560 -1.7857142857142858
561 562 -0.5714285714285714
561 571 0.9285714285714286
562 563 -1.3571428571428572
562 571 -2.0
562 572 1.3571428571428572
563 564 -0.5714285714285714
563 572 0.9285714285714286
563 573 1.3571428571428572
563 586 -0.5714285714285714
564 565 -0.9285714285714286
564 573 1.3571428571428572
564 574 2.0
564 625 -1.7857142857142858
564 631 0.9285714285714286
564 661 0.9285714285714286
565 566 2.0
565 574 2.0
565 575 -2.0
565 704 -2.0
565 738 0.9285714285714286
565 748 1.7857142857142858
566 567 2.0
566 575 -1.3571428571428572
566 576 0.5714285714285714
566 781 2.0
566 792 2.0
566 825 -1.3571428571428572
566 835 1.3571428571428572
567 568 -0.9285714285714286
567 577 -1.7857142857142858
567 865 -0.9285714285714286
567 910 0.5714285714285714
568 569 -2.0
568 577 -0.5714285714285714
568 578 -1.7857142857142858
568 954 0.9285714285714286
568 963 -0.5714285714285714
569 578 -0.5714285714285714
569 579 -2.0
570 580 1.3571428571428572
571 572 -1.3571428571428572
572 573 -1.3571428571428572
573 574 -2.0
573 586 0.5714285714285714
573 625 2.0
573 631 -0.5714285714285714
574 575 0.9285714285714286
574 661 2.0
574 704 -0.5714285714285714
575 576 0.5714285714285714
575 738 -0.9285714285714286
575 748 1.7857142857142858
575 781 -1.3571428571428572
575 792 -1.3571428571428572
576 577 1.3571428571428572
576 825 1.7857142857142858
576 835 -1.7857142857142858
576 865 1.3571428571428572
576 874 -0.9285714285714286
577 578 -2.0
577 910 1.7857142857142858
577 921 2.0
577 954 1.3571428571428572
577 963 1.3571428571428572
578 579 -1.3571428571428572
579 580 -1.3571428571428572
581 582 -0.9285714285714286
582 583 0.9285714285714286
582 593 -0.5714285714285714
583 584 -1.7857142857142858
583 593 0.5714285714285714
584 585 1.3571428571428572
584 594 -2.0
585 586 1.7857142857142858
585 594 -2.0
586 587 -1.3571428571428572
586 595 1.7857142857142858
586 605 1.7857142857142858
587 595 -1.3571428571428572
587 596 -0.9285714285714286
587 640 0.5714285714285714
587 652 2.0
587 677 1.3571428571428572
587 683 -2.0
588 589 -1.3571428571428572
588 596 -0.5714285714285714
588 597 -1.7857142857142858
588 726 -0.5714285714285714
588 756 2.0
588 768 -0.9285714285714286
589 590 0.5714285714285714
589 597 -2.0
589 598 2.0
589 803 -0.5714285714285714
589 813 -0.9285714285714286
589 845 -1.3571428571428572
589 855 -1.7857142857142858
590 591 -0.9285714285714286
590 598 2.0
590 599 -1.7857142857142858
590 885 1.3571428571428572
590 897 -0.9285714285714286
590 931 -2.0
590 943 2.0
591 592 1.7857142857142858
591 599 -2.0
591 600 -2.0
591 982 -1.7857142857142858
592 600 0.5714285714285714
592 601 1.7857142857142858
595 596 -0.9285714285714286
595 605 -0.9285714285714286
595 652 -2.0
596 597 2.0
596 726 0.9285714285714286
597 598 1.3571428571428572
597 756 -1.3571428571428572
597 768 -0.9285714285714286
597 813 1.7857142857142858
598 599 -2.0
598 845 -2.0
598 855 2.0
598 885 0.5714285714285714
598 897 -0.9285714285714286
599 600 -0.9285714285714286
599 931 -1.7857142857142858
599 943 0.9285714285714286
599 973 0.5714285714285714
599 982 -0.5714285714285714
600 601 -2.0
602 613 -0.5714285714285714
603 604 1.3571428571428572
603 613 0.9285714285714286
603 614 1.3571428571428572
604 605 -0.9285714285714286
604 614 1.7857142857142858
604 615 -0.9285714285714286
605 606 -1.7857142857142858
605 615 -1.7857142857142858
606 607 -0.5714285714285714
606 625 1.7857142857142858
606 632 1.7857142857142858
606 661 0.9285714285714286
607 608 -1.7857142857142858
607 616 -0.9285714285714286
607 705 1.7857142857142858
607 738 0.9285714285714286
608 609 -0.5714285714285714
608 616 1.3571428571428572
608 617 2.0
608 781 -0.9285714285714286
608 793 -1.3571428571428572
608 825 0.9285714285714286
608 836 -2.0
609 610 -1.3571428571428572
609 617 1.7857142857142858
609 618 -1.7857142857142858
609 865 2.0
609 875 -1.3571428571428572
609 910 -0.5714285714285714
609 922 -0.5714285714285714
610 611 0.5714285714285714
610 618 -0.9285714285714286
610 954 0.5714285714285714
610 964 1.7857142857142858
611 612 -0.5714285714285714
611 619 1.3571428571428572
612 619 2.0
612 620 1.7857142857142858
613 614 0.5714285714285714
614 615 0.5714285714285714
616 738 0.9285714285714286
616 781 -0.5714285714285714
616 793 0.5714285714285714
617 618 2.0
617 825 2.0
617 836 -1.7857142857142858
617 865 -1.3571428571428572
617 875 -0.5714285714285714
618 910 1.3571428571428572
618 922 -1.7857142857142858
618 954 0.5714285714285714
618 964 -0.9285714285714286
619 620 2.0
620 621 1.7857142857142858
623 624 1.7857142857142858
623 630 -0.9285714285714286
624 625 -1.7857142857142858
624 630 1.7857142857142858
624 631 0.9285714285714286
625 631 -1.7857142857142858
625 632 0.9285714285714286
626 627 -0.9285714285714286
626 633 0.5714285714285714
626 634 -0.9285714285714286
626 715 -2.0
626 726 0.9285714285714286
626 757 2.0
626 768 -2.0
627 634 -0.5714285714285714
627 804 0.5714285714285714
627 813 -0.9285714285714286
627 846 -0.5714285714285714
627 855 -1.7857142857142858
628 629 1.3571428571428572
628 636 -0.5714285714285714
628 974 0.9285714285714286
628 982 -1.7857142857142858
629 636 -0.9285714285714286
630 631 -1.3571428571428572
631 632 1.3571428571428572
632 633 -1.3571428571428572
632 641 1.3571428571428572
632 652 0.9285714285714286
633 634 -1.3571428571428572
633 683 -1.7857142857142858
633 715 2.0
633 726 1.3571428571428572
634 757 0.5714285714285714
634 768 -0.9285714285714286
634 804 -1.3571428571428572
635 636 0.9285714285714286
635 932 -1.7857142857142858
635 943 -0.5714285714285714
635 974 0.5714285714285714
635 982 -1.7857142857142858
637 638 -2.0
637 649 1.3571428571428572
638 639 -2.0
638 649 -1.3571428571428572
638 650 -0.9285714285714286
639 640 0.9285714285714286
639 650 -1.7857142857142858
639 651 -0.9285714285714286
640 641 -2.0
640 651 0.9285714285714286
640 652 -2.0
641 642 1.3571428571428572
641 652 0.5714285714285714
641 653 -1.3571428571428572
641 662 -1.7857142857142858
642 653 1.3571428571428572
642 654 -2.0
642 694 1.7857142857142858
642 705 1.7857142857142858
643 644 0.9285714285714286
643 654 -0.5714285714285714
643 782 -0.5714285714285714
643 793 -1.7857142857142858
643 826 0.9285714285714286
643 836 0.5714285714285714
644 645 -0.9285714285714286
644 866 1.3571428571428572
644 875 0.9285714285714286
644 922 -0.5714285714285714
645 646 -1.7857142857142858
645 655 0.5714285714285714
645 955 -2.0
645 964 -0.9285714285714286
646 647 1.7857142857142858
646 655 -1.3571428571428572
646 656 -0.9285714285714286
647 648 -1.7857142857142858
647 656 -0.9285714285714286
647 657 0.9285714285714286
648 657 0.9285714285714286
648 658 -0.5714285714285714
649 650 0.5714285714285714
650 651 -1.3571428571428572
651 652 2.0
652 653 1.7857142857142858
653 654 -2.0
653 662 -0.5714285714285714
653 694 2.0
653 705 -1.3571428571428572
654 782 2.0
654 793 -1.7857142857142858
655 656 -0.9285714285714286
656 657 -1.3571428571428572
657 658 1.3571428571428572
659 660 -0.9285714285714286
659 668 -1.3571428571428572
660 661 -1.7857142857142858
660 668 1.3571428571428572
661 662 -0.5714285714285714
662 663 -1.7857142857142858
662 669 -0.5714285714285714
662 684 -2.0
663 664 -0.9285714285714286
663 669 1.3571428571428572
663 670 -0.9285714285714286
663 715 0.5714285714285714
663 727 -1.3571428571428572
663 757 2.0
663 769 -2.0
664 665 -1.3571428571428572
664 670 -1.3571428571428572
664 671 -0.5714285714285714
664 804 -1.3571428571428572
664 814 1.7857142857142858
664 846 -1.7857142857142858
664 856 1.7857142857142858
665 671 1.3571428571428572
665 886 1.3571428571428572
665 898 -2.0
665 932 0.5714285714285714
665 944 1.7857142857142858
666 672 0.5714285714285714
666 673 -0.9285714285714286
669 670 2.0
669 684 -1.3571428571428572
669 715 0.5714285714285714
669 727 1.3571428571428572
670 671 1.7857142857142858
670 757 -1.3571428571428572
670 769 -2.0
670 804 2.0
670 814 1.3571428571428572
671 846 -0.5714285714285714
671 856 0.5714285714285714
671 886 0.9285714285714286
671 898 -1.3571428571428572
672 673 1.7857142857142858
674 675 1.7857142857142858
675 676 0.5714285714285714
676 677 -2.0
676 682 2.0
677 682 0.9285714285714286
677 683 2.0
678 679 0.5714285714285714
678 684 1.3571428571428572
678 685 0.9285714285714286
678 694 -1.3571428571428572
678 706 1.3571428571428572
679 680 -1.7857142857142858
679 685 -1.3571428571428572
679 782 1.3571428571428572
679 794 0.9285714285714286
679 826 1.3571428571428572
679 837 0.9285714285714286
680 681 -0.5714285714285714
680 686 -1.3571428571428572
680 687 -1.7857142857142858
680 866 0.5714285714285714
680 876 0.9285714285714286
680 911 -0.5714285714285714
680 923 -1.7857142857142858
681 687 1.7857142857142858
681 955 -0.5714285714285714
681 965 -0.5714285714285714
682 683 -2.0
683 684 -1.7857142857142858
684 685 -1.7857142857142858
684 694 -0.5714285714285714
684 706 -2.0
685 686 -1.7857142857142858
685 782 -0.9285714285714286
685 794 -2.0
686 687 -0.9285714285714286
686 826 1.7857142857142858
686 866 0.9285714285714286
686 876 -1.7857142857142858
687 911 -0.9285714285714286
687 923 0.9285714285714286
687 955 0.5714285714285714
687 965 -0.9285714285714286
688 689 -1.7857142857142858
689 690 1.3571428571428572
691 692 1.3571428571428572
691 700 1.7857142857142858
692 700 1.3571428571428572
692 701 1.7857142857142858
693 702 -2.0
693 703 0.9285714285714286
694 695 -0.5714285714285714
694 705 1.3571428571428572
694 706 -1.7857142857142858
695 706 1.7857142857142858
695 707 -0.9285714285714286
695 716 -1.7857142857142858
695 727 -1.3571428571428572
695 758 -2.0
695 769 -2.0
696 697 0.9285714285714286
696 707 1.3571428571428572
696 708 -2.0
696 805 2.0
696 814 0.9285714285714286
696 847 0.9285714285714286
696 856 1.3571428571428572
697 698 0.9285714285714286
697 708 0.5714285714285714
697 709 -2.0
697 887 2.0
697 898 0.9285714285714286
697 933 -2.0
697 944 0.5714285714285714
698 699 -1.3571428571428572
698 709 -1.7857142857142858
698 710 0.9285714285714286
698 975 -1.7857142857142858
698 983 -2.0
699 710 1.7857142857142858
699 711 1.3571428571428572
700 701 -1.7857142857142858
701 702 -1.3571428571428572
702 703 -2.0
703 704 -2.0
704 705 0.9285714285714286
705 706 0.9285714285714286
706 707 0.9285714285714286
706 716 1.3571428571428572
707 708 -2.0
707 758 -0.5714285714285714
707 769 1.7857142857142858
707 805 -2.0
707 814 -0.9285714285714286
708 709 2.0
708 847 -0.5714285714285714
708 856 -2.0
708 887 0.9285714285714286
708 898 2.0
709 710 1.7857142857142858
709 933 -2.0
709 944 -2.0
709 975 0.9285714285714286
709 983 1.3571428571428572
712 713 0.9285714285714286
712 723 -0.5714285714285714
713 714 2.0
713 723 0.5714285714285714
713 724 0.5714285714285714
714 724 1.7857142857142858
714 725 -0.9285714285714286
715 716 -1.7857142857142858
715 726 1.3571428571428572
715 727 0.9285714285714286
716 717 -2.0
716 727 0.9285714285714286
716 728 -2.0
716 739 0.5714285714285714
717 718 -1.3571428571428572
717 728 -1.7857142857142858
717 729 -0.9285714285714286
717 783 0.5714285714285714
717 794 -1.3571428571428572
717 827 0.9285714285714286
717 837 -1.7857142857142858
718 719 2.0
718 729 1.7857142857142858
718 730 -0.9285714285714286
718 867 0.5714285714285714
718 876 -1.3571428571428572
718 912 0.5714285714285714
718 923 1.7857142857142858
719 720 -1.7857142857142858
719 730 2.0
719 956 0.9285714285714286
719 965 -1.3571428571428572
720 721 1.7857142857142858
721 722 -0.5714285714285714
721 731 -0.9285714285714286
722 731 1.3571428571428572
722 732 1.3571428571428572
723 724 0.5714285714285714
724 725 -1.3571428571428572
725 726 -2.0
726 727 -0.9285714285714286
727 728 0.9285714285714286
728 729 -1.7857142857142858
728 739 0.5714285714285714
728 783 -2.0
728 794 0.9285714285714286
729 730 -0.5714285714285714
729 827 -0.5714285714285714
729 837 -1.7857142857142858
729 867 -0.5714285714285714
729 876 1.3571428571428572
730 912 -2.0
730 923 0.9285714285714286
730 956 -0.9285714285714286
730 965 -2.0
731 732 1.7857142857142858
733 734 1.7857142857142858
733 744 0.5714285714285714
734 735 1.7857142857142858
734 744 -0.9285714285714286
734 745 -1.7857142857142858
735 736 2.0
735 745 2.0
735 746 -0.9285714285714286
736 737 -0.9285714285714286
736 746 -0.9285714285714286
736 747 1.7857142857142858
737 738 -1.7857142857142858
737 747 -2.0
737 748 0.9285714285714286
738 748 0.9285714285714286
739 740 -0.5714285714285714
739 749 1.3571428571428572
739 758 -1.7857142857142858
739 770 2.0
740 741 -1.3571428571428572
740 749 1.3571428571428572
740 750 -2.0
740 805 1.7857142857142858
740 815 -1.3571428571428572
740 857 1.3571428571428572
741 742 -2.0
741 750 0.5714285714285714
741 751 -2.0
741 887 1.7857142857142858
741 899 -1.7857142857142858
741 933 -2.0
742 743 -0.9285714285714286
742 751 2.0
742 752 -0.5714285714285714
742 975 -1.7857142857142858
742 984 1.7857142857142858
743 752 0.9285714285714286
744 745 2.0
745 746 1.7857142857142858
746 747 -2.0
747 748 -1.7857142857142858
749 750 1.3571428571428572
749 758 -0.9285714285714286
749 770 -1.3571428571428572
749 805 1.7857142857142858
749 815 2.0
750 847 -1.3571428571428572
750 857 -1.7857142857142858
750 887 0.5714285714285714
750 899 0.5714285714285714
751 752 1.7857142857142858
751 933 1.7857142857142858
751 975 1.3571428571428572
751 984 -0.9285714285714286
753 754 -0.5714285714285714
753 765 1.7857142857142858
754 755 0.5714285714285714
754 765 1.7857142857142858
754 766 0.5714285714285714
755 756 -2.0
755 766 1.3571428571428572
755 767 2.0
756 757 -1.7857142857142858
756 767 -2.0
756 768 1.3571428571428572
757 758 -1.3571428571428572
757 768 1.7857142857142858
757 769 2.0
758 759 -1.3571428571428572
758 769 -1.7857142857142858
758 770 -1.7857142857142858
759 760 -1.3571428571428572
759 771 -0.5714285714285714
759 783 0.9285714285714286
759 795 0.9285714285714286
759 827 0.9285714285714286
759 838 1.3571428571428572
760 761 0.5714285714285714
760 771 -0.9285714285714286
760 772 -2.0
760 867 1.7857142857142858
760 877 -1.7857142857142858
760 912 -0.9285714285714286
760 924 0.9285714285714286
761 762 -0.9285714285714286
761 772 -0.5714285714285714
761 773 1.3571428571428572
761 956 -2.0
761 966 1.3571428571428572
762 763 2.0
762 773 1.3571428571428572
762 774 1.3571428571428572
763 764 -1.3571428571428572
763 774 -1.7857142857142858
763 775 -2.0
764 775 0.9285714285714286
764 776 -1.3571428571428572
765 766 1.3571428571428572
766 767 1.7857142857142858
767 768 -2.0
768 769 -0.9285714285714286
769 770 1.7857142857142858
770 783 -0.9285714285714286
770 795 2.0
771 772 1.7857142857142858
771 827 1.7857142857142858
771 838 -0.9285714285714286
771 867 2.0
771 877 0.9285714285714286
772 773 -1.3571428571428572
772 912 1.3571428571428572
772 924 2.0
772 956 -0.5714285714285714
772 966 0.9285714285714286
773 774 2.0
774 775 0.9285714285714286
775 776 -2.0
777 788 -2.0
778 779 2.0
778 789 -1.3571428571428572
778 790 0.9285714285714286
779 780 1.3571428571428572
779 790 2.0
779 791 0.9285714285714286
780 781 0.5714285714285714
780 791 0.9285714285714286
780 792 0.9285714285714286
781 782 -0.5714285714285714
781 792 2.0
781 793 0.5714285714285714
782 783 -0.9285714285714286
782 793 2.0
782 794 1.7857142857142858
783 784 1.3571428571428572
783 794 2.0
783 795 -0.5714285714285714
784 785 2.0
784 795 -1.3571428571428572
784 796 -1.3571428571428572
784 815 -1.7857142857142858
784 848 -0.9285714285714286
784 857 -2.0
785 786 -0.5714285714285714
785 796 -2.0
785 797 1.7857142857142858
785 888 -2.0
785 899 1.3571428571428572
785 934 -0.5714285714285714
786 787 -2.0
786 797 1.3571428571428572
786 798 2.0
786 976 -0.5714285714285714
786 984 -0.9285714285714286
787 798 0.5714285714285714
787 799 0.5714285714285714
788 789 -1.7857142857142858
789 790 0.5714285714285714
790 791 1.3571428571428572
791 792 0.5714285714285714
792 793 -1.3571428571428572
793 794 0.5714285714285714
794 795 1.3571428571428572
795 796 1.7857142857142858
795 815 -0.9285714285714286
796 797 1.7857142857142858
796 848 1.3571428571428572
796 857 1.3571428571428572
796 899 -2.0
797 798 1.3571428571428572
797 934 1.3571428571428572
797 976 -0.9285714285714286
797 984 -1.3571428571428572
798 799 1.7857142857142858
800 801 -1.3571428571428572
800 811 0.5714285714285714
801 802 -2.0
801 811 -0.9285714285714286
801 812 1.7857142857142858
802 803 -1.7857142857142858
802 812 1.7857142857142858
803 804 -0.9285714285714286
803 813 -0.5714285714285714
804 805 -2.0
804 813 1.7857142857142858
804 814 -2.0
805 814 -2.0
805 815 -2.0
806 807 -1.7857142857142858
806 816 -0.9285714285714286
806 817 0.5714285714285714
806 868 -0.9285714285714286
806 877 0.5714285714285714
806 913 -0.5714285714285714
806 924 -2.0
807 808 0.9285714285714286
807 817 0.9285714285714286
807 818 -1.3571428571428572
807 957 1.3571428571428572
807 966 -1.3571428571428572
808 809 -2.0
808 818 -1.3571428571428572
808 819 1.7857142857142858
809 810 -2.0
809 819 0.5714285714285714
809 820 1.7857142857142858
810 820 -1.7857142857142858
811 812 0.5714285714285714
813 814 2.0
814 815 2.0
815 816 -0.9285714285714286
816 817 -2.0
816 828 1.3571428571428572
816 838 0.5714285714285714
816 868 2.0
816 877 -0.9285714285714286
817 818 -1.3571428571428572
817 913 -0.9285714285714286
817 924 0.5714285714285714
817 957 -0.9285714285714286
817 966 -2.0
818 819 0.5714285714285714
819 820 -1.3571428571428572
821 822 -2.0
821 831 0.9285714285714286
822 831 -0.5714285714285714
822 832 1.7857142857142858
823 824 0.5714285714285714
823 833 0.9285714285714286
823 834 -1.7857142857142858
824 825 -1.7857142857142858
824 834 -2.0
824 835 2.0
825 835 -1.7857142857142858
825 836 0.9285714285714286
826 827 -2.0
826 836 -1.7857142857142858
826 837 -0.5714285714285714
827 828 0.5714285714285714
827 837 -1.7857142857142858
827 838 -1.3571428571428572
828 838 -0.9285714285714286
828 839 -0.5714285714285714
828 848 1.7857142857142858
829 830 -0.9285714285714286
829 840 -2.0
829 841 -0.5714285714285714
829 976 2.0
829 985 0.5714285714285714
830 841 0.5714285714285714
830 842 1.3571428571428572
831 832 -2.0
832 833 -1.3571428571428572
833 834 -2.0
834 835 0.9285714285714286
836 837 0.9285714285714286
837 838 0.5714285714285714
838 839 -2.0
839 840 1.7857142857142858
839 848 1.7857142857142858
839 888 0.9285714285714286
839 900 -1.7857142857142858
840 841 -1.7857142857142858
840 934 -2.0
840 976 -1.7857142857142858
840 985 -1.3571428571428572
841 842 -1.7857142857142858
844 845 1.7857142857142858
844 853 0.5714285714285714
844 854 -1.3571428571428572
845 846 -1.3571428571428572
845 854 -0.5714285714285714
845 855 -1.3571428571428572
846 847 -0.9285714285714286
846 855 1.3571428571428572
846 856 -0.5714285714285714
847 848 -1.3571428571428572
847 856 -2.0
847 857 -0.9285714285714286
848 849 -2.0
848 857 -1.7857142857142858
849 850 -1.7857142857142858
849 858 0.9285714285714286
849 868 -1.3571428571428572
849 878 -0.5714285714285714
849 913 1.3571428571428572
850 851 1.7857142857142858
850 858 0.9285714285714286
850 859 -0.9285714285714286
850 957 0.9285714285714286
850 967 -0.9285714285714286
851 859 -2.0
851 860 2.0
852 861 -1.7857142857142858
853 854 -1.3571428571428572
854 855 -0.9285714285714286
855 856 -2.0
856 857 1.7857142857142858
858 859 0.9285714285714286
858 913 1.7857142857142858
858 957 1.3571428571428572
858 967 -1.7857142857142858
859 860 1.7857142857142858
862 863 1.7857142857142858
862 870 -0.9285714285714286
862 871 -1.7857142857142858
863 864 0.9285714285714286
864 872 0.9285714285714286
864 873 0.5714285714285714
865 866 0.9285714285714286
865 874 2.0
865 875 -0.5714285714285714
866 867 2.0
866 875 0.5714285714285714
866 876 -0.5714285714285714
867 868 0.5714285714285714
867 876 -1.3571428571428572
867 877 2.0
868 877 2.0
868 878 0.9285714285714286
869 879 0.9285714285714286
869 880 0.5714285714285714
869 977 2.0
869 985 -0.9285714285714286
870 871 1.7857142857142858
871 872 -2.0
872 873 2.0
873 874 1.3571428571428572
874 875 0.9285714285714286
875 876 -1.7857142857142858
876 877 -1.7857142857142858
877 878 -1.3571428571428572
878 879 -0.5714285714285714
878 889 -2.0
878 900 1.3571428571428572
879 880 -0.9285714285714286
879 935 -2.0
879 977 0.9285714285714286
879 985 1.3571428571428572
880 881 -0.5714285714285714
882 883 1.7857142857142858
882 894 -1.3571428571428572
883 884 -0.9285714285714286
883 894 1.7857142857142858
883 895 -0.5714285714285714
884 885 -1.7857142857142858
884 896 0.5714285714285714
885 886 -2.0
885 896 -2.0
885 897 0.9285714285714286
886 887 -0.5714285714285714
886 897 2.0
886 898 -0.5714285714285714
887 888 -1.7857142857142858
887 898 -1.7857142857142858
887 899 -2.0
888 889 -1.7857142857142858
888 899 -0.9285714285714286
888 900 0.9285714285714286
889 890 -0.9285714285714286
889 900 0.5714285714285714
889 901 -1.7857142857142858
889 914 -2.0
890 891 0.9285714285714286
890 902 -0.5714285714285714
890 967 1.3571428571428572
891 892 2.0
891 902 0.9285714285714286
892 893 -0.5714285714285714
892 903 -1.7857142857142858
892 904 -2.0
893 904 -0.9285714285714286
893 905 1.7857142857142858
894 895 1.3571428571428572
895 896 1.3571428571428572
896 897 -0.5714285714285714
897 898 -1.7857142857142858
898 899 -0.9285714285714286
899 900 1.3571428571428572
900 901 1.3571428571428572
901 902 -0.9285714285714286
901 914 -0.9285714285714286
901 967 1.3571428571428572
902 903 -0.5714285714285714
903 904 -2.0
904 905 2.0
906 917 -1.7857142857142858
906 918 0.9285714285714286
907 908 -0.5714285714285714
907 918 0.5714285714285714
907 919 -2.0
908 909 0.9285714285714286
908 919 1.3571428571428572
908 920 -0.9285714285714286
909 910 2.0
909 920 -0.5714285714285714
909 921 -0.9285714285714286
910 911 -1.3571428571428572
910 921 1.7857142857142858
910 922 -1.7857142857142858
911 912 -0.9285714285714286
911 922 -1.7857142857142858
911 923 1.3571428571428572
912 913 1.3571428571428572
912 923 0.5714285714285714
912 924 -0.9285714285714286
913 914 -0.9285714285714286
913 924 1.7857142857142858
914 915 1.7857142857142858
914 925 1.3571428571428572
914 935 -2.0
914 945 1.3571428571428572
915 916 -2.0
915 925 -0.5714285714285714
915 926 -0.9285714285714286
915 977 2.0
915 986 1.3571428571428572
916 926 -1.3571428571428572
916 927 1.7857142857142858
917 918 1.7857142857142858
918 919 1.7857142857142858
919 920 2.0
920 921 1.3571428571428572
921 922 -2.0
922 923 -2.0
923 924 1.3571428571428572
925 926 -0.9285714285714286
925 935 2.0
925 945 -0.9285714285714286
925 977 0.5714285714285714
925 986 1.3571428571428572
926 927 0.5714285714285714
928 929 -0.5714285714285714
928 940 0.9285714285714286
929 930 0.9285714285714286
929 940 0.5714285714285714
929 941 2.0
930 931 0.5714285714285714
930 941 -0.9285714285714286
930 942 -0.5714285714285714
931 932 -2.0
931 942 -1.7857142857142858
931 943 -2.0
932 933 1.3571428571428572
932 943 1.3571428571428572
932 944 1.3571428571428572
933 934 -2.0
933 944 0.5714285714285714
934 935 -1.3571428571428572
935 936 -0.5714285714285714
935 945 -1.7857142857142858
936 937 0.9285714285714286
936 945 -0.9285714285714286
936 946 -2.0
936 968 -1.3571428571428572
937 938 -2.0
937 946 0.9285714285714286
937 947 -1.7857142857142858
938 939 -0.5714285714285714
938 947 -0.5714285714285714
938 948 0.5714285714285714
939 949 1.3571428571428572
940 941 0.9285714285714286
941 942 0.5714285714285714
942 943 0.9285714285714286
943 944 0.5714285714285714
945 946 0.5714285714285714
945 968 -1.3571428571428572
947 948 1.7857142857142858
948 949 1.3571428571428572
950 960 -2.0
951 952 0.5714285714285714
951 961 1.7857142857142858
952 953 1.7857142857142858
952 961 2.0
952 962 -2.0
953 954 0.5714285714285714
953 962 -1.7857142857142858
953 963 1.3571428571428572
954 955 -0.5714285714285714
954 963 1.7857142857142858
954 964 -0.9285714285714286
955 956 -0.9285714285714286
955 964 0.5714285714285714
956 957 -0.9285714285714286
956 965 -0.9285714285714286
956 966 1.7857142857142858
957 966 2.0
957 967 2.0
958 959 0.9285714285714286
958 968 -2.0
958 969 0.5714285714285714
958 978 1.7857142857142858
958 986 1.3571428571428572
959 969 0.5714285714285714
959 970 0.9285714285714286
961 962 -0.5714285714285714
962 963 -2.0
963 964 -0.9285714285714286
964 965 -0.5714285714285714
965 966 -1.3571428571428572
966 967 -1.3571428571428572
967 968 -0.5714285714285714
968 969 2.0
968 978 0.5714285714285714
968 986 1.3571428571428572
969 970 -0.5714285714285714
972 973 1.3571428571428572
972 980 0.9285714285714286
972 981 1.7857142857142858
973 974 -0.5714285714285714
973 981 -0.5714285714285714
973 982 0.5714285714285714
974 975 -2.0
974 982 0.5714285714285714
974 983 -0.5714285714285714
975 976 0.5714285714285714
975 984 0.9285714285714286
976 977 2.0
976 984 1.3571428571428572
976 985 -1.3571428571428572
977 985 -2.0
977 986 -0.5714285714285714
978 986 -0.9285714285714286
978 987 1.7857142857142858
979 987 0.5714285714285714
979 988 2.0
980 981 2.0
981 982 2.0
982 983 -0.5714285714285714
983 984 1.3571428571428572
984 985 0.9285714285714286
985 986 -1.3571428571428572
986 987 -2.0
987 988 -0.5714285714285714
988 989 0.9285714285714286
