568 2286
1 1 -2.7857142857142856
2 2 7.0
3 3 1.357142857142857
4 4 3.928571428571429
5 5 0.8571428571428572
6 6 0.7142857142857142
7 7 1.2857142857142856
8 8 -1.2857142857142858
9 9 -5.7857142857142865
10 10 -1.2857142857142858
11 11 -2.571428571428571
12 12 -2.2857142857142856
13 13 -1.8571428571428579
14 14 2.7142857142857144
15 15 -1.0
16 16 -1.5714285714285712
17 17 -0.5714285714285714
18 18 2.428571428571429
19 19 3.0
20 20 1.7857142857142858
21 21 -0.1428571428571428
22 22 -3.428571428571429
23 23 -0.2857142857142856
24 24 0.0714285714285714
25 25 -0.9285714285714286
26 26 -0.4285714285714286
27 27 1.1428571428571428
28 28 3.7142857142857144
29 29 -0.9285714285714286
30 30 2.2857142857142856
31 31 -2.0
32 32 1.7142857142857144
33 33 -1.9285714285714286
34 34 -1.5
35 35 -1.7142857142857142
36 36 -2.8571428571428568
37 37 3.357142857142857
38 38 -0.6428571428571428
39 39 -3.357142857142857
40 40 -0.9285714285714286
41 41 1.9285714285714288
42 42 -1.857142857142857
43 43 -0.7857142857142858
44 44 2.928571428571428
45 45 4.857142857142858
46 46 -2.428571428571429
47 47 -4.428571428571429
48 48 2.6428571428571432
49 49 -11.0
50 50 0.2142857142857142
51 51 6.928571428571429
52 52 6.071428571428572
53 53 -1.2142857142857142
54 54 -3.2142857142857144
55 55 4.2857142857142865
57 57 -2.071428571428571
58 58 2.2857142857142856
59 59 7.357142857142858
60 60 -5.142857142857143
61 61 -2.571428571428571
62 62 2.642857142857143
63 63 -8.428571428571429
64 64 -1.0714285714285712
65 65 -0.2857142857142858
66 66 -2.7142857142857144
67 67 2.2857142857142856
68 68 -5.642857142857143
69 69 2.5
70 70 -4.142857142857143
71 71 -1.9999999999999998
72 72 1.5714285714285712
73 73 -0.2857142857142858
74 74 3.0
75 75 -3.0
76 76 3.2857142857142865
77 77 0.6428571428571426
78 78 -2.571428571428572
79 79 8.285714285714286
80 80 4.5
81 81 0.9285714285714286
82 82 5.642857142857143
83 83 -0.9285714285714284
84 84 0.0714285714285714
85 85 0.5714285714285714
86 86 0.2142857142857144
87 87 -7.571428571428571
88 88 -0.1428571428571428
89 89 2.428571428571429
90 90 7.642857142857144
91 91 2.9285714285714284
92 92 3.2857142857142856
93 93 1.5
94 94 -1.2142857142857144
96 96 1.7142857142857149
97 97 -1.9999999999999998
98 98 6.928571428571428
99 99 2.2857142857142856
100 100 3.2142857142857144
101 101 -0.3571428571428572
102 102 -1.2857142857142858
103 103 -1.7857142857142856
104 104 -2.357142857142857
105 105 -3.4285714285714284
106 106 -2.2857142857142856
107 107 0.1428571428571428
108 108 -2.428571428571428
109 109 -6.214285714285715
110 110 3.3571428571428568
111 111 -4.642857142857143
112 112 0.2857142857142856
113 113 -0.2142857142857142
114 114 -1.0
115 115 4.5
116 116 0.2857142857142856
117 117 -0.8571428571428568
118 118 7.0
119 119 1.3571428571428572
120 120 2.571428571428572
121 121 0.642857142857143
122 122 -3.0
123 123 -7.642857142857143
124 124 0.28571428571428537
125 125 -3.5
126 126 -1.7142857142857144
127 127 1.1428571428571428
128 128 4.357142857142857
129 129 1.3571428571428572
130 130 4.428571428571428
131 131 1.9285714285714286
132 132 -4.642857142857142
133 133 -1.0
134 134 2.642857142857143
135 135 2.500000000000001
136 136 1.0714285714285712
137 137 0.5714285714285714
138 138 2.7142857142857144
139 139 4.0
140 140 8.0
141 141 -3.357142857142857
142 142 0.8571428571428572
143 143 -0.5714285714285714
144 144 -0.8571428571428574
145 145 -1.2142857142857144
146 146 3.0714285714285716
147 147 0.2857142857142858
148 148 -1.2857142857142858
149 149 -3.2857142857142856
150 150 -0.5
151 151 5.428571428571429
152 152 6.5
153 153 1.5
154 154 5.428571428571429
155 155 3.2142857142857144
156 156 -0.5714285714285716
157 157 2.071428571428571
158 158 0.7857142857142858
159 159 5.0
160 160 0.8571428571428577
161 161 2.5
162 162 -3.571428571428571
163 163 -2.6428571428571432
164 164 5.785714285714286
165 165 2.2857142857142856
166 166 0.9285714285714288
167 167 0.3571428571428572
168 168 1.1428571428571428
169 169 -0.2142857142857142
170 170 -4.285714285714285
171 171 -5.071428571428571
172 172 0.9285714285714288
173 173 0.4285714285714284
174 174 -1.0
175 175 0.5000000000000009
176 176 1.0
177 177 3.928571428571429
178 178 1.5714285714285725
179 179 -0.7142857142857142
180 180 -0.8571428571428568
181 181 -0.14285714285714257
182 182 4.214285714285714
183 183 5.285714285714286
184 184 -8.642857142857142
185 185 -1.2142857142857144
186 186 -2.3571428571428568
187 187 -2.642857142857143
188 188 4.5
189 189 3.571428571428571
190 190 8.0
191 191 5.571428571428572
192 192 3.2142857142857144
193 193 5.357142857142858
194 194 -0.5714285714285714
195 195 -6.571428571428571
196 196 -5.571428571428571
197 197 -2.0
198 198 0.5714285714285714
199 199 -0.4285714285714286
200 200 0.07142857142857162
201 201 0.1428571428571428
202 202 3.500000000000001
203 203 -5.357142857142858
204 204 -4.2857142857142865
205 205 -0.9285714285714284
206 206 -4.285714285714286
207 207 -2.428571428571429
208 208 -2.7142857142857144
209 209 -1.5
210 210 -3.7142857142857144
211 211 3.928571428571429
212 212 -1.0714285714285714
213 213 -1.2142857142857146
214 214 -7.428571428571429
215 215 -1.5
216 216 -0.3571428571428572
217 217 -1.785714285714286
218 218 4.0
219 219 -0.7142857142857144
220 220 -4.071428571428571
221 221 5.5
222 222 -6.071428571428572
223 223 2.428571428571429
224 224 -0.5714285714285714
225 225 2.5
226 226 -1.9285714285714286
227 227 1.4285714285714286
228 228 -2.7857142857142856
229 229 3.3571428571428577
230 230 1.4285714285714286
231 231 1.0714285714285718
232 232 -0.4285714285714286
233 233 0.07142857142857184
234 234 2.857142857142857
235 235 5.928571428571429
236 236 3.571428571428572
237 237 -3.5714285714285716
238 238 -1.0000000000000002
239 239 -6.142857142857142
240 240 1.3571428571428572
241 241 -2.5
242 242 -1.9285714285714288
244 244 -10.285714285714286
245 245 -1.4285714285714282
246 246 -1.5714285714285716
247 247 -2.2142857142857144
248 248 3.5
249 249 -0.714285714285714
250 250 0.9285714285714286
251 251 -6.428571428571429
252 252 0.4285714285714286
253 253 -1.2857142857142856
254 254 -2.0714285714285716
255 255 3.5714285714285716
256 256 1.7142857142857146
257 257 7.428571428571429
258 258 5.428571428571429
259 259 -1.5714285714285714
260 260 -3.357142857142857
261 261 3.785714285714286
262 262 0.857142857142857
263 263 -1.285714285714286
264 264 4.57142857142857
265 265 -6.5
266 266 2.5714285714285716
267 267 -1.142857142857143
268 268 1.1428571428571428
269 269 -4.214285714285714
270 270 -6.714285714285715
271 271 -1.3571428571428574
272 272 -3.928571428571429
273 273 -0.07142857142857206
275 275 -8.642857142857142
276 276 -8.0
277 277 -1.7142857142857142
278 278 -6.714285714285714
279 279 -2.7142857142857144
280 280 0.4285714285714286
281 281 -0.2857142857142856
282 282 6.2857142857142865
283 283 -3.428571428571429
284 284 1.8571428571428572
285 285 -2.071428571428571
286 286 5.714285714285714
287 287 -2.642857142857143
288 288 2.428571428571429
289 289 -3.8571428571428577
290 290 -4.285714285714286
291 291 4.2857142857142865
292 292 0.49999999999999956
293 293 -6.714285714285715
294 294 -4.642857142857142
295 295 2.3571428571428577
296 296 -0.5
297 297 6.071428571428571
298 298 -3.3571428571428568
299 299 -2.2857142857142856
300 300 0.35714285714285765
301 301 -4.571428571428571
302 302 7.785714285714286
303 303 -3.0
304 304 -1.0
305 305 -4.642857142857143
306 306 -4.357142857142858
307 307 0.4285714285714286
308 308 0.4285714285714286
309 309 3.8571428571428568
310 310 7.714285714285714
311 311 5.5
312 312 0.3571428571428572
313 313 -2.928571428571429
314 314 -9.571428571428571
315 315 -3.642857142857143
316 316 -2.928571428571429
317 317 -1.5714285714285716
318 318 -0.9285714285714284
319 319 -0.4285714285714286
320 320 2.857142857142857
321 321 -1.2142857142857144
322 322 -4.214285714285714
323 323 -4.5
324 324 -2.1428571428571432
325 325 3.071428571428572
326 326 -6.142857142857143
327 327 -2.2142857142857144
328 328 2.2142857142857144
329 329 -3.5
330 330 9.285714285714285
331 331 -2.7857142857142856
332 332 0.7857142857142856
333 333 0.21428571428571397
334 334 -2.571428571428571
335 335 -0.4285714285714286
336 336 -1.5714285714285714
337 337 -4.2857142857142865
338 338 -2.428571428571429
339 339 0.5714285714285714
340 340 -3.8571428571428568
341 341 2.428571428571429
342 342 -5.0
343 343 -1.5000000000000004
344 344 6.214285714285714
345 345 1.9285714285714286
346 346 -1.785714285714286
347 347 -1.0714285714285714
348 348 1.9285714285714288
349 349 5.785714285714286
350 350 6.071428571428571
351 351 3.5
352 352 -2.1428571428571432
353 353 0.5
354 354 0.4285714285714284
355 355 1.7142857142857146
356 356 -1.2857142857142858
357 357 1.285714285714286
358 358 -1.3571428571428572
359 359 0.4285714285714286
360 360 -0.6428571428571428
361 361 0.9285714285714286
362 362 5.071428571428571
363 363 -0.28571428571428537
364 364 1.7857142857142858
365 365 -0.9285714285714282
366 366 0.5714285714285714
367 367 -3.8571428571428577
368 368 -1.4285714285714286
369 369 -0.07142857142857117
370 370 -2.2857142857142856
371 371 0.2142857142857142
372 372 2.0
373 373 -2.785714285714286
374 374 1.9285714285714286
375 375 -0.4285714285714286
376 376 2.571428571428571
377 377 -1.3571428571428572
378 378 -6.142857142857142
379 379 -2.071428571428571
380 380 1.5714285714285714
381 381 -0.8571428571428572
382 382 0.5000000000000002
383 383 0.2142857142857142
384 384 9.214285714285715
385 385 0.9285714285714286
386 386 4.357142857142857
387 387 7.428571428571429
388 388 -1.3571428571428574
389 389 1.2142857142857144
390 390 -0.5
391 391 1.2142857142857144
392 392 0.5
393 393 -2.214285714285714
394 394 0.3571428571428572
395 395 6.214285714285714
396 396 -2.0
397 397 -2.928571428571429
398 398 -2.7857142857142856
399 399 2.7857142857142856
400 400 -3.4285714285714284
401 401 -0.07142857142857117
402 402 3.8571428571428577
403 403 7.857142857142858
404 404 -1.571428571428572
405 405 -4.214285714285714
406 406 -0.5714285714285712
407 407 -3.071428571428571
408 408 2.0
409 409 -1.4285714285714286
410 410 1.8571428571428572
411 411 4.071428571428571
412 412 1.6428571428571426
413 413 -5.642857142857143
414 414 -2.428571428571429
415 415 -1.2857142857142858
416 416 -5.642857142857143
417 417 -5.642857142857142
418 418 -4.642857142857143
419 419 2.857142857142857
420 420 1.7857142857142858
421 421 3.1428571428571432
422 422 -5.214285714285715
423 423 3.7142857142857144
424 424 -5.0
425 425 -1.9999999999999998
426 426 4.142857142857143
427 427 6.428571428571429
428 428 3.5
429 429 -3.1428571428571432
430 430 -1.2142857142857144
431 431 2.357142857142857
432 432 -3.357142857142857
433 433 -1.285714285714286
434 434 0.0714285714285714
435 435 -4.714285714285714
436 436 4.5
437 437 -4.142857142857143
438 438 -3.0
439 439 0.5000000000000004
440 440 4.428571428571429
441 441 3.8571428571428568
442 442 -4.2142857142857135
443 443 -6.142857142857142
444 444 3.7142857142857144
445 445 1.2857142857142856
446 446 -0.1428571428571428
447 447 6.214285714285715
448 448 7.928571428571429
449 449 1.357142857142857
450 450 -0.785714285714286
451 451 1.7857142857142858
452 452 -0.0714285714285714
453 453 3.0
454 454 3.7857142857142856
455 455 -2.2142857142857144
456 456 1.357142857142857
457 457 4.2857142857142865
458 458 6.0
459 459 -4.642857142857142
460 460 3.2142857142857144
461 461 3.5714285714285716
462 462 -2.2857142857142856
463 463 -2.7857142857142856
464 464 1.3571428571428572
465 465 -3.2857142857142856
466 466 7.928571428571428
467 467 -0.2857142857142856
468 468 7.642857142857144
469 469 3.7142857142857144
470 470 1.857142857142857
471 471 1.0714285714285716
472 472 2.3571428571428568
473 473 -2.7142857142857144
474 474 -2.5714285714285716
475 475 1.5714285714285716
476 476 5.000000000000001
477 477 -7.2857142857142865
478 478 -5.571428571428571
479 479 6.428571428571429
480 480 2.2142857142857144
481 481 1.5000000000000002
482 482 -0.6428571428571428
483 483 -0.2857142857142856
484 484 4.071428571428571
485 485 -0.6428571428571435
486 486 -1.5714285714285714
487 487 -7.714285714285715
488 488 -2.3571428571428568
489 489 -1.6428571428571428
490 490 -2.428571428571429
491 491 -2.571428571428572
492 492 -0.1428571428571428
493 493 2.571428571428571
494 494 -6.642857142857143
495 495 4.928571428571429
496 496 2.5714285714285716
497 497 1.4285714285714286
498 498 2.2142857142857144
499 499 -2.5
500 500 8.214285714285715
501 501 2.7857142857142856
502 502 4.571428571428571
503 503 4.428571428571429
504 504 4.285714285714286
505 505 -0.07142857142857117
506 506 2.7857142857142865
507 507 1.7857142857142858
508 508 3.1428571428571432
509 509 2.5714285714285716
510 510 0.2142857142857153
511 511 -0.7857142857142858
512 512 -3.2142857142857144
513 513 0.5
514 514 6.142857142857144
515 515 5.928571428571429
516 516 -0.7142857142857142
517 517 1.928571428571429
518 518 -0.28571428571428514
519 519 -7.642857142857143
520 520 0.2857142857142858
521 521 -2.5714285714285716
522 522 2.8571428571428568
524 524 -1.3571428571428574
525 525 -0.642857142857143
526 526 3.357142857142857
527 527 2.071428571428571
528 528 3.1428571428571432
529 529 0.5
530 530 -0.6428571428571428
531 531 -2.857142857142857
532 532 -3.5000000000000004
533 533 -3.6428571428571423
534 534 -1.5714285714285707
535 535 4.928571428571429
536 536 0.3571428571428572
537 537 -4.571428571428571
538 538 2.5
539 539 -1.5714285714285718
540 540 0.7142857142857142
541 541 -0.6428571428571423
542 542 1.9285714285714288
543 543 2.2142857142857144
544 544 2.2857142857142856
545 545 1.2142857142857146
546 546 -3.428571428571429
547 547 0.7142857142857151
548 548 0.6428571428571426
549 549 4.5
550 550 -2.2142857142857144
551 551 1.9285714285714286
552 552 3.428571428571429
553 553 -5.428571428571429
554 554 0.5714285714285714
555 555 1.8571428571428577
556 556 -0.7142857142857144
557 557 5.642857142857143
558 558 0.28571428571428603
559 559 0.9285714285714284
560 560 1.9999999999999998
561 561 -2.642857142857143
562 562 -1.4285714285714282
563 563 -0.857142857142857
564 564 0.642857142857143
565 565 2.571428571428571
566 566 -1.642857142857143
567 567 -4.0
568 568 0.7857142857142858
1 2 2.0
1 9 2.0
1 21 0.5714285714285714
1 28 -1.3571428571428572
1 49 1.3571428571428572
1 57 -1.7857142857142858
2 3 -0.5714285714285714
2 9 -2.0
2 10 -0.9285714285714286
2 66 -2.0
2 73 -0.9285714285714286
2 80 -0.5714285714285714
2 84 -2.0
3 10 -2.0
3 11 0.5714285714285714
3 109 2.0
3 115 -1.3571428571428572
3 134 0.9285714285714286
3 140 -0.9285714285714286
4 5 0.5714285714285714
4 218 -1.7857142857142858
4 226 -1.7857142857142858
4 249 -0.9285714285714286
5 6 -2.0
5 280 0.5714285714285714
5 288 -1.3571428571428572
5 312 1.3571428571428572
6 7 -1.3571428571428572
6 12 0.9285714285714286
6 339 -0.5714285714285714
6 346 1.3571428571428572
6 367 0.9285714285714286
7 8 1.3571428571428572
7 12 -0.5714285714285714
7 13 -2.0
7 396 -0.5714285714285714
7 428 0.9285714285714286
7 437 0.9285714285714286
8 13 1.7857142857142858
8 14 -1.7857142857142858
8 462 1.3571428571428572
8 470 -1.7857142857142858
8 496 0.9285714285714286
8 504 -0.5714285714285714
9 10 1.7857142857142858
9 49 1.7857142857142858
9 57 1.3571428571428572
9 66 1.7857142857142858
9 73 -0.9285714285714286
10 11 0.9285714285714286
10 80 0.5714285714285714
10 84 0.5714285714285714
10 109 0.9285714285714286
10 115 -0.5714285714285714
11 134 0.5714285714285714
11 140 -1.7857142857142858
11 160 0.9285714285714286
11 167 1.3571428571428572
12 367 1.3571428571428572
12 396 0.5714285714285714
13 14 -0.5714285714285714
13 428 -0.9285714285714286
13 437 1.7857142857142858
13 462 1.7857142857142858
14 496 2.0
14 504 -2.0
14 528 0.5714285714285714
14 536 -0.9285714285714286
15 16 -1.3571428571428572
15 22 0.9285714285714286
15 85 -0.5714285714285714
15 116 2.0
16 17 0.9285714285714286
16 22 2.0
16 23 1.3571428571428572
16 141 -1.3571428571428572
17 18 -1.3571428571428572
17 23 0.9285714285714286
17 24 -0.5714285714285714
17 195 2.0
17 227 -1.3571428571428572
18 24 0.9285714285714286
18 25 -1.3571428571428572
18 257 -2.0
18 289 1.3571428571428572
19 20 0.5714285714285714
19 374 -1.7857142857142858
19 405 -1.7857142857142858
20 26 0.5714285714285714
20 27 -0.5714285714285714
20 438 -0.5714285714285714
20 471 -1.7857142857142858
21 28 -1.7857142857142858
21 553 1.3571428571428572
22 23 0.9285714285714286
22 116 -1.3571428571428572
22 141 0.9285714285714286
23 24 -1.7857142857142858
23 168 -0.5714285714285714
23 195 -0.5714285714285714
24 25 0.9285714285714286
24 227 1.3571428571428572
24 257 -0.9285714285714286
25 289 1.3571428571428572
26 27 -0.5714285714285714
26 405 1.7857142857142858
26 438 -1.3571428571428572
28 29 -0.5714285714285714
29 35 0.5714285714285714
29 57 0.9285714285714286
30 36 1.7857142857142858
30 37 -0.9285714285714286
30 115 -1.3571428571428572
30 140 -1.7857142857142858
31 32 -1.3571428571428572
31 38 2.0
31 226 1.3571428571428572
32 38 -1.7857142857142858
32 39 2.0
32 288 -0.5714285714285714
33 34 0.9285714285714286
33 40 1.7857142857142858
33 41 -1.3571428571428572
33 437 0.5714285714285714
34 41 0.5714285714285714
34 470 -0.5714285714285714
34 504 0.5714285714285714
35 36 2.0
35 57 -1.7857142857142858
35 73 0.9285714285714286
36 37 -0.9285714285714286
36 84 1.7857142857142858
36 115 -1.7857142857142858
37 140 -0.5714285714285714
37 167 -0.9285714285714286
38 39 -1.3571428571428572
38 288 1.7857142857142858
39 40 0.9285714285714286
39 346 1.7857142857142858
40 41 -1.7857142857142858
41 437 2.0
41 470 -1.3571428571428572
42 50 -0.5714285714285714
42 94 -1.3571428571428572
42 116 1.7857142857142858
42 122 2.0
43 44 2.0
43 51 -2.0
43 195 1.3571428571428572
43 227 -0.5714285714285714
44 45 -1.3571428571428572
44 51 -1.7857142857142858
44 52 -2.0
44 257 -1.7857142857142858
44 289 2.0
45 46 -1.7857142857142858
45 52 -0.9285714285714286
45 53 0.5714285714285714
45 353 -1.3571428571428572
46 47 -0.9285714285714286
46 53 0.5714285714285714
46 54 -0.9285714285714286
46 374 0.5714285714285714
46 380 1.3571428571428572
46 405 1.7857142857142858
46 413 1.7857142857142858
47 48 0.5714285714285714
47 54 1.3571428571428572
47 55 1.7857142857142858
47 438 2.0
47 446 -0.5714285714285714
47 471 2.0
47 479 -1.7857142857142858
48 49 1.3571428571428572
48 55 -1.3571428571428572
48 56 -1.3571428571428572
48 512 -0.9285714285714286
48 545 -0.9285714285714286
49 56 2.0
49 57 1.3571428571428572
49 553 1.7857142857142858
49 561 1.3571428571428572
50 116 -1.7857142857142858
50 122 -0.5714285714285714
50 141 1.7857142857142858
50 148 0.9285714285714286
51 227 -1.7857142857142858
51 257 -1.3571428571428572
52 53 -1.3571428571428572
52 289 -1.7857142857142858
53 54 2.0
53 353 1.7857142857142858
53 374 -1.7857142857142858
53 380 -0.5714285714285714
54 55 -1.7857142857142858
54 405 2.0
54 413 0.5714285714285714
54 438 0.9285714285714286
54 446 -0.9285714285714286
55 56 -2.0
55 471 -0.9285714285714286
55 479 -2.0
55 512 2.0
56 57 2.0
56 545 -2.0
56 553 1.3571428571428572
58 59 -1.3571428571428572
58 67 -0.5714285714285714
58 86 0.5714285714285714
58 94 1.7857142857142858
58 117 -1.3571428571428572
58 122 -1.3571428571428572
59 60 -1.7857142857142858
59 67 -1.7857142857142858
59 68 0.9285714285714286
59 148 -2.0
59 174 -1.3571428571428572
60 61 1.3571428571428572
60 68 2.0
60 69 -2.0
60 196 1.7857142857142858
60 203 2.0
60 228 1.7857142857142858
61 62 -0.9285714285714286
61 69 1.3571428571428572
61 70 0.5714285714285714
61 258 -1.7857142857142858
61 290 2.0
62 63 1.7857142857142858
62 70 -2.0
62 321 -0.5714285714285714
62 353 -0.9285714285714286
63 64 2.0
63 71 -0.5714285714285714
63 375 2.0
63 380 -0.5714285714285714
63 406 1.7857142857142858
63 413 2.0
64 65 -0.5714285714285714
64 71 0.5714285714285714
64 446 2.0
64 472 -2.0
64 479 -0.9285714285714286
65 66 2.0
65 72 -2.0
65 505 -0.9285714285714286
65 512 1.7857142857142858
65 537 1.7857142857142858
65 545 -1.7857142857142858
66 72 -1.7857142857142858
66 73 1.7857142857142858
66 561 0.9285714285714286
67 117 -1.7857142857142858
67 122 0.9285714285714286
67 148 0.9285714285714286
68 69 -2.0
68 174 2.0
68 196 1.3571428571428572
68 203 1.3571428571428572
69 70 2.0
69 228 -0.9285714285714286
69 258 -0.9285714285714286
70 290 1.7857142857142858
70 321 1.7857142857142858
71 406 0.5714285714285714
71 413 2.0
71 446 -0.5714285714285714
72 73 -0.5714285714285714
72 537 1.3571428571428572
72 545 2.0
72 561 -0.5714285714285714
74 75 0.5714285714285714
74 86 -1.7857142857142858
74 95 -1.7857142857142858
74 117 -0.9285714285714286
74 123 0.9285714285714286
75 76 2.0
75 149 1.7857142857142858
75 175 -1.3571428571428572
76 81 0.5714285714285714
76 196 -0.9285714285714286
76 204 -1.3571428571428572
76 228 -1.7857142857142858
76 234 -1.7857142857142858
77 78 -0.5714285714285714
77 82 -2.0
77 375 -1.7857142857142858
77 381 0.5714285714285714
77 406 1.3571428571428572
77 414 1.7857142857142858
78 79 1.7857142857142858
78 447 0.5714285714285714
78 472 -0.5714285714285714
78 480 1.3571428571428572
79 80 -1.3571428571428572
79 83 -1.7857142857142858
79 505 -2.0
79 513 -0.9285714285714286
79 537 -2.0
79 546 -2.0
80 83 -1.7857142857142858
80 84 -1.3571428571428572
81 228 -0.5714285714285714
81 234 1.3571428571428572
81 258 -1.3571428571428572
81 266 -0.9285714285714286
82 406 -1.7857142857142858
82 414 -0.9285714285714286
82 447 -0.9285714285714286
83 84 0.9285714285714286
83 537 1.7857142857142858
83 546 1.7857142857142858
85 86 0.5714285714285714
85 94 -0.5714285714285714
86 87 1.3571428571428572
86 95 -0.9285714285714286
87 88 0.5714285714285714
87 95 1.3571428571428572
87 96 2.0
87 102 1.3571428571428572
87 130 0.9285714285714286
88 89 -1.3571428571428572
88 96 0.5714285714285714
88 97 0.9285714285714286
88 181 -0.5714285714285714
89 90 -0.9285714285714286
89 98 -0.5714285714285714
89 211 -1.3571428571428572
89 242 1.7857142857142858
90 91 -2.0
90 98 -2.0
90 99 -1.3571428571428572
90 304 -1.3571428571428572
91 92 -0.5714285714285714
91 99 0.5714285714285714
91 100 -2.0
91 332 -0.9285714285714286
91 360 2.0
92 93 -0.9285714285714286
92 100 -1.3571428571428572
92 389 -1.3571428571428572
92 420 0.9285714285714286
93 101 -0.5714285714285714
93 455 0.9285714285714286
93 488 -0.9285714285714286
94 95 1.3571428571428572
95 96 -1.3571428571428572
95 102 1.3571428571428572
96 97 -0.9285714285714286
96 130 -2.0
97 98 -0.5714285714285714
97 181 2.0
97 211 0.5714285714285714
98 99 -1.7857142857142858
98 242 -2.0
99 100 1.3571428571428572
99 304 0.9285714285714286
99 332 -2.0
100 360 -1.7857142857142858
100 389 0.5714285714285714
101 488 0.9285714285714286
102 103 2.0
102 110 -2.0
102 118 -2.0
102 123 0.5714285714285714
103 104 0.9285714285714286
103 110 -1.7857142857142858
103 111 0.9285714285714286
103 149 0.9285714285714286
103 169 0.5714285714285714
103 175 -1.7857142857142858
104 111 -0.9285714285714286
104 112 2.0
104 197 1.7857142857142858
104 204 0.9285714285714286
104 229 -1.7857142857142858
104 234 -0.5714285714285714
105 112 0.9285714285714286
105 113 -1.3571428571428572
105 259 1.3571428571428572
105 266 1.3571428571428572
105 291 0.5714285714285714
105 298 0.5714285714285714
106 107 1.3571428571428572
106 381 1.3571428571428572
106 407 -1.3571428571428572
106 414 0.9285714285714286
107 108 -0.9285714285714286
107 114 -1.3571428571428572
107 439 2.0
107 447 -1.7857142857142858
107 480 0.5714285714285714
108 109 0.9285714285714286
108 114 1.3571428571428572
108 506 2.0
108 513 -0.9285714285714286
108 538 -0.9285714285714286
108 546 0.9285714285714286
109 115 0.5714285714285714
109 554 1.7857142857142858
110 111 0.9285714285714286
110 118 -2.0
110 123 0.9285714285714286
110 149 0.5714285714285714
111 112 -0.5714285714285714
111 169 0.5714285714285714
111 175 0.5714285714285714
111 197 1.3571428571428572
111 204 1.7857142857142858
112 113 0.9285714285714286
112 229 -1.7857142857142858
112 234 0.5714285714285714
112 259 -1.7857142857142858
112 266 -0.5714285714285714
113 291 -1.3571428571428572
113 298 2.0
114 480 -0.9285714285714286
114 506 0.5714285714285714
114 513 1.3571428571428572
116 122 -0.9285714285714286
117 118 2.0
117 122 0.9285714285714286
117 123 2.0
118 119 1.3571428571428572
118 123 -0.5714285714285714
118 124 -2.0
118 130 -2.0
118 135 -1.7857142857142858
119 124 -0.5714285714285714
119 125 -1.3571428571428572
119 181 -1.3571428571428572
119 188 0.5714285714285714
120 121 1.7857142857142858
120 128 -2.0
120 389 -1.7857142857142858
120 397 -0.5714285714285714
120 420 -1.7857142857142858
120 429 1.7857142857142858
121 129 -1.3571428571428572
121 455 0.9285714285714286
121 463 0.9285714285714286
121 488 -2.0
121 497 -0.9285714285714286
122 123 2.0
123 124 1.7857142857142858
124 125 1.3571428571428572
124 130 0.9285714285714286
124 135 -1.7857142857142858
125 126 1.7857142857142858
125 181 2.0
125 188 0.5714285714285714
125 211 -1.7857142857142858
125 219 0.9285714285714286
126 127 -2.0
126 242 1.3571428571428572
126 250 0.5714285714285714
127 128 -0.5714285714285714
127 304 2.0
127 313 0.9285714285714286
127 332 -0.5714285714285714
127 340 -0.9285714285714286
128 360 -0.9285714285714286
128 389 -1.7857142857142858
128 397 0.9285714285714286
129 488 0.5714285714285714
129 497 -0.5714285714285714
130 131 -0.9285714285714286
130 135 -1.3571428571428572
131 135 -1.3571428571428572
131 136 0.9285714285714286
131 150 -1.3571428571428572
131 169 -0.5714285714285714
131 176 1.3571428571428572
132 138 -1.3571428571428572
132 382 2.0
132 407 2.0
132 415 2.0
133 134 1.3571428571428572
133 139 -0.5714285714285714
133 506 -1.7857142857142858
133 514 1.3571428571428572
133 538 -1.3571428571428572
133 547 2.0
134 139 -2.0
134 140 -0.9285714285714286
134 554 -0.5714285714285714
134 562 -2.0
135 136 1.7857142857142858
135 150 2.0
136 169 -1.3571428571428572
136 176 1.3571428571428572
136 197 -2.0
136 205 -1.7857142857142858
137 291 -0.5714285714285714
138 415 -1.7857142857142858
138 439 1.3571428571428572
138 448 -0.9285714285714286
139 140 -2.0
139 547 0.5714285714285714
139 554 -2.0
139 562 2.0
141 148 2.0
142 143 -1.3571428571428572
142 150 2.0
142 151 -0.9285714285714286
142 154 -0.5714285714285714
142 182 1.7857142857142858
142 188 -1.7857142857142858
143 144 0.5714285714285714
143 151 1.3571428571428572
143 219 2.0
143 250 -2.0
144 145 -0.5714285714285714
144 152 -2.0
144 274 1.3571428571428572
144 305 0.5714285714285714
144 313 0.9285714285714286
145 146 1.3571428571428572
145 152 -1.3571428571428572
145 333 -2.0
145 340 2.0
145 361 1.7857142857142858
146 147 -2.0
146 390 -2.0
146 397 -1.7857142857142858
146 429 1.3571428571428572
147 153 -0.5714285714285714
147 456 1.3571428571428572
147 463 0.9285714285714286
147 489 -0.5714285714285714
147 497 0.5714285714285714
148 149 -0.5714285714285714
149 150 0.5714285714285714
150 151 -1.7857142857142858
150 154 -0.9285714285714286
151 182 -1.3571428571428572
151 188 -0.9285714285714286
151 219 -1.7857142857142858
152 305 0.9285714285714286
152 313 -0.9285714285714286
152 333 -1.7857142857142858
152 340 -1.3571428571428572
153 489 -1.7857142857142858
153 497 -0.9285714285714286
153 521 1.7857142857142858
154 155 -0.9285714285714286
154 161 -1.7857142857142858
154 170 0.5714285714285714
154 176 -1.7857142857142858
155 156 0.5714285714285714
155 161 -1.3571428571428572
155 162 -0.9285714285714286
155 205 1.3571428571428572
155 230 -1.3571428571428572
155 235 -0.5714285714285714
156 157 0.9285714285714286
156 162 -0.9285714285714286
156 163 2.0
156 260 -0.5714285714285714
156 267 -2.0
156 292 0.5714285714285714
157 158 -1.3571428571428572
157 163 -2.0
157 322 0.9285714285714286
157 347 -0.5714285714285714
158 164 0.5714285714285714
158 376 -0.5714285714285714
158 382 0.5714285714285714
159 160 1.3571428571428572
159 165 -1.7857142857142858
159 166 -0.5714285714285714
159 507 -2.0
159 514 -2.0
159 539 -0.5714285714285714
159 547 0.5714285714285714
160 166 -0.5714285714285714
160 167 0.5714285714285714
160 555 -1.7857142857142858
160 562 -1.3571428571428572
161 162 -0.5714285714285714
161 170 2.0
161 176 -2.0
161 198 1.7857142857142858
161 205 -0.5714285714285714
162 163 -0.9285714285714286
162 230 1.7857142857142858
162 235 1.3571428571428572
162 260 2.0
162 267 1.7857142857142858
163 292 1.7857142857142858
163 322 1.7857142857142858
164 165 -2.0
164 408 -2.0
164 415 -0.5714285714285714
164 448 -1.7857142857142858
165 166 1.3571428571428572
165 473 1.3571428571428572
165 481 -0.5714285714285714
165 507 1.3571428571428572
165 514 -2.0
166 167 -1.3571428571428572
166 539 2.0
166 547 0.5714285714285714
166 555 -0.5714285714285714
166 562 -1.7857142857142858
168 174 -0.5714285714285714
169 170 1.3571428571428572
169 175 0.5714285714285714
169 176 -0.9285714285714286
170 171 -0.9285714285714286
170 176 1.7857142857142858
170 177 -2.0
170 182 0.5714285714285714
170 189 0.9285714285714286
171 177 0.9285714285714286
171 178 1.7857142857142858
171 220 1.7857142857142858
171 243 0.5714285714285714
171 251 0.9285714285714286
172 179 2.0
172 180 -1.3571428571428572
172 333 2.0
172 341 -1.7857142857142858
172 361 -1.7857142857142858
173 456 -2.0
173 464 -1.7857142857142858
173 489 2.0
173 498 1.3571428571428572
174 175 0.9285714285714286
175 176 0.5714285714285714
176 177 -1.3571428571428572
177 178 1.7857142857142858
177 182 -0.9285714285714286
177 189 -0.5714285714285714
177 220 -1.7857142857142858
178 179 -1.3571428571428572
178 243 -1.7857142857142858
178 251 -0.5714285714285714
178 274 -2.0
178 281 0.5714285714285714
179 180 0.5714285714285714
179 305 -1.7857142857142858
179 314 0.9285714285714286
179 333 -0.5714285714285714
179 341 0.9285714285714286
180 361 -0.9285714285714286
180 390 0.5714285714285714
180 398 2.0
181 182 -1.3571428571428572
181 188 -0.5714285714285714
182 183 -0.5714285714285714
182 188 -1.7857142857142858
182 189 -0.5714285714285714
183 184 0.5714285714285714
183 189 -1.7857142857142858
183 190 -2.0
183 198 -1.7857142857142858
183 206 1.3571428571428572
183 230 -2.0
183 236 0.9285714285714286
184 185 2.0
184 190 0.9285714285714286
184 191 -1.7857142857142858
184 260 2.0
184 268 2.0
184 292 2.0
184 299 0.9285714285714286
185 186 -0.9285714285714286
185 191 0.9285714285714286
185 192 -1.3571428571428572
185 322 0.9285714285714286
185 327 -1.7857142857142858
185 347 2.0
185 354 -0.5714285714285714
186 192 0.5714285714285714
186 383 1.3571428571428572
186 416 1.3571428571428572
187 193 -1.3571428571428572
187 507 2.0
187 515 -1.3571428571428572
187 539 1.3571428571428572
187 548 2.0
188 189 -0.5714285714285714
189 190 -1.3571428571428572
189 198 -0.5714285714285714
189 206 0.9285714285714286
190 191 -1.7857142857142858
190 230 -0.9285714285714286
190 236 0.9285714285714286
190 260 -2.0
190 268 -1.7857142857142858
191 192 0.5714285714285714
191 292 -0.9285714285714286
191 299 -1.7857142857142858
191 322 -1.3571428571428572
191 327 0.5714285714285714
192 347 -0.5714285714285714
192 354 1.3571428571428572
192 376 -1.7857142857142858
192 383 -2.0
193 194 0.5714285714285714
193 539 -0.5714285714285714
193 555 -2.0
193 563 -2.0
195 196 1.7857142857142858
195 203 2.0
196 197 1.7857142857142858
196 203 -2.0
196 204 1.7857142857142858
197 198 -0.9285714285714286
197 204 -1.7857142857142858
197 205 1.7857142857142858
198 199 -0.5714285714285714
198 205 0.5714285714285714
198 206 0.9285714285714286
199 200 -1.3571428571428572
199 206 2.0
199 207 -0.9285714285714286
199 212 2.0
199 220 -1.3571428571428572
199 244 2.0
199 251 -1.3571428571428572
200 207 -2.0
200 208 -1.3571428571428572
200 275 -0.9285714285714286
200 281 2.0
200 306 1.7857142857142858
200 314 1.7857142857142858
201 202 -0.9285714285714286
201 209 -0.5714285714285714
201 391 1.7857142857142858
201 398 -1.7857142857142858
201 422 1.3571428571428572
202 210 0.5714285714285714
202 457 0.5714285714285714
202 464 -1.7857142857142858
202 490 -0.5714285714285714
202 498 -1.3571428571428572
203 204 2.0
204 205 0.9285714285714286
205 206 -1.3571428571428572
206 212 -1.3571428571428572
206 220 1.7857142857142858
207 208 0.9285714285714286
207 244 1.3571428571428572
207 251 2.0
207 275 2.0
207 281 -0.9285714285714286
208 209 2.0
208 306 -1.3571428571428572
208 314 1.3571428571428572
208 334 0.5714285714285714
208 341 0.5714285714285714
209 362 -1.3571428571428572
209 391 2.0
209 398 -0.5714285714285714
210 490 1.7857142857142858
210 498 1.3571428571428572
210 522 0.9285714285714286
210 529 -0.9285714285714286
211 219 -1.3571428571428572
212 213 0.9285714285714286
212 220 0.9285714285714286
212 221 0.5714285714285714
212 236 -2.0
213 214 0.9285714285714286
213 221 -2.0
213 222 1.7857142857142858
213 261 -2.0
213 268 -1.7857142857142858
213 293 1.3571428571428572
213 299 2.0
214 215 1.3571428571428572
214 222 1.3571428571428572
214 323 2.0
214 327 1.3571428571428572
214 348 -0.9285714285714286
214 354 1.3571428571428572
215 216 2.0
215 223 -1.3571428571428572
215 383 -0.9285714285714286
215 409 -0.9285714285714286
215 416 1.3571428571428572
216 217 1.3571428571428572
216 223 -0.5714285714285714
216 224 -0.9285714285714286
216 441 -0.9285714285714286
216 449 1.7857142857142858
216 474 -0.5714285714285714
216 482 -1.7857142857142858
217 218 1.3571428571428572
217 224 2.0
217 225 -0.9285714285714286
217 515 -2.0
217 540 -0.9285714285714286
217 548 0.9285714285714286
218 225 -2.0
218 226 1.7857142857142858
218 556 -1.3571428571428572
218 563 -2.0
219 220 0.9285714285714286
220 221 1.7857142857142858
221 231 -0.9285714285714286
221 236 -2.0
221 261 -2.0
221 268 -0.9285714285714286
222 293 2.0
222 299 1.3571428571428572
222 323 -1.7857142857142858
222 327 1.3571428571428572
223 224 -1.7857142857142858
223 409 0.9285714285714286
223 441 0.9285714285714286
223 449 -0.5714285714285714
224 225 1.7857142857142858
224 474 1.7857142857142858
224 482 -0.9285714285714286
224 515 -1.3571428571428572
225 226 0.5714285714285714
225 540 -1.3571428571428572
225 548 -0.5714285714285714
225 556 -0.5714285714285714
225 563 0.5714285714285714
227 228 0.9285714285714286
228 229 2.0
228 234 1.3571428571428572
229 230 1.7857142857142858
229 234 -1.7857142857142858
229 235 -1.7857142857142858
230 231 2.0
230 235 -0.9285714285714286
230 236 -1.7857142857142858
231 232 -1.7857142857142858
231 236 0.5714285714285714
231 237 -2.0
231 244 2.0
231 252 -0.9285714285714286
232 233 -1.3571428571428572
232 237 1.7857142857142858
232 238 -2.0
232 275 1.7857142857142858
232 282 -0.9285714285714286
232 306 2.0
232 315 0.9285714285714286
233 238 -0.9285714285714286
233 239 2.0
233 334 0.5714285714285714
233 342 2.0
233 362 -0.5714285714285714
233 368 -1.7857142857142858
234 235 -2.0
235 236 -2.0
236 237 1.7857142857142858
237 238 1.7857142857142858
237 244 1.7857142857142858
237 252 1.3571428571428572
237 275 -0.9285714285714286
237 282 -2.0
238 239 -0.9285714285714286
238 306 -0.5714285714285714
238 315 0.9285714285714286
238 334 1.7857142857142858
238 342 0.9285714285714286
239 240 2.0
239 362 0.5714285714285714
239 368 1.3571428571428572
239 391 0.5714285714285714
239 399 0.5714285714285714
240 241 -2.0
240 422 -0.5714285714285714
240 431 0.5714285714285714
240 457 -1.3571428571428572
241 490 0.5714285714285714
241 499 1.3571428571428572
241 522 0.5714285714285714
241 530 2.0
242 243 -0.5714285714285714
242 250 1.3571428571428572
243 244 1.7857142857142858
243 250 -1.7857142857142858
243 251 1.7857142857142858
244 245 -0.9285714285714286
244 251 1.3571428571428572
244 252 0.9285714285714286
245 246 -1.3571428571428572
245 252 -1.3571428571428572
245 253 0.9285714285714286
245 261 0.5714285714285714
245 269 1.7857142857142858
245 293 1.7857142857142858
246 247 2.0
246 253 0.5714285714285714
246 254 1.7857142857142858
246 323 2.0
246 328 -2.0
246 348 0.5714285714285714
246 355 -2.0
247 254 -1.7857142857142858
247 384 -0.9285714285714286
247 409 0.9285714285714286
247 417 2.0
248 249 -2.0
248 255 -1.7857142857142858
248 256 -1.7857142857142858
248 516 0.5714285714285714
248 540 0.5714285714285714
248 549 0.9285714285714286
249 256 1.3571428571428572
249 556 0.9285714285714286
249 564 1.3571428571428572
250 251 0.9285714285714286
251 252 1.3571428571428572
252 253 -1.7857142857142858
252 261 1.7857142857142858
252 269 -1.7857142857142858
253 254 1.3571428571428572
253 293 0.5714285714285714
253 323 0.5714285714285714
253 328 -0.9285714285714286
254 348 0.9285714285714286
254 355 1.7857142857142858
254 384 -2.0
255 256 -2.0
255 474 -0.9285714285714286
255 483 0.5714285714285714
255 516 0.5714285714285714
256 540 0.5714285714285714
256 549 -1.7857142857142858
256 556 1.3571428571428572
256 564 0.5714285714285714
257 258 -1.3571428571428572
258 259 2.0
258 266 -2.0
259 260 1.7857142857142858
259 266 -1.7857142857142858
260 261 0.5714285714285714
260 267 -1.7857142857142858
260 268 1.3571428571428572
261 262 -0.9285714285714286
261 269 -1.7857142857142858
262 263 -2.0
262 269 1.7857142857142858
262 270 1.3571428571428572
262 276 1.7857142857142858
262 282 -2.0
262 307 0.9285714285714286
262 315 -1.7857142857142858
263 264 1.7857142857142858
263 270 1.7857142857142858
263 271 -1.3571428571428572
263 335 -0.9285714285714286
263 342 -0.9285714285714286
263 363 2.0
263 368 0.9285714285714286
264 265 1.3571428571428572
264 271 -2.0
264 272 -0.5714285714285714
264 399 -1.7857142857142858
264 423 -2.0
264 431 -1.3571428571428572
265 272 2.0
265 273 1.3571428571428572
265 458 -2.0
265 491 2.0
265 499 1.7857142857142858
266 267 1.3571428571428572
267 268 1.7857142857142858
268 269 -1.7857142857142858
269 270 2.0
269 276 2.0
269 282 2.0
270 271 1.7857142857142858
270 307 -2.0
270 315 -1.7857142857142858
270 335 1.7857142857142858
270 342 1.7857142857142858
271 272 0.5714285714285714
271 363 2.0
271 368 0.9285714285714286
271 399 -0.5714285714285714
272 273 0.9285714285714286
272 423 -1.3571428571428572
272 431 0.5714285714285714
272 458 1.7857142857142858
273 491 0.9285714285714286
273 499 -2.0
273 523 -0.5714285714285714
273 530 -0.5714285714285714
274 275 2.0
274 281 -1.3571428571428572
275 276 1.7857142857142858
275 281 2.0
275 282 0.9285714285714286
276 282 -0.9285714285714286
276 283 1.3571428571428572
276 294 2.0
277 278 1.7857142857142858
277 284 2.0
277 285 0.5714285714285714
277 384 -2.0
277 410 -2.0
277 417 1.3571428571428572
278 279 2.0
278 285 0.9285714285714286
278 442 -1.3571428571428572
278 450 1.3571428571428572
278 483 2.0
279 280 -1.7857142857142858
279 287 2.0
279 508 -0.9285714285714286
279 541 2.0
279 549 -0.5714285714285714
280 287 1.3571428571428572
280 288 -1.3571428571428572
280 557 1.3571428571428572
280 564 -0.5714285714285714
281 282 -2.0
282 283 -1.3571428571428572
283 284 1.3571428571428572
283 294 0.5714285714285714
283 324 0.5714285714285714
283 328 0.9285714285714286
284 285 0.5714285714285714
284 349 -2.0
284 355 -1.7857142857142858
284 384 -2.0
285 286 -1.7857142857142858
285 410 0.9285714285714286
285 417 -0.5714285714285714
285 442 2.0
285 450 -0.5714285714285714
286 287 -0.5714285714285714
286 475 -1.3571428571428572
286 483 0.9285714285714286
286 508 -2.0
286 516 -0.9285714285714286
287 288 -0.9285714285714286
287 541 1.7857142857142858
287 549 -0.5714285714285714
287 557 1.3571428571428572
287 564 -1.7857142857142858
289 290 0.9285714285714286
290 291 -1.7857142857142858
290 298 1.3571428571428572
291 292 -0.5714285714285714
291 298 -0.5714285714285714
292 293 -1.3571428571428572
292 299 -2.0
293 294 0.5714285714285714
293 299 1.7857142857142858
294 295 0.9285714285714286
294 300 -2.0
294 307 2.0
294 316 0.5714285714285714
295 296 -2.0
295 300 -0.9285714285714286
295 301 2.0
295 335 -0.5714285714285714
295 343 -1.3571428571428572
295 363 -1.3571428571428572
295 369 0.9285714285714286
296 297 -1.7857142857142858
296 301 0.9285714285714286
296 302 0.9285714285714286
296 400 1.7857142857142858
296 423 -1.3571428571428572
296 432 2.0
297 302 -0.5714285714285714
297 303 2.0
297 458 -1.7857142857142858
297 465 -0.5714285714285714
297 491 -1.3571428571428572
297 500 -2.0
300 301 0.5714285714285714
300 307 -1.3571428571428572
300 316 1.3571428571428572
300 343 2.0
301 302 -0.9285714285714286
301 400 2.0
302 303 -2.0
302 423 -1.7857142857142858
302 432 -2.0
302 458 -2.0
302 465 0.5714285714285714
303 491 0.5714285714285714
303 500 -0.9285714285714286
303 523 2.0
303 531 1.3571428571428572
304 313 -0.5714285714285714
305 306 0.9285714285714286
305 313 2.0
305 314 2.0
306 307 -1.3571428571428572
306 314 0.9285714285714286
306 315 2.0
307 308 0.5714285714285714
307 315 1.3571428571428572
307 316 -0.5714285714285714
308 309 -0.5714285714285714
308 316 0.5714285714285714
308 317 1.7857142857142858
308 324 -0.5714285714285714
308 329 0.9285714285714286
308 349 -1.7857142857142858
308 356 -1.3571428571428572
309 310 -2.0
309 317 -2.0
309 318 1.7857142857142858
309 385 -2.0
309 410 0.9285714285714286
310 311 -1.3571428571428572
310 318 -2.0
310 319 -0.5714285714285714
310 442 -2.0
310 451 0.5714285714285714
310 475 0.5714285714285714
310 484 -0.9285714285714286
311 312 -1.7857142857142858
311 319 0.5714285714285714
311 320 -1.7857142857142858
311 508 1.7857142857142858
311 517 -1.7857142857142858
311 541 -0.5714285714285714
311 550 -0.5714285714285714
312 320 2.0
312 557 -1.3571428571428572
312 565 -0.5714285714285714
313 314 0.5714285714285714
314 315 2.0
316 317 -0.9285714285714286
316 324 0.5714285714285714
316 329 1.3571428571428572
317 318 -1.7857142857142858
317 349 1.3571428571428572
317 356 1.3571428571428572
317 385 1.7857142857142858
318 319 2.0
318 410 -1.3571428571428572
318 442 1.3571428571428572
318 451 0.9285714285714286
319 320 -0.5714285714285714
319 475 0.9285714285714286
319 484 -1.3571428571428572
319 508 -0.5714285714285714
320 541 -0.9285714285714286
320 550 1.7857142857142858
320 557 -1.3571428571428572
320 565 -2.0
322 323 0.5714285714285714
322 327 1.3571428571428572
323 324 -2.0
323 327 1.3571428571428572
323 328 1.7857142857142858
324 328 1.7857142857142858
324 329 1.7857142857142858
325 326 0.9285714285714286
325 330 -2.0
325 331 -0.9285714285714286
325 392 -0.5714285714285714
325 400 -1.3571428571428572
325 424 -0.9285714285714286
325 432 1.7857142857142858
326 331 2.0
326 459 1.7857142857142858
326 465 1.7857142857142858
326 492 0.5714285714285714
326 500 -0.9285714285714286
327 328 -2.0
328 329 -1.7857142857142858
329 330 -0.5714285714285714
329 343 1.7857142857142858
330 331 -1.7857142857142858
330 369 -1.7857142857142858
330 392 -1.3571428571428572
330 400 -1.7857142857142858
331 424 -0.5714285714285714
331 432 1.7857142857142858
331 459 0.9285714285714286
331 465 1.3571428571428572
332 333 0.9285714285714286
332 340 1.7857142857142858
333 334 2.0
333 340 0.5714285714285714
333 341 -1.3571428571428572
334 335 0.5714285714285714
334 341 -2.0
334 342 -0.9285714285714286
335 342 0.9285714285714286
335 343 -1.3571428571428572
336 344 1.3571428571428572
336 345 0.5714285714285714
336 377 -0.9285714285714286
336 385 0.5714285714285714
337 338 2.0
337 345 0.9285714285714286
337 443 1.7857142857142858
337 451 -1.3571428571428572
337 476 0.9285714285714286
338 339 -1.3571428571428572
338 509 1.7857142857142858
338 517 -0.5714285714285714
338 550 0.5714285714285714
339 346 -1.3571428571428572
339 558 1.7857142857142858
339 565 0.9285714285714286
340 341 1.7857142857142858
341 342 -0.5714285714285714
342 343 1.7857142857142858
343 344 -1.3571428571428572
344 345 -2.0
344 350 -1.3571428571428572
344 356 -1.3571428571428572
344 377 -0.9285714285714286
344 385 -0.5714285714285714
345 443 0.5714285714285714
345 451 -2.0
347 348 2.0
347 354 -1.7857142857142858
348 349 -1.3571428571428572
348 354 -1.3571428571428572
348 355 -1.7857142857142858
349 350 -2.0
349 355 0.5714285714285714
349 356 -0.5714285714285714
350 351 -0.9285714285714286
350 356 1.3571428571428572
350 357 -1.7857142857142858
350 370 -1.3571428571428572
351 352 -0.5714285714285714
351 357 -1.7857142857142858
351 358 0.9285714285714286
351 392 1.7857142857142858
351 401 -0.9285714285714286
351 433 -2.0
352 358 2.0
352 359 1.3571428571428572
352 459 -1.7857142857142858
352 466 -2.0
352 492 1.3571428571428572
352 501 1.7857142857142858
354 355 0.5714285714285714
355 356 0.9285714285714286
356 357 0.9285714285714286
357 358 1.3571428571428572
357 392 -1.3571428571428572
357 401 1.3571428571428572
358 359 -0.9285714285714286
358 424 0.5714285714285714
358 433 -1.3571428571428572
358 459 0.5714285714285714
358 466 -1.7857142857142858
359 492 -1.7857142857142858
359 501 -0.5714285714285714
359 524 0.5714285714285714
359 532 0.9285714285714286
360 361 1.3571428571428572
361 362 -1.3571428571428572
362 363 -0.5714285714285714
362 368 -1.7857142857142858
363 369 -1.7857142857142858
364 365 0.5714285714285714
364 370 -1.7857142857142858
364 371 -0.5714285714285714
364 377 1.7857142857142858
364 386 -1.7857142857142858
365 366 -1.7857142857142858
365 371 -0.9285714285714286
365 443 -0.5714285714285714
365 452 0.9285714285714286
365 476 1.3571428571428572
365 485 1.3571428571428572
366 367 -0.5714285714285714
366 372 0.9285714285714286
366 373 0.9285714285714286
366 509 1.3571428571428572
366 518 -1.7857142857142858
366 542 0.9285714285714286
366 551 -0.5714285714285714
367 373 0.9285714285714286
367 558 1.7857142857142858
367 566 -0.5714285714285714
368 369 1.7857142857142858
369 370 0.9285714285714286
370 371 1.7857142857142858
370 377 0.9285714285714286
370 386 1.7857142857142858
371 372 -0.9285714285714286
371 443 1.7857142857142858
371 452 -1.3571428571428572
372 373 0.5714285714285714
372 476 -1.3571428571428572
372 509 -1.7857142857142858
372 518 0.5714285714285714
373 542 1.3571428571428572
373 551 0.9285714285714286
373 558 -0.5714285714285714
373 566 -1.3571428571428572
374 375 2.0
374 380 -0.9285714285714286
375 380 -1.7857142857142858
376 382 -2.0
376 383 1.7857142857142858
377 378 -0.5714285714285714
377 385 2.0
377 386 -0.9285714285714286
378 379 2.0
378 386 -1.3571428571428572
378 387 0.5714285714285714
378 393 2.0
378 401 0.5714285714285714
378 425 0.9285714285714286
378 433 2.0
379 387 -0.9285714285714286
379 460 0.5714285714285714
379 466 -1.3571428571428572
379 501 1.7857142857142858
380 381 0.9285714285714286
381 382 -2.0
382 383 0.9285714285714286
383 384 -1.3571428571428572
384 385 -0.9285714285714286
385 386 -1.7857142857142858
386 387 -1.3571428571428572
386 393 2.0
386 401 -0.9285714285714286
387 388 0.5714285714285714
387 425 -1.7857142857142858
387 433 -0.9285714285714286
387 460 -1.7857142857142858
387 466 -1.7857142857142858
388 493 -1.3571428571428572
388 501 0.9285714285714286
388 525 1.7857142857142858
388 532 -0.5714285714285714
389 390 1.3571428571428572
389 397 1.7857142857142858
390 391 -1.7857142857142858
390 397 0.5714285714285714
390 398 1.7857142857142858
391 398 -2.0
391 399 -1.7857142857142858
392 393 -0.9285714285714286
392 400 1.3571428571428572
392 401 0.5714285714285714
393 394 -0.9285714285714286
393 401 -0.5714285714285714
393 402 2.0
393 411 -1.3571428571428572
394 395 0.5714285714285714
394 402 -0.5714285714285714
394 403 -1.7857142857142858
394 444 -1.7857142857142858
394 452 0.5714285714285714
394 477 1.7857142857142858
394 485 1.7857142857142858
395 396 -0.9285714285714286
395 403 -2.0
395 404 -1.3571428571428572
395 510 -2.0
395 518 0.9285714285714286
395 543 0.5714285714285714
395 551 -2.0
396 404 0.5714285714285714
396 559 0.5714285714285714
396 566 1.7857142857142858
397 398 2.0
398 399 1.3571428571428572
399 400 -0.5714285714285714
400 401 2.0
401 402 -2.0
402 403 -0.9285714285714286
402 411 -2.0
402 444 0.5714285714285714
402 452 -0.9285714285714286
403 404 -2.0
403 477 1.7857142857142858
403 485 -0.5714285714285714
403 510 -0.5714285714285714
403 518 -1.7857142857142858
404 543 0.9285714285714286
404 551 2.0
404 559 -0.5714285714285714
404 566 2.0
405 406 1.3571428571428572
405 413 -0.9285714285714286
406 413 -1.7857142857142858
406 414 -0.9285714285714286
407 408 2.0
407 414 -1.3571428571428572
407 415 1.7857142857142858
408 409 -0.9285714285714286
408 415 -2.0
408 416 0.9285714285714286
409 410 0.5714285714285714
409 416 -0.9285714285714286
409 417 1.7857142857142858
410 417 -0.9285714285714286
411 412 -0.5714285714285714
411 418 1.7857142857142858
411 425 -0.5714285714285714
411 434 -1.3571428571428572
412 418 -0.5714285714285714
412 419 -2.0
412 460 0.5714285714285714
412 467 -0.5714285714285714
412 493 0.5714285714285714
412 502 0.9285714285714286
413 414 2.0
414 415 0.9285714285714286
415 416 0.9285714285714286
416 417 2.0
418 419 0.5714285714285714
418 425 2.0
418 434 -0.5714285714285714
418 460 -0.5714285714285714
418 467 2.0
419 493 -0.9285714285714286
419 502 -1.3571428571428572
419 525 -0.9285714285714286
419 533 1.7857142857142858
420 421 -0.9285714285714286
421 422 1.7857142857142858
421 429 -2.0
421 430 -2.0
422 423 1.7857142857142858
422 430 1.7857142857142858
422 431 -0.9285714285714286
423 424 0.5714285714285714
423 431 1.3571428571428572
423 432 -0.9285714285714286
424 425 2.0
424 432 1.3571428571428572
424 433 2.0
425 426 1.7857142857142858
425 433 -1.7857142857142858
425 434 -0.5714285714285714
426 427 -1.7857142857142858
426 435 -2.0
426 444 -1.7857142857142858
426 453 -0.5714285714285714
426 477 2.0
426 486 -1.7857142857142858
427 428 -0.9285714285714286
427 435 2.0
427 436 -2.0
427 510 -0.9285714285714286
427 519 0.5714285714285714
427 543 -2.0
427 552 -1.3571428571428572
428 436 -1.3571428571428572
428 437 -0.5714285714285714
428 559 -2.0
428 567 1.3571428571428572
429 430 2.0
430 431 -0.5714285714285714
431 432 -2.0
432 433 1.3571428571428572
433 434 2.0
434 444 1.7857142857142858
434 453 -1.3571428571428572
435 436 0.9285714285714286
435 477 1.3571428571428572
435 486 2.0
435 510 -1.3571428571428572
435 519 1.7857142857142858
436 437 -0.5714285714285714
436 543 -1.3571428571428572
436 552 -2.0
436 559 0.9285714285714286
436 567 0.9285714285714286
438 446 2.0
439 440 -2.0
439 447 -0.9285714285714286
439 448 -0.9285714285714286
440 441 -0.5714285714285714
440 448 -0.9285714285714286
440 449 -0.9285714285714286
441 442 -1.3571428571428572
441 449 -0.5714285714285714
441 450 -1.3571428571428572
442 443 2.0
442 450 1.7857142857142858
442 451 1.7857142857142858
443 444 -0.5714285714285714
443 451 0.5714285714285714
443 452 0.5714285714285714
444 445 -1.3571428571428572
444 452 -0.5714285714285714
445 453 -0.9285714285714286
445 454 -2.0
445 467 1.7857142857142858
445 494 1.7857142857142858
445 502 -0.5714285714285714
446 447 -1.7857142857142858
447 448 -1.3571428571428572
448 449 -2.0
449 450 0.9285714285714286
450 451 -1.3571428571428572
451 452 -0.9285714285714286
452 453 1.7857142857142858
453 454 -0.5714285714285714
453 467 -1.3571428571428572
454 494 -1.3571428571428572
454 502 1.3571428571428572
454 526 -1.7857142857142858
454 533 0.5714285714285714
455 456 -0.5714285714285714
455 463 0.9285714285714286
456 457 -0.5714285714285714
456 463 -1.3571428571428572
456 464 1.7857142857142858
457 458 -2.0
457 464 -0.9285714285714286
458 459 1.7857142857142858
458 465 -1.7857142857142858
459 460 1.3571428571428572
459 465 1.3571428571428572
459 466 -1.3571428571428572
460 466 -2.0
460 467 -1.3571428571428572
461 462 -0.9285714285714286
461 468 -1.3571428571428572
461 469 -0.9285714285714286
461 511 -0.9285714285714286
461 519 0.5714285714285714
461 544 -2.0
461 552 2.0
462 469 0.5714285714285714
462 470 0.9285714285714286
462 560 0.5714285714285714
462 567 -2.0
463 464 1.3571428571428572
465 466 0.5714285714285714
466 467 1.7857142857142858
467 468 -2.0
468 469 -2.0
468 478 -2.0
468 486 0.5714285714285714
468 511 0.9285714285714286
468 519 -1.7857142857142858
469 470 0.9285714285714286
469 544 2.0
469 552 -0.9285714285714286
469 560 -1.3571428571428572
469 567 -2.0
471 472 0.5714285714285714
471 479 -0.9285714285714286
472 479 0.5714285714285714
472 480 -0.9285714285714286
473 474 1.3571428571428572
473 481 -0.9285714285714286
473 482 0.9285714285714286
474 475 2.0
474 482 0.9285714285714286
474 483 -2.0
475 476 -0.5714285714285714
475 483 -1.7857142857142858
475 484 -1.3571428571428572
476 477 -2.0
476 484 -1.3571428571428572
476 485 -2.0
477 478 2.0
477 485 0.9285714285714286
477 486 -0.5714285714285714
478 486 1.7857142857142858
478 487 2.0
478 494 1.7857142857142858
479 480 -1.3571428571428572
480 481 -0.9285714285714286
481 482 0.9285714285714286
482 483 0.5714285714285714
484 485 0.9285714285714286
485 486 -1.7857142857142858
486 487 1.3571428571428572
487 494 2.0
487 526 1.7857142857142858
487 534 0.5714285714285714
488 489 2.0
488 497 1.7857142857142858
489 490 -0.9285714285714286
489 498 0.9285714285714286
490 491 0.9285714285714286
490 498 -1.3571428571428572
490 499 2.0
491 492 0.9285714285714286
491 499 0.5714285714285714
491 500 -2.0
492 493 0.9285714285714286
492 500 -0.9285714285714286
492 501 -0.9285714285714286
493 494 2.0
493 501 -1.7857142857142858
493 502 -2.0
494 495 1.3571428571428572
494 502 -0.9285714285714286
495 496 -1.3571428571428572
495 503 -2.0
495 511 -0.5714285714285714
495 520 -0.5714285714285714
495 544 -1.7857142857142858
496 503 -1.7857142857142858
496 504 -0.9285714285714286
496 560 -2.0
496 568 0.5714285714285714
497 498 -1.3571428571428572
498 499 -1.7857142857142858
499 500 0.5714285714285714
500 501 -2.0
501 502 -2.0
503 504 -1.3571428571428572
503 544 0.9285714285714286
503 560 -2.0
503 568 1.7857142857142858
505 506 1.7857142857142858
505 512 -0.5714285714285714
505 513 1.7857142857142858
506 507 -1.7857142857142858
506 513 -1.7857142857142858
506 514 -1.7857142857142858
507 514 -1.3571428571428572
508 509 -1.7857142857142858
508 516 0.9285714285714286
508 517 -0.5714285714285714
509 510 0.5714285714285714
509 517 -0.9285714285714286
509 518 -1.7857142857142858
510 511 0.9285714285714286
510 518 1.7857142857142858
510 519 1.3571428571428572
511 519 1.3571428571428572
511 520 -0.9285714285714286
512 513 0.9285714285714286
513 514 -0.9285714285714286
514 515 0.5714285714285714
515 516 -1.7857142857142858
516 517 1.3571428571428572
517 518 0.5714285714285714
518 519 1.7857142857142858
519 520 2.0
520 527 -1.3571428571428572
520 534 0.5714285714285714
521 522 -0.5714285714285714
521 529 1.3571428571428572
522 523 -2.0
522 530 -1.7857142857142858
523 524 -1.3571428571428572
523 530 1.3571428571428572
523 531 0.5714285714285714
524 525 0.9285714285714286
524 531 -0.5714285714285714
524 532 1.7857142857142858
525 526 -2.0
525 532 -0.9285714285714286
525 533 1.7857142857142858
526 527 -1.3571428571428572
526 533 -0.9285714285714286
526 534 0.9285714285714286
527 528 -0.5714285714285714
527 534 1.7857142857142858
527 535 -0.5714285714285714
528 535 -1.7857142857142858
528 568 -1.3571428571428572
529 530 -0.9285714285714286
530 531 0.5714285714285714
531 532 0.9285714285714286
532 533 1.3571428571428572
533 534 -0.9285714285714286
534 535 -1.3571428571428572
535 536 0.5714285714285714
535 568 -1.7857142857142858
537 538 2.0
537 545 0.5714285714285714
537 546 -0.9285714285714286
538 539 -1.7857142857142858
538 546 1.3571428571428572
538 547 -1.7857142857142858
539 540 1.7857142857142858
539 547 -2.0
539 548 1.3571428571428572
540 541 0.5714285714285714
540 548 -0.5714285714285714
540 549 -1.3571428571428572
541 542 0.9285714285714286
541 549 -1.3571428571428572
541 550 -1.7857142857142858
542 543 -1.3571428571428572
542 550 -1.7857142857142858
542 551 -2.0
543 544 0.5714285714285714
543 551 -1.3571428571428572
543 552 1.7857142857142858
544 552 -2.0
545 546 0.9285714285714286
546 547 1.3571428571428572
547 548 -2.0
548 549 -1.7857142857142858
549 550 2.0
550 551 2.0
551 552 -0.9285714285714286
553 561 0.9285714285714286
554 555 -1.7857142857142858
554 562 2.0
555 556 0.9285714285714286
555 562 2.0
555 563 1.3571428571428572
556 557 -1.7857142857142858
556 563 1.7857142857142858
556 564 -0.5714285714285714
557 558 -0.9285714285714286
557 564 -2.0
557 565 -0.9285714285714286
558 559 -0.5714285714285714
558 565 -1.7857142857142858
559 560 1.3571428571428572
559 566 -2.0
559 567 1.3571428571428572
560 567 2.0
560 568 -0.5714285714285714
562 563 0.5714285714285714
563 564 0.5714285714285714
564 565 1.7857142857142858
566 567 1.7857142857142858
567 568 0.5714285714285714
