252 961
1 1 -5.214285714285714
2 2 -0.49999999999999956
3 3 -3.6428571428571423
4 4 -5.214285714285714
5 5 0.5714285714285714
6 6 6.5
7 7 4.7142857142857135
8 8 5.571428571428571
9 9 0.7142857142857142
10 10 -1.3571428571428572
11 11 -3.1428571428571432
12 12 11.428571428571429
13 13 1.5
14 14 -4.642857142857143
15 15 -4.071428571428571
16 16 -4.642857142857144
17 17 1.0714285714285707
19 19 2.857142857142857
20 20 -1.2142857142857144
21 21 0.8571428571428572
22 22 2.6428571428571432
23 23 2.5
24 24 3.2142857142857144
25 25 -0.7142857142857142
26 26 5.7142857142857135
28 28 -4.142857142857143
29 29 -0.21428571428571397
30 30 1.5714285714285714
31 31 -1.6428571428571428
32 32 -4.0
33 33 -3.428571428571429
34 34 -0.5714285714285714
35 35 -1.5714285714285714
36 36 -2.428571428571429
37 37 -0.642857142857143
38 38 -0.8571428571428572
39 39 -0.5
40 40 -1.9285714285714282
41 41 -0.9285714285714286
42 42 1.0714285714285714
43 43 -2.3571428571428577
44 44 -1.2142857142857142
45 45 -4.071428571428571
46 46 3.2857142857142856
47 47 -0.714285714285714
48 48 -0.8571428571428572
49 49 2.0714285714285716
50 50 0.8571428571428572
51 51 -4.214285714285714
52 52 3.7142857142857144
53 53 0.9285714285714286
54 54 2.571428571428571
55 55 -1.1428571428571428
56 56 -2.5
57 57 -2.3571428571428568
58 58 -3.5
59 59 -3.5
60 60 0.2857142857142858
61 61 2.428571428571429
62 62 3.2142857142857144
63 63 0.2142857142857144
64 64 -0.8571428571428572
65 65 2.1428571428571432
66 66 1.1428571428571428
67 67 -2.0
68 68 0.8571428571428572
69 69 -8.428571428571427
70 70 4.142857142857143
71 71 -2.357142857142857
72 72 -2.428571428571429
73 73 5.071428571428571
74 74 7.571428571428571
75 75 -7.0
76 76 -0.7142857142857144
77 77 -5.142857142857143
78 78 0.21428571428571397
79 79 -2.357142857142857
80 80 0.7857142857142856
81 81 2.2857142857142856
82 82 -0.5714285714285714
83 83 0.7857142857142856
84 84 -5.142857142857142
85 85 -2.2857142857142856
87 87 3.071428571428572
88 88 0.7142857142857144
89 89 -6.785714285714286
90 90 -3.4999999999999996
91 91 0.5714285714285714
92 92 0.7857142857142858
93 93 3.0000000000000004
94 94 -3.1428571428571432
95 95 -0.7857142857142856
96 96 -1.1428571428571428
97 97 3.428571428571429
98 98 0.3571428571428572
99 99 -1.2142857142857142
100 100 2.571428571428571
101 101 -0.5714285714285714
102 102 3.3571428571428568
103 103 0.5000000000000002
104 104 -3.5000000000000004
105 105 -3.785714285714286
106 106 -5.0
107 107 -1.4285714285714286
108 108 -2.0
109 109 1.2142857142857144
110 110 -0.7857142857142856
111 111 -2.7142857142857144
112 112 -3.5
113 113 0.14285714285714324
114 114 2.571428571428571
115 115 1.2142857142857149
116 116 -0.6428571428571428
117 117 -0.2857142857142856
118 118 -0.8571428571428572
119 119 1.5
120 120 4.071428571428571
121 121 3.8571428571428577
122 122 -0.5714285714285714
123 123 -0.2857142857142856
124 124 -0.642857142857143
125 125 -2.5
126 126 -5.142857142857142
127 127 1.8571428571428572
128 128 -0.785714285714286
129 129 0.14285714285714324
130 130 0.1428571428571428
131 131 -0.2142857142857142
132 132 -4.214285714285714
133 133 -4.571428571428571
134 134 -0.2857142857142856
135 135 2.0714285714285716
136 136 0.2142857142857142
137 137 3.5714285714285716
138 138 -4.428571428571429
139 139 6.142857142857142
140 140 -2.5
141 141 -1.7857142857142858
142 142 -0.2142857142857142
143 143 -6.357142857142857
144 144 -3.7142857142857144
145 145 -0.14285714285714235
146 146 3.1428571428571432
147 147 1.3571428571428572
148 148 -3.928571428571428
149 149 5.214285714285714
150 150 2.1428571428571432
151 151 -0.07142857142857117
152 152 -1.0714285714285716
153 153 -3.6428571428571432
154 154 6.071428571428572
155 155 -7.714285714285714
156 156 -1.2857142857142858
157 157 1.8571428571428572
158 158 5.857142857142857
159 159 2.1428571428571432
160 160 3.2142857142857144
161 161 3.8571428571428577
162 162 1.7142857142857142
163 163 1.7857142857142858
164 164 -2.220446049250313e-16
166 166 10.357142857142858
167 167 -2.7142857142857144
168 168 -4.714285714285714
169 169 0.5
170 170 3.714285714285715
171 171 -0.2142857142857142
172 172 0.7142857142857142
173 173 0.7142857142857142
174 174 1.7857142857142858
175 175 -0.7857142857142858
176 176 3.142857142857143
177 177 -3.6428571428571432
178 178 -1.0000000000000002
179 179 3.4999999999999996
180 180 -5.142857142857142
181 181 5.928571428571429
182 182 2.7857142857142856
183 183 -2.5
184 184 0.1428571428571428
185 185 -6.142857142857142
186 186 0.3571428571428572
187 187 4.071428571428572
188 188 -2.928571428571429
189 189 0.6428571428571428
190 190 -3.428571428571429
191 191 -3.7142857142857144
192 192 -1.4285714285714284
193 193 2.0
194 194 2.220446049250313e-16
195 195 2.2857142857142856
196 196 1.9285714285714286
197 197 2.785714285714286
198 198 -1.0
199 199 0.2142857142857144
200 200 2.7857142857142856
201 201 1.7142857142857144
202 202 -4.642857142857142
203 203 -0.6428571428571428
204 204 -1.5714285714285714
205 205 -1.4285714285714286
206 206 -3.7857142857142856
207 207 -1.857142857142857
208 208 -1.8571428571428572
209 209 -0.4285714285714286
210 210 -2.0
211 211 -0.9285714285714286
212 212 -2.5
213 213 0.1428571428571428
214 214 -0.4285714285714286
215 215 -5.142857142857143
216 216 3.4999999999999996
217 217 12.214285714285715
218 218 2.428571428571429
219 219 -1.2142857142857146
220 220 5.0
221 221 1.0714285714285714
222 222 -0.0714285714285714
223 223 -3.7142857142857144
224 224 -2.0
225 225 0.7142857142857142
226 226 5.285714285714286
227 227 1.2857142857142858
228 228 -0.5714285714285712
229 229 -5.714285714285715
230 230 -2.7142857142857144
231 231 0.14285714285714257
232 232 -8.642857142857144
233 233 -2.1428571428571423
234 234 -1.1428571428571428
235 235 1.1428571428571428
236 236 1.7142857142857142
237 237 5.42857142857143
238 238 -6.428571428571429
239 239 -0.2857142857142858
240 240 -1.3571428571428572
241 241 4.0
242 242 -1.8571428571428568
243 243 1.0714285714285712
244 244 -4.857142857142858
245 245 7.5
246 246 -1.7142857142857144
247 247 3.2142857142857144
248 248 -3.0000000000000004
249 249 -0.7857142857142858
250 250 -7.571428571428572
251 251 -3.071428571428572
252 252 5.071428571428571
1 2 0.9285714285714286
1 9 2.0
1 42 0.9285714285714286
1 47 1.7857142857142858
1 85 0.9285714285714286
1 93 -1.3571428571428572
2 3 0.9285714285714286
2 9 -1.3571428571428572
2 10 -2.0
2 133 -0.5714285714285714
2 143 2.0
2 176 0.5714285714285714
3 4 2.0
3 10 2.0
3 11 -0.9285714285714286
3 20 2.0
3 29 0.5714285714285714
3 226 -0.9285714285714286
3 236 -2.0
4 11 1.7857142857142858
4 12 -0.9285714285714286
4 123 0.5714285714285714
4 128 1.7857142857142858
5 6 -2.0
5 15 0.9285714285714286
5 60 -1.7857142857142858
5 106 0.9285714285714286
5 115 1.3571428571428572
6 7 0.9285714285714286
6 15 -1.3571428571428572
6 16 0.5714285714285714
6 156 -0.5714285714285714
6 161 -1.7857142857142858
6 192 -1.3571428571428572
6 196 -0.9285714285714286
7 16 -0.5714285714285714
7 17 -1.3571428571428572
7 41 -1.3571428571428572
7 247 -1.7857142857142858
7 251 -0.5714285714285714
8 18 0.9285714285714286
8 19 -2.0
8 184 -0.9285714285714286
8 225 -1.7857142857142858
8 235 -1.7857142857142858
9 10 2.0
9 85 -2.0
9 93 -1.7857142857142858
9 133 1.7857142857142858
9 143 -1.3571428571428572
10 11 1.3571428571428572
10 176 -0.9285714285714286
10 226 -2.0
10 236 0.9285714285714286
11 12 -2.0
11 20 0.9285714285714286
11 29 2.0
12 13 -0.9285714285714286
12 123 -1.7857142857142858
12 128 -2.0
12 163 -1.7857142857142858
12 168 -2.0
13 14 -0.5714285714285714
13 204 -2.0
13 215 2.0
14 56 2.0
14 71 1.3571428571428572
14 102 0.9285714285714286
14 117 0.9285714285714286
15 16 1.3571428571428572
15 106 -1.7857142857142858
15 115 2.0
15 156 2.0
15 161 0.9285714285714286
16 17 -2.0
16 192 2.0
16 196 0.5714285714285714
16 247 1.3571428571428572
16 251 1.3571428571428572
17 19 0.9285714285714286
17 41 1.3571428571428572
17 90 1.7857142857142858
17 96 -1.7857142857142858
18 19 0.5714285714285714
18 25 -0.9285714285714286
18 31 0.5714285714285714
18 225 -0.5714285714285714
18 235 -0.5714285714285714
19 138 -1.7857142857142858
19 184 -0.5714285714285714
20 26 -1.7857142857142858
20 29 -1.7857142857142858
20 200 0.9285714285714286
20 211 0.9285714285714286
21 22 -1.7857142857142858
21 28 0.9285714285714286
22 23 -0.5714285714285714
22 28 0.9285714285714286
22 35 -1.7857142857142858
22 241 0.5714285714285714
23 24 -1.3571428571428572
23 30 -0.5714285714285714
24 25 0.5714285714285714
24 30 -0.5714285714285714
24 31 -0.9285714285714286
24 173 -0.9285714285714286
25 31 -0.9285714285714286
25 32 2.0
26 29 0.9285714285714286
26 33 -0.9285714285714286
26 67 -0.5714285714285714
26 103 -2.0
26 113 -1.3571428571428572
27 28 1.3571428571428572
27 100 -1.3571428571428572
28 241 0.9285714285714286
29 33 -0.5714285714285714
29 67 -0.9285714285714286
30 31 0.9285714285714286
30 173 -1.3571428571428572
31 32 2.0
32 70 -0.9285714285714286
32 122 0.9285714285714286
33 103 2.0
33 113 0.5714285714285714
33 153 1.7857142857142858
33 159 0.5714285714285714
34 38 0.5714285714285714
35 222 1.3571428571428572
35 233 2.0
36 37 0.9285714285714286
36 45 1.7857142857142858
36 53 -1.3571428571428572
36 89 2.0
36 98 -0.9285714285714286
37 38 -0.5714285714285714
37 48 -0.9285714285714286
37 139 -0.5714285714285714
37 150 1.7857142857142858
38 39 1.7857142857142858
38 48 -0.9285714285714286
38 229 1.7857142857142858
38 239 -1.7857142857142858
39 50 0.9285714285714286
39 78 -2.0
39 82 0.5714285714285714
39 126 0.5714285714285714
39 131 -1.3571428571428572
40 41 1.3571428571428572
40 50 -1.7857142857142858
40 165 1.7857142857142858
40 171 2.0
40 207 0.5714285714285714
40 218 -2.0
41 62 -1.3571428571428572
41 68 0.9285714285714286
42 43 -2.0
42 47 0.9285714285714286
42 198 -0.9285714285714286
43 44 1.7857142857142858
43 47 1.3571428571428572
43 49 -1.3571428571428572
43 55 2.0
43 101 0.5714285714285714
44 45 -2.0
44 49 2.0
44 51 1.7857142857142858
44 151 -0.5714285714285714
44 187 -1.7857142857142858
45 51 2.0
45 53 1.3571428571428572
45 242 0.9285714285714286
46 54 -0.5714285714285714
46 174 -0.9285714285714286
46 220 -1.7857142857142858
47 49 -1.3571428571428572
47 55 -2.0
48 229 1.7857142857142858
48 239 0.9285714285714286
49 51 -0.5714285714285714
49 101 0.5714285714285714
49 151 -1.3571428571428572
50 126 0.5714285714285714
50 131 1.7857142857142858
50 165 -1.7857142857142858
50 171 -0.5714285714285714
51 53 -0.9285714285714286
51 187 1.3571428571428572
51 242 0.5714285714285714
52 62 -1.3571428571428572
52 68 -0.5714285714285714
52 120 -1.7857142857142858
54 220 -2.0
55 65 0.5714285714285714
55 93 0.5714285714285714
56 71 1.3571428571428572
56 203 -1.7857142857142858
56 214 0.9285714285714286
57 60 0.9285714285714286
57 61 -0.5714285714285714
57 71 -1.3571428571428572
57 72 2.0
57 73 -2.0
57 106 2.0
57 116 1.3571428571428572
58 59 -1.7857142857142858
58 67 0.9285714285714286
58 69 1.3571428571428572
58 76 -0.5714285714285714
58 124 1.7857142857142858
58 128 1.7857142857142858
59 60 0.9285714285714286
59 69 0.5714285714285714
59 168 2.0
59 215 1.7857142857142858
60 71 0.5714285714285714
60 72 -0.9285714285714286
61 62 -0.9285714285714286
61 73 0.5714285714285714
61 74 -1.7857142857142858
61 156 -0.9285714285714286
61 162 0.5714285714285714
61 192 -1.3571428571428572
61 197 2.0
62 63 -1.3571428571428572
62 68 1.3571428571428572
62 247 -0.9285714285714286
62 252 1.3571428571428572
63 64 0.9285714285714286
63 68 -1.7857142857142858
63 75 1.3571428571428572
63 90 2.0
63 97 -1.3571428571428572
63 138 1.3571428571428572
63 147 -1.3571428571428572
64 70 -1.7857142857142858
64 75 1.3571428571428572
64 185 -0.5714285714285714
64 225 0.9285714285714286
65 66 -0.9285714285714286
65 93 -1.7857142857142858
65 134 -1.3571428571428572
65 143 1.3571428571428572
66 67 1.7857142857142858
66 178 0.9285714285714286
66 227 -2.0
66 236 -0.9285714285714286
67 69 1.3571428571428572
67 76 -0.5714285714285714
68 90 0.5714285714285714
68 97 -1.3571428571428572
69 124 1.3571428571428572
69 128 1.7857142857142858
69 168 2.0
70 75 0.5714285714285714
70 225 -2.0
71 72 -1.3571428571428572
71 73 1.7857142857142858
72 107 1.3571428571428572
72 117 1.3571428571428572
73 74 -2.0
73 106 0.9285714285714286
73 116 -1.7857142857142858
73 156 -2.0
73 162 -0.5714285714285714
74 192 1.3571428571428572
74 197 -1.7857142857142858
74 247 -2.0
74 252 -1.3571428571428572
75 138 0.5714285714285714
75 147 1.7857142857142858
75 185 1.3571428571428572
76 77 0.9285714285714286
76 80 0.9285714285714286
76 104 -0.5714285714285714
76 113 0.5714285714285714
77 78 2.0
77 80 -0.5714285714285714
77 81 1.3571428571428572
77 154 -0.5714285714285714
77 159 2.0
77 190 1.7857142857142858
77 194 -1.7857142857142858
78 81 0.5714285714285714
78 82 1.7857142857142858
78 245 -2.0
78 249 -0.5714285714285714
79 83 -2.0
79 84 2.0
79 177 0.5714285714285714
79 182 1.7857142857142858
80 81 -2.0
80 104 1.3571428571428572
80 113 0.9285714285714286
80 154 0.5714285714285714
80 159 -2.0
81 82 -1.7857142857142858
81 190 0.5714285714285714
81 194 1.3571428571428572
81 245 -1.7857142857142858
81 249 -0.5714285714285714
82 83 -2.0
82 88 2.0
83 84 2.0
83 136 0.9285714285714286
83 144 1.3571428571428572
83 177 0.9285714285714286
83 182 -2.0
84 223 0.5714285714285714
84 233 0.5714285714285714
85 93 1.3571428571428572
85 209 2.0
86 140 0.9285714285714286
86 150 -0.9285714285714286
87 89 0.9285714285714286
87 94 1.3571428571428572
87 151 -2.0
87 157 -2.0
87 187 -1.3571428571428572
88 95 -0.9285714285714286
88 131 -1.7857142857142858
89 91 1.3571428571428572
89 94 1.3571428571428572
89 98 0.5714285714285714
89 242 0.5714285714285714
90 96 0.9285714285714286
90 97 -1.7857142857142858
91 92 -1.3571428571428572
91 98 -0.5714285714285714
91 99 0.9285714285714286
91 142 -0.9285714285714286
92 99 -1.3571428571428572
92 174 0.5714285714285714
92 181 0.5714285714285714
92 220 1.3571428571428572
92 231 -0.5714285714285714
94 187 -1.3571428571428572
94 242 1.7857142857142858
95 96 2.0
95 131 0.5714285714285714
95 166 -1.7857142857142858
95 171 0.9285714285714286
96 97 2.0
96 218 -2.0
97 120 -0.9285714285714286
98 99 0.5714285714285714
99 100 1.3571428571428572
99 142 0.5714285714285714
99 174 0.9285714285714286
99 181 -1.7857142857142858
100 220 -0.5714285714285714
100 231 -2.0
101 111 -0.5714285714285714
102 107 -1.3571428571428572
102 117 -2.0
102 214 -0.9285714285714286
103 104 1.3571428571428572
103 112 0.9285714285714286
103 113 -1.3571428571428572
103 227 0.5714285714285714
103 237 -2.0
104 105 1.3571428571428572
104 113 -0.9285714285714286
104 114 1.7857142857142858
104 124 -1.7857142857142858
104 129 0.9285714285714286
105 106 0.5714285714285714
105 114 -1.7857142857142858
105 115 0.9285714285714286
105 169 1.3571428571428572
105 205 1.3571428571428572
106 115 0.5714285714285714
106 116 1.7857142857142858
107 108 0.9285714285714286
107 116 -1.3571428571428572
107 117 0.9285714285714286
107 118 0.9285714285714286
108 109 0.5714285714285714
108 118 -0.9285714285714286
108 119 1.7857142857142858
108 162 -0.9285714285714286
108 197 0.5714285714285714
109 119 0.9285714285714286
109 120 -1.3571428571428572
109 252 -1.3571428571428572
110 121 -1.7857142857142858
110 122 0.5714285714285714
110 185 2.0
111 112 0.9285714285714286
111 134 0.5714285714285714
111 148 1.7857142857142858
112 113 -0.5714285714285714
112 178 2.0
112 227 2.0
112 237 -1.7857142857142858
113 114 2.0
114 115 -1.3571428571428572
114 124 -1.3571428571428572
114 129 -0.9285714285714286
114 169 -0.9285714285714286
115 116 -1.3571428571428572
115 205 -2.0
115 216 -1.3571428571428572
116 118 2.0
117 118 -0.9285714285714286
118 119 -2.0
118 162 1.7857142857142858
119 120 1.3571428571428572
119 197 -1.7857142857142858
119 252 -1.7857142857142858
120 121 -1.3571428571428572
121 122 -0.9285714285714286
121 147 -1.7857142857142858
121 185 2.0
123 124 0.9285714285714286
123 128 0.5714285714285714
123 201 -2.0
123 212 2.0
124 125 0.9285714285714286
124 128 -1.7857142857142858
124 129 0.5714285714285714
125 126 -0.5714285714285714
125 129 2.0
125 130 1.7857142857142858
125 154 0.5714285714285714
125 160 -1.3571428571428572
125 190 -1.7857142857142858
125 195 0.9285714285714286
126 131 0.5714285714285714
126 245 2.0
126 250 2.0
127 132 -1.3571428571428572
127 183 -2.0
127 223 0.5714285714285714
127 234 0.9285714285714286
128 129 -1.3571428571428572
129 130 -1.3571428571428572
129 154 -2.0
129 160 2.0
130 131 -0.9285714285714286
130 190 0.9285714285714286
130 195 -0.5714285714285714
130 245 -0.9285714285714286
130 250 0.9285714285714286
131 132 1.3571428571428572
132 136 0.5714285714285714
132 145 1.3571428571428572
132 177 0.9285714285714286
132 183 1.3571428571428572
133 134 1.3571428571428572
133 143 2.0
133 199 2.0
133 209 -2.0
134 135 -1.7857142857142858
134 143 0.5714285714285714
134 148 0.9285714285714286
135 139 -1.3571428571428572
135 148 0.5714285714285714
135 149 1.7857142857142858
135 152 -0.9285714285714286
135 157 0.5714285714285714
135 188 -0.9285714285714286
136 137 -1.3571428571428572
136 144 0.5714285714285714
136 145 -0.9285714285714286
137 138 0.9285714285714286
137 145 2.0
137 146 -2.0
137 166 -2.0
137 172 -0.5714285714285714
137 219 -0.5714285714285714
138 146 2.0
138 147 1.3571428571428572
139 140 -1.3571428571428572
139 149 -2.0
139 150 -1.7857142857142858
139 243 0.9285714285714286
140 141 1.7857142857142858
140 142 0.5714285714285714
140 150 0.5714285714285714
141 175 0.9285714285714286
141 181 -2.0
141 221 -0.9285714285714286
141 231 2.0
143 148 1.7857142857142858
144 145 1.7857142857142858
145 146 -1.7857142857142858
145 166 -0.9285714285714286
145 172 -1.3571428571428572
146 147 -1.3571428571428572
148 149 -2.0
148 152 1.7857142857142858
148 157 -0.9285714285714286
149 150 -1.7857142857142858
149 188 0.5714285714285714
149 243 -1.7857142857142858
151 152 2.0
151 157 2.0
152 153 1.3571428571428572
152 157 -0.5714285714285714
152 158 -0.5714285714285714
152 179 -2.0
153 154 -2.0
153 158 0.9285714285714286
153 159 2.0
153 228 -1.7857142857142858
153 237 1.3571428571428572
154 155 0.9285714285714286
154 159 -1.7857142857142858
154 160 -1.7857142857142858
155 156 2.0
155 160 1.3571428571428572
155 161 -1.3571428571428572
155 164 1.7857142857142858
155 169 1.7857142857142858
155 206 1.7857142857142858
155 216 -0.5714285714285714
156 161 1.3571428571428572
156 162 -0.5714285714285714
157 158 -0.9285714285714286
158 159 -0.9285714285714286
158 179 -0.5714285714285714
158 228 -1.7857142857142858
158 237 -2.0
159 160 -2.0
160 161 0.9285714285714286
160 164 -0.5714285714285714
160 169 -1.7857142857142858
161 162 -2.0
161 206 -0.5714285714285714
161 216 -1.3571428571428572
163 168 1.7857142857142858
163 212 -1.7857142857142858
164 165 2.0
164 169 -0.9285714285714286
164 170 -1.3571428571428572
164 195 -0.9285714285714286
165 166 -2.0
165 170 -1.7857142857142858
165 171 -1.3571428571428572
165 246 1.7857142857142858
165 250 1.3571428571428572
166 167 -0.9285714285714286
166 171 -1.3571428571428572
166 172 -1.3571428571428572
167 172 1.3571428571428572
167 173 2.0
167 183 1.3571428571428572
167 224 0.9285714285714286
167 234 -2.0
168 169 0.9285714285714286
169 170 -0.9285714285714286
170 191 1.3571428571428572
170 195 -1.3571428571428572
170 246 -0.5714285714285714
170 250 0.9285714285714286
171 172 0.5714285714285714
172 173 -1.3571428571428572
172 183 2.0
173 224 0.9285714285714286
174 175 -0.5714285714285714
174 181 -1.7857142857142858
175 180 1.3571428571428572
175 181 -0.9285714285714286
176 178 -1.3571428571428572
176 199 -2.0
176 210 0.5714285714285714
177 182 -0.5714285714285714
177 183 1.7857142857142858
178 179 -0.5714285714285714
179 186 -0.5714285714285714
179 188 2.0
179 193 -1.7857142857142858
180 221 2.0
180 232 1.7857142857142858
182 183 -2.0
184 185 1.3571428571428572
184 208 2.0
184 219 -2.0
186 188 2.0
186 193 1.3571428571428572
186 243 -1.3571428571428572
186 248 -1.7857142857142858
187 188 -0.9285714285714286
188 189 -1.7857142857142858
188 193 2.0
189 190 -0.9285714285714286
189 193 -2.0
189 194 1.7857142857142858
189 228 0.9285714285714286
189 238 1.3571428571428572
190 191 1.3571428571428572
190 194 0.9285714285714286
190 195 0.5714285714285714
191 192 0.5714285714285714
191 195 1.3571428571428572
191 196 -2.0
191 206 2.0
191 217 -0.9285714285714286
192 196 2.0
192 197 -1.7857142857142858
193 194 -1.3571428571428572
193 228 1.7857142857142858
193 238 -2.0
194 195 -0.9285714285714286
195 196 -1.3571428571428572
196 206 1.7857142857142858
196 217 -2.0
198 199 0.5714285714285714
198 209 1.3571428571428572
199 200 -1.3571428571428572
199 210 0.5714285714285714
200 201 -1.7857142857142858
200 210 1.7857142857142858
200 211 -0.5714285714285714
200 226 -1.7857142857142858
201 202 0.5714285714285714
201 211 0.5714285714285714
201 212 0.9285714285714286
202 203 2.0
202 204 0.5714285714285714
202 212 0.5714285714285714
202 213 0.9285714285714286
203 213 -0.9285714285714286
203 214 1.3571428571428572
204 205 1.7857142857142858
204 213 -0.5714285714285714
204 215 1.7857142857142858
205 206 -2.0
205 215 1.3571428571428572
205 216 0.9285714285714286
206 207 0.5714285714285714
206 216 2.0
206 217 -1.7857142857142858
207 217 -1.7857142857142858
207 218 1.3571428571428572
207 246 0.5714285714285714
207 251 0.5714285714285714
208 219 1.7857142857142858
208 224 -1.3571428571428572
208 235 -0.5714285714285714
209 210 -0.9285714285714286
210 211 0.5714285714285714
210 226 -0.5714285714285714
211 212 -0.5714285714285714
212 213 1.3571428571428572
213 214 -0.9285714285714286
215 216 -1.7857142857142858
216 217 -1.3571428571428572
217 218 -1.7857142857142858
217 246 -2.0
217 251 -0.5714285714285714
218 219 2.0
220 221 -2.0
221 222 -0.5714285714285714
221 231 -0.9285714285714286
221 232 1.3571428571428572
222 223 -0.9285714285714286
222 230 1.3571428571428572
222 232 2.0
222 233 -1.3571428571428572
222 241 -1.7857142857142858
223 224 0.5714285714285714
223 233 0.9285714285714286
223 234 2.0
224 225 0.9285714285714286
224 234 0.5714285714285714
224 235 -0.5714285714285714
225 235 1.7857142857142858
226 227 -0.9285714285714286
226 236 0.9285714285714286
227 228 -0.9285714285714286
227 236 1.3571428571428572
227 237 -1.3571428571428572
228 237 1.7857142857142858
228 238 0.5714285714285714
229 238 1.7857142857142858
229 239 -2.0
229 244 1.7857142857142858
229 248 0.5714285714285714
230 232 1.7857142857142858
230 240 1.3571428571428572
230 241 -1.7857142857142858
231 232 1.3571428571428572
232 233 0.9285714285714286
232 241 -0.5714285714285714
233 234 -0.9285714285714286
234 235 0.5714285714285714
236 237 -2.0
237 238 0.5714285714285714
238 239 1.7857142857142858
238 244 0.5714285714285714
238 248 1.7857142857142858
239 240 1.3571428571428572
240 241 -1.3571428571428572
242 243 -2.0
243 244 1.3571428571428572
243 248 1.7857142857142858
244 245 -1.7857142857142858
244 248 2.0
244 249 0.9285714285714286
245 246 -1.7857142857142858
245 249 0.5714285714285714
245 250 -1.7857142857142858
246 247 0.5714285714285714
246 250 1.7857142857142858
246 251 1.3571428571428572
247 251 0.9285714285714286
247 252 -1.3571428571428572
248 249 -1.3571428571428572
249 250 1.7857142857142858
250 251 0.5714285714285714
251 252 -0.5714285714285714
