340 1319
1 1 2.7857142857142856
2 2 4.071428571428571
3 3 5.285714285714286
4 4 -0.07142857142857162
5 5 -3.0
6 6 -0.5000000000000002
7 7 1.6428571428571428
8 8 0.6428571428571426
9 9 -0.14285714285714302
10 10 0.1428571428571428
11 11 -0.0714285714285714
12 12 -2.0
13 13 -2.7142857142857144
14 14 -6.642857142857143
15 15 1.2857142857142856
16 16 -2.2142857142857144
17 17 -1.2142857142857149
18 18 -0.5714285714285714
19 19 2.071428571428571
20 20 -7.142857142857143
21 21 3.0
22 22 -3.6428571428571423
23 23 -2.714285714285714
24 24 3.428571428571429
25 25 3.5714285714285716
26 26 -1.5714285714285716
27 27 0.9999999999999993
28 28 -5.5
29 29 -2.5
30 30 1.1428571428571426
31 31 -4.785714285714286
32 32 -2.928571428571429
33 33 0.857142857142857
34 34 4.0
35 35 -2.7857142857142856
36 36 -3.5
37 37 -5.642857142857143
39 39 0.2857142857142858
40 40 -2.0
41 41 -1.5714285714285714
42 42 -2.428571428571429
43 43 2.0
44 44 -2.7857142857142856
45 45 1.1428571428571428
46 46 -6.714285714285714
47 47 0.8571428571428572
48 48 4.2857142857142865
49 49 1.3571428571428572
50 50 0.642857142857143
51 51 -7.0
52 52 -0.9285714285714286
53 53 -6.785714285714286
54 54 0.4999999999999998
55 55 4.357142857142858
56 56 -6.5
57 57 -2.928571428571429
58 58 -1.2857142857142858
59 59 4.285714285714286
60 60 -1.0714285714285712
61 61 -1.9285714285714286
62 62 2.5000000000000004
63 63 0.0714285714285714
64 64 0.8571428571428572
65 65 -4.214285714285715
66 66 1.4285714285714284
67 67 7.642857142857142
68 68 3.5
69 69 -2.0714285714285716
70 70 -7.000000000000001
71 71 2.571428571428571
72 72 1.5714285714285714
73 73 -7.0
74 74 -1.8571428571428568
75 75 1.0714285714285714
76 76 2.0
77 77 -0.3571428571428572
78 78 2.3571428571428568
79 79 0.21428571428571397
80 80 4.142857142857143
81 81 -3.8571428571428568
82 82 -1.642857142857143
83 83 -0.0714285714285714
84 84 -0.9285714285714286
85 85 -2.0
86 86 -0.642857142857143
87 87 3.571428571428571
88 88 2.7142857142857144
89 89 -2.142857142857143
90 90 -0.6428571428571426
91 91 -5.928571428571429
92 92 -0.2142857142857144
93 93 2.428571428571428
94 94 2.3571428571428568
95 95 -2.0714285714285716
96 96 0.4285714285714286
97 97 -0.8571428571428572
98 98 -0.7857142857142858
99 99 2.357142857142857
100 100 -2.857142857142857
101 101 -2.714285714285714
102 102 4.5
103 103 5.285714285714286
104 104 1.1428571428571428
105 105 1.5
106 106 1.9999999999999998
107 107 0.14285714285714235
108 108 1.9285714285714288
109 109 -4.214285714285714
110 110 3.1428571428571432
111 111 -2.1428571428571432
112 112 -2.928571428571429
113 113 -5.071428571428571
114 114 -3.1428571428571432
115 115 -0.7142857142857142
116 116 -0.07142857142857162
117 117 -0.4285714285714286
118 118 0.5714285714285714
119 119 0.9285714285714279
120 120 0.1428571428571428
121 121 -1.8571428571428572
122 122 1.2142857142857144
123 123 7.428571428571429
124 124 7.857142857142858
125 125 -3.928571428571429
126 126 0.2857142857142858
127 127 7.7857142857142865
128 128 -4.5
129 129 2.928571428571428
130 130 7.142857142857142
131 131 -2.571428571428572
132 132 1.6428571428571432
133 133 1.2857142857142858
135 135 0.4285714285714288
136 136 4.428571428571429
137 137 3.5
138 138 5.142857142857143
139 139 0.5000000000000002
140 140 -0.4285714285714284
141 141 -1.2857142857142858
142 142 6.357142857142858
143 143 2.220446049250313e-16
144 144 -6.2142857142857135
145 145 0.1428571428571428
146 146 5.0
147 147 -1.0
148 148 4.357142857142857
149 149 6.357142857142857
150 150 -2.2857142857142856
151 151 -5.142857142857142
152 152 5.2142857142857135
153 153 -0.5714285714285714
154 154 1.3571428571428572
155 155 6.857142857142857
156 156 3.3571428571428568
157 157 -4.642857142857143
158 158 -0.1428571428571428
159 159 5.071428571428571
160 160 -2.0
161 161 -0.9285714285714286
162 162 -3.1428571428571432
163 163 4.0
164 164 2.5
165 165 -2.1428571428571423
166 166 -1.4285714285714284
167 167 2.071428571428571
168 168 -0.5
169 169 2.4285714285714293
170 170 -2.214285714285714
171 171 -2.1428571428571432
172 172 -0.21428571428571397
173 173 -1.9285714285714284
174 174 -4.428571428571429
175 175 -3.5
176 176 -0.9285714285714286
177 177 -2.428571428571429
178 178 5.357142857142858
179 179 -1.0
180 180 3.1428571428571432
181 181 -0.8571428571428568
182 182 3.9999999999999996
183 183 -1.2857142857142856
184 184 6.071428571428572
185 185 7.357142857142858
186 186 1.4999999999999998
187 187 1.4285714285714284
188 188 1.2857142857142858
189 189 6.857142857142858
190 190 -1.5
191 191 0.3571428571428572
192 192 5.142857142857144
193 193 -3.9285714285714284
194 194 1.0714285714285716
195 195 5.142857142857142
196 196 3.8571428571428568
197 197 4.428571428571429
198 198 2.2142857142857144
199 199 -2.928571428571429
200 200 -6.2857142857142865
201 201 0.2142857142857144
202 202 7.642857142857143
203 203 2.714285714285714
204 204 1.9285714285714288
205 205 0.8571428571428572
206 206 0.5714285714285718
207 207 -2.357142857142857
208 208 -2.428571428571429
209 209 2.571428571428571
210 210 2.8571428571428568
211 211 -7.571428571428571
212 212 2.8571428571428568
213 213 6.714285714285714
214 214 -3.714285714285715
215 215 4.214285714285715
216 216 0.5714285714285721
217 217 -4.285714285714285
218 218 0.2142857142857142
219 219 -1.8571428571428572
220 220 -0.2142857142857142
221 221 2.6428571428571432
222 222 4.857142857142858
223 223 1.3571428571428572
224 224 -3.7142857142857144
225 225 -2.071428571428571
227 227 -1.0714285714285714
228 228 2.2142857142857144
229 229 -0.9285714285714286
230 230 -0.7857142857142856
231 231 1.7857142857142858
232 232 -2.2857142857142856
233 233 -0.4285714285714286
234 234 -2.0
235 235 -6.5
236 236 0.5714285714285714
237 237 5.000000000000001
238 238 2.2857142857142856
239 239 -5.642857142857142
240 240 1.5
241 241 9.571428571428571
242 242 1.2857142857142856
243 243 0.9285714285714279
244 244 -5.714285714285715
245 245 -4.5
246 246 -0.3571428571428572
247 247 -1.5714285714285712
248 248 2.2142857142857144
249 249 2.142857142857143
250 250 -1.5714285714285716
251 251 -1.9999999999999998
252 252 1.0
253 253 -3.7142857142857144
254 254 -1.2142857142857144
255 255 3.428571428571429
256 256 -2.2857142857142856
257 257 -4.499999999999999
258 258 0.2857142857142858
259 259 4.2142857142857135
260 260 -2.7857142857142856
261 261 2.1428571428571432
262 262 4.928571428571429
263 263 -0.9285714285714288
264 264 0.28571428571428537
265 265 -0.5
266 266 -2.7142857142857144
267 267 -1.9285714285714284
268 268 -2.2142857142857144
269 269 -4.285714285714286
270 270 6.571428571428572
271 271 -0.4285714285714288
272 272 2.5
273 273 2.857142857142857
274 274 2.7857142857142856
275 275 -4.285714285714285
276 276 -1.2142857142857149
277 277 -0.14285714285714257
278 278 4.071428571428571
279 279 -2.928571428571429
280 280 0.2857142857142856
281 281 1.7142857142857144
282 282 -2.7142857142857144
283 283 -1.4285714285714284
284 284 -4.5
285 285 6.2857142857142865
286 286 -0.9285714285714284
287 287 3.2142857142857144
288 288 -4.928571428571429
289 289 -6.2857142857142865
290 290 -0.3571428571428572
291 291 -1.8571428571428572
292 292 2.1428571428571423
293 293 5.285714285714286
294 294 -0.6428571428571432
295 295 -0.642857142857143
296 296 -1.642857142857143
297 297 -4.7142857142857135
298 298 -6.999999999999999
299 299 -6.071428571428572
300 300 0.5
301 301 -2.220446049250313e-16
302 302 -1.7142857142857146
303 303 0.7142857142857142
304 304 -3.7142857142857144
305 305 3.3571428571428568
306 306 2.3571428571428577
307 307 4.0
308 308 -2.999999999999999
309 309 -5.2142857142857135
310 310 -6.2857142857142865
311 311 2.9285714285714293
312 312 7.071428571428571
313 313 -0.3571428571428572
314 314 -3.357142857142856
315 315 -4.7142857142857135
316 316 0.2142857142857142
317 317 0.5
318 318 -4.357142857142858
319 319 -0.7142857142857142
320 320 -3.214285714285714
321 321 -4.857142857142858
322 322 1.0
323 323 -3.0
324 324 0.357142857142857
325 325 -1.4285714285714286
326 326 -1.642857142857143
327 327 -5.642857142857143
328 328 -3.6428571428571432
329 329 1.785714285714286
330 330 -6.7857142857142865
331 331 -3.785714285714286
332 332 0.7142857142857144
333 333 -2.2857142857142856
334 334 3.7857142857142856
335 335 1.9285714285714284
336 336 0.2142857142857142
337 337 -0.3571428571428572
338 338 -0.5714285714285714
339 339 -3.6428571428571432
340 340 -0.4285714285714286
1 2 0.9285714285714286
1 7 -0.5714285714285714
1 43 -1.3571428571428572
1 69 -1.7857142857142858
2 3 -0.5714285714285714
2 7 -2.0
2 8 -0.9285714285714286
2 86 -0.9285714285714286
2 106 -0.5714285714285714
3 4 1.3571428571428572
3 8 -1.3571428571428572
3 9 -2.0
3 128 -0.9285714285714286
3 154 -1.7857142857142858
4 9 1.3571428571428572
4 10 1.3571428571428572
4 178 -2.0
4 202 -2.0
5 6 1.7857142857142858
5 11 -1.3571428571428572
5 268 0.5714285714285714
5 292 2.0
6 11 1.3571428571428572
6 12 -2.0
6 303 1.3571428571428572
6 316 -2.0
7 8 0.9285714285714286
7 69 1.3571428571428572
7 86 -1.3571428571428572
8 9 1.3571428571428572
8 106 -2.0
8 128 1.3571428571428572
9 10 -0.5714285714285714
9 154 1.3571428571428572
9 178 -1.3571428571428572
10 202 -0.9285714285714286
11 12 2.0
11 292 -0.5714285714285714
11 303 -1.3571428571428572
12 316 2.0
13 19 -1.3571428571428572
13 50 1.3571428571428572
13 69 1.7857142857142858
13 73 0.9285714285714286
14 15 2.0
14 20 2.0
14 128 1.7857142857142858
14 134 1.7857142857142858
14 154 -0.9285714285714286
15 16 -0.9285714285714286
15 20 2.0
15 21 -0.5714285714285714
15 178 -2.0
15 202 -1.7857142857142858
16 17 2.0
16 21 1.3571428571428572
16 22 1.7857142857142858
16 250 -2.0
17 18 1.7857142857142858
17 22 -0.9285714285714286
17 23 1.7857142857142858
17 268 -0.5714285714285714
17 272 -1.7857142857142858
17 292 -2.0
17 298 0.9285714285714286
18 23 0.9285714285714286
18 24 -0.9285714285714286
18 303 1.7857142857142858
18 310 0.5714285714285714
18 316 -1.7857142857142858
18 322 -1.7857142857142858
19 69 -2.0
19 73 0.9285714285714286
19 86 0.9285714285714286
19 91 -0.5714285714285714
20 154 1.7857142857142858
20 178 1.3571428571428572
21 22 -1.7857142857142858
21 202 -2.0
22 23 1.3571428571428572
22 250 1.7857142857142858
22 268 2.0
22 272 -0.5714285714285714
23 24 -0.9285714285714286
23 292 -2.0
23 298 0.9285714285714286
23 303 -1.3571428571428572
23 310 2.0
24 316 1.7857142857142858
24 322 -1.3571428571428572
24 334 -2.0
25 26 -1.3571428571428572
25 32 0.9285714285714286
25 44 -1.3571428571428572
25 50 -1.7857142857142858
25 70 0.9285714285714286
25 73 -0.9285714285714286
26 27 0.5714285714285714
26 32 -1.3571428571428572
26 33 0.5714285714285714
26 91 1.3571428571428572
26 111 1.7857142857142858
27 28 1.7857142857142858
27 33 1.7857142857142858
27 129 -2.0
27 134 -1.3571428571428572
27 155 -1.7857142857142858
28 29 -0.9285714285714286
28 34 0.5714285714285714
28 35 1.3571428571428572
28 179 1.3571428571428572
28 203 1.3571428571428572
29 30 0.5714285714285714
29 35 2.0
29 227 -0.9285714285714286
29 250 1.7857142857142858
30 31 1.3571428571428572
30 36 -2.0
30 269 -2.0
30 272 0.5714285714285714
30 293 -0.5714285714285714
30 298 0.9285714285714286
31 36 2.0
31 304 -0.5714285714285714
31 310 2.0
31 317 0.5714285714285714
31 322 -0.5714285714285714
32 33 -0.9285714285714286
32 70 2.0
32 73 0.9285714285714286
32 91 1.3571428571428572
33 34 0.5714285714285714
33 111 -2.0
33 129 -1.7857142857142858
33 134 0.9285714285714286
34 35 -2.0
34 155 -1.3571428571428572
34 179 -1.7857142857142858
35 203 -0.5714285714285714
35 227 2.0
36 298 2.0
36 304 0.5714285714285714
36 310 0.9285714285714286
37 38 0.5714285714285714
37 44 1.3571428571428572
37 51 1.7857142857142858
37 70 1.3571428571428572
37 74 0.5714285714285714
38 39 -1.7857142857142858
38 92 -0.5714285714285714
38 112 1.7857142857142858
39 42 2.0
39 129 0.9285714285714286
39 135 0.9285714285714286
39 155 -0.5714285714285714
39 161 -1.7857142857142858
40 41 2.0
40 269 0.9285714285714286
40 273 -0.9285714285714286
40 293 -1.3571428571428572
40 299 1.3571428571428572
41 304 2.0
41 311 -2.0
41 317 -1.7857142857142858
41 323 1.3571428571428572
42 155 -1.3571428571428572
42 161 1.7857142857142858
42 179 1.3571428571428572
42 185 -1.3571428571428572
43 44 1.3571428571428572
43 50 -2.0
44 45 -0.5714285714285714
44 51 2.0
45 46 1.7857142857142858
45 51 -0.5714285714285714
45 52 -1.7857142857142858
45 57 0.9285714285714286
45 80 -0.9285714285714286
46 47 1.3571428571428572
46 53 1.7857142857142858
46 118 1.7857142857142858
47 48 1.7857142857142858
47 53 0.9285714285714286
47 54 -0.9285714285714286
47 141 -2.0
47 167 -2.0
48 49 -0.9285714285714286
48 54 -1.3571428571428572
48 55 -1.7857142857142858
48 213 -2.0
49 55 -1.7857142857142858
49 56 1.7857142857142858
49 234 1.3571428571428572
49 256 -1.7857142857142858
50 51 1.7857142857142858
51 57 2.0
52 53 1.3571428571428572
52 80 1.3571428571428572
53 54 1.7857142857142858
53 141 0.9285714285714286
54 55 -1.3571428571428572
54 167 1.3571428571428572
55 56 2.0
55 213 -2.0
55 234 0.5714285714285714
56 256 0.9285714285714286
56 279 1.7857142857142858
57 58 1.7857142857142858
57 63 1.3571428571428572
57 71 -1.7857142857142858
57 74 -1.3571428571428572
58 59 0.9285714285714286
58 63 -1.7857142857142858
58 64 0.9285714285714286
58 92 -1.3571428571428572
58 107 -0.5714285714285714
58 112 1.3571428571428572
59 64 -1.3571428571428572
59 65 0.9285714285714286
59 130 -1.7857142857142858
59 135 -1.7857142857142858
59 156 0.5714285714285714
59 161 -1.7857142857142858
60 65 2.0
60 66 0.5714285714285714
60 180 0.5714285714285714
60 185 -0.9285714285714286
60 204 -0.5714285714285714
60 209 -0.5714285714285714
61 62 1.3571428571428572
61 67 -1.7857142857142858
61 273 -0.5714285714285714
61 294 0.9285714285714286
61 299 2.0
62 67 2.0
62 68 -2.0
62 305 -2.0
62 311 -0.9285714285714286
62 323 -0.9285714285714286
63 64 -0.9285714285714286
63 71 -0.5714285714285714
63 74 0.9285714285714286
63 92 0.9285714285714286
64 65 1.3571428571428572
64 107 0.9285714285714286
64 112 -2.0
64 130 -1.7857142857142858
64 135 2.0
65 66 1.7857142857142858
65 156 0.5714285714285714
65 161 0.9285714285714286
65 180 -2.0
65 185 -1.3571428571428572
66 204 -1.7857142857142858
66 209 -2.0
67 68 -1.7857142857142858
67 294 -2.0
67 299 -1.7857142857142858
67 305 -0.9285714285714286
67 311 -1.3571428571428572
68 323 -0.5714285714285714
68 330 1.7857142857142858
68 335 -0.9285714285714286
69 70 0.9285714285714286
69 73 1.7857142857142858
70 71 1.3571428571428572
70 73 1.3571428571428572
70 74 -0.9285714285714286
71 72 1.7857142857142858
71 74 -1.3571428571428572
71 75 0.9285714285714286
71 80 -2.0
71 82 -0.9285714285714286
72 75 -2.0
72 76 1.3571428571428572
72 118 -1.7857142857142858
72 123 -0.9285714285714286
73 74 2.0
74 75 2.0
75 76 -2.0
75 80 -1.3571428571428572
75 82 1.3571428571428572
76 77 -0.5714285714285714
76 118 -0.5714285714285714
76 123 0.5714285714285714
76 141 0.5714285714285714
76 147 -1.3571428571428572
77 78 0.9285714285714286
77 167 -2.0
77 172 2.0
78 79 -1.3571428571428572
78 213 -0.9285714285714286
78 220 1.3571428571428572
78 234 -0.5714285714285714
78 240 -1.7857142857142858
79 256 1.7857142857142858
79 279 1.3571428571428572
79 285 -2.0
80 81 0.5714285714285714
80 82 -1.7857142857142858
81 82 1.7857142857142858
81 83 -1.3571428571428572
81 93 -0.9285714285714286
81 107 1.7857142857142858
81 113 2.0
82 83 1.7857142857142858
82 93 -0.5714285714285714
83 107 0.5714285714285714
83 113 0.5714285714285714
83 130 -0.9285714285714286
83 136 -0.5714285714285714
84 204 0.9285714285714286
85 294 0.5714285714285714
85 300 2.0
85 305 -0.5714285714285714
86 91 2.0
87 88 2.0
87 93 -1.7857142857142858
87 94 -1.7857142857142858
87 96 0.9285714285714286
87 119 -2.0
87 123 -0.9285714285714286
88 89 -1.3571428571428572
88 94 -2.0
88 147 -1.3571428571428572
89 90 0.5714285714285714
89 95 2.0
89 191 -1.7857142857142858
89 214 1.3571428571428572
89 220 1.3571428571428572
90 95 -2.0
90 235 0.5714285714285714
90 240 0.9285714285714286
90 257 0.5714285714285714
91 92 1.7857142857142858
92 93 -0.5714285714285714
93 94 2.0
93 96 -0.5714285714285714
94 119 -1.3571428571428572
94 123 -0.5714285714285714
94 147 1.3571428571428572
95 214 1.7857142857142858
95 220 -0.9285714285714286
95 235 -0.5714285714285714
95 240 1.7857142857142858
96 97 -1.3571428571428572
96 100 1.7857142857142858
96 108 -1.7857142857142858
96 113 0.5714285714285714
97 98 1.3571428571428572
97 100 0.9285714285714286
97 101 -1.3571428571428572
97 131 1.7857142857142858
97 136 -2.0
97 157 0.9285714285714286
97 162 0.5714285714285714
98 101 -0.5714285714285714
98 102 -0.9285714285714286
98 181 1.7857142857142858
98 186 0.9285714285714286
98 205 -1.7857142857142858
99 103 -1.7857142857142858
99 104 -0.5714285714285714
99 270 -1.3571428571428572
99 274 1.3571428571428572
100 101 0.5714285714285714
100 108 -0.5714285714285714
100 113 0.9285714285714286
100 131 0.5714285714285714
100 136 -1.3571428571428572
101 102 2.0
101 157 2.0
101 162 -0.5714285714285714
101 181 2.0
101 186 -1.3571428571428572
102 103 -2.0
102 205 -1.7857142857142858
102 228 -1.7857142857142858
103 104 -1.3571428571428572
103 246 0.5714285714285714
103 251 2.0
103 270 -1.7857142857142858
103 274 -0.9285714285714286
104 295 1.3571428571428572
104 300 -0.5714285714285714
105 318 2.0
105 324 -0.5714285714285714
105 331 -0.9285714285714286
105 336 -2.0
106 111 0.5714285714285714
107 108 -1.3571428571428572
107 112 -0.5714285714285714
107 113 -0.9285714285714286
108 109 2.0
108 113 1.3571428571428572
108 114 -1.7857142857142858
108 119 2.0
108 124 -1.7857142857142858
109 114 2.0
109 115 -1.3571428571428572
109 148 -1.3571428571428572
109 168 0.9285714285714286
109 173 2.0
110 116 -1.3571428571428572
110 117 -1.3571428571428572
110 235 1.3571428571428572
110 241 -2.0
110 257 2.0
110 262 -1.7857142857142858
111 112 1.7857142857142858
112 113 0.5714285714285714
114 115 1.3571428571428572
114 119 1.7857142857142858
114 124 1.7857142857142858
114 148 -2.0
115 116 -2.0
115 168 0.9285714285714286
115 173 2.0
115 191 1.7857142857142858
115 196 -2.0
116 117 2.0
116 214 -0.5714285714285714
116 221 1.3571428571428572
116 235 2.0
116 241 -1.3571428571428572
117 257 1.7857142857142858
117 262 -1.3571428571428572
117 280 -2.0
117 286 1.3571428571428572
118 119 1.7857142857142858
118 123 -1.7857142857142858
119 120 -0.5714285714285714
119 123 -2.0
119 124 -0.5714285714285714
120 124 -0.5714285714285714
120 125 0.5714285714285714
120 131 1.7857142857142858
120 137 -0.5714285714285714
120 157 0.5714285714285714
120 163 -1.3571428571428572
121 125 0.9285714285714286
121 126 -0.9285714285714286
121 181 -1.7857142857142858
121 187 0.9285714285714286
121 205 1.7857142857142858
121 210 0.9285714285714286
122 127 -1.7857142857142858
122 275 0.5714285714285714
122 295 -2.0
122 301 2.0
123 124 -1.7857142857142858
124 125 -0.9285714285714286
124 131 -2.0
124 137 -2.0
125 126 0.9285714285714286
125 157 -1.3571428571428572
125 163 2.0
125 181 1.7857142857142858
126 127 -1.7857142857142858
126 205 -0.9285714285714286
126 210 0.5714285714285714
126 228 0.9285714285714286
126 230 0.9285714285714286
127 246 -1.7857142857142858
127 252 -1.3571428571428572
127 270 -2.0
127 275 0.9285714285714286
128 129 0.9285714285714286
128 134 1.3571428571428572
129 130 -0.5714285714285714
129 134 -1.3571428571428572
129 135 0.9285714285714286
130 131 -0.9285714285714286
130 135 -0.5714285714285714
130 136 -0.5714285714285714
131 132 1.3571428571428572
131 136 -1.3571428571428572
131 137 1.3571428571428572
132 133 -1.7857142857142858
132 137 -1.3571428571428572
132 138 0.5714285714285714
132 142 1.3571428571428572
132 148 1.3571428571428572
132 169 -1.7857142857142858
132 173 -1.3571428571428572
133 138 -0.9285714285714286
133 139 0.5714285714285714
133 192 -2.0
133 196 0.5714285714285714
133 215 1.3571428571428572
133 221 0.9285714285714286
134 135 -1.3571428571428572
135 136 -0.5714285714285714
136 137 2.0
137 138 -0.5714285714285714
137 142 -1.7857142857142858
137 148 -0.5714285714285714
138 139 -1.7857142857142858
138 169 -1.3571428571428572
138 173 0.9285714285714286
138 192 -2.0
139 140 2.0
139 215 2.0
139 221 -1.3571428571428572
139 236 -0.5714285714285714
139 241 -1.3571428571428572
140 258 0.5714285714285714
140 262 -1.3571428571428572
140 281 -1.3571428571428572
140 286 0.5714285714285714
141 147 1.7857142857142858
142 143 -0.5714285714285714
142 148 -1.7857142857142858
142 149 -1.7857142857142858
142 163 -1.7857142857142858
143 144 1.3571428571428572
143 149 0.5714285714285714
143 150 1.3571428571428572
143 182 -1.7857142857142858
143 187 1.7857142857142858
143 206 -0.9285714285714286
143 210 -1.7857142857142858
144 145 -0.5714285714285714
144 150 2.0
144 151 0.5714285714285714
144 230 0.5714285714285714
144 247 1.3571428571428572
144 252 0.9285714285714286
145 146 -0.9285714285714286
145 151 1.3571428571428572
145 152 -0.5714285714285714
145 275 0.5714285714285714
145 296 1.3571428571428572
145 301 -1.3571428571428572
146 152 -2.0
146 153 0.9285714285714286
146 307 1.3571428571428572
146 312 -2.0
146 319 -0.5714285714285714
146 325 -1.7857142857142858
147 148 0.5714285714285714
148 149 -0.5714285714285714
149 158 0.5714285714285714
149 163 -1.7857142857142858
149 182 -2.0
149 187 -1.3571428571428572
150 151 0.9285714285714286
150 206 -2.0
150 210 -2.0
150 230 2.0
151 152 -2.0
151 247 0.9285714285714286
151 252 1.3571428571428572
151 275 2.0
152 153 0.5714285714285714
152 296 -0.5714285714285714
152 307 1.3571428571428572
152 312 -2.0
153 319 -1.7857142857142858
153 325 1.7857142857142858
153 337 -0.9285714285714286
154 155 -1.7857142857142858
155 156 -0.5714285714285714
155 161 0.5714285714285714
156 157 -1.3571428571428572
156 161 -0.5714285714285714
156 162 -2.0
157 158 0.9285714285714286
157 162 2.0
157 163 0.9285714285714286
158 159 -1.7857142857142858
158 163 -1.3571428571428572
158 164 1.7857142857142858
158 169 -2.0
158 174 2.0
159 160 -0.5714285714285714
159 164 -1.7857142857142858
159 165 0.9285714285714286
159 192 0.5714285714285714
159 197 -2.0
159 215 0.9285714285714286
159 222 -1.3571428571428572
160 165 0.9285714285714286
160 166 0.9285714285714286
160 236 -0.5714285714285714
160 242 0.9285714285714286
160 258 -0.5714285714285714
160 263 0.9285714285714286
161 162 1.7857142857142858
162 163 1.3571428571428572
163 164 -2.0
164 165 -0.9285714285714286
164 169 2.0
164 174 1.3571428571428572
164 192 -0.9285714285714286
164 197 -2.0
165 166 1.3571428571428572
165 215 -1.3571428571428572
165 222 -1.3571428571428572
165 236 0.5714285714285714
165 242 2.0
166 258 -1.7857142857142858
166 263 1.3571428571428572
166 281 1.3571428571428572
166 287 -1.7857142857142858
167 172 0.5714285714285714
168 169 0.5714285714285714
168 172 -0.5714285714285714
168 173 -1.3571428571428572
169 170 -1.3571428571428572
169 173 0.5714285714285714
169 174 0.9285714285714286
170 174 -0.9285714285714286
170 175 1.3571428571428572
170 182 2.0
170 188 0.5714285714285714
170 206 0.5714285714285714
171 176 0.9285714285714286
171 276 -0.5714285714285714
171 302 1.7857142857142858
172 173 -1.7857142857142858
173 174 0.9285714285714286
174 175 0.5714285714285714
174 182 -1.7857142857142858
174 188 1.3571428571428572
175 176 -1.3571428571428572
175 206 2.0
175 231 0.9285714285714286
176 247 0.5714285714285714
176 253 -0.5714285714285714
176 276 1.3571428571428572
177 319 2.0
177 326 -1.3571428571428572
177 338 1.7857142857142858
178 179 -1.3571428571428572
179 180 2.0
179 185 -0.5714285714285714
180 181 -1.3571428571428572
180 185 -1.7857142857142858
180 186 -0.5714285714285714
181 182 1.3571428571428572
181 186 -0.9285714285714286
181 187 -2.0
182 183 2.0
182 187 -2.0
182 188 -1.7857142857142858
183 184 -0.9285714285714286
183 188 -0.5714285714285714
183 189 -0.9285714285714286
183 193 1.7857142857142858
183 197 1.3571428571428572
183 216 -2.0
183 222 0.5714285714285714
184 189 -2.0
184 237 -1.3571428571428572
184 242 -1.3571428571428572
184 259 -1.7857142857142858
184 263 1.3571428571428572
185 186 -1.3571428571428572
186 187 1.7857142857142858
187 188 -0.5714285714285714
188 189 0.5714285714285714
188 193 0.9285714285714286
188 197 -1.7857142857142858
189 190 1.3571428571428572
189 216 -0.9285714285714286
189 222 -1.3571428571428572
189 237 -1.7857142857142858
189 242 -1.7857142857142858
190 259 -1.7857142857142858
190 263 0.5714285714285714
190 287 1.3571428571428572
191 192 0.5714285714285714
191 196 -0.9285714285714286
192 193 1.3571428571428572
192 196 -0.9285714285714286
192 197 -1.7857142857142858
193 197 1.7857142857142858
193 198 -1.3571428571428572
193 207 -0.5714285714285714
194 195 -0.9285714285714286
194 199 0.9285714285714286
194 200 -2.0
194 276 1.3571428571428572
194 297 0.9285714285714286
194 302 -1.3571428571428572
195 200 -1.7857142857142858
195 201 -2.0
195 308 2.0
195 313 1.3571428571428572
195 320 -1.7857142857142858
195 326 -2.0
196 197 -0.5714285714285714
197 198 0.5714285714285714
198 199 -2.0
198 207 1.3571428571428572
198 229 -1.3571428571428572
198 231 0.5714285714285714
199 200 1.7857142857142858
199 248 -0.9285714285714286
199 253 1.7857142857142858
199 276 1.3571428571428572
200 201 1.3571428571428572
200 297 1.3571428571428572
200 302 1.7857142857142858
200 308 1.7857142857142858
200 313 2.0
201 320 2.0
201 326 1.7857142857142858
201 332 -2.0
201 338 -1.3571428571428572
202 203 -0.9285714285714286
203 204 -2.0
203 209 -0.5714285714285714
204 205 0.9285714285714286
204 209 0.5714285714285714
205 206 0.9285714285714286
206 207 -0.5714285714285714
206 210 -0.5714285714285714
207 208 0.9285714285714286
207 211 2.0
207 216 0.5714285714285714
207 223 -1.3571428571428572
208 211 2.0
208 212 -1.3571428571428572
208 237 -0.9285714285714286
208 243 -0.5714285714285714
208 259 0.5714285714285714
208 264 1.7857142857142858
211 212 -0.9285714285714286
211 216 1.7857142857142858
211 223 0.9285714285714286
211 243 1.7857142857142858
212 288 -0.5714285714285714
213 220 -1.7857142857142858
214 215 -1.7857142857142858
214 220 2.0
214 221 0.9285714285714286
215 216 -2.0
215 221 -1.3571428571428572
215 222 -2.0
216 217 0.9285714285714286
216 222 2.0
216 223 -0.9285714285714286
217 218 -1.3571428571428572
217 223 2.0
217 224 2.0
217 229 2.0
217 232 0.5714285714285714
217 248 -0.9285714285714286
217 254 -0.9285714285714286
218 219 1.7857142857142858
218 224 0.5714285714285714
218 225 0.5714285714285714
218 277 -1.7857142857142858
219 225 -0.9285714285714286
219 226 -0.9285714285714286
219 308 0.5714285714285714
219 314 -0.5714285714285714
219 320 0.5714285714285714
219 327 1.3571428571428572
220 221 -1.7857142857142858
221 222 -1.3571428571428572
223 224 -2.0
223 229 -0.9285714285714286
223 232 0.9285714285714286
224 225 1.3571428571428572
224 248 -0.5714285714285714
224 254 0.5714285714285714
224 277 1.7857142857142858
225 226 -1.7857142857142858
225 297 2.0
225 308 -0.9285714285714286
225 314 1.7857142857142858
226 320 2.0
226 327 1.3571428571428572
226 332 -2.0
226 339 1.3571428571428572
228 230 -1.3571428571428572
229 231 -0.5714285714285714
229 232 1.7857142857142858
230 231 -1.3571428571428572
231 232 -1.3571428571428572
232 233 -0.5714285714285714
232 243 0.9285714285714286
233 264 -0.9285714285714286
233 282 0.5714285714285714
233 288 1.3571428571428572
234 235 2.0
234 240 -1.3571428571428572
235 236 2.0
235 240 0.9285714285714286
235 241 -1.7857142857142858
236 237 -0.9285714285714286
236 241 -2.0
236 242 0.9285714285714286
237 242 -0.9285714285714286
237 243 0.9285714285714286
238 244 -0.5714285714285714
238 245 -0.9285714285714286
238 271 -1.3571428571428572
238 277 0.5714285714285714
239 245 1.3571428571428572
239 309 1.3571428571428572
239 314 1.7857142857142858
239 321 0.5714285714285714
239 327 0.5714285714285714
240 241 -2.0
241 242 0.9285714285714286
242 243 -2.0
243 244 -2.0
244 245 1.3571428571428572
244 249 2.0
244 254 1.3571428571428572
244 271 1.7857142857142858
244 277 1.7857142857142858
245 309 0.9285714285714286
245 314 1.7857142857142858
246 247 1.7857142857142858
246 251 1.7857142857142858
246 252 -2.0
247 248 -2.0
247 252 0.9285714285714286
247 253 -2.0
248 249 -1.3571428571428572
248 253 1.7857142857142858
248 254 1.7857142857142858
249 254 -1.3571428571428572
249 255 0.5714285714285714
249 265 -2.0
251 252 -1.7857142857142858
252 253 0.9285714285714286
253 254 1.7857142857142858
254 255 -2.0
255 265 -0.9285714285714286
255 282 -2.0
255 289 0.9285714285714286
256 257 1.3571428571428572
257 258 0.5714285714285714
257 262 -1.7857142857142858
258 259 1.3571428571428572
258 262 1.3571428571428572
258 263 -1.7857142857142858
259 263 -0.5714285714285714
259 264 -2.0
260 261 -1.3571428571428572
260 265 1.7857142857142858
260 266 0.9285714285714286
260 271 2.0
260 278 -0.5714285714285714
261 266 -1.7857142857142858
261 309 -0.5714285714285714
261 315 2.0
261 321 0.9285714285714286
261 328 -1.3571428571428572
263 264 -0.9285714285714286
264 265 1.7857142857142858
265 266 1.3571428571428572
265 271 -0.9285714285714286
265 278 -0.5714285714285714
266 267 -1.3571428571428572
266 309 1.7857142857142858
266 315 1.7857142857142858
267 321 1.7857142857142858
267 333 0.9285714285714286
267 340 0.5714285714285714
268 269 2.0
268 272 -1.7857142857142858
269 272 2.0
269 273 1.3571428571428572
270 274 -2.0
270 275 0.5714285714285714
271 277 0.9285714285714286
271 278 -2.0
272 273 -0.9285714285714286
273 274 -1.7857142857142858
274 275 0.5714285714285714
275 276 -0.9285714285714286
276 277 -1.3571428571428572
277 278 -1.7857142857142858
278 283 -0.9285714285714286
278 289 1.7857142857142858
279 280 1.7857142857142858
279 285 -2.0
280 281 -0.9285714285714286
280 285 -0.9285714285714286
280 286 1.7857142857142858
281 286 0.5714285714285714
281 287 -1.3571428571428572
282 283 0.5714285714285714
282 288 1.7857142857142858
282 289 1.7857142857142858
283 284 -2.0
283 289 2.0
283 290 1.7857142857142858
284 290 0.9285714285714286
284 291 2.0
284 315 1.7857142857142858
284 328 1.7857142857142858
285 286 -1.3571428571428572
286 287 -2.0
287 288 0.5714285714285714
288 289 1.7857142857142858
289 290 -2.0
290 291 -0.9285714285714286
290 315 0.5714285714285714
291 328 1.3571428571428572
291 340 -0.5714285714285714
292 293 -1.3571428571428572
292 298 1.7857142857142858
293 294 -2.0
293 298 -1.3571428571428572
293 299 1.3571428571428572
294 295 1.7857142857142858
294 299 1.3571428571428572
295 296 -0.9285714285714286
295 300 -1.3571428571428572
295 301 1.7857142857142858
296 297 1.3571428571428572
296 301 -0.9285714285714286
296 302 1.3571428571428572
297 302 -0.9285714285714286
298 299 1.7857142857142858
300 301 -0.5714285714285714
301 302 -0.9285714285714286
303 304 -0.5714285714285714
303 310 -0.5714285714285714
304 305 0.9285714285714286
304 311 1.3571428571428572
305 306 0.5714285714285714
305 311 -1.3571428571428572
306 307 -0.9285714285714286
306 312 -2.0
307 308 -1.7857142857142858
307 312 -2.0
307 313 -2.0
308 309 0.5714285714285714
308 313 -0.5714285714285714
308 314 1.3571428571428572
309 314 0.5714285714285714
309 315 0.5714285714285714
310 311 1.3571428571428572
312 313 0.9285714285714286
313 314 -1.3571428571428572
314 315 -2.0
316 317 -2.0
316 322 1.7857142857142858
317 322 0.9285714285714286
317 323 1.7857142857142858
318 319 2.0
318 324 -0.5714285714285714
318 325 0.9285714285714286
319 320 0.5714285714285714
319 325 -0.9285714285714286
319 326 -0.5714285714285714
320 321 -1.3571428571428572
320 326 1.7857142857142858
320 327 -0.5714285714285714
321 327 2.0
321 328 0.9285714285714286
323 324 1.3571428571428572
324 325 -0.5714285714285714
325 326 2.0
327 328 0.9285714285714286
329 330 1.3571428571428572
329 334 -1.7857142857142858
329 335 -1.3571428571428572
330 331 1.7857142857142858
330 335 0.9285714285714286
330 336 0.9285714285714286
331 336 2.0
331 337 0.9285714285714286
332 333 1.7857142857142858
332 338 0.5714285714285714
332 339 0.9285714285714286
333 339 0.9285714285714286
333 340 -1.3571428571428572
335 336 -0.5714285714285714
336 337 -0.5714285714285714
337 338 0.9285714285714286
338 339 -1.3571428571428572
339 340 1.7857142857142858
