839 3400
1 1 -4.785714285714286
2 2 -6.071428571428571
3 3 1.9285714285714286
4 4 -1.0714285714285714
5 5 -3.071428571428571
6 6 1.8571428571428574
7 7 3.9285714285714293
8 8 3.928571428571429
9 9 -4.285714285714285
10 10 -2.428571428571429
11 11 -3.357142857142857
12 12 2.3571428571428568
13 13 -1.5000000000000009
14 14 -5.928571428571429
15 15 -8.071428571428573
16 16 0.9285714285714288
17 17 -0.0714285714285714
18 18 -6.2857142857142865
19 19 -2.642857142857143
20 20 4.142857142857143
21 21 -0.7857142857142856
22 22 2.7142857142857144
23 23 -0.7857142857142856
24 24 0.1428571428571428
25 25 2.3571428571428577
26 26 0.4285714285714286
27 27 -5.071428571428571
28 28 3.4999999999999996
29 29 3.571428571428571
30 30 9.928571428571429
31 31 3.6428571428571423
32 32 4.642857142857142
33 33 -0.6428571428571428
34 34 -1.9285714285714286
35 35 -1.5
36 36 5.928571428571429
37 37 1.7857142857142858
38 38 0.785714285714286
39 39 -4.285714285714286
40 40 -5.142857142857142
41 41 3.0
42 42 2.428571428571429
43 43 3.0
44 44 2.220446049250313e-16
45 45 1.2142857142857144
46 46 -1.0714285714285714
47 47 0.28571428571428603
48 48 -2.7142857142857144
49 49 1.8571428571428572
50 50 2.357142857142857
51 51 1.8571428571428572
52 52 -3.071428571428571
53 53 -1.357142857142857
54 54 -3.2857142857142856
55 55 3.2142857142857144
56 56 2.428571428571429
57 57 3.428571428571429
58 58 7.2857142857142865
59 59 -2.5
60 60 -1.8571428571428572
61 61 -2.7857142857142856
62 62 -0.6428571428571428
63 63 -3.1428571428571432
64 64 -2.714285714285714
65 65 -1.2142857142857144
66 66 -2.2857142857142856
67 67 -1.9999999999999998
68 68 -1.3571428571428572
69 69 2.642857142857143
70 70 3.3571428571428568
71 71 -2.0
72 72 -2.2857142857142856
73 73 5.214285714285714
74 74 0.2142857142857144
75 75 -5.5
76 76 6.571428571428571
77 77 -2.1428571428571432
78 78 0.2857142857142856
79 79 -0.5
80 80 -1.785714285714286
81 81 -0.9285714285714286
82 82 -1.9285714285714286
83 83 0.7142857142857142
84 84 1.4285714285714286
85 85 2.571428571428571
86 86 -3.142857142857143
87 87 1.5
88 88 -1.9285714285714286
89 89 1.4285714285714286
90 90 -3.3571428571428568
91 91 -2.714285714285714
92 92 7.500000000000001
93 93 0.5714285714285714
94 94 2.7857142857142856
95 95 1.928571428571429
96 96 -2.4285714285714284
97 97 -5.571428571428572
98 98 -2.3571428571428563
99 99 -8.214285714285715
100 100 -3.571428571428572
101 101 3.2142857142857144
102 102 2.2857142857142856
103 103 1.0
104 104 -8.214285714285714
105 105 -4.857142857142858
106 106 -5.142857142857143
107 107 -1.3571428571428574
108 108 3.499999999999999
109 109 -0.9285714285714286
110 110 -3.642857142857143
111 111 -3.7142857142857144
112 112 -5.142857142857142
113 113 -1.7142857142857146
114 114 -2.428571428571429
115 115 -8.714285714285715
116 116 -6.071428571428571
117 117 1.4285714285714284
118 118 0.7142857142857146
119 119 -0.5714285714285716
120 120 -5.142857142857143
121 121 -1.1428571428571426
122 122 -5.142857142857143
123 123 -5.714285714285714
124 124 -0.9285714285714286
125 125 6.571428571428571
126 126 0.7857142857142856
127 127 -0.8571428571428572
128 128 1.4285714285714284
129 129 -4.714285714285714
130 130 -7.428571428571429
132 132 3.9285714285714284
133 133 5.0
134 134 4.0
135 135 12.285714285714286
136 136 0.8571428571428572
138 138 3.428571428571429
139 139 3.357142857142857
140 140 3.928571428571428
141 141 -1.857142857142857
142 142 -0.2142857142857144
143 143 -0.9285714285714284
144 144 10.285714285714286
145 145 -2.571428571428571
146 146 -0.4285714285714286
147 147 -1.0
148 148 -2.9285714285714284
149 149 -0.14285714285714302
150 150 -5.285714285714286
151 151 -2.2142857142857144
152 152 -1.6428571428571428
153 153 -0.9285714285714288
154 154 -2.0
155 155 1.0
156 156 6.142857142857143
157 157 3.2857142857142856
158 158 10.214285714285715
159 159 -2.500000000000001
160 160 4.285714285714286
161 161 3.3571428571428577
162 162 -1.0714285714285716
163 163 -5.142857142857143
164 164 -1.9285714285714286
165 165 1.6428571428571426
167 167 -0.0714285714285714
168 168 2.142857142857143
169 169 2.571428571428571
170 170 8.357142857142858
171 171 2.5714285714285716
172 172 -1.5714285714285714
173 173 0.7857142857142856
175 175 2.285714285714286
176 176 -2.3571428571428568
177 177 -0.9285714285714286
178 178 0.7857142857142858
179 179 8.642857142857142
180 180 6.0
181 181 6.214285714285714
182 182 1.3571428571428565
183 183 4.928571428571428
184 184 0.5714285714285714
185 185 -5.571428571428573
186 186 3.1428571428571432
187 187 3.571428571428571
188 188 -0.4999999999999998
189 189 -0.5
190 190 3.0
191 191 -1.9285714285714288
193 193 2.857142857142857
194 194 1.1428571428571426
195 195 1.7857142857142858
196 196 -3.928571428571429
197 197 1.0714285714285716
198 198 -1.7142857142857142
199 199 -3.1428571428571432
200 200 -7.642857142857143
201 201 -2.642857142857143
202 202 1.2142857142857137
203 203 -1.7142857142857144
204 204 3.5714285714285716
205 205 -0.642857142857143
206 206 3.928571428571429
207 207 3.3571428571428577
208 208 1.0
209 209 3.1428571428571432
210 210 -3.0
211 211 -0.14285714285714324
212 212 -1.928571428571429
213 213 2.285714285714286
214 214 0.5714285714285714
215 215 -2.5
216 216 -1.5714285714285707
217 217 3.2142857142857153
218 218 6.714285714285714
219 219 -1.0
220 220 1.6428571428571435
221 221 3.3571428571428577
222 222 -9.785714285714286
223 223 -2.142857142857143
224 224 -1.714285714285714
225 225 -1.6428571428571426
226 226 0.6428571428571426
227 227 -2.1428571428571432
228 228 -2.571428571428571
229 229 -3.0714285714285716
230 230 2.2857142857142856
231 231 -4.214285714285715
232 232 4.928571428571429
233 233 -6.071428571428571
234 234 -1.1428571428571432
235 235 3.1428571428571432
236 236 -3.2857142857142856
237 237 -0.2142857142857144
238 238 2.4999999999999996
239 239 5.714285714285714
240 240 6.0
241 241 1.7142857142857144
242 242 -3.2857142857142856
243 243 3.1428571428571432
244 244 2.357142857142857
245 245 2.0
246 246 -1.7857142857142858
247 247 9.214285714285715
248 248 4.642857142857143
249 249 4.928571428571429
250 250 4.642857142857143
251 251 -0.8571428571428565
252 252 -3.214285714285714
253 253 -1.9285714285714282
254 254 0.4285714285714286
255 255 6.428571428571429
256 256 -3.357142857142857
257 257 2.642857142857143
258 258 1.5714285714285714
259 259 -8.357142857142858
260 260 -0.571428571428571
261 261 -1.5000000000000004
262 262 -6.642857142857143
263 263 -2.857142857142857
264 264 -2.071428571428571
265 265 4.071428571428571
266 266 -1.9999999999999991
267 267 -2.857142857142857
268 268 -1.2142857142857144
269 269 4.142857142857142
270 270 -2.2142857142857144
271 271 -6.928571428571429
272 272 -7.2857142857142865
273 273 -0.2857142857142856
274 274 1.2857142857142858
275 275 -0.3571428571428572
276 276 1.5
277 277 0.9285714285714286
278 278 0.2857142857142858
279 279 -2.0
280 280 3.6428571428571432
281 281 4.2857142857142865
282 282 1.857142857142857
283 283 2.928571428571429
284 284 -3.0
285 285 -0.9285714285714284
286 286 -1.4285714285714286
287 287 0.857142857142857
288 288 0.07142857142857162
289 289 -1.785714285714286
290 290 -5.071428571428571
291 291 0.4285714285714286
292 292 1.7857142857142856
293 293 -10.285714285714286
294 294 -0.42857142857142794
295 295 -9.428571428571429
296 296 0.9999999999999998
297 297 5.0
298 298 -1.0714285714285714
299 299 1.3571428571428572
300 300 -0.9999999999999998
301 301 -0.8571428571428572
302 302 1.4285714285714286
303 303 -2.0
304 304 4.642857142857142
305 305 3.7142857142857144
306 306 -5.785714285714286
307 307 1.5714285714285714
308 308 1.5000000000000002
309 309 4.0
310 310 0.7142857142857144
311 311 0.6428571428571428
312 312 5.7857142857142865
313 313 -3.2142857142857144
314 314 2.2142857142857144
315 315 3.071428571428571
316 316 2.7857142857142856
317 317 0.3571428571428572
318 318 2.7857142857142856
319 319 2.220446049250313e-16
320 320 -2.7142857142857144
321 321 6.2857142857142865
322 322 3.5714285714285716
323 323 5.2857142857142865
324 324 5.785714285714286
325 325 6.0
326 326 9.285714285714285
327 327 -2.785714285714286
328 328 -1.3571428571428572
329 329 3.1428571428571432
330 330 1.8571428571428572
331 331 4.5
332 332 4.2142857142857135
333 333 -5.357142857142858
334 334 10.714285714285714
335 335 -0.642857142857143
336 336 -4.071428571428571
337 337 -3.428571428571429
338 338 0.9285714285714286
339 339 -3.5
340 340 4.440892098500626e-16
341 341 1.5714285714285716
342 342 3.928571428571429
343 343 5.0
344 344 -0.7142857142857142
345 345 2.2857142857142856
346 346 -0.3571428571428572
347 347 1.0714285714285714
348 348 -3.571428571428572
349 349 -1.0
350 350 3.2142857142857144
351 351 -5.214285714285714
352 352 -1.6428571428571426
353 353 1.6428571428571428
354 354 -7.071428571428571
355 355 1.7142857142857144
356 356 -1.5000000000000002
357 357 2.7857142857142856
358 358 4.428571428571429
359 359 -4.7857142857142865
360 360 2.9285714285714284
361 361 -5.357142857142858
362 362 -4.857142857142858
363 363 0.6428571428571428
364 364 3.428571428571429
365 365 3.7857142857142856
366 366 -2.357142857142857
367 367 1.5000000000000007
368 368 2.428571428571429
369 369 1.2142857142857144
370 370 1.7142857142857144
371 371 5.714285714285714
372 372 1.5714285714285714
373 373 2.6428571428571432
374 374 -2.928571428571429
375 375 -0.5
376 376 -0.714285714285714
377 377 -0.0714285714285714
378 378 3.8571428571428577
379 379 -6.928571428571428
380 380 0.7857142857142854
381 381 0.6428571428571428
382 382 -3.8571428571428577
383 383 -4.2857142857142865
384 384 5.142857142857143
385 385 -0.07142857142857117
386 386 0.2857142857142856
387 387 3.142857142857143
388 388 -2.428571428571429
389 389 -1.9285714285714284
390 390 0.4285714285714288
391 391 -2.571428571428571
392 392 -5.214285714285714
393 393 -0.9285714285714286
394 394 -1.7857142857142856
395 395 6.571428571428571
396 396 1.5714285714285714
397 397 2.5
398 398 0.857142857142857
399 399 -2.9999999999999996
400 400 -2.8571428571428568
401 401 -0.9285714285714286
402 402 -6.0
403 403 3.5
404 404 11.214285714285715
405 405 -1.9285714285714286
406 406 -1.8571428571428574
407 407 -6.928571428571429
408 408 -0.357142857142857
409 409 2.928571428571429
410 410 -3.3571428571428568
411 411 -8.214285714285715
412 412 -3.785714285714286
413 413 -0.2857142857142858
414 414 0.2857142857142856
415 415 -0.5
416 416 4.142857142857143
417 417 -4.5
418 418 4.357142857142857
419 419 0.0714285714285714
420 420 3.5
421 421 3.7142857142857144
422 422 1.785714285714286
423 423 -2.928571428571429
424 424 5.714285714285715
425 425 2.7857142857142856
426 426 -3.2857142857142856
427 427 -9.142857142857142
428 428 3.0000000000000004
429 429 -1.4285714285714286
430 430 -3.0
431 431 -3.428571428571429
432 432 -3.2142857142857144
433 433 2.2857142857142865
434 434 2.7142857142857144
435 435 3.0
436 436 -5.214285714285714
437 437 -6.928571428571429
438 438 -1.4285714285714286
439 439 2.8571428571428577
440 440 -1.9285714285714286
441 441 -3.2857142857142865
442 442 -4.7857142857142865
443 443 -2.3571428571428568
444 444 -2.1428571428571423
445 445 4.357142857142857
446 446 -0.3571428571428572
447 447 1.6428571428571428
448 448 8.5
449 449 6.357142857142858
450 450 1.4999999999999996
451 451 -1.642857142857143
452 452 -0.35714285714285765
453 453 -3.428571428571429
454 454 -0.7142857142857146
455 455 -3.928571428571429
456 456 4.357142857142858
457 457 -0.6428571428571423
458 458 -2.2142857142857144
459 459 -3.0
460 460 5.071428571428571
461 461 -2.7142857142857144
462 462 -7.214285714285715
463 463 -3.6428571428571432
464 464 0.8571428571428572
465 465 -5.714285714285714
466 466 -0.6428571428571428
467 467 -2.9285714285714284
468 468 -7.785714285714286
469 469 0.857142857142857
470 470 12.571428571428573
471 471 7.714285714285714
472 472 -2.071428571428571
473 473 0.0714285714285714
474 474 1.357142857142857
475 475 0.8571428571428572
476 476 -1.8571428571428572
477 477 -0.7857142857142854
478 478 4.071428571428571
479 479 1.6428571428571432
480 480 1.3571428571428572
481 481 -3.8571428571428563
482 482 1.642857142857143
483 483 -5.428571428571429
484 484 -3.7142857142857144
485 485 -6.071428571428571
486 486 1.857142857142857
487 487 3.3571428571428568
488 488 2.0
489 489 3.857142857142857
490 490 5.642857142857143
491 491 -1.0714285714285714
492 492 -6.071428571428571
493 493 -2.7142857142857144
494 494 -3.8571428571428568
495 495 1.5714285714285712
496 496 3.642857142857143
497 497 2.7142857142857144
498 498 5.642857142857142
499 499 6.142857142857143
500 500 -3.3571428571428577
501 501 6.071428571428571
502 502 3.5714285714285716
503 503 6.928571428571429
504 504 7.0
505 505 4.357142857142858
506 506 -6.928571428571429
507 507 -2.571428571428571
508 508 5.0
509 509 5.357142857142858
510 510 2.0714285714285716
511 511 1.0
512 512 -6.071428571428571
513 513 -3.8571428571428577
514 514 -0.8571428571428572
515 515 -1.1428571428571428
516 516 3.785714285714286
517 517 -0.4285714285714288
518 518 -0.928571428571429
519 519 -4.071428571428571
520 520 4.2857142857142865
521 521 -1.9999999999999998
522 522 2.285714285714286
523 523 -5.071428571428571
524 524 -0.5714285714285712
525 525 -0.2142857142857144
526 526 0.1428571428571428
527 527 -1.9285714285714284
528 528 -2.071428571428571
529 529 -2.5714285714285716
530 530 1.285714285714286
531 531 -5.142857142857142
532 532 -0.9285714285714286
533 533 1.0
534 534 1.357142857142857
535 535 2.0
536 536 1.7857142857142858
537 537 4.071428571428571
538 538 -3.2142857142857144
539 539 3.571428571428571
540 540 -2.928571428571429
541 541 -4.428571428571429
542 542 1.5
543 543 -5.357142857142858
544 544 -4.142857142857142
545 545 -3.1428571428571432
546 546 -8.142857142857142
547 547 -3.857142857142857
548 548 -3.5
549 549 0.4285714285714286
550 550 5.357142857142858
551 551 -3.4285714285714284
552 552 2.500000000000001
553 553 0.9999999999999998
554 554 1.4285714285714288
555 555 -0.21428571428571375
556 556 -1.285714285714286
557 557 -3.7142857142857144
558 558 -5.7857142857142865
559 559 -7.5
560 560 -2.220446049250313e-16
561 561 4.642857142857142
562 562 3.071428571428571
563 563 -2.2857142857142856
564 564 -0.7857142857142858
565 565 2.142857142857143
566 566 0.0714285714285714
567 567 1.8571428571428572
568 568 -5.0
569 569 -5.785714285714286
570 570 -3.2142857142857135
571 571 -0.14285714285714324
572 572 -3.8571428571428577
573 573 4.571428571428571
574 574 6.357142857142858
575 575 3.7857142857142856
576 576 -3.357142857142857
577 577 -3.2857142857142856
578 578 1.0
579 579 3.1428571428571432
580 580 -7.214285714285714
581 581 3.928571428571428
582 582 -4.785714285714286
583 583 -5.857142857142857
584 584 -1.8571428571428577
585 585 1.0714285714285712
586 586 3.3571428571428568
587 587 -3.071428571428572
588 588 -0.5714285714285712
589 589 6.428571428571429
590 590 0.9999999999999998
591 591 0.7142857142857144
592 592 -4.928571428571429
593 593 -4.428571428571429
594 594 3.1428571428571423
595 595 -0.4285714285714286
596 596 -4.428571428571429
597 597 0.35714285714285743
598 598 -0.2142857142857142
599 599 -7.357142857142858
600 600 -7.571428571428571
601 601 1.0714285714285714
602 602 3.0
603 603 5.000000000000001
604 604 5.071428571428571
605 605 -0.7142857142857142
606 606 -2.9285714285714284
607 607 -2.857142857142857
608 608 -1.2857142857142863
609 609 -6.0
610 610 -5.571428571428571
611 611 -0.42857142857142905
612 612 6.214285714285714
613 613 -7.428571428571429
614 614 2.571428571428572
615 615 -3.1428571428571423
616 616 -2.3571428571428568
617 617 0.07142857142857162
618 618 3.3571428571428577
619 619 -2.5
620 620 6.428571428571429
621 621 3.7142857142857144
622 622 -2.2142857142857144
623 623 -6.357142857142857
624 624 -3.2142857142857144
625 625 4.214285714285714
626 626 -2.785714285714286
627 627 -7.785714285714285
628 628 -4.642857142857142
629 629 -1.2142857142857144
630 630 -0.7857142857142856
631 631 -2.857142857142857
632 632 3.5
633 633 6.7857142857142865
634 634 1.285714285714286
635 635 1.642857142857143
636 636 3.428571428571429
637 637 -0.7142857142857144
638 638 2.7142857142857144
639 639 1.9285714285714288
640 640 -0.6428571428571428
641 641 5.0
642 642 -2.7142857142857144
643 643 -0.8571428571428572
644 644 2.000000000000001
645 645 1.9999999999999998
646 646 -2.4285714285714284
647 647 0.9285714285714286
648 648 5.2857142857142865
649 649 3.3571428571428577
650 650 -6.7857142857142865
651 651 0.7857142857142858
652 652 2.8571428571428577
653 653 -0.2857142857142858
654 654 0.2142857142857144
655 655 2.2142857142857144
657 657 -1.1428571428571426
658 658 0.9999999999999998
659 659 -3.1428571428571423
660 660 -0.07142857142857162
661 661 -1.4285714285714284
662 662 8.142857142857142
663 663 -5.785714285714286
664 664 3.928571428571429
665 665 -0.4999999999999998
666 666 -2.285714285714286
667 667 4.357142857142858
668 668 -4.0
669 669 -4.428571428571429
670 670 8.428571428571429
671 671 3.7857142857142856
672 672 0.6428571428571423
673 673 2.571428571428571
674 674 -1.0000000000000004
675 675 -2.7857142857142856
676 676 5.0
677 677 -1.0000000000000002
678 678 -1.9285714285714284
679 679 -0.7857142857142856
680 680 8.714285714285715
681 681 3.357142857142857
682 682 -2.9285714285714293
683 683 0.2142857142857144
684 684 -6.0
685 685 4.7857142857142865
686 686 2.2857142857142856
687 687 -1.0714285714285714
688 688 -3.285714285714286
689 689 -5.7857142857142865
690 690 6.214285714285715
691 691 -4.785714285714286
692 692 0.6428571428571428
693 693 -1.642857142857143
694 694 -0.4285714285714286
695 695 2.214285714285714
696 696 3.2857142857142856
697 697 -1.5714285714285712
698 698 -1.0714285714285714
699 699 6.714285714285714
700 700 0.7142857142857142
701 701 9.214285714285715
702 702 -2.071428571428571
703 703 3.7857142857142856
704 704 5.0
705 705 -0.14285714285714324
706 706 3.8571428571428568
707 707 0.1428571428571428
708 708 6.357142857142858
709 709 -4.214285714285714
710 710 -0.4285714285714288
711 711 1.5000000000000002
712 712 -1.6428571428571432
713 713 -3.7142857142857144
714 714 1.4285714285714286
715 715 -3.6428571428571432
716 716 -3.3571428571428577
717 717 -4.857142857142857
718 718 -1.6428571428571426
719 719 -6.928571428571429
720 720 -7.428571428571429
721 721 -5.428571428571428
722 722 4.571428571428571
723 723 -8.285714285714285
724 724 1.3571428571428572
725 725 4.357142857142857
726 726 -1.5714285714285714
727 727 -1.2142857142857146
728 728 1.8571428571428577
729 729 -6.142857142857142
730 730 2.428571428571429
731 731 -3.3571428571428577
732 732 -3.071428571428572
733 733 -1.642857142857143
734 734 5.285714285714286
735 735 4.7857142857142865
736 736 -6.214285714285715
737 737 -1.857142857142857
738 738 1.2142857142857142
739 739 1.0
740 740 -4.428571428571429
741 741 -0.9999999999999998
742 742 -4.571428571428571
743 743 0.7142857142857142
744 744 -2.2857142857142856
745 745 -1.0000000000000004
746 746 6.714285714285714
747 747 1.2857142857142854
748 748 -1.0714285714285712
749 749 -6.857142857142857
750 750 0.2142857142857142
751 751 2.571428571428571
752 752 -4.428571428571429
753 753 -7.142857142857143
754 754 -1.4285714285714288
755 755 0.2142857142857142
756 756 8.642857142857144
757 757 -0.2142857142857144
758 758 4.0
759 759 3.5
760 760 -5.857142857142858
761 761 -1.8571428571428577
762 762 0.8571428571428568
763 763 2.8571428571428577
764 764 -3.714285714285714
765 765 -1.3571428571428572
766 766 4.142857142857143
767 767 1.4285714285714286
768 768 -1.142857142857143
769 769 4.428571428571429
770 770 -1.2142857142857144
771 771 4.928571428571429
772 772 2.2142857142857144
773 773 3.428571428571428
774 774 0.14285714285714302
775 775 3.785714285714286
776 776 3.357142857142857
777 777 3.2857142857142856
778 778 -0.5
779 779 3.3571428571428568
780 780 4.285714285714286
781 781 -0.4285714285714288
782 782 -8.642857142857142
783 783 5.5
784 784 9.214285714285714
785 785 2.4285714285714284
786 786 -0.14285714285714235
787 787 4.357142857142858
788 788 3.6428571428571423
789 789 2.2142857142857144
790 790 2.5
791 791 -0.7857142857142856
792 792 2.0
793 793 -0.5714285714285716
794 794 1.9285714285714286
795 795 2.1428571428571432
796 796 0.35714285714285743
797 797 0.8571428571428577
798 798 2.7857142857142856
799 799 -1.4285714285714286
800 800 -0.7857142857142858
801 801 3.857142857142857
802 802 -3.3571428571428568
803 803 -7.571428571428571
804 804 -0.5714285714285712
805 805 1.5000000000000002
806 806 0.7142857142857142
807 807 0.714285714285714
808 808 2.571428571428571
809 809 -1.5
810 810 -2.2142857142857144
811 811 -1.3571428571428572
812 812 0.6428571428571432
813 813 2.1428571428571432
814 814 6.571428571428571
815 815 -1.5714285714285718
816 816 0.9285714285714284
817 817 2.1428571428571432
818 818 -0.5
819 819 0.4285714285714286
820 820 5.7857142857142865
821 821 -0.2857142857142856
822 822 0.7857142857142856
823 823 3.642857142857143
824 824 -1.0000000000000009
825 825 -0.4285714285714288
826 826 3.2857142857142856
827 827 1.3571428571428572
828 828 1.9285714285714284
829 829 0.714285714285714
830 830 -5.071428571428571
831 831 8.928571428571429
832 832 5.5
833 833 -2.857142857142857
834 834 -9.071428571428571
835 835 1.0714285714285714
836 836 -4.642857142857142
837 837 -1.9285714285714286
838 838 -6.928571428571428
839 839 0.6428571428571426
1 2 2.0
1 10 -1.7857142857142858
1 44 1.3571428571428572
1 53 2.0
1 97 -0.5714285714285714
1 107 1.7857142857142858
2 3 -1.7857142857142858
2 10 1.7857142857142858
2 11 1.7857142857142858
2 136 0.5714285714285714
2 145 0.9285714285714286
2 169 1.3571428571428572
2 174 -0.5714285714285714
3 11 0.9285714285714286
3 12 -1.3571428571428572
3 223 1.3571428571428572
3 272 0.9285714285714286
3 280 -2.0
4 5 2.0
4 376 -0.9285714285714286
4 385 1.3571428571428572
4 412 -1.3571428571428572
5 6 -1.7857142857142858
5 452 1.3571428571428572
5 461 0.9285714285714286
5 491 0.5714285714285714
6 7 -2.0
6 13 -2.0
6 524 2.0
6 533 1.3571428571428572
6 556 0.5714285714285714
7 8 0.9285714285714286
7 13 -0.5714285714285714
7 14 2.0
7 591 -1.3571428571428572
7 630 -0.9285714285714286
7 641 -2.0
8 9 -1.3571428571428572
8 14 -1.3571428571428572
8 15 1.3571428571428572
8 672 -1.3571428571428572
8 682 -0.9285714285714286
8 712 -1.7857142857142858
8 720 0.5714285714285714
9 15 2.0
9 16 1.7857142857142858
9 749 1.3571428571428572
9 760 2.0
9 791 -0.9285714285714286
9 800 -0.5714285714285714
10 11 1.7857142857142858
10 97 0.9285714285714286
10 107 -1.3571428571428572
10 136 2.0
10 145 -0.9285714285714286
11 12 -1.3571428571428572
11 169 -0.5714285714285714
11 223 -0.5714285714285714
11 230 1.3571428571428572
12 272 2.0
12 280 0.9285714285714286
12 305 -2.0
12 313 -0.5714285714285714
13 14 0.9285714285714286
13 556 1.7857142857142858
13 591 1.3571428571428572
14 15 2.0
14 630 0.5714285714285714
14 641 1.3571428571428572
14 672 -0.9285714285714286
14 682 1.3571428571428572
15 16 -0.5714285714285714
15 712 -0.5714285714285714
15 720 0.9285714285714286
15 749 2.0
15 760 0.9285714285714286
16 17 0.5714285714285714
16 791 -0.9285714285714286
16 800 -1.7857142857142858
16 829 1.3571428571428572
16 837 -1.3571428571428572
17 35 0.9285714285714286
17 78 -2.0
17 87 0.5714285714285714
18 19 -1.3571428571428572
18 27 0.9285714285714286
18 205 1.7857142857142858
18 215 1.3571428571428572
18 258 1.7857142857142858
18 267 1.7857142857142858
19 27 0.5714285714285714
19 28 0.5714285714285714
19 290 2.0
19 298 -0.9285714285714286
19 320 1.7857142857142858
20 21 1.3571428571428572
20 29 -0.5714285714285714
20 30 -2.0
20 434 1.7857142857142858
20 444 -2.0
20 474 -1.7857142857142858
20 482 -0.9285714285714286
21 22 -1.3571428571428572
21 30 1.7857142857142858
21 31 -1.7857142857142858
21 508 -1.7857142857142858
21 515 0.5714285714285714
21 548 2.0
22 23 2.0
22 31 -1.7857142857142858
22 32 1.7857142857142858
22 572 -0.5714285714285714
22 583 0.5714285714285714
22 612 -1.3571428571428572
22 621 -2.0
23 24 0.9285714285714286
23 33 -0.5714285714285714
23 653 0.5714285714285714
23 664 -1.3571428571428572
23 693 -1.3571428571428572
23 704 0.5714285714285714
24 33 -1.7857142857142858
24 34 0.9285714285714286
24 729 -2.0
24 740 1.7857142857142858
24 772 -1.7857142857142858
24 782 1.7857142857142858
25 26 -1.3571428571428572
25 35 1.7857142857142858
25 36 -1.3571428571428572
25 69 -2.0
25 118 0.5714285714285714
26 36 -2.0
26 37 0.9285714285714286
26 154 2.0
26 162 -1.7857142857142858
26 194 1.7857142857142858
27 28 0.5714285714285714
27 258 0.9285714285714286
27 267 0.5714285714285714
27 290 0.9285714285714286
27 298 0.5714285714285714
28 29 -1.3571428571428572
28 320 -1.3571428571428572
28 358 -0.5714285714285714
28 368 -1.3571428571428572
29 30 -1.3571428571428572
29 395 -0.9285714285714286
29 434 -1.3571428571428572
29 444 2.0
30 31 -2.0
30 474 -2.0
30 482 -0.5714285714285714
30 508 -1.7857142857142858
30 515 -2.0
31 32 -0.9285714285714286
31 548 0.9285714285714286
31 572 0.5714285714285714
31 583 1.3571428571428572
32 612 -2.0
32 621 -0.9285714285714286
32 653 -2.0
32 664 -0.5714285714285714
33 34 -0.5714285714285714
33 693 1.7857142857142858
33 704 -1.7857142857142858
33 729 1.7857142857142858
33 740 1.7857142857142858
34 35 1.3571428571428572
34 772 -1.7857142857142858
34 782 1.3571428571428572
34 811 2.0
34 821 -1.3571428571428572
35 36 -0.5714285714285714
35 69 -2.0
36 118 0.5714285714285714
36 154 -0.5714285714285714
36 162 -2.0
37 194 -0.9285714285714286
37 250 -1.7857142857142858
38 39 0.5714285714285714
38 47 2.0
38 195 -2.0
38 251 -1.3571428571428572
39 40 1.7857142857142858
39 47 1.3571428571428572
39 48 1.3571428571428572
39 283 0.5714285714285714
39 314 -1.3571428571428572
40 41 2.0
40 48 2.0
40 49 0.5714285714285714
40 349 0.5714285714285714
40 387 -1.7857142857142858
41 49 -1.7857142857142858
41 50 -2.0
41 424 -1.7857142857142858
41 464 0.5714285714285714
42 51 -0.5714285714285714
42 565 -0.9285714285714286
42 603 -0.9285714285714286
43 51 -0.5714285714285714
43 52 -0.9285714285714286
43 644 -0.5714285714285714
43 685 -0.9285714285714286
44 45 -1.3571428571428572
44 53 -1.7857142857142858
44 803 1.7857142857142858
45 46 1.3571428571428572
45 53 0.5714285714285714
45 55 -1.7857142857142858
46 54 0.5714285714285714
46 147 -1.7857142857142858
46 177 0.9285714285714286
47 48 -0.9285714285714286
47 251 -1.7857142857142858
47 283 -0.9285714285714286
48 49 1.3571428571428572
48 314 0.9285714285714286
48 349 -2.0
49 50 0.5714285714285714
49 387 -2.0
49 424 -0.5714285714285714
50 464 -0.9285714285714286
51 52 2.0
51 603 -0.9285714285714286
51 644 -1.7857142857142858
52 685 2.0
53 55 0.5714285714285714
54 177 1.3571428571428572
54 233 1.3571428571428572
55 61 2.0
55 98 -2.0
55 107 -2.0
56 62 -1.3571428571428572
56 63 -2.0
56 230 -2.0
56 273 2.0
56 280 0.9285714285714286
57 58 -0.9285714285714286
57 64 -0.5714285714285714
57 385 -0.5714285714285714
57 413 -1.3571428571428572
58 64 -1.7857142857142858
58 65 -0.9285714285714286
58 453 -0.9285714285714286
58 461 -1.3571428571428572
58 492 -1.3571428571428572
59 60 0.9285714285714286
59 66 0.9285714285714286
59 67 0.9285714285714286
59 592 -0.9285714285714286
59 631 2.0
59 641 -1.3571428571428572
60 67 2.0
60 673 1.7857142857142858
60 682 -1.3571428571428572
60 713 -0.9285714285714286
60 720 -0.5714285714285714
61 62 1.3571428571428572
61 98 -1.3571428571428572
61 107 0.5714285714285714
61 137 -1.7857142857142858
61 145 2.0
62 63 2.0
62 170 -1.3571428571428572
62 174 0.5714285714285714
62 230 -0.5714285714285714
63 273 -2.0
63 280 1.3571428571428572
63 306 2.0
63 313 1.7857142857142858
64 65 1.7857142857142858
64 413 0.9285714285714286
64 453 1.7857142857142858
64 461 0.5714285714285714
65 66 0.9285714285714286
65 492 1.3571428571428572
65 525 -0.5714285714285714
65 533 -1.3571428571428572
66 67 -0.9285714285714286
66 592 1.3571428571428572
67 631 1.3571428571428572
67 641 -1.7857142857142858
67 673 -1.3571428571428572
67 682 1.7857142857142858
68 69 1.3571428571428572
68 792 -1.3571428571428572
68 800 1.3571428571428572
68 830 0.9285714285714286
68 837 -0.9285714285714286
69 79 1.3571428571428572
69 87 -1.3571428571428572
70 71 -1.3571428571428572
70 81 -0.9285714285714286
70 215 -2.0
70 267 0.9285714285714286
71 72 2.0
71 298 1.3571428571428572
72 73 -2.0
72 82 1.3571428571428572
72 368 0.9285714285714286
73 74 -2.0
73 82 -1.3571428571428572
73 83 -0.9285714285714286
73 444 2.0
73 482 -0.9285714285714286
74 75 2.0
74 83 -1.3571428571428572
74 515 0.5714285714285714
74 548 0.5714285714285714
75 76 0.9285714285714286
75 84 -0.5714285714285714
75 583 1.3571428571428572
75 621 1.7857142857142858
76 77 -2.0
76 84 -1.7857142857142858
76 85 -1.3571428571428572
76 664 -0.5714285714285714
76 704 -1.7857142857142858
77 78 1.7857142857142858
77 85 0.5714285714285714
77 86 0.5714285714285714
77 740 -0.5714285714285714
77 782 1.7857142857142858
78 79 -0.5714285714285714
78 86 -1.7857142857142858
78 87 1.3571428571428572
78 821 0.9285714285714286
79 80 -1.3571428571428572
79 87 -0.9285714285714286
79 88 2.0
80 88 -0.5714285714285714
80 89 0.5714285714285714
80 162 1.3571428571428572
80 194 1.7857142857142858
81 267 0.9285714285714286
81 298 0.9285714285714286
82 83 1.3571428571428572
82 444 0.5714285714285714
83 482 -1.7857142857142858
83 515 2.0
84 85 -0.5714285714285714
84 621 0.5714285714285714
84 664 0.9285714285714286
85 86 1.3571428571428572
85 704 -2.0
85 740 -0.5714285714285714
86 87 -0.5714285714285714
86 782 1.7857142857142858
86 821 1.7857142857142858
87 88 -0.5714285714285714
88 89 -0.9285714285714286
88 162 2.0
89 194 -2.0
89 250 0.9285714285714286
90 100 0.9285714285714286
90 206 -1.3571428571428572
90 251 2.0
90 259 1.7857142857142858
91 92 -0.9285714285714286
91 101 -0.9285714285714286
91 349 2.0
91 359 0.5714285714285714
91 387 2.0
92 93 -1.7857142857142858
92 101 -0.9285714285714286
92 102 -0.9285714285714286
92 424 -2.0
92 464 -0.9285714285714286
93 94 -1.3571428571428572
93 102 1.3571428571428572
93 103 -0.5714285714285714
93 543 1.7857142857142858
94 95 -0.5714285714285714
94 103 1.3571428571428572
94 104 -1.3571428571428572
94 565 -1.3571428571428572
94 573 0.9285714285714286
94 603 -1.7857142857142858
94 613 1.3571428571428572
95 96 0.5714285714285714
95 104 2.0
95 105 0.5714285714285714
95 644 -2.0
95 654 -0.5714285714285714
95 685 -1.3571428571428572
95 694 -0.5714285714285714
96 97 1.7857142857142858
96 105 0.5714285714285714
96 106 0.9285714285714286
96 730 -2.0
96 773 0.5714285714285714
97 98 2.0
97 106 -0.5714285714285714
97 107 1.7857142857142858
97 803 2.0
97 812 -1.7857142857142858
98 99 0.5714285714285714
98 107 0.5714285714285714
98 108 2.0
98 119 0.5714285714285714
99 108 0.9285714285714286
99 109 1.7857142857142858
99 147 2.0
99 155 2.0
99 177 0.9285714285714286
100 251 -0.5714285714285714
100 259 1.7857142857142858
100 283 -0.5714285714285714
100 291 2.0
101 387 -1.3571428571428572
102 103 -1.7857142857142858
102 464 -0.9285714285714286
103 104 0.9285714285714286
103 543 1.7857142857142858
103 565 -1.3571428571428572
103 573 -1.3571428571428572
104 105 1.7857142857142858
104 603 -0.9285714285714286
104 613 2.0
104 644 1.7857142857142858
104 654 2.0
105 106 1.7857142857142858
105 685 -1.3571428571428572
105 694 0.5714285714285714
105 730 0.9285714285714286
106 107 1.7857142857142858
106 773 -0.5714285714285714
106 803 1.7857142857142858
107 108 -1.7857142857142858
108 109 -0.9285714285714286
108 119 -1.3571428571428572
108 147 -0.5714285714285714
108 155 -1.7857142857142858
109 177 -1.3571428571428572
109 233 2.0
109 244 -0.5714285714285714
110 111 1.3571428571428572
110 119 -1.7857142857142858
110 120 2.0
110 137 0.9285714285714286
110 170 0.5714285714285714
110 175 0.5714285714285714
111 112 0.5714285714285714
111 231 1.7857142857142858
111 273 2.0
111 281 -2.0
112 113 -0.5714285714285714
112 121 1.3571428571428572
112 306 1.7857142857142858
112 347 2.0
113 114 0.9285714285714286
113 121 0.9285714285714286
113 122 1.3571428571428572
113 386 1.3571428571428572
113 413 -0.9285714285714286
113 422 -1.3571428571428572
114 115 2.0
114 122 -2.0
114 123 0.9285714285714286
114 453 0.5714285714285714
114 462 -1.7857142857142858
114 500 1.7857142857142858
115 123 2.0
115 124 2.0
115 525 1.7857142857142858
115 534 0.9285714285714286
116 117 1.3571428571428572
116 125 -1.3571428571428572
116 126 0.5714285714285714
116 673 1.3571428571428572
116 683 1.7857142857142858
116 713 1.7857142857142858
116 721 0.5714285714285714
117 118 0.5714285714285714
117 126 -2.0
117 127 0.5714285714285714
117 750 -1.3571428571428572
117 761 2.0
117 792 -2.0
117 801 -0.5714285714285714
118 127 -1.7857142857142858
118 830 -2.0
118 838 1.3571428571428572
119 120 1.3571428571428572
119 137 1.7857142857142858
120 170 -2.0
120 175 2.0
120 231 1.7857142857142858
121 122 1.7857142857142858
121 347 -2.0
121 386 -0.9285714285714286
122 123 2.0
122 413 1.7857142857142858
122 422 -1.7857142857142858
122 462 2.0
123 124 -1.7857142857142858
123 492 2.0
123 500 1.7857142857142858
123 525 0.5714285714285714
123 534 -1.7857142857142858
124 125 -2.0
124 563 0.9285714285714286
124 592 1.7857142857142858
125 126 -1.3571428571428572
125 631 -0.9285714285714286
125 642 2.0
125 673 -0.9285714285714286
125 683 -2.0
126 127 -0.9285714285714286
126 721 2.0
126 761 0.9285714285714286
127 792 1.7857142857142858
127 801 2.0
127 830 0.5714285714285714
127 838 -1.3571428571428572
128 129 1.7857142857142858
128 139 -2.0
128 196 -1.7857142857142858
128 206 0.5714285714285714
128 252 -1.7857142857142858
128 259 1.7857142857142858
129 130 2.0
129 139 1.3571428571428572
129 140 1.3571428571428572
129 321 -1.7857142857142858
130 131 0.9285714285714286
130 140 1.7857142857142858
130 141 1.3571428571428572
130 350 -1.3571428571428572
130 359 1.7857142857142858
130 388 0.9285714285714286
131 132 -1.3571428571428572
131 141 0.5714285714285714
131 142 -0.5714285714285714
131 425 -0.9285714285714286
131 465 1.3571428571428572
132 133 -2.0
132 142 -0.5714285714285714
132 502 -1.7857142857142858
132 543 1.7857142857142858
133 134 2.0
133 143 -0.5714285714285714
133 566 -2.0
133 573 -1.7857142857142858
133 604 -2.0
133 613 1.3571428571428572
134 135 -1.7857142857142858
134 143 -1.7857142857142858
134 654 -1.7857142857142858
134 686 -2.0
134 694 1.3571428571428572
135 136 -1.3571428571428572
135 144 -1.7857142857142858
135 722 -2.0
135 730 -1.3571428571428572
135 763 -2.0
135 773 -2.0
136 137 -1.7857142857142858
136 144 -1.7857142857142858
136 145 0.5714285714285714
136 812 0.9285714285714286
137 138 -0.9285714285714286
137 145 1.7857142857142858
138 146 -1.3571428571428572
138 155 -0.5714285714285714
138 178 -0.5714285714285714
139 140 -2.0
139 252 2.0
139 259 -1.3571428571428572
139 291 -1.3571428571428572
140 141 -1.7857142857142858
140 321 -1.3571428571428572
140 350 -1.3571428571428572
140 359 -0.5714285714285714
141 142 1.3571428571428572
141 388 0.9285714285714286
141 425 -0.5714285714285714
142 465 1.7857142857142858
142 502 -1.7857142857142858
143 604 0.5714285714285714
143 613 1.7857142857142858
143 654 0.9285714285714286
144 145 -1.7857142857142858
144 763 -1.3571428571428572
144 773 -1.7857142857142858
144 812 -1.7857142857142858
146 178 1.3571428571428572
146 234 1.7857142857142858
146 244 -1.3571428571428572
147 155 1.3571428571428572
148 149 0.9285714285714286
148 156 0.5714285714285714
148 157 1.3571428571428572
148 224 -1.3571428571428572
148 231 -0.9285714285714286
148 274 1.7857142857142858
148 281 0.5714285714285714
149 150 0.5714285714285714
149 157 -1.3571428571428572
149 158 -2.0
149 307 2.0
149 338 -1.7857142857142858
149 347 1.7857142857142858
150 151 1.3571428571428572
150 158 -1.3571428571428572
150 159 -1.3571428571428572
150 377 2.0
150 386 1.3571428571428572
150 414 1.3571428571428572
150 422 1.3571428571428572
151 159 -0.9285714285714286
151 462 2.0
151 493 1.7857142857142858
151 500 -2.0
152 153 0.5714285714285714
152 160 -0.9285714285714286
152 593 2.0
152 632 1.7857142857142858
152 642 -1.7857142857142858
153 160 -0.5714285714285714
153 674 0.9285714285714286
153 683 -2.0
153 721 2.0
154 161 -0.9285714285714286
154 162 0.9285714285714286
154 838 0.5714285714285714
155 156 -2.0
156 157 -1.3571428571428572
156 175 -2.0
156 224 -1.3571428571428572
157 158 -0.5714285714285714
157 274 -1.3571428571428572
157 281 -0.9285714285714286
157 307 0.9285714285714286
158 159 -0.5714285714285714
158 338 -1.7857142857142858
158 347 -2.0
158 377 -1.3571428571428572
158 386 -0.5714285714285714
159 414 2.0
159 422 2.0
159 462 1.3571428571428572
160 632 -1.7857142857142858
160 642 1.3571428571428572
160 674 -0.5714285714285714
160 683 -1.7857142857142858
161 162 0.5714285714285714
161 793 -1.7857142857142858
161 801 -1.7857142857142858
161 838 0.5714285714285714
163 164 1.3571428571428572
163 196 1.7857142857142858
163 207 2.0
163 252 1.3571428571428572
163 260 -1.3571428571428572
164 165 1.7857142857142858
164 292 -1.7857142857142858
164 322 0.5714285714285714
165 171 -1.3571428571428572
165 350 -0.9285714285714286
165 360 -1.3571428571428572
165 388 -1.7857142857142858
165 396 2.0
166 167 -1.3571428571428572
166 172 1.3571428571428572
166 566 1.3571428571428572
166 574 -1.7857142857142858
166 604 1.7857142857142858
166 614 -1.3571428571428572
167 168 -0.5714285714285714
167 655 2.0
167 686 2.0
167 695 -2.0
168 169 -1.3571428571428572
168 173 -2.0
168 722 -0.5714285714285714
168 731 -0.5714285714285714
168 763 0.9285714285714286
168 774 2.0
169 170 -2.0
169 173 0.9285714285714286
169 174 -0.9285714285714286
170 174 -1.7857142857142858
170 175 -1.7857142857142858
171 388 0.5714285714285714
171 396 -1.7857142857142858
171 425 2.0
171 435 -2.0
172 604 -0.9285714285714286
172 614 0.5714285714285714
172 655 0.5714285714285714
173 174 1.7857142857142858
173 763 -0.9285714285714286
173 774 -0.5714285714285714
174 175 0.9285714285714286
175 176 -2.0
176 178 0.5714285714285714
176 186 2.0
176 234 1.7857142857142858
177 178 -0.9285714285714286
178 179 -1.7857142857142858
178 186 0.5714285714285714
179 180 -2.0
179 186 -0.5714285714285714
179 187 -2.0
179 224 2.0
179 232 -2.0
179 274 -0.9285714285714286
179 282 -1.3571428571428572
180 181 -2.0
180 187 -0.5714285714285714
180 188 -0.9285714285714286
180 307 -1.3571428571428572
180 338 -0.9285714285714286
180 348 1.7857142857142858
181 182 1.7857142857142858
181 188 -2.0
181 189 -0.5714285714285714
181 377 0.5714285714285714
181 414 -2.0
181 423 -2.0
182 183 2.0
182 189 0.5714285714285714
182 190 -1.3571428571428572
182 463 -0.5714285714285714
182 493 -2.0
182 501 -1.7857142857142858
183 190 -2.0
183 191 -0.5714285714285714
183 526 -2.0
183 535 -1.7857142857142858
183 564 -0.5714285714285714
184 185 -0.5714285714285714
184 192 -1.7857142857142858
184 684 1.7857142857142858
185 193 1.3571428571428572
185 751 -0.5714285714285714
185 762 1.7857142857142858
185 793 1.7857142857142858
185 802 1.7857142857142858
186 187 -1.7857142857142858
186 224 -1.3571428571428572
186 232 -2.0
187 188 1.7857142857142858
187 274 0.9285714285714286
187 282 -0.5714285714285714
187 307 -1.3571428571428572
188 189 -1.3571428571428572
188 338 1.7857142857142858
188 348 1.7857142857142858
188 377 -0.5714285714285714
189 190 -0.5714285714285714
189 414 0.5714285714285714
189 423 0.9285714285714286
189 463 0.9285714285714286
190 191 0.9285714285714286
190 493 2.0
190 501 -2.0
190 526 0.5714285714285714
190 535 -0.5714285714285714
191 192 -1.3571428571428572
191 593 2.0
191 602 0.9285714285714286
192 632 -1.7857142857142858
192 643 1.7857142857142858
192 674 1.7857142857142858
192 684 1.3571428571428572
193 194 -1.7857142857142858
193 793 -2.0
193 802 1.3571428571428572
193 839 -1.7857142857142858
195 196 2.0
195 206 -1.7857142857142858
196 197 1.3571428571428572
196 207 0.5714285714285714
197 198 -0.9285714285714286
197 207 -0.5714285714285714
197 208 -1.3571428571428572
197 216 -1.3571428571428572
197 268 1.7857142857142858
198 199 -0.5714285714285714
198 208 -0.5714285714285714
198 209 2.0
198 330 1.7857142857142858
199 200 1.7857142857142858
199 209 -1.3571428571428572
199 210 1.7857142857142858
199 369 0.5714285714285714
199 405 0.9285714285714286
200 201 1.3571428571428572
200 210 1.7857142857142858
200 211 1.7857142857142858
200 483 0.9285714285714286
201 202 -1.7857142857142858
201 211 0.9285714285714286
201 212 1.3571428571428572
201 516 -0.5714285714285714
201 549 1.3571428571428572
202 203 -2.0
202 212 -0.5714285714285714
202 584 1.3571428571428572
202 622 1.7857142857142858
203 204 1.3571428571428572
203 213 2.0
203 665 0.9285714285714286
203 705 -0.5714285714285714
204 205 -1.7857142857142858
204 213 -1.3571428571428572
204 214 -1.7857142857142858
204 741 -0.5714285714285714
204 783 0.5714285714285714
205 214 -0.5714285714285714
205 215 1.7857142857142858
205 822 -0.5714285714285714
206 207 -1.3571428571428572
207 208 -2.0
207 216 -2.0
208 209 0.9285714285714286
208 268 2.0
209 210 -1.7857142857142858
209 330 -0.9285714285714286
209 369 -2.0
210 211 -0.5714285714285714
210 405 1.7857142857142858
211 212 -2.0
211 483 1.7857142857142858
211 516 -1.7857142857142858
212 549 1.3571428571428572
212 584 1.7857142857142858
213 705 -2.0
213 741 -0.9285714285714286
214 215 1.3571428571428572
214 783 -1.3571428571428572
214 822 1.7857142857142858
216 217 2.0
216 225 1.7857142857142858
216 253 0.5714285714285714
216 260 0.5714285714285714
217 218 -1.7857142857142858
217 226 -0.5714285714285714
217 292 -2.0
217 315 0.9285714285714286
217 322 -1.7857142857142858
218 226 -2.0
218 227 -1.3571428571428572
218 351 1.3571428571428572
218 360 -0.5714285714285714
218 389 -1.7857142857142858
218 396 -0.5714285714285714
219 227 -1.3571428571428572
219 228 2.0
219 426 -0.5714285714285714
219 435 -2.0
219 466 2.0
219 475 0.9285714285714286
220 221 0.9285714285714286
220 574 -1.3571428571428572
220 605 0.5714285714285714
220 614 -1.7857142857142858
221 222 2.0
221 229 -1.3571428571428572
221 645 -0.9285714285714286
221 655 -2.0
221 695 -2.0
222 223 2.0
222 229 2.0
222 723 1.3571428571428572
222 731 2.0
222 764 -1.3571428571428572
222 774 1.7857142857142858
223 230 -2.0
223 804 1.3571428571428572
224 231 2.0
224 232 1.7857142857142858
225 226 0.5714285714285714
225 253 2.0
225 260 -1.7857142857142858
225 292 -0.9285714285714286
226 227 0.5714285714285714
226 315 -0.5714285714285714
226 322 0.9285714285714286
226 351 -0.9285714285714286
226 360 1.3571428571428572
227 228 -1.3571428571428572
227 389 1.3571428571428572
227 396 1.3571428571428572
227 426 2.0
227 435 0.9285714285714286
228 466 1.3571428571428572
228 475 0.5714285714285714
229 695 0.9285714285714286
229 723 0.5714285714285714
229 731 0.9285714285714286
230 231 0.9285714285714286
231 232 -1.3571428571428572
232 235 -1.3571428571428572
233 234 1.3571428571428572
233 244 1.3571428571428572
234 235 -2.0
234 244 -1.7857142857142858
235 236 0.5714285714285714
235 245 -0.9285714285714286
235 282 0.5714285714285714
236 237 1.7857142857142858
236 245 0.9285714285714286
237 238 -2.0
237 246 -1.3571428571428572
237 423 1.7857142857142858
238 239 -1.7857142857142858
238 246 0.9285714285714286
238 247 -2.0
238 463 0.5714285714285714
238 501 1.7857142857142858
239 240 -1.3571428571428572
239 247 -2.0
239 248 0.5714285714285714
239 535 -0.5714285714285714
239 564 -0.5714285714285714
240 241 -1.3571428571428572
240 248 -1.7857142857142858
240 602 -0.5714285714285714
240 643 -0.9285714285714286
241 242 0.5714285714285714
241 684 -0.9285714285714286
242 243 2.0
242 249 -2.0
242 762 1.3571428571428572
242 802 1.3571428571428572
243 249 -1.3571428571428572
243 250 -1.7857142857142858
243 839 -2.0
245 282 -2.0
246 247 -0.9285714285714286
246 423 1.3571428571428572
246 463 1.7857142857142858
247 248 -2.0
247 501 -1.3571428571428572
247 535 -0.9285714285714286
248 564 0.5714285714285714
248 602 -2.0
249 250 -2.0
249 802 -0.9285714285714286
249 839 1.3571428571428572
251 252 2.0
251 259 0.5714285714285714
252 253 -0.5714285714285714
252 259 2.0
252 260 -1.7857142857142858
253 254 -1.3571428571428572
253 260 1.7857142857142858
253 261 -2.0
253 268 0.5714285714285714
253 275 0.9285714285714286
254 262 -0.9285714285714286
254 330 0.9285714285714286
254 339 0.9285714285714286
255 256 -1.3571428571428572
255 265 -1.3571428571428572
255 584 -0.5714285714285714
255 594 -1.3571428571428572
255 633 -1.7857142857142858
256 257 1.3571428571428572
256 266 -1.3571428571428572
256 665 1.3571428571428572
256 675 2.0
256 705 1.3571428571428572
257 258 -0.9285714285714286
257 266 -1.7857142857142858
257 741 -0.9285714285714286
257 752 2.0
257 783 -1.7857142857142858
257 794 -0.5714285714285714
258 267 -1.3571428571428572
258 822 -2.0
259 260 1.7857142857142858
260 261 1.3571428571428572
261 262 0.9285714285714286
261 268 -0.5714285714285714
261 275 1.7857142857142858
262 263 1.7857142857142858
262 330 -0.9285714285714286
262 339 2.0
262 369 2.0
262 378 1.7857142857142858
263 264 2.0
263 415 -0.9285714285714286
264 265 -1.3571428571428572
264 483 1.7857142857142858
264 494 2.0
264 516 -0.5714285714285714
264 527 -1.7857142857142858
265 549 -1.3571428571428572
265 584 2.0
265 594 -2.0
266 705 1.3571428571428572
266 741 2.0
266 752 1.7857142857142858
268 269 -0.5714285714285714
268 275 -2.0
269 275 -1.7857142857142858
269 276 -0.5714285714285714
269 293 1.3571428571428572
269 315 -2.0
269 323 -0.5714285714285714
270 278 -0.5714285714285714
270 575 -0.5714285714285714
270 605 1.3571428571428572
270 615 2.0
271 272 1.7857142857142858
271 279 1.3571428571428572
271 723 1.7857142857142858
271 732 1.3571428571428572
271 764 2.0
271 775 -1.3571428571428572
272 273 1.7857142857142858
272 279 1.3571428571428572
272 280 -0.5714285714285714
272 804 -2.0
272 813 2.0
273 274 -0.9285714285714286
273 280 -2.0
273 281 -0.5714285714285714
274 281 -1.3571428571428572
274 282 0.5714285714285714
275 276 -0.5714285714285714
275 293 2.0
276 315 0.5714285714285714
276 323 -0.9285714285714286
276 351 0.5714285714285714
276 361 -0.5714285714285714
277 466 -0.9285714285714286
278 605 -0.9285714285714286
278 615 0.5714285714285714
278 645 -1.3571428571428572
278 656 2.0
279 280 -1.3571428571428572
279 764 0.9285714285714286
279 775 2.0
279 804 -1.3571428571428572
279 813 -0.9285714285714286
280 281 -0.9285714285714286
281 282 0.9285714285714286
283 291 -2.0
284 285 -0.5714285714285714
284 293 2.0
284 299 -1.3571428571428572
284 331 2.0
284 339 0.9285714285714286
285 286 2.0
285 294 0.5714285714285714
285 378 -2.0
285 415 0.9285714285714286
286 287 -1.7857142857142858
286 295 1.7857142857142858
286 445 -0.5714285714285714
286 484 1.7857142857142858
286 494 -1.7857142857142858
287 288 -2.0
287 295 1.7857142857142858
287 517 1.7857142857142858
287 527 1.3571428571428572
287 550 -2.0
288 585 1.3571428571428572
288 594 0.5714285714285714
288 623 1.3571428571428572
288 633 -1.3571428571428572
289 290 1.7857142857142858
289 296 1.7857142857142858
289 297 0.5714285714285714
289 742 0.5714285714285714
289 784 -2.0
289 794 -0.9285714285714286
290 297 -0.5714285714285714
290 298 0.9285714285714286
291 292 0.9285714285714286
292 293 2.0
293 294 2.0
293 299 0.9285714285714286
294 331 -1.7857142857142858
294 339 0.5714285714285714
294 378 -0.9285714285714286
295 484 1.7857142857142858
295 494 0.9285714285714286
295 517 1.3571428571428572
295 527 1.7857142857142858
296 297 0.5714285714285714
296 742 -2.0
296 752 -1.3571428571428572
297 298 -1.7857142857142858
297 784 -2.0
297 794 -1.7857142857142858
299 300 -0.5714285714285714
299 308 -1.7857142857142858
299 316 -0.5714285714285714
299 323 2.0
300 301 -1.3571428571428572
300 308 -1.3571428571428572
300 309 -2.0
300 352 1.7857142857142858
300 361 1.7857142857142858
300 390 0.9285714285714286
300 397 1.7857142857142858
301 302 -0.5714285714285714
301 309 0.9285714285714286
301 310 -0.9285714285714286
301 427 2.0
301 436 1.3571428571428572
301 467 -0.5714285714285714
302 303 2.0
302 310 -1.7857142857142858
302 503 -2.0
302 536 0.9285714285714286
303 311 1.3571428571428572
303 567 -1.3571428571428572
304 305 -1.7857142857142858
304 312 -2.0
304 724 -2.0
304 732 1.3571428571428572
304 765 1.7857142857142858
304 775 -2.0
305 306 1.7857142857142858
305 312 -1.3571428571428572
305 313 -0.5714285714285714
305 805 2.0
305 813 -1.7857142857142858
306 307 -1.7857142857142858
306 313 2.0
308 309 2.0
308 316 -1.3571428571428572
308 323 -0.9285714285714286
308 352 0.5714285714285714
308 361 1.3571428571428572
309 310 -2.0
309 390 -2.0
309 397 -1.3571428571428572
309 427 -1.3571428571428572
309 436 1.7857142857142858
310 467 2.0
310 503 2.0
311 606 0.9285714285714286
311 615 -2.0
311 656 -0.9285714285714286
312 313 0.5714285714285714
312 765 0.9285714285714286
312 775 -0.5714285714285714
312 805 -1.3571428571428572
312 813 -2.0
314 321 -1.7857142857142858
315 316 0.5714285714285714
315 322 -0.5714285714285714
315 323 -2.0
316 317 2.0
316 323 -0.5714285714285714
316 324 -1.3571428571428572
316 331 -0.5714285714285714
316 340 -0.9285714285714286
317 324 -2.0
317 325 -0.9285714285714286
317 379 0.5714285714285714
317 406 0.9285714285714286
317 416 -0.9285714285714286
318 326 -1.7857142857142858
318 327 0.5714285714285714
318 517 -1.3571428571428572
318 528 1.7857142857142858
318 550 -2.0
319 320 0.9285714285714286
319 329 -1.7857142857142858
319 742 2.0
319 753 2.0
319 784 -1.3571428571428572
319 795 -1.7857142857142858
320 329 1.3571428571428572
321 322 -1.3571428571428572
322 323 -1.3571428571428572
323 324 -0.9285714285714286
324 325 -2.0
324 331 -1.7857142857142858
324 340 0.9285714285714286
324 379 1.3571428571428572
325 326 -2.0
325 406 0.9285714285714286
325 416 -1.3571428571428572
325 445 -2.0
325 454 1.3571428571428572
326 327 -0.9285714285714286
326 484 -0.9285714285714286
326 495 -0.9285714285714286
326 517 -1.3571428571428572
326 528 -1.3571428571428572
327 328 1.3571428571428572
327 550 -1.3571428571428572
327 585 1.7857142857142858
327 595 1.3571428571428572
328 623 0.5714285714285714
328 634 -0.5714285714285714
328 666 1.3571428571428572
328 676 -1.3571428571428572
329 784 -1.7857142857142858
329 795 -0.9285714285714286
330 331 -1.7857142857142858
330 339 -0.9285714285714286
331 332 0.9285714285714286
331 339 -0.5714285714285714
331 340 -0.9285714285714286
332 333 -0.9285714285714286
332 340 -2.0
332 341 -1.7857142857142858
332 352 -1.7857142857142858
332 362 1.3571428571428572
332 390 -1.3571428571428572
332 398 1.3571428571428572
333 334 -0.5714285714285714
333 341 -0.5714285714285714
333 342 2.0
333 427 1.3571428571428572
333 437 1.3571428571428572
333 467 0.9285714285714286
333 476 1.7857142857142858
334 335 -1.7857142857142858
334 342 0.5714285714285714
334 343 -2.0
334 503 -1.7857142857142858
334 509 -1.7857142857142858
334 536 -2.0
334 544 -1.3571428571428572
335 336 0.9285714285714286
335 343 -0.5714285714285714
335 344 0.9285714285714286
335 576 0.9285714285714286
335 606 -1.7857142857142858
335 616 2.0
336 337 0.5714285714285714
336 646 2.0
336 657 -1.3571428571428572
336 687 0.5714285714285714
336 697 1.3571428571428572
337 345 -0.5714285714285714
337 724 2.0
337 733 1.7857142857142858
337 765 -0.9285714285714286
337 776 0.5714285714285714
338 348 1.7857142857142858
339 340 0.5714285714285714
340 341 0.5714285714285714
340 362 1.7857142857142858
341 342 -1.7857142857142858
341 390 0.9285714285714286
341 398 -0.9285714285714286
341 437 2.0
342 343 -1.3571428571428572
342 467 0.9285714285714286
342 476 -0.9285714285714286
342 503 -2.0
342 509 -1.3571428571428572
343 344 -1.3571428571428572
343 536 -1.7857142857142858
343 544 0.5714285714285714
343 567 0.5714285714285714
343 576 0.9285714285714286
344 606 0.5714285714285714
344 616 0.5714285714285714
345 346 -0.5714285714285714
345 765 1.3571428571428572
345 776 -0.5714285714285714
345 805 -1.3571428571428572
345 814 -0.5714285714285714
346 347 0.9285714285714286
347 348 -1.7857142857142858
349 350 -1.3571428571428572
349 359 1.7857142857142858
350 351 1.7857142857142858
350 359 1.7857142857142858
350 360 -1.7857142857142858
351 352 2.0
351 360 -1.3571428571428572
351 361 1.7857142857142858
352 353 1.3571428571428572
352 361 -0.9285714285714286
352 362 -1.3571428571428572
353 354 -0.9285714285714286
353 362 -2.0
353 363 -2.0
353 370 1.3571428571428572
353 379 0.5714285714285714
353 407 0.5714285714285714
353 416 -0.5714285714285714
354 363 0.9285714285714286
354 364 0.5714285714285714
354 446 1.3571428571428572
354 454 1.7857142857142858
354 485 2.0
354 495 1.3571428571428572
355 356 1.7857142857142858
355 365 -0.9285714285714286
355 366 -0.9285714285714286
355 586 -1.7857142857142858
355 595 -0.9285714285714286
355 624 2.0
355 634 -0.9285714285714286
356 357 1.7857142857142858
356 366 1.3571428571428572
356 367 2.0
356 667 -2.0
356 676 -2.0
356 706 -2.0
356 714 0.5714285714285714
357 358 -0.9285714285714286
357 367 -1.3571428571428572
357 743 -2.0
357 753 0.9285714285714286
357 785 -1.7857142857142858
357 795 0.5714285714285714
358 368 -2.0
358 823 -0.9285714285714286
359 360 -0.5714285714285714
360 361 1.3571428571428572
361 362 0.5714285714285714
362 363 1.7857142857142858
362 370 0.9285714285714286
362 379 1.7857142857142858
363 364 -1.3571428571428572
363 407 0.9285714285714286
363 416 -0.9285714285714286
363 446 1.3571428571428572
363 454 -1.3571428571428572
364 365 0.9285714285714286
364 485 -1.7857142857142858
364 495 -1.7857142857142858
364 518 -0.5714285714285714
364 528 0.5714285714285714
365 366 -1.7857142857142858
365 551 0.5714285714285714
365 586 -2.0
365 595 -0.5714285714285714
366 367 -1.7857142857142858
366 624 1.3571428571428572
366 634 1.7857142857142858
366 667 0.5714285714285714
366 676 1.7857142857142858
367 706 -2.0
367 714 -0.9285714285714286
367 743 0.5714285714285714
367 753 2.0
369 378 -1.7857142857142858
370 371 -1.7857142857142858
370 379 1.7857142857142858
370 380 -2.0
370 398 -2.0
371 372 -0.9285714285714286
371 380 0.5714285714285714
371 428 -1.7857142857142858
371 437 -1.3571428571428572
371 468 1.3571428571428572
371 476 -1.7857142857142858
372 373 -2.0
372 381 1.3571428571428572
372 504 1.3571428571428572
372 509 -0.9285714285714286
372 537 -1.3571428571428572
372 544 0.9285714285714286
373 374 0.5714285714285714
373 382 2.0
373 576 -1.3571428571428572
373 607 -0.9285714285714286
373 616 -0.9285714285714286
374 375 -1.3571428571428572
374 382 0.9285714285714286
374 383 1.3571428571428572
374 647 -1.7857142857142858
374 657 -0.5714285714285714
374 688 2.0
374 697 1.7857142857142858
375 376 0.5714285714285714
375 383 1.7857142857142858
375 733 1.3571428571428572
375 766 -0.9285714285714286
375 776 -0.9285714285714286
376 384 1.7857142857142858
376 385 2.0
376 806 -0.9285714285714286
376 814 -1.7857142857142858
377 386 -0.5714285714285714
378 379 -0.9285714285714286
379 380 1.7857142857142858
380 391 2.0
380 398 -0.5714285714285714
380 428 -0.5714285714285714
380 437 -2.0
381 468 0.9285714285714286
381 476 -0.5714285714285714
381 504 -0.5714285714285714
381 509 -1.7857142857142858
382 383 -2.0
382 647 0.9285714285714286
382 657 2.0
383 384 1.3571428571428572
383 688 1.3571428571428572
383 697 1.3571428571428572
383 733 -0.9285714285714286
384 385 -1.7857142857142858
384 766 -1.7857142857142858
384 776 -1.7857142857142858
384 806 -0.9285714285714286
384 814 -2.0
385 386 -0.9285714285714286
388 389 1.7857142857142858
389 390 2.0
389 396 -2.0
389 397 0.5714285714285714
390 391 -1.7857142857142858
390 397 -0.9285714285714286
390 398 1.7857142857142858
391 392 -0.5714285714285714
391 398 0.9285714285714286
391 399 -1.7857142857142858
391 407 1.7857142857142858
391 417 2.0
392 393 1.7857142857142858
392 399 2.0
392 400 0.5714285714285714
392 446 0.9285714285714286
392 455 0.9285714285714286
392 485 0.9285714285714286
392 496 -1.3571428571428572
393 400 -1.3571428571428572
393 401 -0.5714285714285714
393 518 -0.9285714285714286
393 529 -2.0
393 551 2.0
393 557 2.0
394 395 -1.3571428571428572
394 403 -1.7857142857142858
394 404 -1.7857142857142858
394 743 1.7857142857142858
394 754 2.0
394 785 2.0
394 796 0.9285714285714286
395 404 -0.9285714285714286
395 823 -1.3571428571428572
395 831 -2.0
396 397 -0.5714285714285714
397 398 -2.0
398 399 0.5714285714285714
399 400 2.0
399 407 1.7857142857142858
399 417 1.3571428571428572
399 446 -0.9285714285714286
399 455 -2.0
400 401 0.5714285714285714
400 485 2.0
400 496 -0.9285714285714286
400 518 -1.7857142857142858
400 529 1.7857142857142858
401 402 1.7857142857142858
401 551 -1.7857142857142858
401 557 -1.7857142857142858
401 586 1.3571428571428572
401 596 1.3571428571428572
402 403 1.7857142857142858
402 624 2.0
402 635 1.3571428571428572
402 667 -0.9285714285714286
403 404 -2.0
403 706 -0.5714285714285714
403 715 1.7857142857142858
403 743 -0.9285714285714286
403 754 -1.7857142857142858
404 785 -2.0
404 796 -1.3571428571428572
404 823 -1.3571428571428572
404 831 -1.7857142857142858
405 406 0.5714285714285714
405 415 -1.3571428571428572
406 407 -0.5714285714285714
406 415 0.9285714285714286
406 416 -0.9285714285714286
407 408 2.0
407 416 -0.9285714285714286
407 417 1.3571428571428572
408 409 1.7857142857142858
408 417 -1.7857142857142858
408 418 -1.3571428571428572
408 428 -1.3571428571428572
408 438 -0.9285714285714286
408 468 2.0
409 410 -0.5714285714285714
409 418 -0.9285714285714286
409 504 -1.7857142857142858
409 510 0.5714285714285714
409 537 -2.0
410 419 1.3571428571428572
410 577 0.5714285714285714
410 607 2.0
411 412 2.0
411 420 0.9285714285714286
411 421 0.5714285714285714
411 734 1.3571428571428572
411 766 1.3571428571428572
411 777 2.0
412 413 0.9285714285714286
412 421 -1.3571428571428572
412 806 1.7857142857142858
412 815 1.7857142857142858
413 414 -2.0
413 422 0.9285714285714286
414 422 -2.0
414 423 1.7857142857142858
415 416 0.9285714285714286
416 417 0.5714285714285714
417 418 0.5714285714285714
417 428 -0.9285714285714286
417 438 1.3571428571428572
418 468 1.3571428571428572
418 504 -2.0
418 510 -2.0
419 420 0.5714285714285714
419 607 -2.0
419 617 0.5714285714285714
419 647 -0.5714285714285714
420 421 -1.7857142857142858
420 688 -0.9285714285714286
420 698 -1.3571428571428572
420 734 -0.9285714285714286
421 766 0.5714285714285714
421 777 -0.5714285714285714
421 806 -0.5714285714285714
421 815 -0.5714285714285714
422 423 -0.9285714285714286
424 425 -1.3571428571428572
425 426 -0.5714285714285714
425 435 -1.3571428571428572
426 427 1.7857142857142858
426 435 2.0
426 436 -1.3571428571428572
427 428 1.3571428571428572
427 436 2.0
427 437 2.0
428 429 1.3571428571428572
428 437 0.9285714285714286
428 438 -2.0
429 430 -1.7857142857142858
429 438 -0.5714285714285714
429 439 -1.3571428571428572
429 447 2.0
429 455 1.3571428571428572
429 486 1.3571428571428572
429 496 -0.9285714285714286
430 431 2.0
430 439 0.5714285714285714
430 440 2.0
430 519 2.0
430 529 2.0
430 552 -2.0
430 557 -1.7857142857142858
431 432 -0.5714285714285714
431 440 -0.9285714285714286
431 441 0.9285714285714286
431 596 2.0
431 625 1.7857142857142858
431 635 -1.7857142857142858
432 433 2.0
432 441 -2.0
432 442 2.0
432 668 -2.0
432 707 2.0
432 715 1.7857142857142858
433 434 -0.9285714285714286
433 442 2.0
433 443 -2.0
433 744 -0.9285714285714286
433 754 -0.9285714285714286
433 786 -0.5714285714285714
433 796 -0.9285714285714286
434 443 1.3571428571428572
434 444 -1.7857142857142858
434 831 -1.7857142857142858
435 436 -0.5714285714285714
436 437 2.0
437 438 2.0
438 439 2.0
438 447 -1.3571428571428572
438 455 0.9285714285714286
439 440 -1.3571428571428572
439 486 -0.5714285714285714
439 496 -1.7857142857142858
439 519 -0.9285714285714286
439 529 0.5714285714285714
440 441 2.0
440 552 -0.9285714285714286
440 557 0.5714285714285714
440 596 0.5714285714285714
441 442 -0.5714285714285714
441 625 0.5714285714285714
441 635 1.7857142857142858
441 668 0.5714285714285714
442 443 0.9285714285714286
442 707 -1.3571428571428572
442 715 -0.5714285714285714
442 744 0.5714285714285714
442 754 1.7857142857142858
443 444 1.3571428571428572
443 786 -1.7857142857142858
443 796 1.3571428571428572
443 824 0.5714285714285714
443 831 0.5714285714285714
445 446 -1.7857142857142858
446 447 -0.5714285714285714
446 454 -2.0
446 455 2.0
447 448 -0.9285714285714286
447 455 -2.0
447 456 -0.5714285714285714
447 469 1.7857142857142858
448 449 -1.7857142857142858
448 456 -2.0
448 457 -2.0
448 505 -1.3571428571428572
448 510 -1.3571428571428572
448 538 0.9285714285714286
449 450 -1.3571428571428572
449 457 -0.9285714285714286
449 458 1.7857142857142858
449 577 -1.3571428571428572
449 608 -0.9285714285714286
449 617 -1.7857142857142858
450 451 1.3571428571428572
450 458 -0.5714285714285714
450 459 1.7857142857142858
450 648 -1.7857142857142858
450 658 -1.3571428571428572
450 689 1.7857142857142858
450 698 -1.3571428571428572
451 452 1.7857142857142858
451 460 -1.7857142857142858
451 725 1.7857142857142858
451 767 -0.9285714285714286
451 777 -0.5714285714285714
452 453 -1.3571428571428572
452 460 -2.0
452 461 0.5714285714285714
452 807 -0.9285714285714286
452 815 0.9285714285714286
453 461 2.0
453 462 1.3571428571428572
454 455 0.9285714285714286
455 456 1.7857142857142858
456 457 -1.3571428571428572
456 469 -1.3571428571428572
456 505 -1.7857142857142858
456 510 0.9285714285714286
457 458 1.7857142857142858
457 538 1.3571428571428572
457 577 1.7857142857142858
458 459 0.5714285714285714
458 608 -1.3571428571428572
458 617 0.9285714285714286
458 658 -0.9285714285714286
459 460 0.9285714285714286
459 689 1.3571428571428572
459 698 0.9285714285714286
459 725 -0.5714285714285714
459 734 -2.0
460 461 -1.3571428571428572
460 767 0.9285714285714286
460 777 -1.7857142857142858
460 807 0.9285714285714286
460 815 -0.9285714285714286
461 462 1.3571428571428572
462 463 0.9285714285714286
464 465 1.3571428571428572
465 466 1.7857142857142858
465 475 -0.5714285714285714
466 467 -1.7857142857142858
466 475 -1.7857142857142858
467 468 -0.5714285714285714
467 476 2.0
468 469 1.3571428571428572
468 476 1.3571428571428572
469 470 -2.0
469 477 1.3571428571428572
469 486 -2.0
470 471 -2.0
470 477 -1.7857142857142858
470 478 -1.3571428571428572
470 519 -1.7857142857142858
470 530 -1.7857142857142858
470 552 -0.9285714285714286
470 558 -0.9285714285714286
471 472 -1.7857142857142858
471 478 -0.5714285714285714
471 479 -0.9285714285714286
471 597 -0.9285714285714286
471 625 -0.9285714285714286
471 636 -0.5714285714285714
472 473 -1.7857142857142858
472 479 0.9285714285714286
472 480 -1.7857142857142858
472 668 2.0
472 677 1.7857142857142858
472 707 0.9285714285714286
472 716 1.7857142857142858
473 474 1.7857142857142858
473 480 1.3571428571428572
473 481 -0.5714285714285714
473 755 0.5714285714285714
473 786 -2.0
473 797 0.5714285714285714
474 481 -1.3571428571428572
474 482 2.0
474 824 1.7857142857142858
474 832 -1.7857142857142858
477 478 0.5714285714285714
477 486 2.0
477 530 -1.3571428571428572
478 479 -0.9285714285714286
478 597 -1.7857142857142858
479 480 -0.9285714285714286
479 625 -0.5714285714285714
479 636 2.0
479 668 0.5714285714285714
479 677 -1.7857142857142858
480 481 0.5714285714285714
480 707 -0.9285714285714286
480 716 1.7857142857142858
480 744 0.5714285714285714
480 755 -2.0
481 482 0.5714285714285714
481 786 2.0
481 797 2.0
481 824 2.0
481 832 -1.3571428571428572
483 494 0.9285714285714286
484 485 2.0
484 495 -0.9285714285714286
485 486 -2.0
485 495 0.9285714285714286
485 496 2.0
486 487 -2.0
486 496 1.3571428571428572
487 488 -0.5714285714285714
487 505 -2.0
487 511 -0.5714285714285714
487 538 1.7857142857142858
488 489 -2.0
488 497 0.5714285714285714
488 578 0.5714285714285714
488 608 -0.5714285714285714
489 490 -0.5714285714285714
489 497 -0.9285714285714286
489 498 2.0
489 648 -1.7857142857142858
489 659 2.0
489 689 -0.5714285714285714
489 699 -2.0
490 491 0.5714285714285714
490 498 -1.7857142857142858
490 499 0.5714285714285714
490 725 0.9285714285714286
490 735 -2.0
490 767 -2.0
490 778 -1.3571428571428572
491 492 1.3571428571428572
491 499 -1.7857142857142858
491 807 -0.5714285714285714
491 816 0.9285714285714286
492 493 1.3571428571428572
492 500 1.3571428571428572
493 500 1.3571428571428572
493 501 -1.7857142857142858
494 495 1.7857142857142858
495 496 -2.0
497 498 -1.7857142857142858
497 608 1.7857142857142858
497 648 -1.7857142857142858
497 659 -0.5714285714285714
498 499 -1.3571428571428572
498 689 -0.5714285714285714
498 699 -0.9285714285714286
498 725 -1.7857142857142858
498 735 0.5714285714285714
499 767 1.7857142857142858
499 778 -1.3571428571428572
499 807 -2.0
499 816 -2.0
500 501 -0.9285714285714286
503 504 -1.7857142857142858
503 509 -1.3571428571428572
504 505 -1.7857142857142858
504 509 0.9285714285714286
504 510 -1.3571428571428572
505 510 2.0
505 511 0.5714285714285714
506 507 1.3571428571428572
506 512 0.9285714285714286
506 513 1.3571428571428572
506 587 0.9285714285714286
506 597 0.9285714285714286
506 626 2.0
506 636 -0.5714285714285714
507 513 0.5714285714285714
507 669 2.0
507 677 -0.5714285714285714
507 708 -1.3571428571428572
507 716 0.5714285714285714
508 514 1.7857142857142858
508 515 0.5714285714285714
508 825 -2.0
508 832 -1.7857142857142858
509 510 0.9285714285714286
510 511 -1.7857142857142858
511 512 1.3571428571428572
511 520 -0.5714285714285714
512 513 1.7857142857142858
512 558 2.0
512 587 0.5714285714285714
512 597 -0.5714285714285714
513 626 0.9285714285714286
513 636 -2.0
513 669 1.7857142857142858
513 677 -0.5714285714285714
514 515 -0.5714285714285714
514 787 -1.3571428571428572
514 797 0.5714285714285714
514 825 1.3571428571428572
514 832 -0.9285714285714286
516 517 -1.7857142857142858
516 527 0.9285714285714286
517 518 1.7857142857142858
517 527 -0.9285714285714286
517 528 0.9285714285714286
518 519 2.0
518 528 1.3571428571428572
518 529 -0.9285714285714286
519 520 -0.5714285714285714
519 529 2.0
519 530 1.3571428571428572
520 521 -1.7857142857142858
520 530 -1.7857142857142858
520 531 1.3571428571428572
520 539 -0.9285714285714286
521 531 1.7857142857142858
521 532 0.9285714285714286
521 568 2.0
521 578 -0.9285714285714286
522 523 1.7857142857142858
522 532 -0.9285714285714286
522 649 -1.3571428571428572
522 659 1.7857142857142858
522 690 -1.7857142857142858
522 699 -1.7857142857142858
523 524 1.7857142857142858
523 726 0.5714285714285714
523 778 0.9285714285714286
524 525 -1.7857142857142858
524 533 -0.5714285714285714
524 808 0.9285714285714286
524 816 -1.7857142857142858
525 526 -0.5714285714285714
525 533 1.3571428571428572
525 534 -0.5714285714285714
526 534 0.9285714285714286
526 535 0.9285714285714286
527 528 0.5714285714285714
528 529 -1.7857142857142858
529 530 0.9285714285714286
530 531 1.3571428571428572
531 532 -1.7857142857142858
531 539 2.0
531 568 1.7857142857142858
531 578 -1.3571428571428572
532 649 1.3571428571428572
532 659 1.3571428571428572
533 534 -1.7857142857142858
534 535 0.9285714285714286
536 537 -0.9285714285714286
536 544 2.0
537 538 -1.7857142857142858
537 544 2.0
538 539 0.9285714285714286
539 540 -1.7857142857142858
539 545 -2.0
539 559 -1.7857142857142858
540 541 -0.9285714285714286
540 545 1.7857142857142858
540 546 1.3571428571428572
540 587 2.0
540 598 -0.9285714285714286
540 626 -0.5714285714285714
540 637 2.0
541 542 -1.7857142857142858
541 546 1.3571428571428572
541 547 1.7857142857142858
541 669 2.0
541 678 2.0
541 708 -2.0
541 717 2.0
542 547 -0.9285714285714286
542 745 1.7857142857142858
542 756 -0.9285714285714286
542 787 0.9285714285714286
542 798 -0.5714285714285714
545 546 2.0
545 559 1.7857142857142858
545 587 1.3571428571428572
545 598 -1.7857142857142858
546 626 1.7857142857142858
546 637 -0.9285714285714286
546 669 0.5714285714285714
546 678 2.0
547 708 1.3571428571428572
547 717 2.0
547 745 0.5714285714285714
547 756 -0.9285714285714286
549 550 -1.7857142857142858
550 551 1.7857142857142858
551 552 -0.9285714285714286
551 557 1.7857142857142858
552 557 0.9285714285714286
552 558 1.3571428571428572
553 554 -0.5714285714285714
553 559 2.0
553 560 0.9285714285714286
553 568 -1.3571428571428572
553 579 -2.0
554 555 -1.7857142857142858
554 560 -0.9285714285714286
554 649 1.3571428571428572
554 660 1.3571428571428572
554 690 0.9285714285714286
554 700 -1.7857142857142858
555 556 1.3571428571428572
555 561 -1.3571428571428572
555 562 -1.7857142857142858
555 726 0.9285714285714286
555 736 2.0
555 768 1.7857142857142858
555 779 -0.9285714285714286
556 562 1.3571428571428572
556 808 -2.0
556 817 -1.7857142857142858
557 558 2.0
558 559 1.3571428571428572
559 560 1.7857142857142858
559 568 0.5714285714285714
559 579 1.7857142857142858
560 561 2.0
560 649 -1.7857142857142858
560 660 -2.0
561 562 -0.9285714285714286
561 690 -2.0
561 726 -1.7857142857142858
561 736 -0.5714285714285714
562 768 -0.5714285714285714
562 779 1.7857142857142858
562 808 -0.9285714285714286
562 817 -2.0
563 564 1.3571428571428572
565 566 0.9285714285714286
565 573 0.5714285714285714
566 573 -0.9285714285714286
566 574 0.5714285714285714
567 575 -2.0
567 576 0.9285714285714286
568 569 2.0
568 578 1.7857142857142858
568 579 -1.7857142857142858
569 570 -0.9285714285714286
569 579 1.7857142857142858
569 580 1.3571428571428572
569 588 1.7857142857142858
569 598 0.5714285714285714
569 627 0.5714285714285714
569 637 -1.3571428571428572
570 571 1.7857142857142858
570 580 0.9285714285714286
570 581 0.5714285714285714
570 670 -2.0
570 678 1.7857142857142858
570 709 2.0
570 717 -0.9285714285714286
571 572 0.9285714285714286
571 581 -1.7857142857142858
571 582 1.7857142857142858
571 746 -0.9285714285714286
571 756 -0.5714285714285714
571 788 0.9285714285714286
571 798 -2.0
572 582 0.9285714285714286
572 583 2.0
572 826 1.7857142857142858
572 833 -1.7857142857142858
573 574 -2.0
574 575 -1.7857142857142858
575 576 0.5714285714285714
576 577 1.3571428571428572
577 578 0.9285714285714286
578 579 -2.0
579 580 0.5714285714285714
579 588 -0.9285714285714286
579 598 -0.5714285714285714
580 581 2.0
580 627 0.9285714285714286
580 637 1.7857142857142858
580 670 -0.9285714285714286
580 678 0.5714285714285714
581 582 1.3571428571428572
581 709 -0.9285714285714286
581 717 -1.7857142857142858
581 746 -1.3571428571428572
581 756 -2.0
582 583 0.5714285714285714
582 788 -0.5714285714285714
582 798 1.7857142857142858
582 826 -2.0
582 833 0.9285714285714286
584 585 -0.9285714285714286
584 594 -1.7857142857142858
585 586 -0.9285714285714286
585 594 -0.5714285714285714
585 595 -1.7857142857142858
586 595 0.9285714285714286
586 596 -0.9285714285714286
587 588 -0.9285714285714286
587 597 -1.7857142857142858
587 598 0.9285714285714286
588 589 -1.3571428571428572
588 598 -1.7857142857142858
588 599 2.0
588 609 1.7857142857142858
589 590 -1.3571428571428572
589 599 -0.5714285714285714
589 600 2.0
589 650 -0.5714285714285714
589 660 -2.0
589 691 -0.5714285714285714
589 700 -2.0
590 591 -1.7857142857142858
590 600 2.0
590 727 1.7857142857142858
590 736 0.9285714285714286
590 769 -0.5714285714285714
590 779 -2.0
591 592 0.9285714285714286
591 601 0.9285714285714286
591 809 -1.3571428571428572
591 817 0.5714285714285714
592 593 1.7857142857142858
593 602 -1.3571428571428572
594 595 2.0
595 596 -0.5714285714285714
596 597 2.0
597 598 1.7857142857142858
598 599 2.0
599 600 2.0
599 609 0.5714285714285714
599 650 1.3571428571428572
600 601 -1.7857142857142858
600 691 1.3571428571428572
600 700 2.0
600 727 -2.0
600 736 2.0
601 769 -2.0
601 779 1.7857142857142858
601 809 -1.3571428571428572
601 817 1.3571428571428572
603 604 -1.3571428571428572
603 613 0.9285714285714286
604 605 -2.0
604 613 -0.5714285714285714
604 614 -0.5714285714285714
605 606 0.5714285714285714
605 614 0.5714285714285714
605 615 0.5714285714285714
606 607 2.0
606 615 2.0
606 616 -1.3571428571428572
607 608 1.7857142857142858
607 616 0.9285714285714286
607 617 -0.9285714285714286
608 617 0.5714285714285714
609 610 0.5714285714285714
609 618 2.0
609 627 2.0
609 638 -0.9285714285714286
610 611 1.7857142857142858
610 618 0.5714285714285714
610 619 0.5714285714285714
610 670 -0.9285714285714286
610 679 1.7857142857142858
610 709 -0.5714285714285714
610 718 1.7857142857142858
611 612 -0.5714285714285714
611 619 1.3571428571428572
611 620 -2.0
611 746 -0.9285714285714286
611 757 1.3571428571428572
611 788 -0.5714285714285714
612 620 -0.9285714285714286
612 621 -1.3571428571428572
612 826 -2.0
612 834 2.0
613 614 0.5714285714285714
614 615 -0.5714285714285714
615 616 0.5714285714285714
616 617 0.5714285714285714
618 619 -0.5714285714285714
618 627 -1.7857142857142858
618 670 -1.7857142857142858
618 679 -1.7857142857142858
619 620 -1.7857142857142858
619 709 0.9285714285714286
619 718 2.0
619 746 1.3571428571428572
619 757 -1.3571428571428572
620 621 -1.7857142857142858
620 788 0.9285714285714286
620 826 -1.7857142857142858
620 834 0.9285714285714286
622 623 1.3571428571428572
622 633 -0.9285714285714286
623 624 2.0
623 633 -0.9285714285714286
623 634 2.0
624 625 -0.5714285714285714
624 634 -1.7857142857142858
624 635 -1.7857142857142858
625 626 -1.3571428571428572
625 635 -1.7857142857142858
625 636 -1.3571428571428572
626 627 0.9285714285714286
626 636 -0.9285714285714286
627 628 1.3571428571428572
627 637 1.7857142857142858
627 638 2.0
628 629 1.3571428571428572
628 639 -1.3571428571428572
628 650 1.7857142857142858
628 661 0.5714285714285714
628 691 0.9285714285714286
629 630 0.5714285714285714
629 639 -0.5714285714285714
629 640 -1.3571428571428572
629 727 -0.5714285714285714
629 737 1.7857142857142858
629 769 0.9285714285714286
629 780 -0.9285714285714286
630 631 1.7857142857142858
630 640 0.9285714285714286
630 641 -1.7857142857142858
630 809 0.5714285714285714
630 818 -0.9285714285714286
631 632 -0.5714285714285714
631 641 -1.3571428571428572
631 642 0.5714285714285714
632 642 -0.5714285714285714
632 643 -0.5714285714285714
633 634 -1.7857142857142858
635 636 0.5714285714285714
636 637 -0.5714285714285714
637 638 -2.0
638 661 -1.7857142857142858
639 640 0.5714285714285714
639 691 2.0
639 701 -1.3571428571428572
639 727 -1.7857142857142858
639 737 0.5714285714285714
640 641 1.3571428571428572
640 769 -0.9285714285714286
640 780 -1.3571428571428572
640 809 -0.5714285714285714
640 818 2.0
641 642 0.5714285714285714
642 643 0.5714285714285714
644 654 0.5714285714285714
645 646 1.3571428571428572
645 655 -2.0
645 656 0.9285714285714286
646 647 -0.9285714285714286
646 656 -2.0
646 657 2.0
647 648 0.5714285714285714
647 657 -0.9285714285714286
647 658 1.7857142857142858
648 649 -2.0
648 658 0.9285714285714286
648 659 0.5714285714285714
649 650 -0.9285714285714286
649 659 -1.3571428571428572
649 660 1.3571428571428572
650 651 1.7857142857142858
650 660 1.3571428571428572
650 661 2.0
651 652 -1.7857142857142858
651 661 2.0
651 662 -1.3571428571428572
651 679 0.9285714285714286
651 710 -0.5714285714285714
651 718 -1.7857142857142858
652 653 1.7857142857142858
652 662 -1.7857142857142858
652 663 1.3571428571428572
652 747 -2.0
652 757 1.3571428571428572
652 789 -1.7857142857142858
653 663 0.9285714285714286
653 664 -0.5714285714285714
653 827 -1.7857142857142858
653 834 1.3571428571428572
654 655 -1.3571428571428572
655 656 0.5714285714285714
656 657 -0.5714285714285714
657 658 0.5714285714285714
658 659 -2.0
659 660 1.3571428571428572
660 661 -1.3571428571428572
661 662 -2.0
661 679 2.0
662 663 0.9285714285714286
662 718 -1.3571428571428572
662 747 -0.5714285714285714
662 757 -2.0
663 664 -1.7857142857142858
663 789 2.0
663 827 1.7857142857142858
663 834 0.5714285714285714
665 675 -1.7857142857142858
666 667 0.9285714285714286
666 675 2.0
666 676 -2.0
667 668 -0.9285714285714286
667 676 -2.0
668 669 2.0
668 677 1.7857142857142858
669 670 -1.3571428571428572
669 677 -0.5714285714285714
669 678 -2.0
670 678 -2.0
670 679 0.5714285714285714
671 672 -0.5714285714285714
671 680 -1.7857142857142858
671 681 -1.7857142857142858
671 728 -0.9285714285714286
671 737 -0.5714285714285714
671 770 0.9285714285714286
671 780 0.9285714285714286
672 673 -1.7857142857142858
672 681 -1.3571428571428572
672 682 1.7857142857142858
672 810 1.7857142857142858
672 818 1.7857142857142858
673 674 -2.0
673 682 -0.5714285714285714
673 683 0.9285714285714286
674 683 -0.9285714285714286
674 684 1.7857142857142858
675 676 0.5714285714285714
677 678 0.9285714285714286
678 679 -1.3571428571428572
679 680 -1.3571428571428572
680 681 0.9285714285714286
680 692 -1.3571428571428572
680 701 -1.7857142857142858
680 728 -2.0
680 737 -1.3571428571428572
681 682 -0.9285714285714286
681 770 0.9285714285714286
681 780 1.7857142857142858
681 810 -0.9285714285714286
681 818 -2.0
682 683 1.7857142857142858
683 684 2.0
685 686 -1.3571428571428572
685 694 -1.7857142857142858
686 694 -0.9285714285714286
687 688 2.0
687 696 -0.5714285714285714
687 697 -0.9285714285714286
688 689 1.7857142857142858
688 697 -2.0
688 698 -0.9285714285714286
689 690 -2.0
689 698 2.0
689 699 2.0
690 691 -1.3571428571428572
690 699 -2.0
690 700 2.0
691 692 1.7857142857142858
691 700 2.0
691 701 -1.3571428571428572
692 701 -2.0
692 710 0.9285714285714286
693 703 -0.5714285714285714
693 704 1.7857142857142858
693 827 -2.0
693 835 2.0
694 695 1.7857142857142858
695 696 -0.9285714285714286
696 697 -1.7857142857142858
697 698 1.7857142857142858
699 700 -2.0
700 701 -0.9285714285714286
701 702 -1.7857142857142858
702 703 0.5714285714285714
702 710 0.5714285714285714
702 747 0.9285714285714286
702 758 1.7857142857142858
703 704 -1.7857142857142858
703 789 -1.7857142857142858
703 827 1.7857142857142858
703 835 -2.0
706 707 1.7857142857142858
706 714 -2.0
706 715 0.9285714285714286
707 708 0.5714285714285714
707 715 -1.7857142857142858
707 716 -1.3571428571428572
708 709 -1.3571428571428572
708 716 -1.7857142857142858
708 717 -1.7857142857142858
709 710 1.7857142857142858
709 717 1.7857142857142858
709 718 0.5714285714285714
710 711 -0.9285714285714286
710 718 -1.3571428571428572
711 712 -1.3571428571428572
711 719 1.7857142857142858
711 728 -1.7857142857142858
711 738 1.3571428571428572
711 770 -0.5714285714285714
712 713 1.7857142857142858
712 719 1.3571428571428572
712 720 1.7857142857142858
712 810 1.3571428571428572
712 819 -0.9285714285714286
713 720 2.0
713 721 -0.9285714285714286
714 715 0.9285714285714286
715 716 0.5714285714285714
716 717 1.7857142857142858
717 718 1.7857142857142858
719 720 0.9285714285714286
719 770 0.9285714285714286
719 810 1.3571428571428572
719 819 0.5714285714285714
720 721 1.7857142857142858
722 723 1.3571428571428572
722 730 -2.0
722 731 -1.3571428571428572
723 724 1.3571428571428572
723 731 0.9285714285714286
723 732 0.9285714285714286
724 732 -1.3571428571428572
724 733 -1.3571428571428572
725 726 -1.3571428571428572
725 734 -1.3571428571428572
725 735 -2.0
726 727 2.0
726 735 1.7857142857142858
726 736 -0.5714285714285714
727 728 0.5714285714285714
727 736 1.7857142857142858
727 737 -0.5714285714285714
728 737 0.9285714285714286
728 738 1.3571428571428572
729 739 2.0
729 740 2.0
729 828 0.5714285714285714
729 835 1.7857142857142858
730 731 2.0
731 732 -0.5714285714285714
732 733 1.3571428571428572
733 734 -0.5714285714285714
734 735 -1.7857142857142858
735 736 -1.3571428571428572
736 737 2.0
737 738 -0.9285714285714286
738 739 -1.7857142857142858
738 748 0.5714285714285714
738 758 -1.7857142857142858
739 790 -2.0
739 828 1.3571428571428572
739 835 -0.5714285714285714
741 742 2.0
741 752 -0.5714285714285714
742 743 -0.5714285714285714
742 752 0.5714285714285714
742 753 2.0
743 744 -0.9285714285714286
743 754 1.3571428571428572
744 745 1.7857142857142858
744 754 -0.5714285714285714
744 755 1.7857142857142858
745 746 -2.0
745 755 -0.5714285714285714
745 756 -0.5714285714285714
746 747 -0.5714285714285714
746 756 -1.3571428571428572
746 757 -0.9285714285714286
747 748 2.0
747 757 0.9285714285714286
747 758 -2.0
748 749 0.9285714285714286
748 758 -2.0
748 759 1.3571428571428572
748 771 -1.7857142857142858
749 750 0.9285714285714286
749 759 0.5714285714285714
749 760 2.0
749 819 -0.9285714285714286
750 751 -0.5714285714285714
750 760 1.3571428571428572
750 761 -0.5714285714285714
751 761 0.5714285714285714
751 762 -2.0
752 753 2.0
753 754 -1.7857142857142858
754 755 1.3571428571428572
755 756 -1.3571428571428572
756 757 -0.9285714285714286
757 758 1.7857142857142858
758 759 -1.7857142857142858
759 760 -1.3571428571428572
759 771 -1.3571428571428572
759 819 -0.9285714285714286
760 761 0.9285714285714286
761 762 -2.0
763 764 2.0
763 773 -0.5714285714285714
763 774 -0.9285714285714286
764 765 0.5714285714285714
764 774 -1.3571428571428572
764 775 0.9285714285714286
765 766 -0.9285714285714286
765 775 0.5714285714285714
765 776 -2.0
766 767 -2.0
766 776 1.3571428571428572
766 777 -1.7857142857142858
767 777 -0.5714285714285714
767 778 1.3571428571428572
768 769 0.5714285714285714
768 778 1.3571428571428572
768 779 -2.0
769 770 -0.5714285714285714
769 779 -0.9285714285714286
769 780 -0.9285714285714286
770 771 1.3571428571428572
770 780 -1.7857142857142858
771 772 -0.5714285714285714
771 781 -1.3571428571428572
771 790 -1.7857142857142858
771 799 0.5714285714285714
772 781 1.3571428571428572
772 782 0.5714285714285714
772 828 -0.5714285714285714
772 836 0.5714285714285714
773 774 0.9285714285714286
774 775 -2.0
775 776 -1.3571428571428572
776 777 1.3571428571428572
777 778 -1.3571428571428572
778 779 0.9285714285714286
779 780 -2.0
781 782 1.3571428571428572
781 790 1.7857142857142858
781 828 -1.3571428571428572
781 836 -1.3571428571428572
783 784 -2.0
783 794 -0.9285714285714286
784 785 -2.0
784 794 1.3571428571428572
784 795 0.5714285714285714
785 786 1.3571428571428572
785 795 -0.5714285714285714
785 796 0.5714285714285714
786 787 -1.7857142857142858
786 796 2.0
786 797 0.9285714285714286
787 788 -1.7857142857142858
787 797 -0.9285714285714286
787 798 0.5714285714285714
788 789 -2.0
788 798 -0.5714285714285714
789 790 1.3571428571428572
790 791 -0.9285714285714286
790 799 -0.9285714285714286
791 792 0.9285714285714286
791 799 1.7857142857142858
791 800 1.7857142857142858
791 820 -0.9285714285714286
792 793 1.3571428571428572
792 800 -1.7857142857142858
792 801 -0.9285714285714286
793 801 -0.5714285714285714
793 802 1.7857142857142858
794 795 0.9285714285714286
795 796 -0.9285714285714286
796 797 -2.0
797 798 -2.0
799 800 1.7857142857142858
799 820 -1.7857142857142858
801 802 -2.0
803 812 2.0
804 805 0.5714285714285714
804 813 2.0
805 806 -1.3571428571428572
805 813 0.5714285714285714
805 814 -0.5714285714285714
806 807 0.9285714285714286
806 814 0.9285714285714286
806 815 -0.5714285714285714
807 808 -1.3571428571428572
807 815 0.9285714285714286
807 816 1.3571428571428572
808 809 1.3571428571428572
808 816 -0.5714285714285714
809 810 1.3571428571428572
809 817 0.9285714285714286
809 818 0.5714285714285714
810 818 -0.9285714285714286
810 819 -1.7857142857142858
811 820 -0.9285714285714286
811 821 0.9285714285714286
811 829 -2.0
811 836 1.3571428571428572
813 814 -2.0
814 815 -0.5714285714285714
815 816 0.5714285714285714
816 817 0.5714285714285714
817 818 -1.7857142857142858
818 819 1.7857142857142858
819 820 1.7857142857142858
820 821 -2.0
820 829 -1.3571428571428572
820 836 -0.5714285714285714
823 824 1.3571428571428572
823 831 -1.3571428571428572
824 825 -1.3571428571428572
824 831 -2.0
824 832 -1.3571428571428572
825 826 0.9285714285714286
825 832 0.9285714285714286
825 833 0.5714285714285714
826 827 -2.0
826 834 1.7857142857142858
827 828 -0.5714285714285714
827 834 2.0
827 835 -0.5714285714285714
828 829 -1.3571428571428572
828 835 -0.9285714285714286
828 836 0.9285714285714286
829 830 1.7857142857142858
829 836 1.7857142857142858
829 837 -0.9285714285714286
830 837 1.7857142857142858
830 838 2.0
831 832 -0.5714285714285714
832 833 1.3571428571428572
833 834 1.7857142857142858
834 835 -1.3571428571428572
835 836 0.5714285714285714
836 837 1.3571428571428572
837 838 2.0
838 839 1.7857142857142858
