449 1781
1 1 0.8571428571428572
2 2 2.642857142857143
3 3 1.9285714285714284
4 4 1.357142857142857
5 5 -0.5714285714285721
6 6 -1.1428571428571432
7 7 3.9285714285714293
8 8 -1.9285714285714286
9 9 5.0
10 10 1.7142857142857142
11 11 -2.5714285714285716
12 12 -5.142857142857143
13 13 -0.6428571428571428
14 14 2.5714285714285716
15 15 3.6428571428571432
16 16 2.357142857142857
17 17 7.357142857142858
18 18 6.071428571428571
19 19 -1.214285714285714
20 20 0.7142857142857144
21 21 2.2857142857142856
22 22 2.7142857142857144
23 23 -2.5
24 24 -0.8571428571428572
25 25 -1.2142857142857142
26 26 -0.2142857142857144
27 27 5.071428571428571
28 28 1.2857142857142856
29 29 -2.2142857142857144
30 30 5.857142857142857
31 31 2.1428571428571432
32 32 1.5714285714285714
33 33 1.9285714285714286
34 34 0.5
35 35 4.428571428571429
36 36 -1.3571428571428574
37 37 1.0714285714285714
38 38 3.7142857142857144
39 39 -3.5
40 40 2.857142857142857
41 41 -2.6428571428571432
43 43 4.928571428571429
44 44 -4.714285714285714
45 45 -4.928571428571429
46 46 -5.2857142857142865
47 47 -3.8571428571428577
48 48 1.8571428571428574
49 49 -4.714285714285714
50 50 2.0
51 51 -1.7857142857142858
52 52 2.642857142857143
53 53 -3.928571428571428
54 54 -0.6428571428571428
55 55 5.571428571428571
56 56 2.7142857142857144
57 57 -1.7142857142857146
58 58 2.5
59 59 -3.785714285714286
60 60 2.6428571428571432
61 61 -2.571428571428572
62 62 4.642857142857143
63 63 6.071428571428571
64 64 0.7857142857142856
65 65 -0.6428571428571426
66 66 -4.071428571428571
67 67 -4.071428571428572
68 68 -2.9285714285714284
69 69 -1.7142857142857144
70 70 -2.2857142857142856
71 71 0.7857142857142856
72 72 3.2142857142857144
73 73 -5.285714285714286
74 74 5.142857142857142
75 75 -1.1428571428571428
76 76 1.2142857142857137
77 77 -5.428571428571429
78 78 2.142857142857143
79 79 4.357142857142858
80 80 -4.785714285714286
81 81 -1.9285714285714286
82 82 4.571428571428571
83 83 3.5
84 84 -1.0714285714285714
85 85 -0.7142857142857144
86 86 0.7857142857142858
87 87 -1.7857142857142856
88 88 4.5
89 89 1.6428571428571428
90 90 0.4285714285714284
91 91 6.928571428571429
92 92 -5.285714285714286
94 94 2.5
95 95 -0.5714285714285714
96 96 1.5
97 97 2.0
98 98 5.714285714285714
99 99 0.4285714285714288
100 100 0.6428571428571428
101 101 -2.928571428571429
102 102 3.785714285714286
103 103 4.0
104 104 -3.6428571428571432
105 105 -3.2142857142857144
106 106 2.571428571428571
107 107 -3.5
108 108 1.4285714285714284
109 109 2.7857142857142856
110 110 0.3571428571428579
111 111 6.357142857142858
112 112 0.5000000000000002
113 113 4.142857142857143
114 114 2.2142857142857144
115 115 1.357142857142857
116 116 -5.071428571428571
117 117 0.7857142857142856
118 118 2.928571428571429
119 119 -1.5714285714285716
120 120 0.9999999999999998
121 121 -0.2857142857142858
122 122 -6.857142857142858
124 124 -5.7857142857142865
125 125 4.142857142857142
126 126 -1.8571428571428572
127 127 1.5714285714285718
128 128 -1.9285714285714286
129 129 -2.2142857142857144
130 130 -0.3571428571428572
131 131 -5.642857142857144
132 132 4.571428571428571
133 133 3.5714285714285716
134 134 -7.142857142857142
135 135 -0.2142857142857144
136 136 1.642857142857143
137 137 -3.7142857142857144
138 138 6.428571428571429
139 139 1.6428571428571423
140 140 5.0
141 141 -8.071428571428571
142 142 4.7857142857142865
143 143 3.0714285714285716
144 144 -1.928571428571429
145 145 -0.9285714285714286
146 146 -2.2142857142857144
147 147 0.2857142857142856
148 148 -1.857142857142857
149 149 -0.9285714285714286
150 150 -2.4285714285714284
151 151 -0.28571428571428603
152 152 1.7142857142857142
153 153 2.928571428571429
154 154 -5.142857142857142
155 155 -2.428571428571429
156 156 -6.428571428571429
157 157 -1.357142857142857
158 158 -5.0
159 159 0.9999999999999996
160 160 -1.2857142857142856
161 161 -2.357142857142857
162 162 -7.214285714285714
163 163 -8.571428571428573
164 164 1.214285714285714
165 165 3.8571428571428568
166 166 0.4285714285714284
167 167 -6.071428571428571
168 168 1.5000000000000004
169 169 2.071428571428571
170 170 -6.214285714285714
171 171 3.5714285714285716
172 172 -3.5
173 173 2.0
174 174 -7.571428571428572
175 175 0.49999999999999956
176 176 -1.2142857142857144
177 177 1.2857142857142858
178 178 -1.0000000000000002
179 179 -3.3571428571428577
180 180 -1.642857142857143
181 181 1.2857142857142856
182 182 4.071428571428571
183 183 -2.785714285714286
184 184 -3.7857142857142856
185 185 -2.6428571428571423
186 186 0.6428571428571432
187 187 -3.142857142857143
188 188 -1.0714285714285712
189 189 -3.3571428571428568
190 190 -4.285714285714286
191 191 -2.2142857142857144
192 192 -6.428571428571429
193 193 -0.6428571428571426
194 194 -0.3571428571428572
195 195 -6.857142857142858
196 196 0.3571428571428572
197 197 -3.7142857142857153
198 198 -2.0000000000000004
199 199 -2.857142857142857
200 200 -0.8571428571428572
201 201 -6.142857142857143
202 202 -1.4285714285714286
203 203 1.7857142857142856
204 204 2.3571428571428568
205 205 1.9285714285714288
206 206 -2.7857142857142856
207 207 2.2857142857142856
208 208 2.2857142857142856
209 209 -1.9285714285714286
210 210 -5.071428571428571
211 211 -2.7142857142857144
212 212 -2.1428571428571432
213 213 -0.642857142857143
214 214 -1.0714285714285714
215 215 -5.214285714285714
216 216 1.9999999999999998
217 217 2.928571428571429
218 218 1.2857142857142858
219 219 4.428571428571429
220 220 1.9999999999999998
221 221 -2.3571428571428577
222 222 -3.571428571428572
223 223 1.2857142857142856
224 224 0.7857142857142858
225 225 -1.642857142857143
226 226 2.2857142857142856
227 227 1.8571428571428568
228 228 2.928571428571429
229 229 -2.5714285714285716
230 230 0.357142857142857
231 231 -1.357142857142857
232 232 -0.4285714285714288
233 233 -0.7857142857142858
234 234 -2.642857142857143
235 235 -1.7857142857142856
236 236 2.0
237 237 5.785714285714285
238 238 9.285714285714286
239 239 1.8571428571428572
240 240 4.357142857142858
241 241 -1.0714285714285712
242 242 5.214285714285714
243 243 7.071428571428572
244 244 0.7142857142857142
245 245 -8.928571428571427
246 246 -1.4285714285714288
247 247 -5.0
248 248 -11.785714285714285
249 249 5.5
250 250 4.5
251 251 -11.000000000000002
252 252 -0.28571428571428625
253 253 0.5
254 254 2.6428571428571423
255 255 2.1428571428571432
256 256 3.1428571428571432
257 257 5.0
258 258 2.7857142857142856
259 259 -0.6428571428571428
260 260 2.7142857142857144
261 261 -0.5714285714285714
262 262 -2.071428571428571
263 263 -0.14285714285714324
264 264 -2.1428571428571423
265 265 6.642857142857142
266 266 -3.0
267 267 -0.4285714285714284
268 268 4.214285714285714
269 269 1.3571428571428572
270 270 -1.1428571428571432
271 271 -6.5
272 272 -4.857142857142858
273 273 0.2142857142857144
274 274 -3.3571428571428577
275 275 -0.4285714285714286
276 276 2.2857142857142856
277 277 3.5
278 278 -0.35714285714285743
279 279 -1.857142857142857
280 280 0.5714285714285714
281 281 4.071428571428571
282 282 -4.5
283 283 2.428571428571429
284 284 1.3571428571428574
285 285 -1.4999999999999998
286 286 4.714285714285715
287 287 -2.857142857142857
288 288 3.7142857142857144
289 289 -1.9285714285714284
290 290 0.9285714285714286
291 291 1.3571428571428572
292 292 0.2857142857142856
293 293 0.8571428571428574
294 294 -2.7857142857142856
295 295 -6.2142857142857135
296 296 -0.7857142857142856
297 297 4.0
298 298 2.571428571428571
299 299 -3.8571428571428568
300 300 -0.0714285714285714
301 301 -3.428571428571429
302 302 -3.6428571428571432
303 303 -2.2857142857142856
304 304 5.642857142857142
305 305 0.7142857142857142
306 306 -2.5
307 307 -3.428571428571429
308 308 -1.4285714285714286
309 309 -1.1428571428571428
310 310 -4.142857142857142
311 311 2.7142857142857144
312 312 -2.2857142857142856
313 313 3.8571428571428577
314 314 2.7142857142857153
315 315 -8.285714285714285
316 316 -3.0
317 317 9.142857142857142
318 318 -0.21428571428571397
319 319 2.7857142857142856
320 320 2.7857142857142856
321 321 2.220446049250313e-16
322 322 -4.2857142857142865
323 323 4.571428571428571
324 324 4.928571428571429
325 325 0.2857142857142858
326 326 1.8571428571428572
327 327 4.857142857142858
328 328 -4.928571428571429
329 329 -0.5714285714285714
330 330 6.357142857142858
331 331 -3.571428571428571
332 332 2.0
333 333 1.7142857142857142
334 334 1.0
335 335 2.7857142857142856
336 336 3.5000000000000004
337 337 -5.071428571428571
338 338 1.0
339 339 5.357142857142857
340 340 0.9285714285714286
341 341 4.642857142857143
342 342 -2.928571428571429
343 343 -1.0714285714285712
344 344 2.3571428571428577
345 345 3.428571428571428
346 346 7.5
347 347 6.785714285714286
348 348 -0.4285714285714284
349 349 1.2142857142857142
350 350 0.2857142857142856
351 351 4.2857142857142865
352 352 1.9285714285714286
353 353 -2.6428571428571423
354 354 1.9285714285714286
355 355 -0.9999999999999996
356 356 1.7142857142857144
357 357 2.2857142857142856
358 358 -1.5714285714285712
359 359 1.9999999999999998
360 360 1.8571428571428574
361 361 1.0
362 362 8.857142857142858
363 363 1.071428571428571
364 364 -2.5
365 365 2.357142857142857
366 366 4.071428571428572
367 367 -0.7857142857142858
368 368 2.7857142857142856
369 369 2.0
370 370 2.2142857142857144
371 371 -2.3571428571428577
372 372 -2.928571428571429
373 373 0.2857142857142858
374 374 0.21428571428571397
375 375 3.3571428571428568
376 376 4.142857142857142
377 377 4.714285714285714
379 379 4.428571428571429
380 380 3.0
381 381 -3.8571428571428577
382 382 2.7142857142857144
383 383 -0.2857142857142856
385 385 -4.2857142857142865
386 386 2.642857142857143
387 387 -1.7857142857142858
388 388 -1.4285714285714288
389 389 -1.3571428571428572
390 390 1.9999999999999998
391 391 0.4285714285714288
392 392 -0.07142857142857117
393 393 -2.857142857142857
394 394 -6.071428571428571
395 395 -3.9285714285714293
396 396 5.0
397 397 3.7857142857142856
398 398 5.357142857142857
399 399 -0.07142857142857117
400 400 -0.14285714285714324
401 401 -2.357142857142857
402 402 -5.285714285714286
403 403 -3.2857142857142856
404 404 5.2857142857142865
405 405 3.071428571428571
406 406 -0.35714285714285743
407 407 -1.1428571428571432
408 408 2.0
409 409 3.7857142857142856
410 410 -0.2857142857142856
411 411 -0.5714285714285714
412 412 -2.2142857142857144
413 413 2.4285714285714284
414 414 -6.785714285714285
415 415 3.2142857142857144
416 416 -2.928571428571429
417 417 -4.428571428571429
418 418 -0.2142857142857142
419 419 -2.1428571428571432
420 420 -4.357142857142858
421 421 -2.1428571428571432
422 422 6.428571428571429
423 423 3.3571428571428568
424 424 3.2142857142857144
425 425 2.2142857142857144
426 426 -4.071428571428571
427 427 3.2142857142857144
428 428 1.142857142857143
429 429 -0.5714285714285712
430 430 8.357142857142858
431 431 0.2142857142857142
432 432 -7.142857142857144
433 433 -2.8571428571428568
434 434 -6.07142857142857
435 435 0.7857142857142858
436 436 2.928571428571429
437 437 -0.9285714285714286
438 438 -3.1428571428571432
439 439 0.2142857142857142
440 440 1.0
441 441 -3.785714285714286
442 442 -0.4999999999999998
443 443 0.9285714285714286
444 444 -1.3571428571428572
445 445 3.7857142857142856
446 446 1.7142857142857142
447 447 -0.9285714285714286
448 448 -4.2857142857142865
449 449 -2.2857142857142856
1 2 -1.7857142857142858
1 7 0.9285714285714286
1 50 -0.9285714285714286
1 77 0.9285714285714286
2 3 1.3571428571428572
2 7 -0.5714285714285714
2 8 0.9285714285714286
2 98 -2.0
2 121 -0.5714285714285714
3 4 0.9285714285714286
3 8 0.9285714285714286
3 9 -1.7857142857142858
3 147 -2.0
3 176 -1.3571428571428572
4 9 -0.9285714285714286
4 10 -1.3571428571428572
4 203 -2.0
4 231 2.0
5 6 -2.0
5 11 -0.5714285714285714
5 307 1.7857142857142858
5 335 1.3571428571428572
6 11 1.7857142857142858
6 12 1.7857142857142858
6 364 1.3571428571428572
6 392 -1.7857142857142858
7 8 -0.9285714285714286
7 77 -2.0
7 98 -1.3571428571428572
8 9 -1.3571428571428572
8 121 1.7857142857142858
8 147 0.5714285714285714
9 10 -0.9285714285714286
9 176 1.7857142857142858
9 203 -1.7857142857142858
10 231 0.5714285714285714
11 12 1.3571428571428572
11 335 -0.5714285714285714
11 364 0.5714285714285714
12 392 2.0
13 20 2.0
13 58 -0.9285714285714286
13 77 1.3571428571428572
13 82 -1.7857142857142858
14 15 -0.9285714285714286
14 21 -0.9285714285714286
14 147 -1.7857142857142858
14 154 -0.9285714285714286
14 176 2.0
15 21 -1.3571428571428572
15 22 -1.3571428571428572
15 203 2.0
15 231 -2.0
16 17 -1.3571428571428572
16 22 -1.7857142857142858
16 23 -0.5714285714285714
16 287 1.3571428571428572
17 18 -0.5714285714285714
17 23 0.5714285714285714
17 24 -2.0
17 307 -2.0
17 312 1.3571428571428572
17 335 -2.0
17 342 -1.3571428571428572
18 19 -2.0
18 24 0.5714285714285714
18 25 -1.3571428571428572
18 364 0.5714285714285714
18 371 -0.5714285714285714
18 392 -1.7857142857142858
18 399 -0.9285714285714286
19 25 0.5714285714285714
19 26 2.0
19 413 -1.3571428571428572
19 428 2.0
20 77 2.0
20 82 -2.0
20 98 -1.7857142857142858
20 104 -0.9285714285714286
21 176 -1.7857142857142858
21 203 1.7857142857142858
22 23 -0.9285714285714286
22 231 1.3571428571428572
23 24 1.3571428571428572
23 287 0.5714285714285714
23 307 0.9285714285714286
23 312 0.5714285714285714
24 25 0.9285714285714286
24 335 -1.7857142857142858
24 342 -0.9285714285714286
24 364 1.3571428571428572
24 371 1.3571428571428572
25 26 2.0
25 392 -0.9285714285714286
25 399 -0.9285714285714286
25 413 0.9285714285714286
26 428 -1.7857142857142858
26 436 -2.0
27 28 -0.5714285714285714
27 35 -0.9285714285714286
27 51 -2.0
27 58 -0.9285714285714286
27 78 1.3571428571428572
27 82 -2.0
28 29 -2.0
28 35 -2.0
28 36 0.9285714285714286
28 104 1.7857142857142858
28 127 0.5714285714285714
29 30 -1.7857142857142858
29 36 2.0
29 37 2.0
29 148 0.5714285714285714
29 154 2.0
29 177 -0.5714285714285714
30 31 0.5714285714285714
30 37 -1.3571428571428572
30 38 -1.3571428571428572
30 204 -0.5714285714285714
30 232 -1.3571428571428572
31 32 -1.3571428571428572
31 38 -1.3571428571428572
31 260 -0.9285714285714286
31 287 0.9285714285714286
32 33 -2.0
32 39 0.9285714285714286
32 308 -0.9285714285714286
32 312 0.9285714285714286
32 336 -0.9285714285714286
32 342 1.7857142857142858
33 34 -0.5714285714285714
33 39 2.0
33 371 1.7857142857142858
33 393 -1.7857142857142858
33 399 -1.3571428571428572
34 40 -0.9285714285714286
34 407 1.7857142857142858
34 413 -1.3571428571428572
34 421 0.5714285714285714
35 36 -1.3571428571428572
35 78 -0.9285714285714286
35 82 -0.5714285714285714
35 104 1.3571428571428572
36 37 -2.0
36 127 -1.7857142857142858
36 148 1.7857142857142858
36 154 1.7857142857142858
37 38 1.3571428571428572
37 177 -2.0
37 204 0.9285714285714286
38 232 -0.5714285714285714
38 260 -1.7857142857142858
39 336 -1.7857142857142858
39 342 1.7857142857142858
39 371 0.5714285714285714
40 421 -0.5714285714285714
40 428 -1.3571428571428572
41 42 1.3571428571428572
41 51 1.7857142857142858
41 59 -0.9285714285714286
41 78 -0.9285714285714286
41 83 1.3571428571428572
42 43 -0.9285714285714286
42 105 1.3571428571428572
42 128 -1.7857142857142858
43 47 -0.5714285714285714
43 148 -0.5714285714285714
43 155 -1.3571428571428572
43 177 -0.9285714285714286
43 183 -0.5714285714285714
44 45 1.7857142857142858
44 48 0.5714285714285714
44 308 0.9285714285714286
44 313 -0.9285714285714286
44 336 0.5714285714285714
44 343 1.7857142857142858
45 46 -1.3571428571428572
45 372 1.7857142857142858
45 393 1.7857142857142858
45 400 0.9285714285714286
46 49 0.9285714285714286
46 407 1.3571428571428572
46 414 2.0
46 421 1.7857142857142858
46 429 0.5714285714285714
47 177 2.0
47 183 2.0
47 204 -1.3571428571428572
47 211 1.7857142857142858
48 336 -0.9285714285714286
48 343 -0.5714285714285714
48 372 -0.9285714285714286
49 421 1.7857142857142858
49 429 2.0
50 51 0.9285714285714286
50 58 -2.0
51 52 -0.9285714285714286
51 59 2.0
52 53 0.5714285714285714
52 59 1.3571428571428572
52 60 -0.9285714285714286
52 65 -1.7857142857142858
52 89 -0.9285714285714286
53 54 2.0
53 60 -0.5714285714285714
53 61 0.5714285714285714
53 134 1.3571428571428572
54 55 -1.7857142857142858
54 61 1.7857142857142858
54 62 -2.0
54 161 -1.3571428571428572
54 190 2.0
55 56 -2.0
55 62 0.5714285714285714
55 63 -1.7857142857142858
55 244 -0.5714285714285714
56 57 -0.9285714285714286
56 63 -0.9285714285714286
56 64 1.7857142857142858
56 269 -2.0
56 293 1.3571428571428572
57 64 -0.9285714285714286
57 320 1.7857142857142858
57 348 1.7857142857142858
58 59 1.3571428571428572
59 60 -1.3571428571428572
59 65 1.3571428571428572
60 61 2.0
60 89 -1.7857142857142858
61 62 -1.7857142857142858
61 134 -0.5714285714285714
61 161 0.5714285714285714
62 63 -2.0
62 190 0.5714285714285714
63 64 -2.0
63 244 -1.3571428571428572
63 269 2.0
64 293 0.9285714285714286
64 320 -0.5714285714285714
65 66 1.3571428571428572
65 72 -1.7857142857142858
65 79 0.5714285714285714
65 83 0.9285714285714286
66 67 -0.5714285714285714
66 72 1.7857142857142858
66 73 -1.3571428571428572
66 105 -0.9285714285714286
66 122 2.0
66 128 1.7857142857142858
67 73 2.0
67 74 -0.9285714285714286
67 149 -0.5714285714285714
67 155 0.5714285714285714
67 178 1.7857142857142858
67 183 1.7857142857142858
68 75 0.5714285714285714
68 205 1.3571428571428572
68 211 1.3571428571428572
68 233 -0.9285714285714286
68 239 0.5714285714285714
69 70 1.7857142857142858
69 313 -2.0
69 337 0.5714285714285714
69 343 1.3571428571428572
70 71 0.9285714285714286
70 76 1.3571428571428572
70 365 -1.7857142857142858
70 372 0.5714285714285714
70 400 -0.5714285714285714
71 76 0.5714285714285714
71 408 -1.3571428571428572
71 414 1.7857142857142858
71 422 -0.9285714285714286
71 429 -1.7857142857142858
72 73 1.3571428571428572
72 79 -2.0
72 83 -2.0
72 105 -0.5714285714285714
73 74 -1.7857142857142858
73 122 2.0
73 128 -0.9285714285714286
73 149 2.0
73 155 2.0
74 75 1.3571428571428572
74 178 1.3571428571428572
74 183 -1.3571428571428572
74 205 -2.0
74 211 -1.7857142857142858
75 233 0.5714285714285714
75 239 -1.3571428571428572
76 400 -2.0
76 408 -0.5714285714285714
76 414 -0.5714285714285714
77 78 1.3571428571428572
77 82 1.7857142857142858
78 79 -1.7857142857142858
78 82 0.5714285714285714
78 83 -1.7857142857142858
79 80 1.7857142857142858
79 83 -2.0
79 84 -0.9285714285714286
79 89 1.3571428571428572
79 93 -1.3571428571428572
80 84 -1.3571428571428572
80 85 0.5714285714285714
80 134 2.0
80 141 1.7857142857142858
81 88 0.9285714285714286
81 320 0.9285714285714286
81 327 -0.5714285714285714
81 348 2.0
81 356 -1.3571428571428572
82 83 -0.5714285714285714
83 84 0.5714285714285714
84 85 -0.5714285714285714
84 89 2.0
84 93 1.3571428571428572
85 86 -0.9285714285714286
85 134 1.7857142857142858
85 141 -0.5714285714285714
85 161 1.3571428571428572
85 168 -0.9285714285714286
86 87 0.5714285714285714
86 190 1.3571428571428572
86 196 -1.7857142857142858
87 88 -1.7857142857142858
87 244 1.7857142857142858
87 252 -0.5714285714285714
87 276 1.7857142857142858
88 293 -1.7857142857142858
88 320 -0.9285714285714286
88 327 -0.9285714285714286
89 90 -1.3571428571428572
89 93 -0.9285714285714286
90 93 0.9285714285714286
90 94 -0.9285714285714286
90 106 -2.0
90 122 0.9285714285714286
90 129 2.0
91 96 -2.0
91 314 -2.0
91 337 -2.0
91 344 -0.9285714285714286
92 97 1.7857142857142858
92 408 0.9285714285714286
92 415 1.3571428571428572
92 422 1.7857142857142858
92 430 -0.5714285714285714
93 94 -2.0
93 106 2.0
94 122 -1.3571428571428572
94 129 -0.5714285714285714
94 149 1.7857142857142858
94 156 0.5714285714285714
95 233 0.5714285714285714
96 337 2.0
96 344 -0.9285714285714286
96 365 -0.5714285714285714
97 422 -2.0
97 430 -1.3571428571428572
97 437 0.9285714285714286
97 444 -1.3571428571428572
98 104 -0.5714285714285714
99 100 0.9285714285714286
99 106 -2.0
99 107 1.3571428571428572
99 109 -1.7857142857142858
99 135 -0.9285714285714286
99 141 2.0
100 101 -0.9285714285714286
100 168 -2.0
100 196 1.3571428571428572
101 102 -1.3571428571428572
101 108 1.7857142857142858
101 218 2.0
101 245 2.0
101 252 -0.5714285714285714
102 103 -2.0
102 108 -1.3571428571428572
102 270 0.9285714285714286
102 276 -1.3571428571428572
102 294 1.3571428571428572
103 327 -2.0
103 349 -1.3571428571428572
103 356 1.3571428571428572
104 105 2.0
105 106 1.3571428571428572
106 107 -1.3571428571428572
106 109 -0.5714285714285714
107 135 0.9285714285714286
107 141 2.0
107 168 0.5714285714285714
108 245 1.7857142857142858
108 252 -0.9285714285714286
108 270 -1.3571428571428572
108 276 -1.3571428571428572
109 110 1.3571428571428572
109 115 0.9285714285714286
109 123 -1.7857142857142858
109 129 -0.9285714285714286
110 111 -0.9285714285714286
110 115 -2.0
110 116 2.0
110 150 -1.3571428571428572
110 156 1.7857142857142858
110 179 0.5714285714285714
110 184 -1.7857142857142858
111 112 -1.7857142857142858
111 116 0.5714285714285714
111 117 -2.0
111 206 -1.7857142857142858
111 212 -1.7857142857142858
111 234 1.3571428571428572
112 113 -1.7857142857142858
112 117 2.0
112 261 -0.9285714285714286
112 282 2.0
113 118 -2.0
113 309 0.5714285714285714
113 314 -0.9285714285714286
114 119 -0.9285714285714286
114 120 0.5714285714285714
114 409 0.5714285714285714
114 415 -1.3571428571428572
114 423 0.9285714285714286
114 430 -2.0
115 116 -2.0
115 123 -1.7857142857142858
115 129 0.5714285714285714
115 150 2.0
115 156 0.9285714285714286
116 117 -0.5714285714285714
116 179 1.7857142857142858
116 184 0.9285714285714286
116 206 1.7857142857142858
116 212 0.5714285714285714
117 234 -2.0
117 261 1.7857142857142858
118 119 1.7857142857142858
118 338 -0.9285714285714286
118 344 -1.7857142857142858
119 120 1.3571428571428572
119 394 1.3571428571428572
119 401 -1.7857142857142858
119 409 1.7857142857142858
119 415 -2.0
120 423 -0.9285714285714286
120 430 -1.3571428571428572
120 438 -2.0
120 444 1.3571428571428572
121 127 -0.9285714285714286
122 123 1.3571428571428572
122 128 1.3571428571428572
122 129 0.5714285714285714
123 124 1.3571428571428572
123 129 -0.9285714285714286
123 130 -0.9285714285714286
123 135 0.9285714285714286
123 142 1.7857142857142858
124 130 0.9285714285714286
124 131 1.7857142857142858
124 169 -0.5714285714285714
124 191 0.9285714285714286
124 197 1.3571428571428572
125 126 -1.3571428571428572
125 132 -1.3571428571428572
125 133 -0.5714285714285714
125 270 -1.7857142857142858
125 277 1.3571428571428572
125 294 0.9285714285714286
125 300 -1.3571428571428572
126 133 0.5714285714285714
126 321 2.0
126 328 -0.5714285714285714
126 349 1.7857142857142858
126 357 -0.5714285714285714
127 128 0.5714285714285714
128 129 0.9285714285714286
129 130 0.5714285714285714
130 131 1.7857142857142858
130 135 0.9285714285714286
130 142 -2.0
130 169 -0.9285714285714286
131 191 1.7857142857142858
131 197 1.7857142857142858
131 218 -0.5714285714285714
131 224 -0.9285714285714286
132 133 -1.7857142857142858
132 245 0.5714285714285714
132 253 -0.9285714285714286
132 270 -2.0
132 277 0.9285714285714286
133 300 -0.5714285714285714
133 321 0.5714285714285714
133 328 -1.7857142857142858
134 135 0.5714285714285714
134 141 2.0
135 136 -2.0
135 141 1.7857142857142858
135 142 -2.0
136 137 -2.0
136 142 -1.7857142857142858
136 143 -1.3571428571428572
136 150 0.5714285714285714
136 157 0.9285714285714286
136 179 2.0
136 185 2.0
137 138 -0.5714285714285714
137 143 0.9285714285714286
137 144 1.3571428571428572
137 206 2.0
137 213 0.9285714285714286
137 234 2.0
137 240 -0.9285714285714286
138 139 -0.5714285714285714
138 144 -2.0
138 145 -1.3571428571428572
138 261 -1.7857142857142858
138 264 -1.3571428571428572
138 282 1.7857142857142858
138 288 -0.5714285714285714
139 145 1.7857142857142858
139 315 -0.5714285714285714
139 338 -0.9285714285714286
139 345 -1.3571428571428572
140 146 -1.3571428571428572
140 409 -0.5714285714285714
140 416 -2.0
140 423 0.9285714285714286
140 431 -2.0
141 142 -0.9285714285714286
142 143 0.9285714285714286
142 150 0.5714285714285714
142 157 -1.3571428571428572
143 144 -0.9285714285714286
143 179 0.5714285714285714
143 185 -1.7857142857142858
143 206 0.5714285714285714
143 213 -2.0
144 145 -1.3571428571428572
144 234 1.3571428571428572
144 240 0.5714285714285714
144 261 0.9285714285714286
144 264 2.0
145 282 0.9285714285714286
145 288 0.9285714285714286
145 309 -1.7857142857142858
145 315 1.7857142857142858
146 423 0.9285714285714286
146 431 1.7857142857142858
146 438 1.7857142857142858
146 445 -0.9285714285714286
147 148 2.0
147 154 0.9285714285714286
148 149 -1.3571428571428572
148 155 -0.5714285714285714
149 150 -1.3571428571428572
149 155 -1.3571428571428572
149 156 1.7857142857142858
150 151 1.3571428571428572
150 156 -1.3571428571428572
150 157 2.0
151 152 -0.5714285714285714
151 157 -1.7857142857142858
151 158 2.0
151 162 1.7857142857142858
151 169 -0.5714285714285714
151 192 -1.3571428571428572
151 197 -0.5714285714285714
152 158 -0.5714285714285714
152 159 1.7857142857142858
152 219 -1.7857142857142858
152 224 -0.9285714285714286
152 246 -0.5714285714285714
152 253 0.9285714285714286
153 160 -1.7857142857142858
153 322 -0.9285714285714286
153 328 0.9285714285714286
153 350 -0.5714285714285714
153 357 -0.5714285714285714
154 155 1.3571428571428572
155 156 1.7857142857142858
156 157 0.9285714285714286
157 158 2.0
157 169 -1.3571428571428572
158 159 -2.0
158 192 0.9285714285714286
158 197 2.0
158 219 -1.3571428571428572
158 224 2.0
159 160 1.7857142857142858
159 246 -0.5714285714285714
159 253 -2.0
159 271 1.7857142857142858
159 277 -1.7857142857142858
160 295 -1.7857142857142858
160 300 -0.9285714285714286
160 322 2.0
160 328 2.0
161 168 1.7857142857142858
162 163 1.3571428571428572
162 169 1.3571428571428572
162 170 1.7857142857142858
162 185 0.9285714285714286
163 164 1.3571428571428572
163 170 -2.0
163 171 1.3571428571428572
163 207 0.9285714285714286
163 213 2.0
163 235 1.7857142857142858
163 240 1.7857142857142858
164 165 -0.9285714285714286
164 171 -2.0
164 172 1.7857142857142858
164 264 0.9285714285714286
164 283 -0.5714285714285714
164 288 -1.7857142857142858
165 166 -1.3571428571428572
165 172 0.9285714285714286
165 173 -0.9285714285714286
165 315 1.7857142857142858
165 339 -2.0
165 345 -1.3571428571428572
166 167 -0.5714285714285714
166 173 -1.7857142857142858
166 174 -0.9285714285714286
166 367 0.9285714285714286
166 373 0.5714285714285714
166 395 1.7857142857142858
166 402 0.9285714285714286
167 174 1.7857142857142858
167 175 1.7857142857142858
167 416 2.0
167 424 -0.9285714285714286
167 431 2.0
168 169 -0.9285714285714286
169 170 0.9285714285714286
170 180 2.0
170 185 0.9285714285714286
170 207 0.5714285714285714
170 213 2.0
171 172 -1.7857142857142858
171 235 -1.3571428571428572
171 240 -1.7857142857142858
171 264 2.0
172 173 1.7857142857142858
172 283 0.5714285714285714
172 288 -1.7857142857142858
172 315 2.0
173 174 0.5714285714285714
173 339 -2.0
173 367 -0.5714285714285714
173 373 0.9285714285714286
174 175 1.7857142857142858
174 395 0.5714285714285714
174 402 1.7857142857142858
174 416 2.0
175 424 -0.5714285714285714
175 431 -2.0
175 439 -0.9285714285714286
175 445 -0.5714285714285714
176 177 0.5714285714285714
177 178 -0.9285714285714286
177 183 0.5714285714285714
178 179 -2.0
178 183 -0.5714285714285714
178 184 1.3571428571428572
179 180 -1.3571428571428572
179 184 1.7857142857142858
180 181 -0.5714285714285714
180 185 1.7857142857142858
180 186 0.9285714285714286
180 192 -0.5714285714285714
180 198 -0.5714285714285714
181 182 -2.0
181 186 -1.7857142857142858
181 187 1.7857142857142858
181 219 1.7857142857142858
181 225 -1.3571428571428572
181 246 1.7857142857142858
181 254 -0.9285714285714286
182 188 -2.0
182 278 1.3571428571428572
182 295 0.5714285714285714
182 301 -2.0
183 184 0.9285714285714286
184 185 0.5714285714285714
185 186 -1.7857142857142858
186 187 -0.9285714285714286
186 192 1.3571428571428572
186 198 1.7857142857142858
186 219 -2.0
186 225 1.7857142857142858
187 188 2.0
187 246 0.5714285714285714
187 254 -1.3571428571428572
187 271 2.0
187 278 -0.9285714285714286
188 189 0.5714285714285714
188 295 0.9285714285714286
188 301 1.3571428571428572
188 329 -1.7857142857142858
189 350 2.0
189 358 1.3571428571428572
189 380 -0.5714285714285714
190 191 -0.5714285714285714
190 196 0.9285714285714286
191 192 0.9285714285714286
191 196 0.9285714285714286
191 197 -1.7857142857142858
192 193 2.0
192 197 1.7857142857142858
192 198 1.3571428571428572
193 198 -1.3571428571428572
193 199 1.7857142857142858
193 207 -1.7857142857142858
193 214 -1.7857142857142858
193 235 1.7857142857142858
194 200 -0.5714285714285714
194 316 0.9285714285714286
194 339 1.3571428571428572
194 346 -1.3571428571428572
195 201 0.9285714285714286
195 202 0.5714285714285714
195 417 1.7857142857142858
195 424 1.7857142857142858
195 432 1.7857142857142858
196 197 -1.7857142857142858
197 198 0.9285714285714286
198 199 0.9285714285714286
198 207 -2.0
198 214 0.9285714285714286
199 200 -0.9285714285714286
199 235 2.0
199 265 -0.9285714285714286
200 283 0.9285714285714286
200 289 2.0
200 316 -0.5714285714285714
201 202 -0.5714285714285714
201 395 2.0
201 403 2.0
201 417 1.7857142857142858
202 424 -1.7857142857142858
202 432 2.0
202 439 -0.5714285714285714
202 446 1.7857142857142858
203 204 -1.7857142857142858
204 205 1.3571428571428572
204 211 -0.9285714285714286
205 206 -1.7857142857142858
205 211 0.9285714285714286
205 212 -1.7857142857142858
206 207 1.7857142857142858
206 212 2.0
206 213 -1.7857142857142858
207 208 -1.7857142857142858
207 213 -1.3571428571428572
207 214 1.3571428571428572
208 209 -1.7857142857142858
208 214 0.9285714285714286
208 215 0.9285714285714286
208 220 -2.0
208 225 0.5714285714285714
208 247 1.7857142857142858
208 254 -0.9285714285714286
209 210 1.7857142857142858
209 215 1.7857142857142858
209 216 -0.5714285714285714
209 272 -0.5714285714285714
209 278 0.9285714285714286
209 296 0.9285714285714286
209 301 -0.5714285714285714
210 216 1.7857142857142858
210 217 -2.0
210 329 0.9285714285714286
210 351 0.5714285714285714
210 358 2.0
211 212 1.3571428571428572
212 213 1.7857142857142858
213 214 -0.9285714285714286
214 215 2.0
214 220 -2.0
214 225 0.5714285714285714
215 216 0.5714285714285714
215 247 -0.5714285714285714
215 254 0.9285714285714286
215 272 1.3571428571428572
215 278 -1.7857142857142858
216 217 -0.9285714285714286
216 296 -1.3571428571428572
216 301 -0.9285714285714286
216 329 -0.5714285714285714
217 351 -0.9285714285714286
217 381 0.9285714285714286
218 219 -0.9285714285714286
218 224 -1.7857142857142858
219 220 1.3571428571428572
219 224 -0.9285714285714286
219 225 -0.5714285714285714
220 225 -0.5714285714285714
220 226 -0.5714285714285714
220 236 1.7857142857142858
221 222 -1.7857142857142858
221 227 1.7857142857142858
221 228 1.3571428571428572
221 316 0.5714285714285714
221 340 1.3571428571428572
221 346 -0.9285714285714286
222 223 -0.5714285714285714
222 228 1.3571428571428572
222 229 1.3571428571428572
222 368 2.0
222 374 1.7857142857142858
222 396 -0.5714285714285714
223 230 -0.5714285714285714
223 410 -1.3571428571428572
223 425 -0.5714285714285714
223 432 1.7857142857142858
224 225 1.7857142857142858
225 226 -0.5714285714285714
226 227 -0.5714285714285714
226 236 -1.3571428571428572
226 262 1.3571428571428572
226 265 -0.5714285714285714
227 228 -0.9285714285714286
227 284 -1.3571428571428572
227 289 -1.3571428571428572
227 316 0.5714285714285714
228 229 -2.0
228 340 2.0
228 346 -0.9285714285714286
228 368 -1.7857142857142858
228 374 -2.0
229 230 -0.5714285714285714
229 396 1.3571428571428572
229 403 -0.9285714285714286
229 410 2.0
229 417 1.3571428571428572
230 425 0.9285714285714286
230 432 1.3571428571428572
230 440 -0.9285714285714286
230 446 -0.5714285714285714
231 232 -0.5714285714285714
232 233 2.0
232 239 0.9285714285714286
233 234 0.5714285714285714
233 239 -2.0
234 235 1.3571428571428572
234 240 -2.0
235 236 -1.7857142857142858
235 240 -2.0
236 237 -0.5714285714285714
236 241 -0.9285714285714286
236 247 1.7857142857142858
236 255 -0.9285714285714286
237 238 -0.5714285714285714
237 241 -0.5714285714285714
237 242 -0.5714285714285714
237 279 -0.5714285714285714
237 296 -2.0
237 302 -0.9285714285714286
238 242 -1.7857142857142858
238 243 -2.0
238 330 -2.0
238 351 -0.9285714285714286
238 359 -2.0
241 242 -0.5714285714285714
241 247 0.5714285714285714
241 255 2.0
241 279 0.5714285714285714
242 243 -0.9285714285714286
242 330 -1.3571428571428572
243 351 -1.7857142857142858
243 359 -2.0
243 381 -0.9285714285714286
243 387 0.5714285714285714
244 252 -0.5714285714285714
245 246 2.0
245 252 2.0
245 253 0.5714285714285714
246 247 2.0
246 253 -2.0
246 254 -1.7857142857142858
247 248 2.0
247 254 -0.5714285714285714
247 255 -2.0
248 249 2.0
248 255 1.3571428571428572
248 256 1.3571428571428572
248 262 1.3571428571428572
248 266 1.3571428571428572
248 284 0.5714285714285714
248 290 1.7857142857142858
249 250 -2.0
249 256 -2.0
249 257 -0.9285714285714286
249 317 -2.0
249 340 -0.5714285714285714
250 251 1.7857142857142858
250 257 -0.5714285714285714
250 258 -1.7857142857142858
250 368 0.9285714285714286
250 375 -1.7857142857142858
250 396 0.9285714285714286
250 404 -2.0
251 258 1.7857142857142858
251 259 0.9285714285714286
251 410 1.7857142857142858
251 418 0.9285714285714286
251 425 1.7857142857142858
251 433 2.0
252 253 0.9285714285714286
253 254 2.0
255 256 -1.7857142857142858
255 262 0.5714285714285714
255 266 -1.3571428571428572
256 257 1.3571428571428572
256 284 -0.5714285714285714
256 290 -0.9285714285714286
256 317 -0.5714285714285714
257 258 -1.3571428571428572
257 340 -0.5714285714285714
257 368 -2.0
257 375 -0.9285714285714286
258 259 0.9285714285714286
258 396 -1.7857142857142858
258 404 -0.5714285714285714
258 410 0.5714285714285714
258 418 -0.5714285714285714
259 425 0.5714285714285714
259 433 2.0
259 440 -1.7857142857142858
259 447 -2.0
261 264 0.5714285714285714
262 265 -1.7857142857142858
262 266 0.5714285714285714
263 267 -0.5714285714285714
263 268 -2.0
263 323 -0.9285714285714286
263 330 0.9285714285714286
263 352 1.3571428571428572
263 359 1.3571428571428572
264 265 -2.0
265 266 -1.3571428571428572
266 267 1.7857142857142858
266 279 2.0
267 268 0.5714285714285714
267 302 1.3571428571428572
267 323 -0.9285714285714286
267 330 -1.7857142857142858
268 352 -0.9285714285714286
268 382 -0.9285714285714286
268 387 -0.9285714285714286
269 276 -1.3571428571428572
270 271 1.3571428571428572
270 276 2.0
270 277 2.0
271 272 1.3571428571428572
271 277 -2.0
271 278 2.0
272 278 1.3571428571428572
272 279 1.3571428571428572
273 280 0.9285714285714286
273 281 -1.7857142857142858
273 310 2.0
273 317 -1.3571428571428572
274 275 1.7857142857142858
274 281 0.5714285714285714
274 369 -0.5714285714285714
274 375 2.0
274 397 0.9285714285714286
274 404 -1.3571428571428572
275 411 0.5714285714285714
275 418 -1.3571428571428572
275 433 -0.5714285714285714
276 277 -2.0
277 278 -2.0
278 279 -0.5714285714285714
279 280 -0.9285714285714286
280 281 -0.5714285714285714
280 285 0.5714285714285714
280 290 -0.5714285714285714
280 310 2.0
280 317 -2.0
281 369 -1.3571428571428572
281 375 -0.9285714285714286
282 283 -2.0
282 288 1.7857142857142858
283 284 -1.7857142857142858
283 288 -1.3571428571428572
283 289 1.7857142857142858
284 285 -0.5714285714285714
284 289 1.7857142857142858
284 290 0.5714285714285714
285 286 0.5714285714285714
285 290 0.9285714285714286
285 291 -2.0
285 303 2.0
286 291 -1.7857142857142858
286 292 -0.5714285714285714
286 331 -0.5714285714285714
286 352 -0.5714285714285714
286 360 -1.7857142857142858
288 289 -0.9285714285714286
289 290 -1.3571428571428572
290 291 -1.3571428571428572
291 292 1.3571428571428572
291 303 -1.3571428571428572
291 323 1.7857142857142858
291 331 2.0
292 352 -0.9285714285714286
292 360 1.7857142857142858
292 382 -1.3571428571428572
292 388 -0.5714285714285714
293 294 -1.3571428571428572
294 295 0.9285714285714286
294 300 0.9285714285714286
295 296 1.7857142857142858
295 300 2.0
295 301 1.7857142857142858
296 301 2.0
296 302 -0.5714285714285714
297 298 -0.5714285714285714
297 303 -1.7857142857142858
297 304 -2.0
297 310 0.9285714285714286
297 318 -0.5714285714285714
298 304 -1.3571428571428572
298 369 1.3571428571428572
298 376 0.9285714285714286
298 397 -0.9285714285714286
298 405 -2.0
299 305 0.5714285714285714
299 306 -1.7857142857142858
299 411 1.7857142857142858
299 419 0.9285714285714286
299 426 1.7857142857142858
299 434 0.5714285714285714
301 302 1.7857142857142858
302 303 2.0
303 304 -0.9285714285714286
303 310 1.7857142857142858
303 318 0.5714285714285714
304 305 -1.3571428571428572
304 369 -1.7857142857142858
304 376 1.7857142857142858
305 306 1.7857142857142858
305 397 -0.5714285714285714
305 411 -0.5714285714285714
305 419 -0.5714285714285714
306 426 -1.7857142857142858
306 434 2.0
306 441 1.3571428571428572
306 448 0.9285714285714286
307 308 1.7857142857142858
307 312 0.9285714285714286
308 312 -0.9285714285714286
308 313 0.5714285714285714
309 314 0.5714285714285714
309 315 1.7857142857142858
310 311 -1.3571428571428572
310 317 -1.7857142857142858
310 318 0.5714285714285714
311 318 2.0
311 324 -2.0
311 331 2.0
311 353 -2.0
311 360 -1.3571428571428572
312 313 -0.5714285714285714
313 314 -0.9285714285714286
314 315 0.5714285714285714
315 316 0.9285714285714286
316 317 0.5714285714285714
317 318 -2.0
318 319 -0.5714285714285714
318 324 -1.7857142857142858
318 331 2.0
319 353 -0.5714285714285714
319 360 0.9285714285714286
319 383 -0.5714285714285714
319 388 -2.0
320 321 -2.0
320 327 -2.0
321 322 1.3571428571428572
321 327 -1.3571428571428572
321 328 -0.5714285714285714
322 328 0.9285714285714286
322 329 0.9285714285714286
323 324 -0.9285714285714286
323 330 -1.7857142857142858
323 331 -1.7857142857142858
324 325 -1.7857142857142858
324 331 1.3571428571428572
324 332 2.0
324 341 -1.7857142857142858
325 326 1.3571428571428572
325 332 1.3571428571428572
325 333 1.3571428571428572
325 370 2.0
325 376 -0.5714285714285714
325 398 -2.0
325 405 -2.0
326 333 -2.0
326 334 -2.0
326 412 0.9285714285714286
326 419 -0.5714285714285714
326 427 -1.3571428571428572
326 434 1.7857142857142858
327 328 2.0
328 329 2.0
329 330 -0.9285714285714286
330 331 0.5714285714285714
331 332 -2.0
332 333 -2.0
332 341 0.5714285714285714
332 370 -1.3571428571428572
332 376 -0.5714285714285714
333 334 1.3571428571428572
333 398 -2.0
333 405 0.9285714285714286
333 412 -1.3571428571428572
333 419 2.0
334 427 -1.3571428571428572
334 434 -0.9285714285714286
334 442 1.3571428571428572
334 448 0.5714285714285714
335 336 -1.7857142857142858
335 342 2.0
336 337 1.3571428571428572
336 342 0.5714285714285714
336 343 -0.5714285714285714
337 338 0.5714285714285714
337 343 2.0
337 344 0.5714285714285714
338 339 -0.9285714285714286
338 344 1.7857142857142858
338 345 -0.5714285714285714
339 340 -1.7857142857142858
339 345 0.9285714285714286
339 346 -0.9285714285714286
340 346 -1.3571428571428572
341 347 -2.0
341 353 0.5714285714285714
341 361 -2.0
342 343 -0.9285714285714286
343 344 -2.0
344 345 0.9285714285714286
345 346 -2.0
347 353 0.5714285714285714
347 361 -2.0
347 383 -2.0
347 389 -1.3571428571428572
348 349 -2.0
348 356 -1.3571428571428572
349 350 -2.0
349 356 0.5714285714285714
349 357 1.7857142857142858
350 351 1.3571428571428572
350 357 -2.0
350 358 0.9285714285714286
351 352 -1.7857142857142858
351 358 -1.3571428571428572
351 359 0.5714285714285714
352 353 0.9285714285714286
352 359 2.0
352 360 -2.0
353 354 0.5714285714285714
353 360 0.5714285714285714
353 361 2.0
354 355 -1.3571428571428572
354 362 -1.7857142857142858
354 370 -1.7857142857142858
354 377 2.0
354 398 -1.3571428571428572
354 406 1.7857142857142858
355 362 -0.9285714285714286
355 363 1.7857142857142858
355 412 -0.9285714285714286
355 420 2.0
355 427 1.3571428571428572
355 435 -0.9285714285714286
356 357 -0.9285714285714286
358 359 -1.3571428571428572
359 360 -0.5714285714285714
360 361 0.5714285714285714
361 370 1.3571428571428572
361 377 -0.9285714285714286
362 363 -1.7857142857142858
362 398 -1.7857142857142858
362 406 0.5714285714285714
362 412 -1.3571428571428572
362 420 -1.7857142857142858
363 427 -1.7857142857142858
363 435 -2.0
363 442 0.9285714285714286
363 449 1.7857142857142858
364 371 -1.3571428571428572
365 366 -0.9285714285714286
365 372 0.9285714285714286
366 367 -1.3571428571428572
366 373 -1.7857142857142858
367 368 -0.5714285714285714
367 373 0.5714285714285714
367 374 1.7857142857142858
368 369 -0.5714285714285714
368 374 0.5714285714285714
368 375 -1.3571428571428572
369 370 0.9285714285714286
369 375 2.0
369 376 -2.0
370 376 -1.3571428571428572
370 377 -2.0
371 372 0.5714285714285714
373 374 -0.5714285714285714
374 375 -1.7857142857142858
375 376 -0.5714285714285714
376 377 -1.7857142857142858
377 389 -2.0
378 379 -2.0
378 385 2.0
379 380 -1.3571428571428572
379 385 0.9285714285714286
379 386 -2.0
380 381 0.9285714285714286
380 386 -2.0
381 382 2.0
381 387 0.9285714285714286
382 383 -0.9285714285714286
382 387 -0.5714285714285714
382 388 -0.9285714285714286
383 388 1.7857142857142858
383 389 2.0
384 390 -1.3571428571428572
384 391 -1.3571428571428572
384 420 0.9285714285714286
384 435 1.7857142857142858
385 386 1.3571428571428572
387 388 1.7857142857142858
388 389 1.3571428571428572
389 390 1.3571428571428572
390 391 -1.7857142857142858
390 406 -2.0
390 420 1.7857142857142858
391 435 1.7857142857142858
391 449 0.9285714285714286
392 393 2.0
392 399 0.5714285714285714
393 399 1.7857142857142858
393 400 -0.9285714285714286
394 395 0.9285714285714286
394 401 1.7857142857142858
394 402 2.0
395 396 -1.3571428571428572
395 402 -2.0
395 403 2.0
396 403 -1.7857142857142858
396 404 -1.7857142857142858
397 398 -1.3571428571428572
397 404 -0.9285714285714286
397 405 -0.9285714285714286
398 405 1.3571428571428572
398 406 1.7857142857142858
399 400 0.9285714285714286
400 401 1.7857142857142858
401 402 0.5714285714285714
402 403 2.0
404 405 1.3571428571428572
405 406 -1.7857142857142858
407 408 -1.3571428571428572
407 413 -2.0
407 414 1.3571428571428572
408 409 -2.0
408 414 1.7857142857142858
408 415 0.5714285714285714
409 415 -1.7857142857142858
409 416 -1.7857142857142858
410 411 -1.7857142857142858
410 417 -0.9285714285714286
411 412 2.0
411 418 0.5714285714285714
411 419 -2.0
412 419 0.9285714285714286
412 420 2.0
413 414 1.3571428571428572
414 415 -0.9285714285714286
415 416 0.9285714285714286
416 417 1.7857142857142858
417 418 -1.3571428571428572
418 419 2.0
419 420 -0.5714285714285714
421 422 -0.5714285714285714
421 428 -1.7857142857142858
421 429 0.9285714285714286
422 423 -0.9285714285714286
422 429 -2.0
422 430 -1.7857142857142858
423 424 -2.0
423 430 -0.9285714285714286
423 431 -1.3571428571428572
424 425 -0.9285714285714286
424 431 -0.5714285714285714
424 432 1.7857142857142858
425 432 -2.0
425 433 -2.0
426 427 1.3571428571428572
426 433 1.7857142857142858
426 434 0.9285714285714286
427 434 0.5714285714285714
427 435 -2.0
428 429 1.7857142857142858
429 430 -0.9285714285714286
430 431 0.5714285714285714
431 432 1.3571428571428572
432 433 -0.9285714285714286
433 434 0.5714285714285714
434 435 0.5714285714285714
436 443 -0.9285714285714286
437 438 -1.3571428571428572
437 444 1.3571428571428572
438 439 1.3571428571428572
438 444 1.3571428571428572
438 445 2.0
439 440 1.3571428571428572
439 445 -2.0
439 446 0.5714285714285714
440 441 1.7857142857142858
440 446 -2.0
440 447 0.5714285714285714
441 442 -1.3571428571428572
441 447 2.0
442 448 0.9285714285714286
442 449 -1.3571428571428572
444 445 -1.3571428571428572
445 446 -0.9285714285714286
446 447 -0.5714285714285714
447 448 0.9285714285714286
448 449 0.9285714285714286
