340 1320
1 1 -1.357142857142857
2 2 0.14285714285714302
3 3 -0.5714285714285716
4 4 1.1428571428571426
5 5 1.9285714285714286
6 6 1.1428571428571428
7 7 -0.7142857142857142
8 8 -3.428571428571429
9 9 -2.571428571428571
10 10 0.7857142857142856
11 11 -6.714285714285714
12 12 1.7857142857142858
13 13 -0.7857142857142858
14 14 7.5
15 15 -0.07142857142857117
16 16 -2.8571428571428568
17 17 -1.2142857142857144
18 18 -0.7857142857142856
19 19 3.2142857142857144
20 20 -0.6428571428571428
21 21 0.785714285714286
22 22 -1.7142857142857146
23 23 -3.928571428571429
24 24 -5.142857142857143
25 25 -3.7857142857142856
26 26 0.7857142857142858
27 27 -5.785714285714286
28 28 -6.714285714285715
29 29 -0.642857142857143
30 30 -4.714285714285714
31 31 -1.5
32 32 -0.4285714285714286
33 33 -1.5
35 35 -0.9285714285714286
36 36 -4.5
37 37 -2.7857142857142856
38 38 0.6428571428571428
39 39 1.8571428571428572
40 40 1.3571428571428572
41 41 -2.7857142857142856
42 42 -2.3571428571428577
43 43 -2.8571428571428568
44 44 -0.5
45 45 4.642857142857142
46 46 1.7857142857142856
47 47 2.142857142857143
48 48 -4.357142857142857
49 49 -3.928571428571429
50 50 -2.0714285714285716
51 51 -6.5
52 52 -4.714285714285714
53 53 -1.8571428571428572
54 54 -3.642857142857143
55 55 2.2142857142857144
56 56 -3.357142857142857
57 57 2.2142857142857144
58 58 -0.5000000000000002
59 59 3.5
60 60 -1.2142857142857144
61 61 2.071428571428571
62 62 5.428571428571428
63 63 3.1428571428571423
64 64 -2.2142857142857144
65 65 0.9285714285714286
66 66 4.5
67 67 -1.7142857142857144
68 68 2.6428571428571432
69 69 -1.8571428571428572
70 70 -0.7857142857142856
71 71 -1.1428571428571428
72 72 -0.2142857142857142
73 73 -2.857142857142857
74 74 -2.428571428571429
75 75 -0.7857142857142858
76 76 1.5000000000000004
77 77 -4.0
78 78 0.4999999999999998
79 79 1.2857142857142858
80 80 3.4285714285714284
81 81 -0.8571428571428572
82 82 -1.5
83 83 1.8571428571428574
84 84 2.0
85 85 0.7857142857142858
86 86 2.8571428571428568
87 87 -1.2142857142857146
88 88 -5.2857142857142865
89 89 -2.571428571428571
90 90 -3.7142857142857144
91 91 7.285714285714286
92 92 -1.142857142857143
93 93 1.0000000000000004
94 94 1.5
95 95 -0.7142857142857142
96 96 -5.714285714285714
97 97 10.285714285714286
98 98 0.8571428571428572
99 99 4.642857142857143
100 100 -2.6428571428571432
101 101 6.071428571428571
102 102 -0.357142857142857
103 103 -6.357142857142858
104 104 2.3571428571428568
105 105 -2.071428571428571
106 106 -0.2142857142857142
107 107 2.142857142857143
108 108 -5.642857142857142
109 109 1.642857142857143
110 110 -1.2142857142857144
111 111 -3.1428571428571432
112 112 -5.642857142857143
113 113 -1.142857142857143
114 114 3.5714285714285716
115 115 6.642857142857142
116 116 -5.142857142857143
117 117 5.2142857142857135
118 118 -1.0000000000000002
119 119 -0.6428571428571428
120 120 -3.0
121 121 -2.0
122 122 0.5714285714285714
123 123 -1.5714285714285714
124 124 -1.2857142857142854
125 125 0.8571428571428568
126 126 0.7857142857142856
127 127 2.1428571428571423
128 128 2.2142857142857144
129 129 -2.0714285714285716
130 130 -6.214285714285715
131 131 6.214285714285714
132 132 10.214285714285715
133 133 -2.428571428571429
134 134 6.071428571428573
135 135 4.0
136 136 3.642857142857143
137 137 0.7857142857142858
138 138 -4.071428571428571
139 139 -1.5714285714285714
140 140 1.5714285714285716
141 141 -3.357142857142857
142 142 -0.6428571428571426
143 143 7.2857142857142865
144 144 2.928571428571428
145 145 -1.6428571428571423
146 146 0.5000000000000002
147 147 -0.9285714285714286
148 148 1.8571428571428568
149 149 4.0
150 150 1.4999999999999998
151 151 3.357142857142857
152 152 0.3571428571428572
153 153 2.0
154 154 2.2857142857142856
155 155 -3.7857142857142856
156 156 3.0714285714285716
157 157 0.2857142857142856
158 158 3.2142857142857144
159 159 -3.071428571428571
160 160 0.9285714285714284
161 161 3.2857142857142856
162 162 6.42857142857143
163 163 -0.4285714285714286
164 164 -4.214285714285714
165 165 0.2857142857142858
166 166 -0.9285714285714286
167 167 2.2142857142857144
168 168 6.071428571428571
169 169 0.8571428571428574
170 170 -2.571428571428571
171 171 3.2142857142857144
172 172 0.7142857142857144
173 173 5.071428571428571
174 174 -0.2142857142857144
175 175 -1.6428571428571426
176 176 -3.428571428571429
177 177 1.3571428571428572
178 178 2.571428571428572
179 179 -2.1428571428571432
180 180 -1.7142857142857142
181 181 -3.7857142857142865
182 182 5.0
183 183 -3.0
184 184 5.571428571428572
185 185 0.0714285714285714
186 186 0.28571428571428537
187 187 -5.214285714285715
188 188 -4.5
189 189 -1.0
190 190 2.1428571428571432
191 191 -1.7142857142857146
192 192 -11.357142857142858
193 193 -1.2142857142857142
194 194 3.7142857142857144
195 195 3.928571428571429
196 196 -8.714285714285714
197 197 2.571428571428571
198 198 -0.3571428571428572
199 199 5.0
200 200 -3.1428571428571432
201 201 -1.0714285714285714
202 202 -0.5
203 203 1.1428571428571432
204 204 2.5
205 205 -4.5
206 206 -3.1428571428571423
207 207 0.14285714285714324
208 208 -2.8571428571428568
209 209 0.8571428571428572
210 210 3.3571428571428577
211 211 -0.8571428571428572
212 212 1.3571428571428572
213 213 3.928571428571429
214 214 -1.4285714285714288
215 215 -0.6428571428571428
216 216 2.428571428571429
217 217 1.285714285714286
218 218 1.5714285714285716
219 219 -2.2142857142857144
220 220 -1.9285714285714286
221 221 -2.7142857142857144
222 222 3.428571428571429
223 223 -2.4285714285714284
224 224 -4.071428571428571
225 225 -3.5000000000000004
226 226 -0.7857142857142858
227 227 -0.4285714285714286
228 228 -4.5
229 229 -1.214285714285714
230 230 0.8571428571428568
231 231 -1.3571428571428572
232 232 -3.7857142857142865
233 233 4.857142857142857
234 234 -0.5714285714285714
235 235 -0.7142857142857144
236 236 2.9285714285714284
237 237 -0.7142857142857142
238 238 -3.7857142857142856
239 239 -0.14285714285714302
240 240 -3.6428571428571423
241 241 -1.9999999999999993
242 242 1.8571428571428574
243 243 1.0714285714285716
244 244 4.857142857142858
245 245 -6.642857142857143
246 246 4.071428571428571
247 247 3.6428571428571432
248 248 3.8571428571428577
249 249 -2.0
250 250 -2.1428571428571432
251 251 0.9285714285714286
252 252 2.0000000000000004
253 253 2.0
254 254 3.642857142857143
255 255 -6.714285714285714
256 256 -2.2142857142857144
257 257 -1.8571428571428568
258 258 -3.2857142857142856
259 259 3.5
260 260 -3.7142857142857144
261 261 -0.7857142857142858
262 262 6.214285714285714
263 263 1.2142857142857144
264 264 1.9285714285714293
265 265 -1.571428571428572
266 266 3.7142857142857144
267 267 2.571428571428571
268 268 3.7142857142857144
269 269 -0.0714285714285714
270 270 1.2142857142857144
271 271 3.0714285714285716
272 272 -3.357142857142857
273 273 2.857142857142857
274 274 1.2857142857142863
275 275 -6.428571428571429
276 276 -4.714285714285714
277 277 -4.714285714285714
278 278 8.0
280 280 -0.7857142857142858
281 281 0.0714285714285714
282 282 -5.928571428571429
283 283 -1.0714285714285712
284 284 -3.8571428571428577
285 285 -5.928571428571429
286 286 -0.8571428571428568
287 287 0.1428571428571428
288 288 0.3571428571428572
289 289 -4.928571428571429
290 290 -3.357142857142857
291 291 -0.5
292 292 0.8571428571428568
293 293 -0.3571428571428572
294 294 -3.2142857142857144
295 295 -0.7142857142857146
296 296 0.7142857142857144
297 297 1.4285714285714286
298 298 -5.714285714285715
299 299 8.5
300 300 3.6428571428571432
301 301 -7.642857142857142
302 302 -0.2857142857142858
303 303 3.642857142857143
304 304 2.7142857142857144
305 305 -1.642857142857143
306 306 -0.7142857142857144
307 307 4.571428571428571
308 308 5.5
309 309 5.5
310 310 -7.428571428571428
311 311 -0.8571428571428572
312 312 0.9285714285714286
313 313 6.785714285714286
314 314 -1.7857142857142858
315 315 -3.7857142857142856
316 316 -0.8571428571428572
317 317 -5.142857142857143
318 318 -2.7142857142857144
319 319 3.2857142857142856
320 320 1.7142857142857144
321 321 3.6428571428571423
322 322 2.928571428571429
323 323 0.642857142857143
324 324 -4.928571428571429
325 325 0.6428571428571432
326 326 2.785714285714286
327 327 -4.142857142857142
328 328 1.3571428571428572
329 329 1.3571428571428572
330 330 5.785714285714286
331 331 -4.214285714285714
332 332 -3.2142857142857144
333 333 -0.3571428571428572
334 334 0.2857142857142858
335 335 5.142857142857143
336 336 2.5714285714285716
337 337 -1.857142857142857
338 338 2.428571428571428
339 339 -0.8571428571428572
340 340 5.285714285714286
1 2 0.5714285714285714
1 7 -1.7857142857142858
1 43 0.5714285714285714
1 69 2.0
2 3 -2.0
2 7 2.0
2 8 -1.7857142857142858
2 86 -0.9285714285714286
2 106 2.0
3 4 -0.9285714285714286
3 8 0.9285714285714286
3 9 1.3571428571428572
3 128 -0.5714285714285714
3 154 1.7857142857142858
4 9 1.7857142857142858
4 10 1.7857142857142858
4 178 -1.7857142857142858
4 202 -2.0
5 6 -1.3571428571428572
5 11 1.7857142857142858
5 268 -1.7857142857142858
5 292 -0.5714285714285714
6 11 1.7857142857142858
6 12 -2.0
6 303 -1.3571428571428572
6 316 1.7857142857142858
7 8 0.9285714285714286
7 69 0.9285714285714286
7 86 -1.3571428571428572
8 9 1.3571428571428572
8 128 2.0
9 10 -0.5714285714285714
9 178 -1.3571428571428572
10 202 -2.0
11 12 2.0
11 292 0.5714285714285714
11 303 0.5714285714285714
12 316 -1.7857142857142858
13 19 -0.5714285714285714
13 50 0.9285714285714286
13 69 1.7857142857142858
13 73 -1.3571428571428572
14 15 -2.0
14 20 -0.5714285714285714
14 128 -1.7857142857142858
14 134 -1.3571428571428572
14 154 -1.7857142857142858
15 16 0.5714285714285714
15 20 2.0
15 21 -1.3571428571428572
15 178 -0.9285714285714286
15 202 1.7857142857142858
16 17 1.3571428571428572
16 21 -1.7857142857142858
16 22 1.3571428571428572
16 250 1.3571428571428572
17 18 0.5714285714285714
17 22 -0.5714285714285714
17 23 1.3571428571428572
17 268 -0.9285714285714286
17 272 -0.9285714285714286
17 292 0.9285714285714286
17 298 -0.5714285714285714
18 23 -1.7857142857142858
18 24 2.0
18 303 -2.0
18 310 2.0
18 316 -0.9285714285714286
18 322 0.9285714285714286
19 69 -2.0
19 73 1.3571428571428572
19 91 -2.0
20 154 -1.3571428571428572
20 178 0.5714285714285714
21 22 0.5714285714285714
21 202 1.7857142857142858
22 23 -1.7857142857142858
22 250 1.3571428571428572
22 268 -0.5714285714285714
22 272 1.3571428571428572
23 24 0.9285714285714286
23 292 2.0
23 298 0.9285714285714286
23 303 0.9285714285714286
23 310 1.3571428571428572
24 316 1.7857142857142858
24 322 1.7857142857142858
24 334 -1.3571428571428572
25 26 -1.3571428571428572
25 32 1.7857142857142858
25 44 1.3571428571428572
25 50 -2.0
25 70 2.0
25 73 2.0
26 27 1.7857142857142858
26 32 0.5714285714285714
26 33 -1.3571428571428572
26 91 -1.3571428571428572
26 111 0.9285714285714286
27 28 1.3571428571428572
27 33 0.9285714285714286
27 34 1.7857142857142858
27 129 0.5714285714285714
27 134 -2.0
27 155 1.3571428571428572
28 29 1.3571428571428572
28 34 2.0
28 35 2.0
28 179 1.7857142857142858
28 203 -1.7857142857142858
29 30 -0.5714285714285714
29 35 1.3571428571428572
29 227 -0.9285714285714286
29 250 -0.5714285714285714
30 31 -1.3571428571428572
30 36 0.5714285714285714
30 269 1.3571428571428572
30 272 0.9285714285714286
30 293 2.0
30 298 1.7857142857142858
31 36 2.0
31 304 -0.9285714285714286
31 310 0.9285714285714286
31 317 1.7857142857142858
31 322 -0.9285714285714286
32 33 -0.5714285714285714
32 70 0.9285714285714286
32 73 -0.9285714285714286
32 91 -1.3571428571428572
33 34 0.9285714285714286
33 111 2.0
33 129 1.3571428571428572
33 134 -1.7857142857142858
34 35 -2.0
34 155 -1.3571428571428572
34 179 -1.3571428571428572
35 203 -1.7857142857142858
35 227 1.3571428571428572
36 293 -2.0
36 298 2.0
36 304 0.5714285714285714
36 310 1.3571428571428572
37 38 -0.5714285714285714
37 44 1.3571428571428572
37 51 0.9285714285714286
37 70 -0.9285714285714286
37 74 2.0
38 39 -0.9285714285714286
38 92 1.7857142857142858
38 112 -0.9285714285714286
39 42 -0.5714285714285714
39 129 -1.3571428571428572
39 135 0.5714285714285714
39 155 1.7857142857142858
39 161 -1.3571428571428572
40 41 -0.5714285714285714
40 269 -0.9285714285714286
40 273 0.9285714285714286
40 293 0.5714285714285714
40 299 -1.3571428571428572
41 304 1.3571428571428572
41 311 -1.3571428571428572
41 317 1.3571428571428572
41 323 2.0
42 155 0.5714285714285714
42 161 -0.5714285714285714
42 179 2.0
42 185 0.9285714285714286
43 44 0.9285714285714286
43 50 1.3571428571428572
44 45 -1.3571428571428572
44 51 -1.7857142857142858
45 46 -2.0
45 51 1.7857142857142858
45 52 0.9285714285714286
45 57 -2.0
45 80 -2.0
46 47 -2.0
46 52 -0.9285714285714286
46 53 1.3571428571428572
46 118 1.7857142857142858
47 48 1.7857142857142858
47 53 -1.7857142857142858
47 54 -0.5714285714285714
47 141 -0.9285714285714286
47 167 1.3571428571428572
48 49 2.0
48 54 0.5714285714285714
48 55 -0.5714285714285714
48 213 0.5714285714285714
49 55 -0.5714285714285714
49 56 0.5714285714285714
49 234 0.5714285714285714
49 256 1.3571428571428572
50 51 1.7857142857142858
51 52 1.7857142857142858
51 57 2.0
52 53 0.9285714285714286
52 80 2.0
53 54 1.3571428571428572
53 118 -0.9285714285714286
53 141 0.9285714285714286
54 55 0.9285714285714286
54 167 1.3571428571428572
55 56 1.3571428571428572
55 213 -1.3571428571428572
55 234 -2.0
56 256 2.0
56 279 -0.5714285714285714
57 58 0.5714285714285714
57 63 -2.0
57 71 0.5714285714285714
57 74 -1.3571428571428572
58 59 -2.0
58 63 1.7857142857142858
58 64 -2.0
58 92 -0.5714285714285714
58 107 1.3571428571428572
58 112 1.3571428571428572
59 64 1.3571428571428572
59 65 -0.9285714285714286
59 130 2.0
59 135 -2.0
59 156 -1.3571428571428572
59 161 -0.5714285714285714
60 65 -0.9285714285714286
60 66 -0.5714285714285714
60 180 -0.9285714285714286
60 185 0.9285714285714286
60 204 1.3571428571428572
60 209 1.3571428571428572
61 62 -0.5714285714285714
61 67 -0.5714285714285714
61 273 -0.9285714285714286
61 294 1.3571428571428572
61 299 -1.3571428571428572
62 67 0.5714285714285714
62 68 -1.3571428571428572
62 305 -0.9285714285714286
62 311 -1.3571428571428572
62 323 -1.7857142857142858
63 64 -1.3571428571428572
63 71 -0.9285714285714286
63 74 -2.0
63 92 1.3571428571428572
64 65 0.9285714285714286
64 107 -0.5714285714285714
64 112 2.0
64 130 0.9285714285714286
64 135 0.9285714285714286
65 66 -0.5714285714285714
65 156 -1.7857142857142858
65 161 0.9285714285714286
65 180 2.0
65 185 -0.5714285714285714
66 204 -2.0
66 209 -1.3571428571428572
67 68 1.3571428571428572
67 294 -0.5714285714285714
67 299 -1.3571428571428572
67 305 0.9285714285714286
67 311 1.3571428571428572
68 323 -1.7857142857142858
68 330 -1.7857142857142858
68 335 0.9285714285714286
69 70 -1.7857142857142858
69 73 0.9285714285714286
70 71 0.9285714285714286
70 73 -0.9285714285714286
70 74 0.5714285714285714
71 72 -0.5714285714285714
71 74 2.0
71 75 0.5714285714285714
71 80 -2.0
71 82 0.5714285714285714
72 75 -0.5714285714285714
72 76 -0.9285714285714286
72 118 1.3571428571428572
72 123 0.9285714285714286
73 74 1.7857142857142858
74 75 -0.5714285714285714
75 76 0.5714285714285714
75 80 -0.5714285714285714
75 82 1.3571428571428572
76 77 2.0
76 118 -2.0
76 123 -1.3571428571428572
76 141 2.0
76 147 -1.7857142857142858
77 78 1.7857142857142858
77 167 -1.7857142857142858
77 172 2.0
78 79 -0.9285714285714286
78 213 -1.3571428571428572
78 220 -0.9285714285714286
78 240 0.9285714285714286
79 256 -0.5714285714285714
79 279 -1.7857142857142858
79 285 2.0
80 81 0.9285714285714286
80 82 -1.7857142857142858
81 82 1.3571428571428572
81 83 0.5714285714285714
81 93 -2.0
81 107 -0.5714285714285714
81 113 0.5714285714285714
82 83 1.3571428571428572
82 93 -1.3571428571428572
83 107 -1.7857142857142858
83 113 -2.0
83 130 1.3571428571428572
83 136 -1.3571428571428572
84 204 -2.0
85 294 0.5714285714285714
85 305 -1.3571428571428572
86 91 -0.5714285714285714
87 88 1.3571428571428572
87 93 -0.5714285714285714
87 94 1.3571428571428572
87 96 1.3571428571428572
87 119 -1.3571428571428572
87 123 -0.9285714285714286
88 89 1.7857142857142858
88 94 -0.5714285714285714
88 147 1.3571428571428572
88 172 1.3571428571428572
89 90 -1.7857142857142858
89 95 -1.7857142857142858
89 191 0.5714285714285714
89 214 2.0
89 220 1.7857142857142858
90 95 0.5714285714285714
90 235 1.7857142857142858
90 240 1.3571428571428572
90 257 1.7857142857142858
91 92 -2.0
92 93 0.5714285714285714
93 94 0.5714285714285714
93 96 1.7857142857142858
94 119 -2.0
94 123 0.9285714285714286
94 147 -1.7857142857142858
95 214 -1.3571428571428572
95 220 1.3571428571428572
95 235 0.5714285714285714
95 240 1.3571428571428572
96 97 -1.7857142857142858
96 100 1.7857142857142858
96 108 0.5714285714285714
96 113 2.0
97 98 -1.7857142857142858
97 100 -1.3571428571428572
97 101 -0.5714285714285714
97 131 -2.0
97 136 0.5714285714285714
97 157 -2.0
97 162 -1.3571428571428572
98 101 -0.9285714285714286
98 102 0.5714285714285714
98 181 0.9285714285714286
98 186 -0.5714285714285714
98 205 0.9285714285714286
99 103 -1.3571428571428572
99 104 -0.5714285714285714
99 270 -1.7857142857142858
99 274 -0.9285714285714286
100 101 -0.9285714285714286
100 108 1.7857142857142858
100 113 1.7857142857142858
100 131 -1.3571428571428572
100 136 0.9285714285714286
101 102 -1.7857142857142858
101 157 0.5714285714285714
101 162 -1.7857142857142858
101 181 1.3571428571428572
101 186 -2.0
102 103 2.0
102 205 -1.7857142857142858
102 228 1.3571428571428572
103 104 2.0
103 246 0.5714285714285714
103 251 0.5714285714285714
103 270 2.0
103 274 0.5714285714285714
104 105 -2.0
104 300 -1.7857142857142858
105 318 1.3571428571428572
105 331 1.3571428571428572
105 336 1.3571428571428572
106 111 -1.7857142857142858
107 108 -0.5714285714285714
107 112 -0.5714285714285714
107 113 0.5714285714285714
108 109 0.9285714285714286
108 113 -1.7857142857142858
108 114 1.3571428571428572
108 119 1.3571428571428572
108 124 2.0
109 114 0.5714285714285714
109 115 -1.7857142857142858
109 148 -0.5714285714285714
109 168 0.5714285714285714
109 173 -1.3571428571428572
110 116 1.3571428571428572
110 117 -1.3571428571428572
110 235 -0.5714285714285714
110 241 1.7857142857142858
110 257 2.0
110 262 -2.0
111 112 2.0
112 113 1.7857142857142858
113 114 -1.7857142857142858
114 115 -1.7857142857142858
114 119 -1.3571428571428572
114 148 -0.5714285714285714
115 116 0.9285714285714286
115 168 -2.0
115 173 -2.0
115 191 -2.0
115 196 2.0
116 117 -0.9285714285714286
116 214 1.7857142857142858
116 221 -0.9285714285714286
116 235 0.9285714285714286
116 241 2.0
117 257 1.3571428571428572
117 262 -1.3571428571428572
117 280 -0.9285714285714286
117 286 -2.0
118 119 1.3571428571428572
118 123 -0.5714285714285714
119 120 2.0
119 123 2.0
119 124 -1.3571428571428572
120 121 0.9285714285714286
120 124 -2.0
120 125 1.7857142857142858
120 131 2.0
120 137 -0.5714285714285714
120 157 -0.5714285714285714
120 163 -0.5714285714285714
121 125 0.5714285714285714
121 126 -2.0
121 181 0.9285714285714286
121 187 2.0
121 205 0.9285714285714286
121 210 -1.3571428571428572
122 127 -0.9285714285714286
122 275 1.7857142857142858
122 295 -2.0
122 301 0.5714285714285714
123 124 0.5714285714285714
124 125 0.9285714285714286
124 131 0.5714285714285714
124 137 0.5714285714285714
125 126 -0.9285714285714286
125 157 -1.7857142857142858
125 163 -1.7857142857142858
125 181 -0.5714285714285714
125 187 0.9285714285714286
126 127 1.3571428571428572
126 205 2.0
126 210 -2.0
126 228 1.3571428571428572
126 230 -0.5714285714285714
127 246 -1.3571428571428572
127 252 -2.0
127 270 -0.5714285714285714
127 275 1.3571428571428572
128 129 -0.9285714285714286
128 134 -0.9285714285714286
129 130 2.0
129 134 1.3571428571428572
129 135 -0.9285714285714286
130 131 -2.0
130 135 0.5714285714285714
130 136 1.3571428571428572
131 132 -2.0
131 136 -2.0
131 137 0.5714285714285714
132 133 -2.0
132 137 0.5714285714285714
132 138 -1.7857142857142858
132 142 -1.3571428571428572
132 148 -0.9285714285714286
132 169 -0.9285714285714286
132 173 -1.7857142857142858
133 138 2.0
133 139 -0.5714285714285714
133 192 1.7857142857142858
133 196 0.5714285714285714
133 215 -1.3571428571428572
133 221 2.0
134 135 -1.3571428571428572
135 136 -1.7857142857142858
136 137 -1.3571428571428572
137 138 1.7857142857142858
137 142 -0.5714285714285714
137 148 -1.7857142857142858
138 139 -1.3571428571428572
138 169 -0.9285714285714286
138 173 1.7857142857142858
138 192 2.0
138 196 0.5714285714285714
139 140 1.3571428571428572
139 215 2.0
139 221 -0.9285714285714286
139 236 2.0
139 241 -0.9285714285714286
140 258 -1.3571428571428572
140 262 -2.0
140 281 1.3571428571428572
140 286 -0.9285714285714286
141 147 1.3571428571428572
142 143 -2.0
142 148 2.0
142 149 0.5714285714285714
142 163 2.0
143 144 2.0
143 149 -1.7857142857142858
143 150 -1.3571428571428572
143 182 -1.7857142857142858
143 187 -0.9285714285714286
143 206 0.5714285714285714
143 210 -2.0
144 145 -1.3571428571428572
144 150 -2.0
144 151 -1.7857142857142858
144 230 -0.5714285714285714
144 247 1.3571428571428572
144 252 -0.5714285714285714
145 146 -0.9285714285714286
145 151 0.9285714285714286
145 152 -1.3571428571428572
145 275 0.5714285714285714
145 296 2.0
145 301 1.7857142857142858
146 152 2.0
146 153 -1.7857142857142858
146 307 -1.7857142857142858
146 312 0.9285714285714286
146 319 2.0
146 325 -0.9285714285714286
147 148 1.7857142857142858
148 149 -1.7857142857142858
149 158 -1.7857142857142858
149 163 0.5714285714285714
149 182 -1.7857142857142858
149 187 2.0
150 151 -0.5714285714285714
150 206 1.3571428571428572
150 210 2.0
150 230 -0.9285714285714286
151 152 -0.5714285714285714
151 247 -1.3571428571428572
151 252 1.3571428571428572
151 275 -1.3571428571428572
152 153 1.3571428571428572
152 296 -1.3571428571428572
152 307 0.9285714285714286
152 312 -1.3571428571428572
153 319 -0.9285714285714286
153 325 -2.0
153 337 1.3571428571428572
154 155 -0.9285714285714286
155 156 1.7857142857142858
155 161 0.5714285714285714
156 157 0.5714285714285714
156 161 -1.3571428571428572
156 162 -0.9285714285714286
157 158 0.5714285714285714
157 162 0.5714285714285714
157 163 1.7857142857142858
158 159 0.5714285714285714
158 163 -1.3571428571428572
158 164 -2.0
158 169 -0.5714285714285714
158 174 1.3571428571428572
159 160 1.3571428571428572
159 164 -1.7857142857142858
159 165 0.9285714285714286
159 192 2.0
159 197 -1.3571428571428572
159 215 1.3571428571428572
160 165 -1.7857142857142858
160 166 -2.0
160 236 -1.3571428571428572
160 242 1.7857142857142858
160 258 2.0
160 263 -0.9285714285714286
161 162 -0.9285714285714286
162 163 -2.0
163 164 1.7857142857142858
164 165 0.5714285714285714
164 169 0.9285714285714286
164 174 2.0
164 192 1.7857142857142858
164 197 0.9285714285714286
165 166 0.9285714285714286
165 215 2.0
165 222 -0.5714285714285714
165 236 -0.5714285714285714
165 242 -1.7857142857142858
166 258 2.0
166 281 -1.7857142857142858
166 287 1.7857142857142858
167 168 -1.7857142857142858
167 172 -1.3571428571428572
168 169 -0.9285714285714286
168 172 -1.3571428571428572
168 173 -0.5714285714285714
169 170 2.0
169 173 -1.7857142857142858
169 174 1.3571428571428572
170 174 -1.7857142857142858
170 175 1.7857142857142858
170 182 -2.0
170 188 2.0
170 206 0.5714285714285714
171 176 -0.9285714285714286
171 296 -1.3571428571428572
171 302 -0.9285714285714286
172 173 -1.3571428571428572
173 174 2.0
174 175 -1.7857142857142858
174 182 -0.9285714285714286
174 188 -2.0
175 176 2.0
175 206 -0.9285714285714286
175 231 0.5714285714285714
176 247 -0.5714285714285714
176 253 0.9285714285714286
176 276 2.0
177 319 1.7857142857142858
177 326 -1.7857142857142858
177 338 -1.3571428571428572
178 179 0.9285714285714286
179 180 0.5714285714285714
179 185 -1.7857142857142858
180 181 -0.5714285714285714
180 185 -1.3571428571428572
180 186 2.0
181 182 0.9285714285714286
181 186 -0.5714285714285714
181 187 1.3571428571428572
182 183 0.5714285714285714
182 187 -0.5714285714285714
182 188 0.5714285714285714
183 184 -0.9285714285714286
183 188 0.5714285714285714
183 189 2.0
183 193 2.0
183 197 -0.5714285714285714
183 216 1.3571428571428572
183 222 -2.0
184 189 -0.9285714285714286
184 190 -1.7857142857142858
184 237 -0.9285714285714286
184 242 1.3571428571428572
184 259 -1.7857142857142858
184 263 -0.5714285714285714
185 186 1.7857142857142858
186 187 -0.9285714285714286
187 188 1.3571428571428572
188 189 2.0
188 193 2.0
188 197 -2.0
189 190 1.7857142857142858
189 222 -0.9285714285714286
189 237 -0.9285714285714286
189 242 -2.0
190 259 0.5714285714285714
190 263 -1.3571428571428572
190 287 -1.3571428571428572
191 192 1.3571428571428572
191 196 1.7857142857142858
192 193 -1.3571428571428572
192 196 1.7857142857142858
192 197 2.0
193 197 -1.7857142857142858
193 198 -0.5714285714285714
193 207 0.9285714285714286
194 195 -1.7857142857142858
194 199 -0.9285714285714286
194 200 -0.9285714285714286
194 276 1.7857142857142858
194 297 -0.9285714285714286
194 302 -0.9285714285714286
195 200 0.9285714285714286
195 201 -0.9285714285714286
195 308 -1.7857142857142858
195 313 -1.7857142857142858
195 320 2.0
195 326 -0.5714285714285714
196 197 2.0
197 198 -1.7857142857142858
198 199 -1.3571428571428572
198 207 1.3571428571428572
198 229 1.3571428571428572
198 231 1.3571428571428572
199 200 0.9285714285714286
199 248 -0.9285714285714286
199 253 -1.3571428571428572
199 276 -1.3571428571428572
200 201 1.3571428571428572
200 297 1.7857142857142858
200 302 0.9285714285714286
200 308 -0.9285714285714286
200 313 -0.9285714285714286
201 320 -1.7857142857142858
201 326 2.0
201 332 1.3571428571428572
201 338 -0.9285714285714286
202 203 0.9285714285714286
203 204 0.5714285714285714
203 209 0.9285714285714286
204 205 1.3571428571428572
204 209 -1.7857142857142858
205 206 2.0
205 210 -0.9285714285714286
206 207 -1.3571428571428572
206 210 0.9285714285714286
207 208 1.3571428571428572
207 211 1.3571428571428572
207 216 -1.7857142857142858
207 223 -2.0
208 211 -0.9285714285714286
208 212 2.0
208 237 0.5714285714285714
208 243 0.9285714285714286
208 259 0.9285714285714286
208 264 -2.0
211 212 -2.0
211 216 -0.9285714285714286
211 223 2.0
211 243 1.3571428571428572
212 288 -1.3571428571428572
213 220 -1.7857142857142858
214 215 -1.3571428571428572
214 220 0.9285714285714286
214 221 -0.5714285714285714
215 216 -2.0
215 221 0.5714285714285714
215 222 -0.5714285714285714
216 217 1.3571428571428572
216 222 -1.3571428571428572
216 223 0.9285714285714286
217 218 1.3571428571428572
217 223 1.3571428571428572
217 224 -2.0
217 229 -1.3571428571428572
217 232 1.7857142857142858
217 248 -2.0
217 254 -1.7857142857142858
218 219 -0.9285714285714286
218 224 -0.9285714285714286
218 277 0.9285714285714286
218 297 -2.0
219 225 1.7857142857142858
219 226 1.3571428571428572
219 308 -1.3571428571428572
219 314 0.5714285714285714
219 320 -0.5714285714285714
219 327 1.3571428571428572
220 221 0.5714285714285714
221 222 2.0
223 224 0.9285714285714286
223 229 -1.3571428571428572
223 232 0.5714285714285714
224 225 1.3571428571428572
224 248 2.0
224 254 1.7857142857142858
224 277 0.9285714285714286
225 226 -0.5714285714285714
225 297 0.9285714285714286
225 308 1.3571428571428572
225 314 -1.3571428571428572
226 320 0.5714285714285714
226 327 -0.5714285714285714
226 332 0.9285714285714286
226 339 -0.9285714285714286
228 230 1.7857142857142858
229 231 0.5714285714285714
229 232 2.0
230 231 -0.5714285714285714
231 232 -0.5714285714285714
232 233 -2.0
232 243 2.0
233 264 -0.9285714285714286
233 282 -0.5714285714285714
233 288 -1.3571428571428572
234 240 2.0
235 236 -0.5714285714285714
235 240 -2.0
235 241 0.5714285714285714
236 237 1.3571428571428572
236 241 -2.0
236 242 -1.7857142857142858
237 242 2.0
237 243 -1.3571428571428572
238 244 -0.9285714285714286
238 245 2.0
238 271 1.3571428571428572
238 277 1.3571428571428572
239 245 0.9285714285714286
239 309 -0.5714285714285714
239 314 -0.5714285714285714
239 321 -0.5714285714285714
239 327 0.9285714285714286
241 242 0.5714285714285714
242 243 -2.0
243 244 -2.0
244 245 0.5714285714285714
244 249 -1.3571428571428572
244 254 -1.3571428571428572
244 271 -1.7857142857142858
244 277 2.0
245 309 1.7857142857142858
245 314 1.3571428571428572
246 247 -0.9285714285714286
246 251 -0.5714285714285714
246 252 -1.7857142857142858
247 248 -1.7857142857142858
247 252 0.5714285714285714
247 253 -0.9285714285714286
248 249 1.7857142857142858
248 253 -2.0
248 254 -0.9285714285714286
249 254 -1.3571428571428572
249 255 2.0
249 265 0.9285714285714286
251 252 -0.9285714285714286
252 253 1.3571428571428572
255 265 2.0
255 282 1.7857142857142858
255 289 0.9285714285714286
256 257 -0.5714285714285714
257 258 -0.9285714285714286
257 262 -1.7857142857142858
258 259 -1.3571428571428572
258 262 0.9285714285714286
258 263 2.0
259 263 -0.9285714285714286
259 264 -0.9285714285714286
260 261 1.7857142857142858
260 265 2.0
260 266 1.3571428571428572
260 271 0.5714285714285714
260 278 -2.0
261 309 -2.0
261 315 1.7857142857142858
261 321 -1.3571428571428572
261 328 0.5714285714285714
263 264 0.5714285714285714
264 265 1.3571428571428572
265 266 -0.9285714285714286
265 271 -1.7857142857142858
265 278 -2.0
266 267 -0.5714285714285714
266 309 -1.7857142857142858
266 315 -1.7857142857142858
267 321 -1.7857142857142858
267 333 1.7857142857142858
267 340 -2.0
268 269 -1.7857142857142858
268 272 1.3571428571428572
269 272 2.0
269 273 -0.5714285714285714
270 274 -1.7857142857142858
270 275 0.9285714285714286
271 277 0.5714285714285714
271 278 -2.0
272 273 -1.3571428571428572
273 274 -0.9285714285714286
274 275 1.7857142857142858
275 276 1.3571428571428572
276 277 0.9285714285714286
277 278 -2.0
278 283 0.5714285714285714
278 289 -0.5714285714285714
279 280 1.7857142857142858
279 285 0.5714285714285714
280 281 0.5714285714285714
280 285 1.3571428571428572
280 286 -2.0
281 286 1.7857142857142858
281 287 -2.0
282 283 2.0
282 288 0.9285714285714286
282 289 1.7857142857142858
283 289 -0.5714285714285714
283 290 -0.9285714285714286
284 290 0.5714285714285714
284 291 1.7857142857142858
284 315 0.5714285714285714
284 328 0.9285714285714286
285 286 2.0
286 287 2.0
287 288 -0.5714285714285714
288 289 2.0
289 290 1.3571428571428572
290 291 0.5714285714285714
290 315 1.7857142857142858
291 328 -0.9285714285714286
291 340 -0.9285714285714286
292 293 -2.0
292 298 -1.7857142857142858
293 294 1.7857142857142858
293 298 2.0
293 299 -2.0
294 295 0.9285714285714286
294 299 -1.7857142857142858
294 300 0.9285714285714286
295 296 1.7857142857142858
295 300 -1.3571428571428572
295 301 1.3571428571428572
296 297 -1.7857142857142858
296 301 1.3571428571428572
296 302 -1.3571428571428572
297 302 0.5714285714285714
298 299 1.3571428571428572
299 300 -2.0
300 301 0.5714285714285714
301 302 2.0
303 304 -1.7857142857142858
304 305 -0.5714285714285714
304 311 -1.3571428571428572
305 306 1.7857142857142858
305 311 1.7857142857142858
306 307 -2.0
306 312 0.9285714285714286
307 308 -1.3571428571428572
307 312 0.5714285714285714
307 313 -0.9285714285714286
308 309 -1.7857142857142858
308 313 -0.5714285714285714
308 314 0.9285714285714286
309 314 -0.5714285714285714
309 315 -0.5714285714285714
310 311 1.7857142857142858
312 313 -2.0
313 314 -0.5714285714285714
314 315 2.0
316 317 2.0
316 322 -2.0
317 322 -0.9285714285714286
317 323 0.9285714285714286
318 319 -1.7857142857142858
318 324 1.7857142857142858
318 325 1.3571428571428572
319 320 -0.5714285714285714
319 325 -1.7857142857142858
319 326 -2.0
320 321 -1.3571428571428572
320 326 -1.7857142857142858
320 327 1.7857142857142858
321 327 2.0
321 328 -0.5714285714285714
322 323 -1.7857142857142858
323 324 1.7857142857142858
324 325 1.3571428571428572
325 326 1.3571428571428572
327 328 -1.3571428571428572
329 330 -2.0
329 334 2.0
329 335 -1.3571428571428572
330 331 1.3571428571428572
330 335 -2.0
330 336 -1.3571428571428572
331 336 0.5714285714285714
331 337 0.9285714285714286
332 333 0.9285714285714286
332 338 -2.0
332 339 2.0
333 339 -0.5714285714285714
333 340 -1.7857142857142858
334 335 -0.9285714285714286
335 336 -1.7857142857142858
336 337 -1.3571428571428572
337 338 0.9285714285714286
338 339 0.9285714285714286
339 340 -0.5714285714285714
