839 3399
1 1 -5.357142857142858
2 2 6.928571428571429
3 3 1.285714285714286
4 4 -0.6428571428571428
5 5 -1.4285714285714286
6 6 -2.142857142857143
7 7 0.1428571428571428
8 8 -0.1428571428571428
9 9 0.9285714285714284
10 10 2.2142857142857144
11 11 1.5714285714285716
12 12 -5.642857142857142
13 13 -5.357142857142858
14 14 -6.357142857142857
15 15 3.285714285714286
16 16 2.142857142857143
17 17 2.2857142857142856
18 18 3.5714285714285716
19 19 -4.285714285714286
20 20 2.8571428571428568
22 22 1.428571428571429
23 23 4.714285714285715
24 24 4.071428571428572
25 25 -7.428571428571429
27 27 2.214285714285714
28 28 -0.1428571428571428
29 29 2.1428571428571423
30 30 -5.571428571428572
31 31 1.9285714285714286
32 32 0.9285714285714286
33 33 1.357142857142857
34 34 -0.2857142857142856
35 35 -1.5714285714285714
36 36 -3.2857142857142856
37 37 1.5714285714285714
38 38 -3.1428571428571432
39 39 -3.1428571428571432
40 40 2.0
41 41 1.0
42 42 -4.0
43 43 3.6428571428571432
44 44 -2.7142857142857144
45 45 0.0714285714285714
46 46 -3.785714285714286
47 47 -2.428571428571428
48 48 -3.6428571428571432
49 49 -1.5714285714285712
50 50 -0.0714285714285714
51 51 -0.14285714285714257
52 52 3.5
53 53 -0.785714285714286
54 54 1.0
55 55 5.357142857142858
56 56 -4.0
57 57 -2.928571428571429
58 58 -6.714285714285714
59 59 -0.07142857142857117
60 60 -3.928571428571429
61 61 -5.142857142857142
62 62 -5.142857142857143
63 63 -0.2857142857142858
64 64 -2.0714285714285716
66 66 -3.7142857142857144
67 67 -1.0
68 68 -4.428571428571429
69 69 2.4285714285714284
70 70 0.1428571428571428
71 71 4.2857142857142865
72 72 0.2142857142857142
73 73 6.357142857142856
74 74 -0.4999999999999998
75 75 -1.0714285714285714
76 76 0.07142857142857162
77 77 -3.928571428571429
78 78 -4.642857142857142
79 79 1.5714285714285714
80 80 -0.2857142857142858
81 81 -2.857142857142857
82 82 4.857142857142858
83 83 2.857142857142857
84 84 -2.5714285714285716
85 85 -0.7857142857142858
86 86 -0.7142857142857142
87 87 5.214285714285714
88 88 -5.142857142857143
89 89 3.1428571428571432
90 90 1.6428571428571426
91 91 1.7857142857142856
92 92 -0.4285714285714286
93 93 -2.5
94 94 -1.928571428571429
95 95 -6.2857142857142865
96 96 0.7142857142857144
97 97 4.571428571428571
98 98 6.142857142857144
99 99 -0.6428571428571428
100 100 0.14285714285714302
101 101 1.4285714285714286
102 102 4.642857142857143
103 103 1.5714285714285714
104 104 7.2142857142857135
105 105 6.42857142857143
106 106 -1.1428571428571426
107 107 -4.428571428571429
108 108 -5.785714285714286
109 109 0.2857142857142858
110 110 -4.0
111 111 -2.428571428571429
112 112 -2.642857142857143
113 113 3.2857142857142856
114 114 7.142857142857142
115 115 0.9285714285714286
116 116 9.571428571428573
117 117 2.4285714285714284
118 118 -2.857142857142857
119 119 3.5
120 120 8.857142857142858
121 121 -4.357142857142858
122 122 0.14285714285714235
123 123 10.071428571428571
124 124 -2.428571428571429
125 125 -0.9285714285714286
126 126 -3.928571428571429
127 127 2.0
128 128 -5.5
129 129 1.0714285714285718
130 130 -6.357142857142858
131 131 5.0
132 132 -0.7142857142857144
133 133 -2.1428571428571432
134 134 3.6428571428571432
135 135 -0.2857142857142858
136 136 2.0
137 137 -2.428571428571429
138 138 -2.2142857142857144
139 139 1.2857142857142858
140 140 0.1428571428571428
141 141 -1.0000000000000002
142 142 0.5
143 143 1.2142857142857142
144 144 1.7857142857142856
145 145 2.8571428571428568
146 146 -1.4285714285714286
147 147 -5.785714285714286
148 148 -9.785714285714285
149 149 -1.3571428571428572
150 150 4.214285714285714
151 151 0.7857142857142854
152 152 -4.214285714285714
153 153 -0.357142857142857
154 154 1.0
155 155 -2.6428571428571432
156 156 -5.357142857142858
157 157 5.071428571428572
158 158 1.928571428571429
159 159 3.8571428571428568
160 160 0.3571428571428572
161 161 3.7142857142857144
162 162 -0.14285714285714324
163 163 -3.2857142857142856
164 164 -2.571428571428571
165 165 2.5
166 166 -4.642857142857143
167 167 -1.5
168 168 -0.7857142857142854
169 169 6.142857142857143
170 170 -1.4999999999999998
171 171 -2.3571428571428577
172 172 -5.928571428571429
173 173 1.5
174 174 -6.071428571428572
175 175 -4.428571428571429
176 176 0.6428571428571432
177 177 2.428571428571429
178 178 -0.2142857142857142
179 179 4.0
180 180 3.5
181 181 3.071428571428571
182 182 2.1428571428571432
183 183 3.5714285714285716
184 184 -2.2142857142857144
185 185 4.5
186 186 -1.7857142857142858
187 187 1.3571428571428572
188 188 0.4999999999999998
189 189 2.0
190 190 -1.4285714285714286
191 191 -3.5
192 192 -3.3571428571428577
193 193 1.1428571428571428
194 194 2.7857142857142856
195 195 2.0
196 196 3.642857142857143
197 197 3.357142857142857
198 198 5.5
199 199 4.571428571428572
200 200 -0.1428571428571428
201 201 0.5000000000000002
202 202 3.0
203 203 -0.857142857142857
204 204 -2.2857142857142856
205 205 -2.3571428571428568
206 206 1.7142857142857142
207 207 -0.21428571428571397
208 208 2.0
209 209 1.7142857142857144
210 210 5.428571428571429
211 211 1.7142857142857144
212 212 6.285714285714286
213 213 3.2142857142857144
214 214 -3.928571428571429
215 215 -1.5714285714285716
216 216 -1.5
217 217 -8.000000000000002
218 218 -7.0
219 219 6.714285714285715
220 220 1.5714285714285714
221 221 6.5
222 222 0.5000000000000007
223 223 1.9285714285714288
224 224 2.0
225 225 -6.857142857142857
226 226 -9.428571428571429
227 227 -4.357142857142857
228 228 -1.7142857142857142
229 229 2.428571428571429
230 230 -1.7142857142857144
231 231 -0.7142857142857144
232 232 -1.7857142857142858
233 233 4.0
234 234 0.3571428571428572
235 235 3.428571428571429
236 236 3.428571428571429
237 237 0.7142857142857144
238 238 4.857142857142858
239 239 0.35714285714285743
240 240 1.0714285714285716
241 241 2.428571428571429
242 242 1.7857142857142858
243 243 0.07142857142857162
244 244 0.0714285714285714
245 245 0.2142857142857144
246 246 1.7142857142857144
247 247 4.857142857142858
248 248 4.285714285714286
249 249 -1.285714285714286
250 250 0.8571428571428572
251 251 -2.6428571428571432
252 252 0.0714285714285714
253 253 -4.928571428571429
254 254 -0.2857142857142858
255 255 0.0714285714285714
256 256 -0.7857142857142856
257 257 2.2142857142857144
258 258 3.3571428571428577
259 259 -3.2142857142857144
260 260 -1.1428571428571428
261 261 -3.785714285714286
262 262 -0.5
263 263 -5.071428571428572
264 264 -2.7142857142857144
265 265 -0.642857142857143
266 266 3.357142857142857
267 267 1.7857142857142854
268 268 -5.285714285714285
269 269 -2.0
270 270 -0.4285714285714284
271 271 0.785714285714286
272 272 -6.142857142857143
273 273 -9.285714285714286
274 274 -2.2857142857142856
275 275 4.428571428571429
276 276 2.2857142857142856
277 277 1.7857142857142858
278 278 1.142857142857143
279 279 7.0
280 280 -1.0
281 281 -0.9999999999999998
282 282 -0.4285714285714286
283 283 5.857142857142858
284 284 -3.428571428571429
285 285 4.714285714285714
286 286 1.6428571428571428
287 287 3.5
288 288 0.1428571428571428
289 289 3.785714285714286
290 290 1.7142857142857144
291 291 3.6428571428571432
292 292 -3.4999999999999996
293 293 -1.2857142857142856
294 294 4.285714285714286
295 295 1.9285714285714286
296 296 4.714285714285714
297 297 -0.1428571428571428
298 298 1.5714285714285718
299 299 2.0
300 300 4.928571428571429
301 301 3.2857142857142856
302 302 0.4285714285714284
303 303 2.357142857142857
304 304 -0.2142857142857144
305 305 -5.714285714285714
306 306 -1.5714285714285712
307 307 -2.0
308 308 -4.357142857142857
309 309 0.7857142857142856
310 310 -2.357142857142857
311 311 2.928571428571429
312 312 0.357142857142857
313 313 -2.428571428571429
314 314 0.9285714285714286
315 315 0.5000000000000002
316 316 2.8571428571428577
317 317 2.2857142857142856
318 318 3.7142857142857144
319 319 0.21428571428571397
320 320 -0.8571428571428572
321 321 2.6428571428571432
322 322 -3.6428571428571423
323 323 1.7142857142857146
324 324 -2.071428571428571
325 325 0.1428571428571428
326 326 5.428571428571428
327 327 2.571428571428571
328 328 -0.5714285714285714
329 329 -2.2142857142857144
330 330 4.714285714285714
331 331 3.3571428571428568
332 332 -1.0714285714285716
333 333 -2.5000000000000004
334 334 7.642857142857142
335 335 4.428571428571429
336 336 -0.8571428571428577
337 337 2.000000000000001
338 338 -0.14285714285714324
339 339 1.2142857142857142
340 340 2.928571428571429
341 341 -3.428571428571429
342 342 -1.9285714285714286
343 343 6.2857142857142865
344 344 -0.7142857142857142
345 345 -8.785714285714286
346 346 -0.9285714285714286
347 347 -5.214285714285714
348 348 4.214285714285714
350 350 -2.5
351 351 -1.0
352 352 -4.142857142857142
353 353 -1.8571428571428572
354 354 -0.4999999999999998
355 355 -5.928571428571429
356 356 -2.571428571428571
357 357 4.571428571428572
358 358 -2.6428571428571432
359 359 -0.5000000000000004
360 360 -1.0714285714285716
361 361 1.6428571428571423
362 362 2.2142857142857144
363 363 -5.642857142857143
364 364 5.5
365 365 0.2142857142857142
366 366 -2.6428571428571432
367 367 -3.2142857142857144
368 368 -2.1428571428571432
369 369 -4.642857142857142
370 370 2.5714285714285707
371 371 -0.2142857142857142
372 372 5.285714285714286
373 373 3.6428571428571423
374 374 2.5
375 375 2.7142857142857144
376 376 2.1428571428571432
377 377 -3.0
378 378 -0.9999999999999998
379 379 5.0
380 380 -3.0000000000000004
381 381 -6.5
382 382 -1.2857142857142858
383 383 6.714285714285714
384 384 5.571428571428571
385 385 3.071428571428571
386 386 -1.928571428571428
387 387 3.2857142857142856
388 388 -2.2142857142857144
389 389 2.5
390 390 6.5
391 391 4.500000000000001
392 392 -2.642857142857143
393 393 3.2142857142857144
394 394 -5.2857142857142865
395 395 -3.6428571428571432
396 396 4.0
397 397 -1.142857142857143
398 398 1.7142857142857146
399 399 -1.0000000000000002
400 400 -1.7142857142857146
401 401 1.9285714285714288
402 402 -0.9285714285714286
403 403 -4.357142857142858
404 404 2.2142857142857144
405 405 1.3571428571428572
406 406 -0.6428571428571428
407 407 1.7142857142857142
408 408 -1.5714285714285716
409 409 2.928571428571429
410 410 0.857142857142857
411 411 -0.14285714285714302
412 412 -0.7857142857142858
413 413 4.357142857142858
414 414 -2.1428571428571423
415 415 2.1428571428571432
416 416 1.8571428571428568
417 417 4.428571428571429
418 418 1.642857142857143
419 419 4.357142857142858
420 420 -1.4285714285714286
421 421 -3.5714285714285716
422 422 8.142857142857142
423 423 0.0714285714285714
424 424 -0.5714285714285714
426 426 2.7857142857142856
427 427 -2.357142857142857
428 428 1.285714285714286
429 429 -2.071428571428571
430 430 -3.1428571428571432
431 431 2.2142857142857144
432 432 3.928571428571429
433 433 -2.571428571428571
434 434 -8.285714285714285
435 435 -2.928571428571429
436 436 -3.0
437 437 3.3571428571428568
438 438 5.357142857142858
439 439 -1.9285714285714286
440 440 -2.642857142857143
441 441 1.214285714285714
442 442 -0.2142857142857144
443 443 0.7857142857142858
444 444 0.07142857142857117
445 445 -0.4285714285714286
446 446 -6.857142857142858
447 447 1.5714285714285714
448 448 -2.428571428571428
449 449 1.8571428571428568
450 450 2.0
451 451 1.9285714285714286
452 452 -0.2857142857142858
453 453 -1.928571428571428
454 454 -2.785714285714285
455 455 3.571428571428572
456 456 -1.357142857142857
457 457 4.428571428571429
458 458 -0.4285714285714286
459 459 -4.2142857142857135
460 460 -5.714285714285715
461 461 2.7857142857142856
462 462 3.071428571428571
463 463 6.7857142857142865
464 464 1.7857142857142858
465 465 7.142857142857142
466 466 6.571428571428571
467 467 -3.2142857142857144
468 468 -1.7142857142857142
469 469 -0.8571428571428572
470 470 8.5
471 471 -1.5714285714285716
472 472 -6.571428571428573
473 473 -6.2142857142857135
474 474 -8.071428571428571
475 475 2.928571428571429
476 476 -0.3571428571428572
477 477 2.7857142857142856
478 478 -0.07142857142857117
479 479 2.5
480 480 -2.928571428571429
481 481 -3.0
482 482 -0.7857142857142858
483 483 -1.1428571428571423
484 484 -0.14285714285714302
485 485 -1.1428571428571428
486 486 1.1428571428571428
487 487 -1.6428571428571428
488 488 -0.8571428571428572
489 489 -0.21428571428571375
490 490 -6.285714285714286
491 491 -1.6428571428571428
492 492 -2.5
493 493 0.4285714285714286
494 494 -1.2142857142857144
495 495 -3.8571428571428568
496 496 -9.928571428571429
497 497 -0.14285714285714257
498 498 1.4285714285714286
499 499 -7.214285714285714
500 500 3.714285714285715
501 501 -0.571428571428571
502 502 0.7857142857142858
503 503 -2.928571428571429
504 504 6.571428571428572
505 505 4.214285714285714
506 506 1.8571428571428572
507 507 1.5000000000000002
508 508 -2.8571428571428577
509 509 -1.9999999999999998
510 510 -3.785714285714286
511 511 -2.5714285714285716
512 512 -5.142857142857143
513 513 0.4999999999999998
515 515 -2.928571428571429
516 516 -3.0
517 517 -0.9285714285714288
518 518 4.071428571428571
519 519 1.3571428571428572
520 520 4.285714285714286
521 521 -1.9999999999999998
522 522 -4.5
523 523 -1.5714285714285712
524 524 -2.7142857142857144
525 525 1.7857142857142856
526 526 -1.3571428571428572
527 527 1.4999999999999998
528 528 -0.571428571428571
529 529 1.0000000000000004
530 530 -0.4285714285714286
531 531 -1.2857142857142854
532 532 -4.071428571428571
533 533 -3.2857142857142856
534 534 1.7142857142857142
535 535 2.2857142857142856
536 536 0.2142857142857144
537 537 1.7857142857142858
538 538 3.3571428571428568
539 539 -4.571428571428571
540 540 2.0714285714285716
541 541 -1.2857142857142856
542 542 0.2142857142857144
543 543 -3.2857142857142856
544 544 5.357142857142858
545 545 -2.7142857142857144
546 546 7.857142857142858
547 547 2.285714285714286
548 548 -2.428571428571429
549 549 1.9285714285714286
550 550 0.6428571428571428
551 551 0.3571428571428572
552 552 -0.8571428571428572
553 553 -2.0
554 554 -5.2857142857142865
555 555 -8.571428571428571
557 557 -3.3571428571428577
558 558 -0.1428571428571428
559 559 -4.0
560 560 3.7142857142857144
561 561 -1.0714285714285714
562 562 -4.571428571428571
563 563 4.928571428571429
564 564 7.357142857142857
565 565 -2.2142857142857144
566 566 -4.500000000000001
567 567 2.357142857142857
568 568 -2.714285714285714
569 569 2.2142857142857144
570 570 0.4285714285714286
571 571 3.071428571428572
572 572 1.5
573 573 -4.571428571428571
574 574 -0.642857142857143
575 575 3.2857142857142856
576 576 2.7142857142857144
577 577 -0.1428571428571428
578 578 -1.4285714285714286
579 579 -0.6428571428571428
580 580 0.5714285714285714
581 581 3.1428571428571423
582 582 0.7142857142857144
583 583 -1.5714285714285714
584 584 -1.9285714285714288
585 585 -4.142857142857143
586 586 -4.928571428571429
587 587 1.0
588 588 -1.7142857142857144
589 589 -4.142857142857144
590 590 -0.4999999999999998
591 591 0.2857142857142858
592 592 -2.428571428571429
593 593 -1.642857142857143
594 594 -1.7857142857142858
595 595 -5.142857142857143
596 596 -4.5
597 597 -6.642857142857143
598 598 -2.7142857142857144
599 599 -2.5
600 600 -2.4999999999999996
601 601 -1.6428571428571428
602 602 -0.5714285714285714
603 603 -6.5
604 604 -3.7857142857142856
605 605 1.3571428571428572
606 606 -2.428571428571429
607 607 -2.642857142857143
608 608 5.42857142857143
609 609 -3.2142857142857144
610 610 -0.4285714285714284
611 611 2.0
612 612 6.285714285714286
613 613 -3.428571428571429
614 614 0.1428571428571428
615 615 2.2142857142857144
616 616 -1.4285714285714284
617 617 3.2142857142857144
618 618 -1.3571428571428574
619 619 3.000000000000001
620 620 -2.1428571428571423
621 621 1.7142857142857142
622 622 -4.928571428571429
623 623 5.2857142857142865
624 624 -0.9285714285714288
625 625 0.07142857142857162
626 626 -0.7142857142857142
627 627 -2.5
628 628 -0.4285714285714286
629 629 -3.5
630 630 1.071428571428572
631 631 7.857142857142858
632 632 -0.7857142857142856
633 633 1.142857142857143
634 634 2.6428571428571432
635 635 -4.0
636 636 -3.2857142857142856
637 637 8.214285714285715
638 638 -1.1428571428571426
639 639 -1.7857142857142858
640 640 1.0
641 641 -2.2142857142857144
642 642 -3.5
643 643 -2.2857142857142856
644 644 0.0714285714285714
645 645 2.428571428571429
646 646 -0.14285714285714257
647 647 2.3571428571428568
648 648 0.2142857142857142
649 649 1.1428571428571432
650 650 4.357142857142858
651 651 7.5
652 652 -2.428571428571429
653 653 -8.142857142857142
654 654 4.5
655 655 -2.1428571428571423
656 656 -4.142857142857142
657 657 1.5714285714285714
658 658 5.714285714285714
659 659 5.357142857142858
660 660 -2.0714285714285716
661 661 0.9285714285714286
662 662 -0.2142857142857144
663 663 -0.7142857142857144
664 664 -0.8571428571428572
665 665 -2.2857142857142856
666 666 -0.1428571428571428
667 667 6.071428571428572
668 668 -5.928571428571429
669 669 -2.1428571428571423
670 670 0.571428571428571
671 671 0.4285714285714286
672 672 3.0714285714285716
673 673 4.714285714285714
674 674 3.0
675 675 -4.071428571428571
676 676 -0.6428571428571426
677 677 -0.9285714285714286
678 678 -4.0
679 679 3.571428571428572
680 680 0.5714285714285714
681 681 -5.214285714285714
682 682 -6.285714285714286
683 683 2.2857142857142856
684 684 2.6428571428571432
685 685 3.7857142857142856
686 686 5.7857142857142865
687 687 0.8571428571428572
688 688 7.857142857142858
689 689 4.857142857142857
690 690 -1.0
691 691 4.642857142857142
692 692 -4.357142857142857
693 693 4.0
694 694 6.142857142857142
695 695 6.857142857142857
696 696 2.2142857142857144
697 697 3.071428571428571
698 698 2.220446049250313e-16
699 699 9.214285714285714
700 700 0.9285714285714286
701 701 0.4285714285714286
702 702 -3.642857142857143
703 703 5.2857142857142865
704 704 -0.785714285714286
705 705 2.2857142857142856
706 706 -2.7857142857142856
707 707 -2.7857142857142856
708 708 -3.7857142857142856
709 709 1.2142857142857144
710 710 -10.214285714285715
711 711 -2.3571428571428577
712 712 -2.071428571428571
713 713 -0.8571428571428572
714 714 -1.2142857142857144
715 715 -2.7142857142857144
716 716 -1.4285714285714286
717 717 6.5
718 718 -3.071428571428571
719 719 4.928571428571428
720 720 0.0714285714285714
721 721 3.8571428571428577
722 722 -0.5
723 723 1.1428571428571432
724 724 2.0
725 725 4.428571428571429
726 726 1.0
727 727 3.571428571428572
728 728 -4.5
729 729 -0.4285714285714286
730 730 2.7857142857142856
731 731 -7.2857142857142865
732 732 -5.428571428571429
733 733 4.214285714285714
734 734 -1.4285714285714286
735 735 4.214285714285714
736 736 -4.440892098500626e-16
737 737 -0.1428571428571428
738 738 0.2857142857142858
739 739 -3.5
740 740 4.928571428571429
741 741 1.2142857142857146
742 742 1.9285714285714282
743 743 0.2857142857142858
744 744 -1.642857142857143
745 745 -1.8571428571428572
746 746 -0.07142857142857117
747 747 -1.9285714285714288
748 748 3.571428571428572
749 749 -1.1428571428571435
750 750 -2.5
751 751 0.2142857142857142
752 752 7.357142857142858
753 753 2.357142857142857
754 754 -5.285714285714286
755 755 -2.2857142857142856
756 756 -3.071428571428571
757 757 -2.2857142857142856
758 758 -1.4285714285714286
759 759 -1.6428571428571428
760 760 2.071428571428571
761 761 0.642857142857143
762 762 4.285714285714286
763 763 2.0
764 764 -0.9285714285714288
765 765 1.5714285714285714
766 766 5.071428571428571
767 767 -3.3571428571428577
768 768 -1.4285714285714284
769 769 4.785714285714286
770 770 1.3571428571428572
771 771 1.2857142857142865
772 772 3.857142857142857
773 773 0.6428571428571428
774 774 -0.7142857142857142
775 775 -1.8571428571428568
776 776 -10.214285714285714
777 777 3.1428571428571432
778 778 6.0
779 779 4.357142857142858
780 780 1.785714285714286
781 781 3.2857142857142856
782 782 -5.285714285714286
783 783 2.071428571428571
784 784 -2.220446049250313e-16
785 785 2.0
786 786 -5.5
787 787 -0.5
788 788 5.142857142857143
789 789 1.7142857142857146
790 790 -0.7857142857142858
791 791 -1.8571428571428572
792 792 3.5
793 793 2.571428571428571
794 794 7.642857142857143
795 795 0.642857142857143
796 796 3.928571428571429
797 797 2.3571428571428577
798 798 3.000000000000001
799 799 1.857142857142857
800 800 2.571428571428571
801 801 3.071428571428572
802 802 4.642857142857142
803 803 1.2142857142857149
804 804 -3.7142857142857144
805 805 -4.5
806 806 -5.428571428571429
807 807 -4.928571428571429
808 808 1.0714285714285714
809 809 -1.2142857142857137
810 810 4.142857142857142
811 811 0.9285714285714286
812 812 3.357142857142857
813 813 1.6428571428571428
814 814 -4.642857142857143
815 815 -5.2142857142857135
816 816 -5.142857142857143
817 817 -0.7142857142857146
818 818 2.571428571428571
819 819 7.5
820 820 1.857142857142857
821 821 2.2857142857142856
822 822 -1.785714285714286
823 823 1.2142857142857144
824 824 -2.928571428571429
825 825 1.8571428571428572
826 826 6.571428571428571
827 827 -5.428571428571429
828 828 1.7142857142857144
829 829 0.7857142857142856
830 830 -1.7857142857142858
831 831 -4.642857142857144
832 832 -1.4999999999999998
833 833 2.071428571428571
834 834 -4.571428571428571
835 835 0.14285714285714257
836 836 1.4999999999999998
837 837 -3.5
838 838 5.071428571428571
839 839 -1.5
1 2 -0.5714285714285714
1 10 2.0
1 44 1.7857142857142858
1 53 0.9285714285714286
1 97 -0.5714285714285714
1 107 1.7857142857142858
2 3 0.5714285714285714
2 10 -1.7857142857142858
2 11 -1.7857142857142858
2 136 -2.0
2 145 -1.7857142857142858
2 169 -1.3571428571428572
2 174 1.7857142857142858
3 11 -0.5714285714285714
3 12 1.3571428571428572
3 223 -1.3571428571428572
3 230 0.5714285714285714
3 272 -0.9285714285714286
3 280 -0.9285714285714286
4 5 1.3571428571428572
4 376 -1.7857142857142858
4 385 -0.9285714285714286
4 412 2.0
5 6 0.5714285714285714
5 452 1.3571428571428572
5 461 -0.9285714285714286
5 491 -0.9285714285714286
6 7 -1.7857142857142858
6 13 1.7857142857142858
6 524 -1.3571428571428572
6 533 0.9285714285714286
6 556 2.0
7 8 -0.9285714285714286
7 13 1.7857142857142858
7 14 1.3571428571428572
7 591 -0.9285714285714286
7 630 -0.5714285714285714
7 641 0.9285714285714286
8 9 0.9285714285714286
8 14 -1.3571428571428572
8 15 0.9285714285714286
8 672 -1.7857142857142858
8 682 0.9285714285714286
8 712 2.0
8 720 -0.5714285714285714
9 15 -1.3571428571428572
9 16 1.7857142857142858
9 749 -0.5714285714285714
9 760 -1.3571428571428572
9 791 0.5714285714285714
9 800 -0.9285714285714286
10 11 -0.5714285714285714
10 97 -0.9285714285714286
10 107 2.0
10 136 -0.9285714285714286
10 145 -2.0
11 12 2.0
11 169 0.9285714285714286
11 174 2.0
11 223 -1.7857142857142858
11 230 -1.7857142857142858
12 272 1.3571428571428572
12 280 -2.0
12 305 2.0
12 313 0.9285714285714286
13 14 1.7857142857142858
13 556 1.3571428571428572
13 591 -1.3571428571428572
14 15 -1.3571428571428572
14 630 2.0
14 641 1.3571428571428572
14 672 0.5714285714285714
14 682 2.0
15 16 0.5714285714285714
15 712 1.7857142857142858
15 720 -0.9285714285714286
15 749 -2.0
15 760 -0.9285714285714286
16 17 -2.0
16 791 -0.9285714285714286
16 800 -0.9285714285714286
16 829 -2.0
16 837 1.3571428571428572
17 35 -1.3571428571428572
17 78 2.0
17 87 -0.9285714285714286
18 19 0.5714285714285714
18 27 -0.5714285714285714
18 205 -1.3571428571428572
18 215 0.9285714285714286
18 258 -1.3571428571428572
18 267 -1.7857142857142858
19 27 0.9285714285714286
19 28 -1.7857142857142858
19 290 2.0
19 298 2.0
19 320 0.5714285714285714
20 21 -0.9285714285714286
20 29 -1.3571428571428572
20 30 1.7857142857142858
20 434 -0.5714285714285714
20 444 -2.0
20 474 2.0
20 482 -1.7857142857142858
21 22 -0.9285714285714286
21 30 0.9285714285714286
21 31 0.5714285714285714
21 508 1.7857142857142858
21 515 -2.0
21 548 0.5714285714285714
22 23 0.5714285714285714
22 31 -0.9285714285714286
22 32 2.0
22 572 -1.7857142857142858
22 583 2.0
22 612 -1.7857142857142858
22 621 -0.5714285714285714
23 24 -0.9285714285714286
23 32 -2.0
23 33 -1.7857142857142858
23 653 -0.9285714285714286
23 664 0.5714285714285714
23 693 -2.0
23 704 1.7857142857142858
24 33 -0.5714285714285714
24 34 -1.3571428571428572
24 729 -0.9285714285714286
24 740 0.9285714285714286
24 772 -1.7857142857142858
24 782 0.5714285714285714
25 26 2.0
25 35 1.3571428571428572
25 36 1.3571428571428572
25 69 1.7857142857142858
25 118 0.9285714285714286
26 36 0.5714285714285714
26 37 -0.5714285714285714
26 154 -1.3571428571428572
26 162 1.3571428571428572
26 194 -2.0
27 28 2.0
27 258 -1.7857142857142858
27 267 -2.0
27 290 0.5714285714285714
27 298 -1.3571428571428572
28 29 -1.3571428571428572
28 320 0.9285714285714286
28 358 0.9285714285714286
28 368 -0.5714285714285714
29 30 -0.5714285714285714
29 395 -2.0
29 434 1.3571428571428572
29 444 1.7857142857142858
30 31 0.5714285714285714
30 474 -0.9285714285714286
30 482 1.7857142857142858
30 515 2.0
31 32 -2.0
31 548 0.9285714285714286
31 572 -2.0
31 583 0.9285714285714286
32 612 -0.9285714285714286
32 621 0.5714285714285714
32 653 2.0
32 664 -0.5714285714285714
33 34 -1.7857142857142858
33 693 1.7857142857142858
33 704 1.3571428571428572
33 729 0.5714285714285714
33 740 -0.9285714285714286
34 35 2.0
34 772 1.3571428571428572
34 782 2.0
34 811 -1.3571428571428572
34 821 -0.5714285714285714
35 36 1.3571428571428572
35 69 -1.7857142857142858
36 37 -0.5714285714285714
36 118 0.5714285714285714
36 154 0.5714285714285714
36 162 -0.5714285714285714
37 243 -1.7857142857142858
37 250 1.3571428571428572
38 39 1.3571428571428572
38 47 2.0
38 195 -2.0
38 251 1.7857142857142858
39 40 -0.9285714285714286
39 47 1.7857142857142858
39 48 0.9285714285714286
39 283 -1.7857142857142858
39 314 1.7857142857142858
40 41 -1.7857142857142858
40 48 0.9285714285714286
40 49 0.5714285714285714
40 349 -1.3571428571428572
40 387 0.5714285714285714
41 49 1.7857142857142858
41 50 0.9285714285714286
41 424 -0.5714285714285714
41 464 -1.3571428571428572
42 43 -0.9285714285714286
42 51 1.3571428571428572
42 565 1.7857142857142858
42 603 1.7857142857142858
43 51 -1.7857142857142858
43 52 -0.5714285714285714
43 644 -0.9285714285714286
43 685 0.5714285714285714
44 45 0.9285714285714286
44 53 1.7857142857142858
44 803 -1.7857142857142858
45 46 1.3571428571428572
45 53 -0.5714285714285714
45 55 -1.7857142857142858
46 54 1.3571428571428572
46 147 2.0
46 177 -0.9285714285714286
47 48 1.7857142857142858
47 251 -1.3571428571428572
47 283 -1.7857142857142858
48 49 1.7857142857142858
48 314 -1.7857142857142858
49 50 -1.7857142857142858
49 387 -1.3571428571428572
49 424 0.5714285714285714
50 464 0.9285714285714286
51 52 -2.0
51 603 2.0
51 644 0.5714285714285714
52 685 -0.9285714285714286
53 55 -1.3571428571428572
54 177 -0.5714285714285714
54 233 -1.7857142857142858
55 61 -1.3571428571428572
55 98 -1.7857142857142858
55 107 0.9285714285714286
56 62 -0.5714285714285714
56 230 2.0
56 273 0.5714285714285714
56 280 2.0
57 58 2.0
57 64 1.3571428571428572
57 385 1.3571428571428572
57 413 -1.7857142857142858
58 64 -2.0
58 65 2.0
58 453 1.3571428571428572
58 461 1.3571428571428572
58 492 2.0
59 60 1.7857142857142858
59 66 0.9285714285714286
59 67 0.5714285714285714
59 592 -0.9285714285714286
59 631 -1.3571428571428572
59 641 -0.9285714285714286
60 67 1.3571428571428572
60 673 -0.5714285714285714
60 682 -1.3571428571428572
60 713 0.9285714285714286
60 720 1.7857142857142858
61 62 2.0
61 98 1.7857142857142858
61 107 0.9285714285714286
61 137 1.7857142857142858
62 63 1.3571428571428572
62 170 2.0
62 174 -0.5714285714285714
62 230 0.9285714285714286
63 273 1.7857142857142858
63 280 -0.5714285714285714
63 306 -1.3571428571428572
63 313 -0.9285714285714286
64 65 0.5714285714285714
64 413 -0.5714285714285714
64 453 0.9285714285714286
64 461 1.7857142857142858
65 66 -0.5714285714285714
65 492 -1.3571428571428572
65 525 -2.0
65 533 1.3571428571428572
66 67 1.3571428571428572
66 592 2.0
67 631 -0.9285714285714286
67 641 -0.9285714285714286
67 673 -1.7857142857142858
67 682 1.3571428571428572
68 69 1.3571428571428572
68 792 1.7857142857142858
68 800 0.9285714285714286
68 830 -0.5714285714285714
68 837 0.9285714285714286
69 79 -1.7857142857142858
69 87 -2.0
70 71 -1.3571428571428572
70 81 1.7857142857142858
70 267 -0.5714285714285714
71 72 -2.0
71 298 -0.9285714285714286
72 73 1.3571428571428572
72 82 -0.9285714285714286
72 368 1.3571428571428572
73 74 -1.7857142857142858
73 82 -2.0
73 83 -1.3571428571428572
73 444 -2.0
73 482 -0.5714285714285714
74 75 -0.9285714285714286
74 83 1.3571428571428572
74 515 0.9285714285714286
74 548 0.9285714285714286
75 76 2.0
75 84 1.3571428571428572
75 583 -1.3571428571428572
76 77 -0.9285714285714286
76 84 -0.5714285714285714
76 85 -0.9285714285714286
76 664 0.9285714285714286
76 704 -0.5714285714285714
77 78 1.7857142857142858
77 85 0.9285714285714286
77 86 1.3571428571428572
77 740 -0.5714285714285714
77 782 1.3571428571428572
78 79 1.3571428571428572
78 86 0.9285714285714286
78 87 0.5714285714285714
78 821 -2.0
79 80 1.7857142857142858
79 87 -2.0
79 88 -0.9285714285714286
80 88 1.7857142857142858
80 89 -1.7857142857142858
80 162 -0.9285714285714286
80 194 -0.5714285714285714
81 267 2.0
81 298 -0.9285714285714286
82 83 -1.3571428571428572
82 444 -0.5714285714285714
83 482 -0.9285714285714286
83 515 -0.5714285714285714
84 85 1.7857142857142858
84 621 -0.5714285714285714
84 664 0.5714285714285714
85 86 -0.5714285714285714
85 704 1.3571428571428572
85 740 -1.7857142857142858
86 87 -1.7857142857142858
86 782 1.3571428571428572
86 821 -0.5714285714285714
87 88 0.9285714285714286
88 89 2.0
88 162 1.3571428571428572
89 194 -2.0
89 250 -1.3571428571428572
90 100 -0.5714285714285714
90 206 -2.0
90 259 0.9285714285714286
91 92 1.7857142857142858
91 101 -2.0
91 349 1.7857142857142858
91 359 -2.0
91 387 -1.3571428571428572
92 93 1.3571428571428572
92 101 0.5714285714285714
92 102 -1.7857142857142858
92 424 -0.5714285714285714
92 464 -0.9285714285714286
93 94 0.5714285714285714
93 102 -1.7857142857142858
93 103 1.7857142857142858
93 543 0.5714285714285714
94 95 -1.3571428571428572
94 103 -1.3571428571428572
94 104 -0.5714285714285714
94 565 1.7857142857142858
94 573 1.3571428571428572
94 603 0.5714285714285714
94 613 0.9285714285714286
95 96 2.0
95 104 0.5714285714285714
95 105 2.0
95 644 0.9285714285714286
95 654 -0.5714285714285714
95 685 0.9285714285714286
95 694 1.7857142857142858
96 97 0.5714285714285714
96 105 -0.9285714285714286
96 106 -0.9285714285714286
96 730 0.5714285714285714
96 773 -2.0
97 98 -0.9285714285714286
97 106 1.3571428571428572
97 107 -1.7857142857142858
97 803 -1.3571428571428572
97 812 -0.9285714285714286
98 99 -1.3571428571428572
98 107 -2.0
98 108 -0.9285714285714286
98 119 -0.9285714285714286
99 108 2.0
99 109 0.5714285714285714
99 147 2.0
99 155 -0.5714285714285714
99 177 -2.0
100 251 1.7857142857142858
100 259 2.0
100 283 -1.3571428571428572
100 291 -2.0
101 387 -0.5714285714285714
101 424 0.5714285714285714
102 103 -2.0
102 464 0.9285714285714286
103 104 -1.3571428571428572
103 543 1.7857142857142858
103 565 -1.3571428571428572
103 573 0.9285714285714286
104 105 -1.7857142857142858
104 603 -0.5714285714285714
104 613 -0.5714285714285714
104 644 -2.0
104 654 -0.9285714285714286
105 106 -1.3571428571428572
105 685 -0.5714285714285714
105 694 -1.7857142857142858
105 730 -2.0
106 107 0.5714285714285714
106 773 0.9285714285714286
106 803 0.5714285714285714
107 108 2.0
108 109 0.9285714285714286
108 119 -0.9285714285714286
108 147 1.7857142857142858
108 155 0.9285714285714286
109 177 -0.9285714285714286
109 233 -1.7857142857142858
109 244 0.9285714285714286
110 111 0.5714285714285714
110 119 0.9285714285714286
110 120 -2.0
110 137 0.9285714285714286
110 170 1.7857142857142858
110 175 1.7857142857142858
111 112 1.7857142857142858
111 120 -1.3571428571428572
111 273 2.0
111 281 -0.5714285714285714
112 113 -1.3571428571428572
112 121 2.0
112 306 -1.7857142857142858
112 347 2.0
113 114 -0.5714285714285714
113 121 -0.5714285714285714
113 122 0.5714285714285714
113 386 -0.9285714285714286
113 413 1.3571428571428572
113 422 -1.7857142857142858
114 115 -1.7857142857142858
114 122 0.9285714285714286
114 123 -2.0
114 453 0.5714285714285714
114 462 -2.0
114 492 -0.9285714285714286
114 500 -1.3571428571428572
115 123 -0.5714285714285714
115 124 2.0
115 525 -0.5714285714285714
115 534 1.7857142857142858
115 563 -1.7857142857142858
116 117 -0.5714285714285714
116 125 -1.7857142857142858
116 126 -1.3571428571428572
116 673 -2.0
116 683 -0.9285714285714286
116 713 -2.0
116 721 -0.9285714285714286
117 118 -2.0
117 126 1.3571428571428572
117 127 -0.9285714285714286
117 750 1.3571428571428572
117 761 0.9285714285714286
117 792 -0.5714285714285714
117 801 -2.0
118 127 2.0
118 830 1.3571428571428572
119 120 -0.5714285714285714
119 137 -2.0
120 170 -1.3571428571428572
120 175 -1.7857142857142858
120 231 -1.7857142857142858
121 122 0.9285714285714286
121 386 2.0
122 123 -2.0
122 413 -1.3571428571428572
122 422 -0.5714285714285714
122 462 1.3571428571428572
123 124 -1.3571428571428572
123 492 -1.7857142857142858
123 500 0.5714285714285714
123 525 -2.0
123 534 -0.9285714285714286
124 125 1.7857142857142858
124 563 -1.3571428571428572
124 592 1.3571428571428572
125 126 2.0
125 631 -2.0
125 642 1.7857142857142858
125 673 0.9285714285714286
125 683 -1.7857142857142858
126 127 -0.5714285714285714
126 713 1.7857142857142858
126 721 -2.0
126 750 0.9285714285714286
126 761 1.7857142857142858
127 792 2.0
127 801 -0.9285714285714286
127 830 -1.7857142857142858
127 838 -1.7857142857142858
128 129 1.7857142857142858
128 139 0.5714285714285714
128 196 -1.3571428571428572
128 206 0.9285714285714286
128 252 1.7857142857142858
128 259 1.7857142857142858
129 130 1.7857142857142858
129 139 -0.9285714285714286
129 140 -0.5714285714285714
129 291 -1.7857142857142858
129 321 -1.3571428571428572
130 131 1.3571428571428572
130 140 1.7857142857142858
130 141 -1.7857142857142858
130 350 2.0
130 359 -0.5714285714285714
130 388 1.7857142857142858
131 132 -2.0
131 141 -0.5714285714285714
131 142 -1.7857142857142858
131 425 -2.0
132 133 1.7857142857142858
132 142 1.3571428571428572
132 502 -1.3571428571428572
132 543 0.9285714285714286
133 134 0.9285714285714286
133 143 -0.5714285714285714
133 566 1.7857142857142858
133 573 -1.7857142857142858
133 604 -0.5714285714285714
133 613 0.5714285714285714
134 135 -1.3571428571428572
134 143 0.9285714285714286
134 654 -1.7857142857142858
134 686 -1.7857142857142858
134 694 -0.5714285714285714
135 136 1.3571428571428572
135 144 -0.5714285714285714
135 722 0.9285714285714286
135 730 1.3571428571428572
135 763 -2.0
135 773 0.5714285714285714
136 137 1.3571428571428572
136 144 -0.5714285714285714
136 145 0.5714285714285714
136 812 -1.7857142857142858
137 138 0.9285714285714286
137 145 -0.5714285714285714
138 146 -0.5714285714285714
138 155 0.9285714285714286
138 178 0.9285714285714286
139 140 -1.7857142857142858
139 252 -0.5714285714285714
139 259 -0.5714285714285714
139 291 2.0
140 141 0.9285714285714286
140 321 -0.9285714285714286
140 350 -0.9285714285714286
140 359 1.3571428571428572
141 142 1.3571428571428572
141 388 -0.9285714285714286
141 425 2.0
142 465 -2.0
142 502 0.5714285714285714
143 604 -1.3571428571428572
143 613 1.7857142857142858
143 654 -2.0
144 145 0.9285714285714286
144 763 1.3571428571428572
144 773 -0.9285714285714286
144 812 -2.0
146 178 -0.9285714285714286
146 234 2.0
146 244 0.9285714285714286
148 149 2.0
148 156 1.7857142857142858
148 157 1.3571428571428572
148 224 -0.9285714285714286
148 231 1.7857142857142858
148 274 2.0
148 281 1.7857142857142858
149 150 -2.0
149 157 -2.0
149 158 0.9285714285714286
149 307 -1.3571428571428572
149 338 1.7857142857142858
149 347 2.0
150 151 1.7857142857142858
150 158 -2.0
150 159 -2.0
150 377 0.5714285714285714
150 386 2.0
150 414 -0.5714285714285714
150 422 -2.0
151 159 -0.5714285714285714
151 462 1.3571428571428572
151 493 -2.0
151 500 -1.3571428571428572
152 153 1.3571428571428572
152 160 1.7857142857142858
152 593 -0.9285714285714286
152 642 2.0
153 160 0.5714285714285714
153 674 -2.0
153 683 1.3571428571428572
153 721 -0.9285714285714286
154 161 -0.5714285714285714
154 162 0.9285714285714286
154 838 -0.5714285714285714
155 156 1.3571428571428572
156 157 -0.9285714285714286
156 175 1.3571428571428572
156 224 1.7857142857142858
157 158 -1.3571428571428572
157 274 -1.3571428571428572
157 281 0.5714285714285714
157 307 -1.3571428571428572
158 159 -1.7857142857142858
158 338 2.0
158 347 1.7857142857142858
158 377 -0.5714285714285714
158 386 -0.9285714285714286
159 414 0.9285714285714286
159 422 -1.7857142857142858
159 462 1.3571428571428572
160 632 -1.3571428571428572
160 642 -1.7857142857142858
160 674 1.3571428571428572
160 683 -0.9285714285714286
161 162 -2.0
161 793 -1.7857142857142858
161 801 2.0
161 838 -1.3571428571428572
163 164 0.5714285714285714
163 196 -0.9285714285714286
163 207 0.9285714285714286
163 252 1.3571428571428572
163 260 1.3571428571428572
164 165 -1.7857142857142858
164 292 1.7857142857142858
164 322 2.0
165 171 1.7857142857142858
165 350 -0.9285714285714286
165 360 1.3571428571428572
165 388 -0.9285714285714286
165 396 -2.0
166 167 1.7857142857142858
166 172 1.3571428571428572
166 566 1.3571428571428572
166 574 -0.9285714285714286
166 604 2.0
166 614 -0.9285714285714286
167 168 -1.7857142857142858
167 655 0.5714285714285714
167 686 0.9285714285714286
168 169 -1.3571428571428572
168 173 1.7857142857142858
168 722 0.9285714285714286
168 731 2.0
168 763 -1.3571428571428572
168 774 0.5714285714285714
169 170 -2.0
169 173 -1.7857142857142858
169 174 -0.5714285714285714
170 174 2.0
170 175 -0.9285714285714286
171 388 1.7857142857142858
171 396 -2.0
171 425 -0.5714285714285714
171 435 1.3571428571428572
172 604 0.5714285714285714
172 614 2.0
172 655 2.0
173 174 -0.5714285714285714
173 763 -0.9285714285714286
174 175 2.0
175 176 2.0
176 178 -1.7857142857142858
176 186 0.9285714285714286
176 234 -1.7857142857142858
177 178 2.0
178 179 -1.7857142857142858
178 186 1.7857142857142858
179 180 -0.5714285714285714
179 186 -1.3571428571428572
179 187 -2.0
179 224 -2.0
179 232 1.3571428571428572
179 274 0.5714285714285714
179 282 1.7857142857142858
180 181 -0.9285714285714286
180 187 -0.5714285714285714
180 188 0.5714285714285714
180 307 2.0
180 338 -2.0
180 348 -2.0
181 182 -1.3571428571428572
181 188 -2.0
181 189 -0.9285714285714286
181 377 1.7857142857142858
181 414 0.9285714285714286
181 423 -0.5714285714285714
182 183 -1.3571428571428572
182 189 -0.9285714285714286
182 190 -0.9285714285714286
182 463 -1.3571428571428572
182 493 1.7857142857142858
182 501 2.0
183 190 0.9285714285714286
183 191 1.3571428571428572
183 526 -1.3571428571428572
183 535 -1.3571428571428572
183 564 -1.7857142857142858
184 185 1.7857142857142858
184 192 1.7857142857142858
184 684 -1.3571428571428572
185 193 -1.7857142857142858
185 751 -2.0
185 762 -1.3571428571428572
185 793 -0.5714285714285714
185 802 -0.5714285714285714
186 187 -0.9285714285714286
186 232 1.3571428571428572
187 188 0.5714285714285714
187 274 2.0
187 282 -1.3571428571428572
187 307 0.9285714285714286
188 189 -1.7857142857142858
188 338 0.9285714285714286
188 348 1.7857142857142858
188 377 -0.5714285714285714
189 190 0.9285714285714286
189 414 1.7857142857142858
189 423 0.9285714285714286
189 463 -2.0
190 191 1.3571428571428572
190 493 -1.7857142857142858
190 501 -0.5714285714285714
190 526 0.5714285714285714
190 535 0.9285714285714286
191 192 1.3571428571428572
191 593 -0.5714285714285714
192 632 2.0
192 643 0.9285714285714286
192 674 -0.9285714285714286
192 684 -1.7857142857142858
193 194 1.7857142857142858
193 793 1.7857142857142858
193 802 -2.0
193 839 -0.9285714285714286
195 196 -1.3571428571428572
195 206 1.3571428571428572
196 197 -1.7857142857142858
196 207 1.7857142857142858
197 198 -0.9285714285714286
197 207 1.3571428571428572
197 208 -2.0
197 216 -1.7857142857142858
197 268 1.7857142857142858
198 199 0.5714285714285714
198 208 -1.7857142857142858
198 209 -2.0
198 330 -1.3571428571428572
199 200 -1.7857142857142858
199 209 -0.9285714285714286
199 210 -1.7857142857142858
199 369 1.3571428571428572
199 405 -2.0
200 201 1.7857142857142858
200 210 0.9285714285714286
200 211 -1.3571428571428572
200 483 0.5714285714285714
201 202 -1.7857142857142858
201 211 -0.5714285714285714
201 212 -0.5714285714285714
201 516 2.0
201 549 -1.3571428571428572
202 203 2.0
202 212 -2.0
202 584 -1.7857142857142858
202 622 0.5714285714285714
203 204 0.5714285714285714
203 213 -1.3571428571428572
203 665 0.5714285714285714
203 705 -0.9285714285714286
204 205 0.9285714285714286
204 213 -0.9285714285714286
204 214 1.3571428571428572
204 741 0.9285714285714286
204 783 -0.5714285714285714
205 214 -0.5714285714285714
205 215 2.0
205 822 1.3571428571428572
206 207 -2.0
207 208 -0.9285714285714286
207 216 -0.9285714285714286
208 209 1.7857142857142858
208 268 0.9285714285714286
209 210 -0.5714285714285714
209 330 -1.3571428571428572
209 369 1.3571428571428572
210 211 -2.0
210 405 -2.0
211 212 -1.7857142857142858
211 483 2.0
211 516 2.0
212 549 -1.3571428571428572
212 584 -0.5714285714285714
213 214 1.7857142857142858
213 705 -0.9285714285714286
213 741 -1.7857142857142858
214 215 -1.3571428571428572
214 783 0.9285714285714286
214 822 1.7857142857142858
216 217 1.7857142857142858
216 225 1.7857142857142858
216 253 2.0
216 260 -1.3571428571428572
217 218 2.0
217 225 0.9285714285714286
217 226 0.9285714285714286
217 292 2.0
217 315 0.9285714285714286
217 322 -0.5714285714285714
218 226 2.0
218 227 -1.3571428571428572
218 351 2.0
218 360 2.0
218 389 -0.5714285714285714
218 396 0.9285714285714286
219 227 -2.0
219 228 -0.9285714285714286
219 426 -1.7857142857142858
219 435 -2.0
219 466 0.9285714285714286
219 475 -0.9285714285714286
220 221 -1.3571428571428572
220 574 -0.5714285714285714
220 605 0.9285714285714286
220 614 -0.5714285714285714
221 222 -1.7857142857142858
221 229 1.3571428571428572
221 645 -2.0
221 655 -1.3571428571428572
221 695 -1.3571428571428572
222 223 -1.3571428571428572
222 229 -2.0
222 723 1.7857142857142858
222 731 0.9285714285714286
222 764 1.3571428571428572
222 774 0.5714285714285714
223 230 2.0
223 804 0.5714285714285714
224 231 0.9285714285714286
224 232 -1.7857142857142858
225 226 1.3571428571428572
225 253 1.3571428571428572
225 260 -0.5714285714285714
225 292 2.0
226 227 1.3571428571428572
226 315 1.3571428571428572
226 322 2.0
226 351 1.3571428571428572
226 360 -0.9285714285714286
227 228 2.0
227 389 0.5714285714285714
227 426 2.0
227 435 1.7857142857142858
228 466 -1.3571428571428572
228 475 2.0
229 695 -0.5714285714285714
229 723 -1.7857142857142858
229 731 0.5714285714285714
230 231 -2.0
231 232 1.7857142857142858
232 235 -0.9285714285714286
233 234 0.9285714285714286
233 244 -1.3571428571428572
234 235 -0.9285714285714286
234 244 -0.5714285714285714
235 236 -2.0
235 245 -1.3571428571428572
235 282 1.7857142857142858
236 245 0.5714285714285714
236 348 -2.0
237 238 -1.3571428571428572
237 246 -1.3571428571428572
237 423 2.0
238 239 -0.9285714285714286
238 246 -1.3571428571428572
238 247 -0.5714285714285714
238 463 -2.0
238 501 1.3571428571428572
239 240 2.0
239 247 -2.0
239 248 1.7857142857142858
239 535 0.5714285714285714
239 564 -1.7857142857142858
240 241 -0.9285714285714286
240 248 -1.7857142857142858
240 602 0.5714285714285714
240 643 -0.9285714285714286
241 242 -0.5714285714285714
241 684 -0.9285714285714286
242 243 0.5714285714285714
242 249 -1.7857142857142858
243 249 0.9285714285714286
243 250 -1.7857142857142858
243 839 2.0
245 282 0.5714285714285714
246 247 1.7857142857142858
246 423 -1.3571428571428572
246 463 0.5714285714285714
247 248 -0.9285714285714286
247 501 -1.7857142857142858
247 535 -1.3571428571428572
248 564 -2.0
248 602 -1.3571428571428572
249 250 0.9285714285714286
249 802 -0.5714285714285714
249 839 1.7857142857142858
251 252 -1.3571428571428572
251 259 1.7857142857142858
252 253 -0.9285714285714286
252 259 -0.9285714285714286
252 260 0.5714285714285714
253 254 1.3571428571428572
253 260 0.9285714285714286
253 261 0.5714285714285714
253 268 0.5714285714285714
253 275 -0.9285714285714286
254 261 1.3571428571428572
254 262 -2.0
254 330 0.9285714285714286
254 339 -1.3571428571428572
255 256 -0.9285714285714286
255 265 -0.5714285714285714
255 594 1.7857142857142858
255 622 0.5714285714285714
255 633 -0.9285714285714286
256 257 -1.7857142857142858
256 665 0.5714285714285714
256 675 2.0
256 705 0.9285714285714286
257 258 0.5714285714285714
257 266 1.3571428571428572
257 741 -0.9285714285714286
257 752 -0.5714285714285714
257 783 0.9285714285714286
257 794 -1.7857142857142858
258 267 0.5714285714285714
258 822 -1.3571428571428572
259 260 -1.7857142857142858
260 261 2.0
261 262 -0.9285714285714286
261 268 1.3571428571428572
261 275 -0.5714285714285714
262 263 0.9285714285714286
262 330 -2.0
262 339 1.7857142857142858
262 369 1.3571428571428572
262 378 1.3571428571428572
263 264 1.7857142857142858
263 405 1.7857142857142858
263 415 0.5714285714285714
264 265 -0.5714285714285714
264 483 0.5714285714285714
264 494 0.9285714285714286
264 516 0.9285714285714286
264 527 -0.9285714285714286
265 549 1.3571428571428572
265 584 1.3571428571428572
265 594 -0.9285714285714286
266 705 -1.3571428571428572
266 741 -1.3571428571428572
266 752 -2.0
268 269 2.0
268 275 -1.3571428571428572
269 275 -2.0
269 276 0.5714285714285714
269 293 1.7857142857142858
269 315 -0.9285714285714286
269 323 0.5714285714285714
270 278 1.7857142857142858
270 575 -1.3571428571428572
270 605 1.7857142857142858
270 615 -1.7857142857142858
271 272 -1.3571428571428572
271 279 -1.7857142857142858
271 723 -1.3571428571428572
271 732 0.5714285714285714
271 764 1.7857142857142858
271 775 1.3571428571428572
272 273 2.0
272 279 0.5714285714285714
272 280 1.3571428571428572
272 804 1.3571428571428572
272 813 1.7857142857142858
273 274 0.5714285714285714
273 280 1.7857142857142858
273 281 0.5714285714285714
274 281 -0.9285714285714286
274 282 -0.5714285714285714
275 276 -1.3571428571428572
275 293 1.7857142857142858
276 315 -0.9285714285714286
276 323 -1.7857142857142858
276 351 1.7857142857142858
276 361 -0.5714285714285714
277 466 -1.7857142857142858
278 605 -2.0
278 615 -0.9285714285714286
278 645 0.5714285714285714
278 656 -0.5714285714285714
279 280 -2.0
279 764 -1.7857142857142858
279 775 0.9285714285714286
279 804 -0.9285714285714286
279 813 -2.0
280 281 1.3571428571428572
281 282 -1.7857142857142858
283 291 -0.9285714285714286
284 285 -2.0
284 293 0.9285714285714286
284 299 0.9285714285714286
284 331 1.7857142857142858
284 339 1.7857142857142858
285 286 1.3571428571428572
285 294 -1.3571428571428572
285 378 -0.9285714285714286
285 415 -1.7857142857142858
286 287 -0.9285714285714286
286 295 -2.0
286 445 0.5714285714285714
286 484 1.3571428571428572
286 494 -2.0
287 288 -1.3571428571428572
287 295 2.0
287 517 -2.0
287 527 0.5714285714285714
287 550 -1.7857142857142858
288 585 1.7857142857142858
288 594 -0.5714285714285714
288 623 -0.9285714285714286
288 633 0.9285714285714286
289 290 -2.0
289 296 -1.3571428571428572
289 297 0.9285714285714286
289 742 -0.9285714285714286
289 784 1.3571428571428572
289 794 -1.7857142857142858
290 297 -1.3571428571428572
290 298 -0.9285714285714286
291 292 -0.9285714285714286
292 293 -1.3571428571428572
293 294 -0.9285714285714286
293 299 -0.9285714285714286
294 331 -1.7857142857142858
294 339 -2.0
294 378 1.7857142857142858
295 484 -2.0
295 494 0.9285714285714286
295 517 0.9285714285714286
295 527 -1.7857142857142858
296 742 -1.3571428571428572
296 752 -2.0
297 298 0.5714285714285714
297 784 0.5714285714285714
297 794 -0.5714285714285714
299 300 -1.7857142857142858
299 308 0.5714285714285714
299 316 -1.3571428571428572
299 323 0.5714285714285714
300 301 -0.9285714285714286
300 308 -2.0
300 309 0.5714285714285714
300 352 -0.5714285714285714
300 361 -2.0
300 390 1.7857142857142858
301 302 -2.0
301 309 1.7857142857142858
301 310 -0.5714285714285714
301 427 -1.3571428571428572
301 436 1.7857142857142858
301 467 -2.0
302 303 -0.5714285714285714
302 310 0.9285714285714286
302 503 1.7857142857142858
302 536 -0.5714285714285714
303 311 -1.3571428571428572
303 567 -1.3571428571428572
303 575 0.9285714285714286
304 305 -0.5714285714285714
304 312 -2.0
304 724 1.7857142857142858
304 732 1.3571428571428572
304 765 -0.9285714285714286
304 775 0.5714285714285714
305 306 0.9285714285714286
305 312 0.9285714285714286
305 313 -1.3571428571428572
305 805 1.7857142857142858
305 813 2.0
306 307 1.7857142857142858
306 313 2.0
308 309 -2.0
308 316 2.0
308 323 2.0
308 352 2.0
308 361 1.7857142857142858
309 310 -2.0
309 390 -0.9285714285714286
309 397 1.7857142857142858
309 427 1.7857142857142858
309 436 -1.7857142857142858
310 467 2.0
310 503 2.0
311 606 -2.0
311 615 -0.9285714285714286
311 656 1.3571428571428572
312 313 1.7857142857142858
312 765 0.9285714285714286
312 775 -0.9285714285714286
312 805 0.9285714285714286
312 813 -2.0
314 321 -0.9285714285714286
315 316 -0.5714285714285714
315 322 0.5714285714285714
315 323 -0.9285714285714286
316 317 -0.5714285714285714
316 323 -1.7857142857142858
316 324 2.0
316 331 -0.5714285714285714
316 340 -2.0
317 324 -1.7857142857142858
317 325 0.9285714285714286
317 379 0.9285714285714286
317 406 -1.7857142857142858
318 326 -1.7857142857142858
318 327 -1.7857142857142858
318 517 -0.5714285714285714
318 528 -0.9285714285714286
318 550 1.3571428571428572
319 320 -2.0
319 329 -0.5714285714285714
319 742 1.7857142857142858
319 753 1.3571428571428572
319 784 0.5714285714285714
319 795 -1.3571428571428572
320 329 1.3571428571428572
321 322 0.5714285714285714
322 323 -0.9285714285714286
323 324 0.5714285714285714
324 325 0.9285714285714286
324 331 0.9285714285714286
324 379 -0.5714285714285714
325 326 -2.0
325 406 -0.9285714285714286
325 416 -2.0
325 445 0.9285714285714286
325 454 2.0
326 327 -1.7857142857142858
326 484 -0.5714285714285714
326 495 1.3571428571428572
326 517 1.3571428571428572
326 528 -2.0
327 328 1.7857142857142858
327 550 -0.5714285714285714
327 585 -2.0
327 595 1.7857142857142858
328 623 -1.7857142857142858
328 634 1.3571428571428572
328 666 0.5714285714285714
328 676 -1.3571428571428572
329 784 -0.5714285714285714
329 795 2.0
330 331 -0.9285714285714286
331 332 -1.3571428571428572
331 339 -2.0
331 340 0.5714285714285714
332 333 1.3571428571428572
332 340 -2.0
332 341 -1.7857142857142858
332 352 1.3571428571428572
332 362 0.5714285714285714
332 390 0.9285714285714286
332 398 2.0
333 334 -0.5714285714285714
333 341 2.0
333 342 -2.0
333 427 0.5714285714285714
333 437 -2.0
333 467 1.3571428571428572
333 476 1.7857142857142858
334 335 0.5714285714285714
334 342 -1.7857142857142858
334 343 -1.3571428571428572
334 503 -1.3571428571428572
334 509 -0.5714285714285714
334 536 -0.5714285714285714
334 544 -2.0
335 336 -2.0
335 343 -1.3571428571428572
335 344 -1.7857142857142858
335 576 -1.3571428571428572
335 606 0.9285714285714286
335 616 0.5714285714285714
336 337 0.5714285714285714
336 646 0.9285714285714286
336 657 1.7857142857142858
336 687 -1.7857142857142858
336 697 1.3571428571428572
337 345 1.7857142857142858
337 724 -1.7857142857142858
337 733 -1.3571428571428572
337 765 -1.7857142857142858
337 776 0.5714285714285714
338 347 -0.5714285714285714
338 348 -2.0
339 340 0.5714285714285714
340 341 0.5714285714285714
340 352 -2.0
340 362 1.3571428571428572
341 342 1.7857142857142858
341 390 -1.3571428571428572
341 398 -0.9285714285714286
341 427 1.3571428571428572
341 437 1.7857142857142858
342 343 1.3571428571428572
342 467 0.5714285714285714
342 476 -1.7857142857142858
342 503 2.0
342 509 1.7857142857142858
343 344 0.5714285714285714
343 536 -1.7857142857142858
343 544 -1.7857142857142858
343 567 -0.5714285714285714
343 576 -1.3571428571428572
344 606 0.5714285714285714
344 616 1.3571428571428572
345 346 0.9285714285714286
345 765 1.3571428571428572
345 776 2.0
345 805 0.9285714285714286
345 814 1.7857142857142858
349 350 -1.3571428571428572
349 359 0.9285714285714286
350 351 0.5714285714285714
350 359 1.3571428571428572
350 360 1.7857142857142858
351 352 -1.3571428571428572
351 360 -2.0
351 361 -1.3571428571428572
352 353 1.7857142857142858
352 361 2.0
352 362 0.9285714285714286
353 354 -1.7857142857142858
353 362 -1.7857142857142858
353 363 0.9285714285714286
353 370 1.7857142857142858
353 379 1.7857142857142858
353 407 0.9285714285714286
353 416 -1.7857142857142858
354 363 2.0
354 364 -2.0
354 446 0.9285714285714286
354 454 0.5714285714285714
354 485 -0.5714285714285714
354 495 1.3571428571428572
355 356 -0.5714285714285714
355 365 1.7857142857142858
355 366 1.7857142857142858
355 586 1.3571428571428572
355 595 -1.3571428571428572
355 624 0.9285714285714286
355 634 2.0
356 357 -1.7857142857142858
356 367 0.9285714285714286
356 667 -1.3571428571428572
356 676 2.0
356 706 2.0
356 714 1.3571428571428572
357 358 0.9285714285714286
357 367 -0.5714285714285714
357 743 -1.3571428571428572
357 753 -2.0
357 785 2.0
357 795 -1.7857142857142858
358 368 1.3571428571428572
358 823 -0.5714285714285714
359 360 -0.5714285714285714
360 361 -0.5714285714285714
361 362 -0.9285714285714286
362 363 0.5714285714285714
362 370 -0.9285714285714286
362 379 -2.0
363 364 -1.7857142857142858
363 407 0.9285714285714286
363 416 1.7857142857142858
363 446 -0.5714285714285714
363 454 1.7857142857142858
364 365 -0.9285714285714286
364 485 -0.5714285714285714
364 495 0.5714285714285714
364 518 -1.3571428571428572
364 528 0.5714285714285714
365 366 -1.3571428571428572
365 551 -0.9285714285714286
365 586 1.7857142857142858
365 595 -0.5714285714285714
366 367 2.0
366 624 1.3571428571428572
366 634 -1.7857142857142858
366 667 -1.3571428571428572
366 676 2.0
367 706 0.5714285714285714
367 714 1.3571428571428572
367 743 -2.0
367 753 0.9285714285714286
369 378 0.5714285714285714
370 371 -1.7857142857142858
370 379 -2.0
370 380 0.9285714285714286
370 398 -0.5714285714285714
371 372 -2.0
371 380 1.3571428571428572
371 381 1.7857142857142858
371 428 -2.0
371 437 1.7857142857142858
371 468 -0.9285714285714286
371 476 2.0
372 373 -2.0
372 381 0.5714285714285714
372 504 0.9285714285714286
372 509 -0.9285714285714286
372 537 -0.9285714285714286
372 544 -0.9285714285714286
373 374 -1.7857142857142858
373 382 1.7857142857142858
373 576 -0.5714285714285714
373 607 0.9285714285714286
373 616 -2.0
374 375 -0.5714285714285714
374 383 -0.5714285714285714
374 647 1.7857142857142858
374 657 -0.9285714285714286
374 688 -1.7857142857142858
374 697 1.3571428571428572
375 376 -1.3571428571428572
375 383 -1.7857142857142858
375 733 -1.3571428571428572
375 766 0.5714285714285714
375 776 1.7857142857142858
376 384 -1.7857142857142858
376 385 -0.5714285714285714
376 806 2.0
376 814 1.3571428571428572
377 386 1.7857142857142858
378 379 -1.7857142857142858
379 380 -1.3571428571428572
380 391 1.3571428571428572
380 398 1.7857142857142858
380 428 0.9285714285714286
380 437 -2.0
381 468 1.3571428571428572
381 476 -0.5714285714285714
381 504 1.3571428571428572
381 509 2.0
382 383 0.9285714285714286
382 607 -0.5714285714285714
382 647 -1.7857142857142858
382 657 0.9285714285714286
383 384 -0.5714285714285714
383 688 -1.7857142857142858
383 697 -2.0
383 733 -0.9285714285714286
384 385 -0.9285714285714286
384 766 -1.3571428571428572
384 776 0.5714285714285714
384 806 -0.9285714285714286
384 814 -0.5714285714285714
385 386 -2.0
387 388 -0.5714285714285714
388 389 2.0
388 396 -0.9285714285714286
389 390 -1.3571428571428572
389 396 -1.7857142857142858
389 397 -1.3571428571428572
390 391 -1.7857142857142858
390 397 -2.0
390 398 -1.7857142857142858
391 392 -1.3571428571428572
391 398 -1.3571428571428572
391 399 0.9285714285714286
391 407 -1.3571428571428572
391 417 -0.9285714285714286
392 393 2.0
392 399 -0.5714285714285714
392 400 0.9285714285714286
392 446 2.0
392 455 -0.5714285714285714
392 485 -1.7857142857142858
392 496 2.0
393 400 -2.0
393 401 -1.7857142857142858
393 518 -2.0
393 529 -1.7857142857142858
393 551 0.5714285714285714
393 557 1.7857142857142858
394 395 1.7857142857142858
394 403 0.9285714285714286
394 404 -0.5714285714285714
394 743 1.3571428571428572
394 754 -0.9285714285714286
394 785 0.9285714285714286
394 796 1.7857142857142858
395 404 0.9285714285714286
395 823 0.9285714285714286
395 831 2.0
396 397 1.7857142857142858
397 398 0.9285714285714286
398 399 -1.7857142857142858
399 400 2.0
399 407 -1.7857142857142858
399 417 1.3571428571428572
399 446 1.7857142857142858
399 455 -0.9285714285714286
400 401 -1.3571428571428572
400 485 0.5714285714285714
400 496 1.7857142857142858
400 518 -2.0
400 529 1.7857142857142858
401 402 -0.5714285714285714
401 551 1.7857142857142858
401 586 -1.3571428571428572
401 596 1.3571428571428572
402 403 0.5714285714285714
402 624 0.9285714285714286
402 635 1.7857142857142858
402 667 -1.7857142857142858
403 404 0.5714285714285714
403 706 1.3571428571428572
403 715 -2.0
403 743 2.0
403 754 0.9285714285714286
404 785 0.5714285714285714
404 796 -0.5714285714285714
404 823 -1.7857142857142858
404 831 -1.3571428571428572
405 406 1.7857142857142858
405 415 -0.9285714285714286
406 407 -1.7857142857142858
406 415 2.0
406 416 1.3571428571428572
407 408 1.7857142857142858
407 416 1.3571428571428572
407 417 -1.7857142857142858
408 409 0.5714285714285714
408 417 -1.3571428571428572
408 418 1.7857142857142858
408 428 1.3571428571428572
408 438 -2.0
408 468 -0.5714285714285714
409 410 -0.5714285714285714
409 418 -0.9285714285714286
409 504 -1.7857142857142858
409 510 1.7857142857142858
409 537 -2.0
410 419 -0.5714285714285714
410 577 0.9285714285714286
410 607 1.3571428571428572
410 617 -2.0
411 412 -0.5714285714285714
411 420 2.0
411 421 0.9285714285714286
411 734 1.3571428571428572
411 766 -1.7857142857142858
411 777 -1.7857142857142858
412 413 -2.0
412 421 1.7857142857142858
412 806 -1.3571428571428572
412 815 0.9285714285714286
413 414 2.0
413 422 -2.0
414 422 -0.9285714285714286
414 423 -2.0
415 416 -2.0
416 417 -0.5714285714285714
417 418 -1.7857142857142858
417 428 2.0
417 438 -1.3571428571428572
418 468 2.0
418 504 -1.3571428571428572
418 510 -1.3571428571428572
419 420 1.3571428571428572
419 607 -1.7857142857142858
419 617 -1.3571428571428572
419 647 -2.0
420 421 -0.9285714285714286
420 688 -1.3571428571428572
420 698 0.9285714285714286
420 734 -0.5714285714285714
421 777 -0.9285714285714286
421 806 1.3571428571428572
421 815 1.3571428571428572
422 423 0.9285714285714286
424 425 0.5714285714285714
425 426 -1.7857142857142858
425 435 1.7857142857142858
426 427 -2.0
426 435 -0.5714285714285714
426 436 1.3571428571428572
427 428 -1.7857142857142858
427 436 2.0
427 437 1.7857142857142858
428 429 -1.7857142857142858
428 437 -1.7857142857142858
428 438 1.7857142857142858
429 430 0.9285714285714286
429 438 -1.7857142857142858
429 439 2.0
429 447 0.9285714285714286
429 455 -0.9285714285714286
429 486 1.3571428571428572
429 496 1.3571428571428572
430 431 1.7857142857142858
430 439 1.3571428571428572
430 440 -1.3571428571428572
430 519 -1.3571428571428572
430 529 -0.9285714285714286
430 552 1.7857142857142858
430 557 0.9285714285714286
431 432 -1.7857142857142858
431 440 2.0
431 441 -0.9285714285714286
431 596 -0.9285714285714286
431 625 -1.7857142857142858
431 635 -0.5714285714285714
432 433 1.7857142857142858
432 441 -0.5714285714285714
432 442 -2.0
432 668 -0.5714285714285714
432 707 -1.3571428571428572
432 715 0.5714285714285714
433 434 2.0
433 442 -1.3571428571428572
433 443 -1.7857142857142858
433 744 1.7857142857142858
433 754 0.5714285714285714
433 786 1.3571428571428572
433 796 -1.7857142857142858
434 443 0.5714285714285714
434 444 1.7857142857142858
434 824 1.3571428571428572
434 831 1.7857142857142858
435 436 0.5714285714285714
436 437 -0.9285714285714286
437 438 -2.0
438 447 -2.0
438 455 2.0
439 440 2.0
439 486 -1.7857142857142858
439 496 -0.5714285714285714
439 519 0.9285714285714286
439 529 -2.0
440 441 -0.5714285714285714
440 552 -0.9285714285714286
440 557 0.9285714285714286
440 596 0.5714285714285714
441 442 0.9285714285714286
441 625 -0.9285714285714286
441 635 1.7857142857142858
441 668 -0.9285714285714286
442 443 0.5714285714285714
442 707 1.7857142857142858
442 715 1.7857142857142858
442 744 -0.5714285714285714
442 754 -0.9285714285714286
443 444 0.9285714285714286
443 786 1.7857142857142858
443 796 -1.3571428571428572
443 824 -0.9285714285714286
443 831 -0.5714285714285714
445 446 0.9285714285714286
445 454 -2.0
446 447 -1.3571428571428572
446 454 1.7857142857142858
446 455 1.3571428571428572
447 448 1.7857142857142858
447 455 -1.3571428571428572
447 456 1.3571428571428572
447 469 -0.9285714285714286
448 449 2.0
448 456 2.0
448 457 -1.3571428571428572
448 505 -1.7857142857142858
448 510 1.7857142857142858
448 538 -2.0
449 450 -0.5714285714285714
449 457 -0.5714285714285714
449 458 -0.9285714285714286
449 577 0.9285714285714286
449 608 -1.7857142857142858
449 617 -0.9285714285714286
450 451 0.9285714285714286
450 458 0.9285714285714286
450 459 -0.9285714285714286
450 648 -2.0
450 658 -0.5714285714285714
450 689 -1.7857142857142858
450 698 2.0
451 452 -1.3571428571428572
451 460 2.0
451 725 -2.0
451 767 -0.9285714285714286
451 777 -0.5714285714285714
452 453 1.7857142857142858
452 460 0.9285714285714286
452 461 -1.7857142857142858
452 807 1.3571428571428572
452 815 -2.0
453 461 -0.9285714285714286
453 462 -1.7857142857142858
454 455 -1.3571428571428572
455 456 -1.7857142857142858
456 457 -0.9285714285714286
456 469 1.3571428571428572
456 505 -2.0
456 510 1.3571428571428572
457 458 1.7857142857142858
457 538 -2.0
457 577 -1.3571428571428572
458 459 0.5714285714285714
458 608 -0.5714285714285714
458 617 2.0
458 648 -1.3571428571428572
458 658 -2.0
459 460 1.3571428571428572
459 689 2.0
459 698 0.5714285714285714
459 725 2.0
459 734 -1.3571428571428572
460 461 -0.9285714285714286
460 767 1.7857142857142858
460 777 0.5714285714285714
460 807 1.3571428571428572
460 815 -1.3571428571428572
461 462 -1.3571428571428572
462 463 -2.0
464 465 -1.3571428571428572
465 466 -1.7857142857142858
465 475 -2.0
466 467 -0.5714285714285714
466 475 -2.0
467 468 0.9285714285714286
467 476 0.9285714285714286
468 469 0.9285714285714286
468 476 -2.0
469 470 0.9285714285714286
469 477 0.5714285714285714
469 486 -2.0
470 471 -2.0
470 477 -1.3571428571428572
470 478 -1.7857142857142858
470 519 -1.3571428571428572
470 530 -0.5714285714285714
470 552 -0.5714285714285714
470 558 -1.7857142857142858
471 472 1.3571428571428572
471 478 1.3571428571428572
471 479 -2.0
471 597 0.9285714285714286
471 625 0.5714285714285714
471 636 1.3571428571428572
472 479 1.7857142857142858
472 480 1.3571428571428572
472 668 1.3571428571428572
472 677 0.9285714285714286
472 707 1.7857142857142858
472 716 -2.0
473 474 0.9285714285714286
473 480 1.3571428571428572
473 481 1.3571428571428572
473 744 2.0
473 755 0.5714285714285714
473 786 1.7857142857142858
473 797 -1.7857142857142858
474 481 1.3571428571428572
474 482 1.3571428571428572
474 824 2.0
474 832 1.3571428571428572
477 478 -1.7857142857142858
477 486 -2.0
477 530 1.7857142857142858
478 479 1.3571428571428572
478 597 0.9285714285714286
479 480 -1.7857142857142858
479 625 0.5714285714285714
479 636 -1.7857142857142858
479 668 1.3571428571428572
479 677 -2.0
480 481 0.5714285714285714
480 707 2.0
480 716 2.0
480 744 -2.0
480 755 -0.5714285714285714
481 482 0.9285714285714286
481 786 -1.3571428571428572
481 797 0.5714285714285714
481 824 0.9285714285714286
481 832 -1.3571428571428572
483 494 -2.0
484 485 1.3571428571428572
484 494 2.0
484 495 -2.0
485 486 0.9285714285714286
485 495 -0.5714285714285714
485 496 1.7857142857142858
486 487 0.5714285714285714
486 496 1.7857142857142858
487 488 -0.9285714285714286
487 505 2.0
487 511 0.5714285714285714
487 538 -0.5714285714285714
488 489 1.7857142857142858
488 578 1.7857142857142858
488 608 -1.7857142857142858
489 490 1.7857142857142858
489 497 2.0
489 498 -1.7857142857142858
489 648 1.7857142857142858
489 659 -2.0
489 689 -1.3571428571428572
489 699 -2.0
490 491 2.0
490 498 0.5714285714285714
490 499 1.7857142857142858
490 725 0.5714285714285714
490 767 1.3571428571428572
490 778 -1.7857142857142858
491 492 0.5714285714285714
491 499 1.3571428571428572
491 816 -1.3571428571428572
492 493 2.0
492 500 2.0
493 500 -1.7857142857142858
493 501 1.3571428571428572
494 495 1.3571428571428572
495 496 1.7857142857142858
497 498 -2.0
497 608 -0.9285714285714286
497 648 2.0
497 659 -0.9285714285714286
498 499 1.7857142857142858
498 689 1.3571428571428572
498 699 -1.3571428571428572
498 725 -0.9285714285714286
498 735 0.9285714285714286
499 767 1.7857142857142858
499 778 -0.5714285714285714
499 807 -0.9285714285714286
499 816 2.0
500 501 -1.7857142857142858
503 504 -0.5714285714285714
503 509 -0.9285714285714286
504 505 -2.0
504 509 -1.3571428571428572
504 510 -1.7857142857142858
505 510 1.3571428571428572
505 511 -1.7857142857142858
506 507 -1.7857142857142858
506 512 -1.3571428571428572
506 513 1.7857142857142858
506 587 -1.7857142857142858
506 597 0.9285714285714286
506 626 0.9285714285714286
506 636 -0.5714285714285714
507 513 -2.0
507 669 -0.9285714285714286
507 677 1.3571428571428572
507 708 0.9285714285714286
507 716 0.9285714285714286
508 514 1.3571428571428572
508 515 2.0
508 825 -0.9285714285714286
508 832 -1.3571428571428572
509 510 2.0
510 511 -1.3571428571428572
511 512 1.7857142857142858
511 520 1.3571428571428572
511 530 2.0
512 513 2.0
512 558 1.3571428571428572
512 587 1.3571428571428572
513 626 -2.0
513 636 0.9285714285714286
513 669 0.5714285714285714
513 677 -1.7857142857142858
514 515 0.5714285714285714
514 787 -1.7857142857142858
514 797 -0.5714285714285714
514 825 -0.9285714285714286
514 832 1.3571428571428572
516 517 -1.3571428571428572
516 527 -0.5714285714285714
517 518 1.3571428571428572
517 527 -0.5714285714285714
517 528 1.7857142857142858
518 519 1.3571428571428572
518 528 -2.0
518 529 0.5714285714285714
519 520 -1.3571428571428572
519 529 1.7857142857142858
519 530 -1.3571428571428572
520 521 -1.7857142857142858
520 530 -0.5714285714285714
520 531 -0.5714285714285714
520 539 -1.3571428571428572
521 531 -1.7857142857142858
521 532 1.7857142857142858
521 568 2.0
521 578 1.7857142857142858
522 523 2.0
522 532 2.0
522 649 1.7857142857142858
522 659 0.5714285714285714
522 690 -0.9285714285714286
522 699 -0.9285714285714286
523 524 0.9285714285714286
523 726 1.7857142857142858
523 735 -1.7857142857142858
523 778 -1.3571428571428572
524 525 1.7857142857142858
524 533 -0.9285714285714286
524 808 0.9285714285714286
524 816 1.3571428571428572
525 526 1.7857142857142858
525 533 0.5714285714285714
525 534 -1.3571428571428572
526 534 -0.5714285714285714
526 535 0.9285714285714286
527 528 1.7857142857142858
528 529 1.3571428571428572
529 530 -1.7857142857142858
530 531 0.9285714285714286
531 532 0.9285714285714286
531 539 1.7857142857142858
531 568 -1.3571428571428572
531 578 1.3571428571428572
532 649 -2.0
532 659 1.3571428571428572
533 534 1.3571428571428572
534 535 -2.0
536 537 1.3571428571428572
536 544 1.3571428571428572
537 538 1.7857142857142858
537 544 -2.0
538 539 -0.5714285714285714
539 540 1.3571428571428572
539 545 2.0
539 559 1.3571428571428572
540 541 -2.0
540 545 1.3571428571428572
540 546 -1.3571428571428572
540 587 -0.5714285714285714
540 598 0.5714285714285714
540 626 0.5714285714285714
540 637 -2.0
541 542 1.3571428571428572
541 546 -1.7857142857142858
541 547 1.3571428571428572
541 669 0.5714285714285714
541 678 1.7857142857142858
541 708 1.3571428571428572
541 717 -1.3571428571428572
542 547 -1.7857142857142858
542 745 2.0
542 756 0.9285714285714286
542 787 -0.9285714285714286
542 798 -1.7857142857142858
545 546 0.5714285714285714
545 559 -0.5714285714285714
545 587 1.3571428571428572
545 598 -2.0
546 547 -1.7857142857142858
546 626 -1.7857142857142858
546 637 -1.3571428571428572
546 669 0.5714285714285714
546 678 -0.9285714285714286
547 708 -0.5714285714285714
547 717 -1.7857142857142858
547 745 0.9285714285714286
547 756 1.3571428571428572
549 550 -0.5714285714285714
550 551 0.9285714285714286
551 552 -0.9285714285714286
551 557 -1.7857142857142858
552 557 0.9285714285714286
552 558 0.5714285714285714
553 554 2.0
553 559 0.9285714285714286
553 560 -0.9285714285714286
553 568 0.9285714285714286
553 579 -0.9285714285714286
554 555 0.9285714285714286
554 560 -1.7857142857142858
554 649 -0.5714285714285714
554 660 2.0
554 690 1.7857142857142858
554 700 0.9285714285714286
555 556 1.3571428571428572
555 561 1.3571428571428572
555 562 1.7857142857142858
555 726 0.5714285714285714
555 736 -0.5714285714285714
555 768 1.7857142857142858
555 779 1.3571428571428572
556 562 -1.7857142857142858
556 808 -2.0
556 817 -0.9285714285714286
557 558 0.5714285714285714
558 559 -0.5714285714285714
559 560 -0.9285714285714286
559 568 2.0
559 579 1.7857142857142858
560 561 1.3571428571428572
560 649 -2.0
560 660 0.5714285714285714
561 562 0.5714285714285714
561 690 -1.3571428571428572
561 726 -1.7857142857142858
561 736 0.9285714285714286
562 768 2.0
562 779 2.0
562 808 1.3571428571428572
562 817 -1.3571428571428572
563 564 -1.7857142857142858
565 566 -1.7857142857142858
565 573 1.7857142857142858
566 573 1.3571428571428572
566 574 1.7857142857142858
567 575 -1.3571428571428572
567 576 0.9285714285714286
568 569 0.5714285714285714
568 578 -2.0
568 579 0.5714285714285714
569 570 -1.3571428571428572
569 579 -1.7857142857142858
569 580 0.5714285714285714
569 588 0.9285714285714286
569 598 1.7857142857142858
569 627 -0.9285714285714286
569 637 -2.0
570 571 -0.9285714285714286
570 580 1.3571428571428572
570 581 -2.0
570 670 0.9285714285714286
570 678 2.0
570 709 0.9285714285714286
570 717 -1.3571428571428572
571 572 0.5714285714285714
571 581 -0.9285714285714286
571 582 0.9285714285714286
571 746 -0.9285714285714286
571 756 -1.7857142857142858
571 788 2.0
571 798 -2.0
572 582 2.0
572 583 0.9285714285714286
572 826 -1.7857142857142858
572 833 0.5714285714285714
573 574 0.9285714285714286
574 575 -0.5714285714285714
575 576 -0.9285714285714286
576 577 0.5714285714285714
577 578 -0.9285714285714286
578 579 -0.5714285714285714
579 580 -1.3571428571428572
579 588 0.9285714285714286
579 598 2.0
580 581 -1.7857142857142858
580 627 -0.5714285714285714
580 637 -0.5714285714285714
580 670 1.7857142857142858
581 582 -0.5714285714285714
581 709 1.7857142857142858
581 717 -2.0
581 746 0.5714285714285714
581 756 1.7857142857142858
582 583 -0.9285714285714286
582 788 -1.3571428571428572
582 798 0.5714285714285714
582 826 -1.3571428571428572
584 585 2.0
584 594 0.9285714285714286
585 586 0.5714285714285714
585 595 1.7857142857142858
586 595 2.0
586 596 0.5714285714285714
587 588 -0.9285714285714286
587 597 0.9285714285714286
587 598 -1.3571428571428572
588 589 0.9285714285714286
588 598 -0.5714285714285714
588 599 -0.9285714285714286
588 609 1.3571428571428572
589 590 0.9285714285714286
589 599 0.9285714285714286
589 600 2.0
589 650 -2.0
589 660 1.3571428571428572
589 691 -1.7857142857142858
589 700 1.7857142857142858
590 591 0.5714285714285714
590 600 0.5714285714285714
590 601 0.9285714285714286
590 727 -0.9285714285714286
590 736 1.7857142857142858
590 769 -2.0
590 779 -1.3571428571428572
591 592 -1.7857142857142858
591 601 -0.5714285714285714
591 809 2.0
591 817 1.7857142857142858
592 593 1.7857142857142858
593 602 1.3571428571428572
594 595 0.5714285714285714
595 596 0.9285714285714286
596 597 2.0
597 598 0.9285714285714286
598 599 1.3571428571428572
599 600 1.3571428571428572
599 609 0.5714285714285714
599 650 -1.3571428571428572
599 660 0.5714285714285714
600 601 2.0
600 691 -0.5714285714285714
600 700 -1.7857142857142858
600 727 0.9285714285714286
600 736 -2.0
601 769 0.5714285714285714
601 779 -0.9285714285714286
601 809 0.5714285714285714
601 817 -0.9285714285714286
603 604 1.3571428571428572
603 613 1.3571428571428572
604 605 -0.9285714285714286
604 613 1.3571428571428572
604 614 1.3571428571428572
605 606 2.0
605 614 -1.3571428571428572
605 615 -1.7857142857142858
606 607 -0.5714285714285714
606 615 0.9285714285714286
606 616 0.5714285714285714
607 608 0.5714285714285714
607 616 1.3571428571428572
607 617 1.3571428571428572
608 617 -0.9285714285714286
609 610 1.7857142857142858
609 618 -2.0
609 627 0.9285714285714286
609 638 0.5714285714285714
610 611 2.0
610 618 1.7857142857142858
610 619 -2.0
610 670 -0.5714285714285714
610 679 0.5714285714285714
610 709 -1.7857142857142858
610 718 -1.3571428571428572
611 612 -1.7857142857142858
611 619 -2.0
611 620 0.9285714285714286
611 746 -1.7857142857142858
611 757 2.0
611 788 -1.3571428571428572
612 620 1.3571428571428572
612 621 -0.5714285714285714
612 826 -2.0
612 834 -0.5714285714285714
613 614 -2.0
614 615 1.3571428571428572
615 616 0.9285714285714286
616 617 -1.3571428571428572
618 619 -1.3571428571428572
618 627 2.0
618 638 1.7857142857142858
618 670 0.9285714285714286
618 679 -1.7857142857142858
619 620 0.5714285714285714
619 709 0.5714285714285714
619 718 2.0
619 746 0.5714285714285714
619 757 -1.3571428571428572
620 621 -0.5714285714285714
620 788 -0.5714285714285714
620 826 -1.3571428571428572
620 834 1.7857142857142858
622 623 1.7857142857142858
622 633 2.0
623 624 -2.0
623 633 -1.7857142857142858
623 634 -0.5714285714285714
624 625 -1.3571428571428572
624 634 -0.9285714285714286
624 635 2.0
625 626 1.3571428571428572
625 635 0.9285714285714286
625 636 0.5714285714285714
626 627 0.5714285714285714
626 636 2.0
626 637 -0.9285714285714286
627 628 0.9285714285714286
627 637 -1.3571428571428572
627 638 0.9285714285714286
628 629 2.0
628 639 -1.3571428571428572
628 650 0.9285714285714286
628 661 -0.5714285714285714
628 691 -0.9285714285714286
628 701 -0.5714285714285714
629 630 1.3571428571428572
629 639 1.3571428571428572
629 640 2.0
629 727 -2.0
629 737 1.3571428571428572
629 769 -2.0
629 780 -0.5714285714285714
630 631 -0.9285714285714286
630 640 -2.0
630 641 -0.9285714285714286
630 809 2.0
630 818 -2.0
631 632 -1.7857142857142858
631 641 0.9285714285714286
631 642 -1.7857142857142858
632 642 0.5714285714285714
632 643 1.3571428571428572
633 634 -1.3571428571428572
634 635 -1.3571428571428572
635 636 -0.5714285714285714
636 637 1.3571428571428572
637 638 -1.3571428571428572
638 650 -1.3571428571428572
638 661 0.5714285714285714
639 640 1.3571428571428572
639 691 1.3571428571428572
639 701 0.9285714285714286
639 727 -0.9285714285714286
639 737 -0.9285714285714286
640 769 0.9285714285714286
640 780 -0.5714285714285714
640 809 -1.3571428571428572
640 818 -1.3571428571428572
641 642 1.7857142857142858
642 643 0.9285714285714286
644 654 1.3571428571428572
645 646 -1.3571428571428572
645 655 0.9285714285714286
645 656 -0.5714285714285714
646 647 0.5714285714285714
646 656 2.0
646 657 -2.0
647 648 1.3571428571428572
647 657 -0.9285714285714286
647 658 -1.3571428571428572
648 649 -0.9285714285714286
648 658 0.9285714285714286
648 659 -2.0
649 650 2.0
649 659 0.5714285714285714
650 651 0.5714285714285714
650 660 -1.7857142857142858
650 661 -1.3571428571428572
651 652 -0.5714285714285714
651 661 -0.5714285714285714
651 662 -1.7857142857142858
651 679 -2.0
651 710 -1.3571428571428572
651 718 -1.7857142857142858
652 653 0.5714285714285714
652 662 1.3571428571428572
652 663 -1.7857142857142858
652 747 0.9285714285714286
652 757 1.3571428571428572
652 789 0.5714285714285714
653 663 1.7857142857142858
653 664 1.3571428571428572
653 827 1.3571428571428572
653 834 2.0
654 655 -0.5714285714285714
655 656 0.5714285714285714
656 657 1.3571428571428572
657 658 -1.7857142857142858
658 659 -0.9285714285714286
659 660 -2.0
660 661 1.3571428571428572
661 662 -0.9285714285714286
661 679 0.5714285714285714
662 663 1.3571428571428572
662 710 1.7857142857142858
662 718 1.7857142857142858
662 747 -1.3571428571428572
662 757 -2.0
663 664 -2.0
663 789 0.5714285714285714
663 827 -0.5714285714285714
663 834 1.3571428571428572
665 666 0.5714285714285714
665 675 0.5714285714285714
666 667 -1.3571428571428572
666 675 0.9285714285714286
666 676 -0.5714285714285714
667 668 1.7857142857142858
667 676 -2.0
668 669 2.0
668 677 0.9285714285714286
669 670 -1.7857142857142858
669 677 0.5714285714285714
669 678 0.5714285714285714
670 678 -0.9285714285714286
670 679 -0.9285714285714286
671 672 -2.0
671 680 -1.3571428571428572
671 681 1.7857142857142858
671 728 1.7857142857142858
671 737 0.5714285714285714
671 770 0.5714285714285714
671 780 -1.7857142857142858
672 673 -2.0
672 681 1.7857142857142858
672 682 -2.0
672 810 0.5714285714285714
672 818 1.7857142857142858
673 674 0.9285714285714286
673 682 1.7857142857142858
673 683 -2.0
674 683 -1.7857142857142858
674 684 -0.5714285714285714
675 676 0.5714285714285714
677 678 0.9285714285714286
678 679 0.5714285714285714
679 680 -0.5714285714285714
680 681 0.9285714285714286
680 692 1.7857142857142858
680 701 0.9285714285714286
680 728 -0.9285714285714286
680 737 -1.3571428571428572
681 682 1.7857142857142858
681 770 -1.7857142857142858
681 780 1.3571428571428572
681 810 -2.0
681 818 1.3571428571428572
682 683 1.7857142857142858
683 684 2.0
685 686 -1.7857142857142858
685 694 -2.0
686 694 -1.7857142857142858
686 695 -1.3571428571428572
687 688 0.9285714285714286
687 696 0.9285714285714286
687 697 -0.9285714285714286
688 689 -2.0
688 697 -0.9285714285714286
688 698 -0.9285714285714286
689 690 0.9285714285714286
689 698 -2.0
689 699 -2.0
690 691 0.5714285714285714
690 699 -2.0
690 700 2.0
691 692 -1.7857142857142858
691 700 -0.9285714285714286
691 701 -0.5714285714285714
692 701 1.7857142857142858
692 702 0.5714285714285714
692 710 2.0
693 703 -2.0
693 704 -1.7857142857142858
693 827 -1.3571428571428572
693 835 1.3571428571428572
694 695 -1.7857142857142858
695 696 -1.7857142857142858
696 697 -1.3571428571428572
697 698 -0.5714285714285714
699 700 -0.9285714285714286
700 701 -2.0
701 702 -0.9285714285714286
702 703 -0.9285714285714286
702 710 2.0
702 747 2.0
702 758 0.9285714285714286
703 704 -1.3571428571428572
703 789 -1.7857142857142858
703 827 1.3571428571428572
703 835 -0.5714285714285714
706 707 -2.0
706 714 -0.9285714285714286
706 715 1.7857142857142858
707 708 0.9285714285714286
707 715 0.5714285714285714
707 716 -0.9285714285714286
708 709 -2.0
708 716 1.7857142857142858
708 717 1.3571428571428572
709 710 2.0
709 717 -1.7857142857142858
709 718 -0.9285714285714286
710 711 1.7857142857142858
710 718 2.0
711 712 0.9285714285714286
711 719 -2.0
711 728 2.0
711 738 -0.9285714285714286
711 770 0.5714285714285714
712 713 -1.3571428571428572
712 719 -0.5714285714285714
712 720 -0.9285714285714286
712 810 -1.7857142857142858
712 819 2.0
713 720 0.5714285714285714
713 721 0.9285714285714286
714 715 -0.5714285714285714
715 716 0.5714285714285714
716 717 -0.9285714285714286
717 718 1.3571428571428572
719 720 0.9285714285714286
719 770 -0.9285714285714286
719 810 -0.5714285714285714
719 819 -1.7857142857142858
720 721 -0.9285714285714286
722 723 -1.7857142857142858
722 730 -1.3571428571428572
722 731 1.7857142857142858
723 724 -1.3571428571428572
723 731 2.0
723 732 1.3571428571428572
724 732 1.3571428571428572
724 733 -2.0
725 726 -1.3571428571428572
725 734 -1.3571428571428572
725 735 -1.3571428571428572
726 727 1.7857142857142858
726 735 -2.0
727 728 -0.9285714285714286
727 736 -0.5714285714285714
727 737 -0.9285714285714286
728 737 0.5714285714285714
728 738 2.0
729 739 0.9285714285714286
729 740 -2.0
729 828 0.9285714285714286
729 835 0.9285714285714286
730 731 -1.3571428571428572
731 732 1.3571428571428572
732 733 -0.5714285714285714
733 734 2.0
734 735 1.3571428571428572
735 736 -1.3571428571428572
736 737 1.7857142857142858
737 738 -0.9285714285714286
738 739 1.3571428571428572
738 748 -1.7857142857142858
739 740 -0.5714285714285714
739 790 -0.9285714285714286
739 828 1.7857142857142858
739 835 0.9285714285714286
741 742 1.3571428571428572
741 752 0.5714285714285714
742 743 0.5714285714285714
742 752 -1.3571428571428572
742 753 -2.0
743 744 -1.7857142857142858
743 754 0.9285714285714286
744 745 1.7857142857142858
744 754 1.3571428571428572
744 755 -0.9285714285714286
745 746 -0.9285714285714286
745 755 -0.5714285714285714
745 756 -1.3571428571428572
746 747 1.3571428571428572
746 756 -0.5714285714285714
746 757 1.7857142857142858
747 748 -0.5714285714285714
747 757 -1.3571428571428572
747 758 0.9285714285714286
748 749 0.5714285714285714
748 758 -1.3571428571428572
748 759 -1.3571428571428572
748 771 0.9285714285714286
749 750 1.7857142857142858
749 759 2.0
749 760 1.3571428571428572
749 819 -2.0
750 751 1.7857142857142858
750 760 -2.0
750 761 -1.3571428571428572
751 761 0.9285714285714286
751 762 -0.9285714285714286
752 753 -2.0
753 754 1.3571428571428572
754 755 2.0
755 756 1.7857142857142858
756 757 0.9285714285714286
757 758 0.9285714285714286
759 760 1.7857142857142858
759 771 0.5714285714285714
759 819 -1.3571428571428572
760 761 -0.9285714285714286
761 762 -2.0
763 764 0.9285714285714286
763 773 1.3571428571428572
763 774 -1.3571428571428572
764 765 -0.5714285714285714
764 774 0.5714285714285714
764 775 -1.3571428571428572
765 766 -2.0
765 775 -0.5714285714285714
765 776 2.0
766 767 0.9285714285714286
766 776 0.5714285714285714
766 777 -2.0
767 768 -2.0
767 777 1.7857142857142858
767 778 -1.3571428571428572
768 769 -0.5714285714285714
768 778 2.0
768 779 -1.7857142857142858
769 770 -0.9285714285714286
769 779 -1.3571428571428572
769 780 0.5714285714285714
770 771 0.5714285714285714
770 780 0.5714285714285714
771 772 -0.9285714285714286
771 781 -0.9285714285714286
771 790 -0.5714285714285714
771 799 -0.9285714285714286
772 781 -1.7857142857142858
772 782 -1.7857142857142858
772 828 2.0
772 836 -0.9285714285714286
773 774 -0.5714285714285714
774 775 0.9285714285714286
775 776 0.9285714285714286
776 777 1.7857142857142858
777 778 -2.0
778 779 -0.9285714285714286
779 780 -1.3571428571428572
781 782 1.7857142857142858
781 790 -1.3571428571428572
781 799 -1.3571428571428572
781 828 -0.5714285714285714
781 836 0.9285714285714286
783 784 -1.3571428571428572
783 794 -2.0
784 785 -2.0
784 794 -0.5714285714285714
784 795 2.0
785 786 -0.9285714285714286
785 795 -0.5714285714285714
785 796 -2.0
786 787 1.7857142857142858
786 796 2.0
786 797 -0.9285714285714286
787 788 -0.9285714285714286
787 797 1.7857142857142858
787 798 0.5714285714285714
788 789 -2.0
788 798 -0.9285714285714286
789 790 0.9285714285714286
790 791 1.7857142857142858
790 799 0.9285714285714286
791 792 -0.9285714285714286
791 799 0.5714285714285714
791 800 -0.5714285714285714
791 820 1.3571428571428572
792 793 -2.0
792 800 -2.0
792 801 -1.7857142857142858
793 801 0.5714285714285714
793 802 -0.5714285714285714
794 795 -0.9285714285714286
796 797 -2.0
797 798 0.5714285714285714
799 800 0.9285714285714286
799 820 -2.0
801 802 -0.9285714285714286
803 812 1.3571428571428572
804 805 1.7857142857142858
804 813 0.9285714285714286
805 806 1.7857142857142858
805 813 -1.7857142857142858
805 814 -0.9285714285714286
806 807 -0.5714285714285714
806 814 1.7857142857142858
806 815 1.3571428571428572
807 808 0.5714285714285714
807 815 1.7857142857142858
807 816 1.3571428571428572
808 809 -0.5714285714285714
808 816 -1.3571428571428572
809 810 -0.5714285714285714
809 817 0.9285714285714286
809 818 -1.7857142857142858
810 818 2.0
810 819 -1.7857142857142858
811 820 1.3571428571428572
811 821 -0.9285714285714286
811 829 0.9285714285714286
811 836 -0.9285714285714286
813 814 -0.5714285714285714
814 815 1.7857142857142858
815 816 1.3571428571428572
816 817 1.7857142857142858
817 818 -0.5714285714285714
818 819 -2.0
819 820 -0.5714285714285714
820 821 1.7857142857142858
820 829 -2.0
820 836 -1.7857142857142858
823 824 -1.7857142857142858
823 831 2.0
824 825 1.3571428571428572
824 831 -0.5714285714285714
824 832 0.5714285714285714
825 826 -0.9285714285714286
825 832 1.3571428571428572
825 833 -1.7857142857142858
826 827 1.7857142857142858
826 834 -0.9285714285714286
827 828 -0.9285714285714286
827 834 2.0
827 835 1.7857142857142858
828 829 -2.0
828 835 -2.0
828 836 -0.9285714285714286
829 830 1.3571428571428572
829 836 0.9285714285714286
829 837 2.0
830 837 -0.5714285714285714
830 838 2.0
831 832 1.3571428571428572
832 833 -1.7857142857142858
833 834 0.9285714285714286
834 835 -2.0
835 836 -0.5714285714285714
836 837 1.7857142857142858
837 838 -2.0
838 839 -1.3571428571428572
