839 3396
1 1 -1.3571428571428568
2 2 6.7857142857142865
3 3 -4.5
4 4 2.928571428571429
5 5 1.3571428571428574
6 6 3.7857142857142865
7 7 6.142857142857144
8 8 -5.857142857142857
9 9 -1.5714285714285716
10 10 -6.928571428571428
11 11 -8.785714285714286
12 12 2.071428571428571
13 13 -1.5714285714285714
14 14 -7.571428571428572
15 15 -9.0
16 16 3.428571428571429
17 17 5.0
18 18 2.7142857142857144
19 19 1.857142857142857
20 20 -3.142857142857143
21 21 1.3571428571428572
22 22 1.3571428571428572
23 23 0.14285714285714302
24 24 0.4999999999999998
25 25 -6.0
26 26 -2.928571428571429
27 27 6.071428571428572
28 28 -1.6428571428571432
29 29 0.785714285714286
30 30 -1.0
31 31 -2.071428571428571
32 32 8.5
33 33 -0.5714285714285716
34 34 3.1428571428571432
35 35 0.2857142857142858
36 36 1.7857142857142858
37 37 6.5
38 38 2.1428571428571432
39 39 0.5
40 40 0.8571428571428572
41 41 0.0714285714285714
42 42 -2.428571428571429
43 43 -5.2857142857142865
44 44 1.2142857142857144
45 45 1.2142857142857144
46 46 2.7142857142857144
47 47 0.2857142857142858
48 48 0.5
49 49 -3.7857142857142856
50 50 -1.7857142857142858
51 51 -3.357142857142857
52 52 -4.928571428571429
53 53 1.5714285714285716
54 54 1.7142857142857144
55 55 0.21428571428571397
56 56 0.0714285714285714
57 57 5.0
58 58 3.142857142857143
59 59 -0.4285714285714286
60 60 1.5
61 61 -3.5
63 63 4.642857142857143
64 64 0.6428571428571432
65 65 2.428571428571429
66 66 -1.357142857142857
67 67 -1.0
68 68 4.2857142857142865
69 69 -1.8571428571428572
70 70 -3.5714285714285716
71 71 -0.5
72 72 -0.2142857142857142
73 73 -4.214285714285714
74 74 -1.4285714285714286
75 75 3.5
76 76 5.928571428571428
77 77 -0.4285714285714286
78 78 2.928571428571429
79 79 -1.5714285714285712
80 80 -4.142857142857143
81 81 -2.0
82 82 -1.0714285714285714
83 83 -1.6428571428571428
84 84 6.357142857142858
85 85 5.642857142857142
86 86 6.142857142857143
87 87 1.5000000000000004
88 88 -1.0
89 89 -1.9285714285714286
91 91 -1.0
92 92 4.214285714285714
93 93 -1.7857142857142863
94 94 3.7857142857142865
95 95 5.642857142857142
96 96 1.357142857142857
97 97 -7.0
98 98 -0.7142857142857144
99 99 -2.928571428571429
100 100 1.4285714285714288
101 101 6.071428571428571
102 102 0.6428571428571428
103 103 -2.071428571428571
104 104 1.8571428571428577
105 105 -3.2857142857142856
106 106 -1.7142857142857144
107 107 -1.5714285714285716
108 108 6.642857142857142
109 109 3.0714285714285716
110 110 1.285714285714286
111 111 -4.571428571428571
112 112 0.7142857142857142
113 113 -1.9285714285714286
114 114 -2.2857142857142865
115 115 0.6428571428571428
116 116 4.5
117 117 0.07142857142857117
118 118 -4.214285714285714
119 119 -0.7857142857142856
120 120 5.071428571428572
121 121 -5.0
122 122 -5.0
123 123 -3.214285714285714
124 124 1.2857142857142856
125 125 -2.785714285714286
127 127 -0.6428571428571428
128 128 6.285714285714286
129 129 -2.7142857142857144
130 130 5.000000000000001
131 131 -6.0
132 132 1.785714285714286
133 133 3.2857142857142856
134 134 3.428571428571429
135 135 2.5
136 136 -0.9285714285714286
137 137 -0.2142857142857142
138 138 1.9285714285714286
139 139 2.2857142857142856
140 140 -3.9285714285714293
141 141 2.214285714285714
142 142 2.8571428571428568
143 143 -1.357142857142857
144 144 0.7142857142857144
145 145 -4.428571428571429
146 146 0.2857142857142858
147 147 0.2142857142857142
148 148 6.642857142857142
149 149 -7.428571428571429
150 150 6.2142857142857135
151 151 -1.428571428571428
152 152 3.7142857142857144
153 153 1.785714285714286
154 154 4.0
155 155 1.6428571428571426
156 156 2.0
157 157 -3.2857142857142856
158 158 -5.785714285714286
159 159 3.857142857142857
160 160 -3.428571428571429
161 161 1.9285714285714286
162 162 5.0
163 163 -5.714285714285714
164 164 -2.0
165 165 1.071428571428571
166 166 -1.2142857142857142
167 167 -1.2142857142857144
168 168 0.5000000000000002
169 169 -5.214285714285714
170 170 1.0714285714285712
171 171 -2.7857142857142856
172 172 1.357142857142857
173 173 -2.8571428571428577
174 174 -3.2142857142857153
175 175 0.5
176 176 -1.7142857142857142
177 177 1.7142857142857144
178 178 3.8571428571428568
179 179 8.785714285714286
180 180 5.857142857142858
181 181 -1.285714285714286
182 182 -0.9285714285714293
183 183 -1.5
184 184 0.7142857142857144
185 185 -0.2142857142857142
186 186 3.7857142857142856
187 187 0.5000000000000004
188 188 1.7857142857142858
189 189 3.428571428571429
190 190 3.428571428571428
191 191 -1.4285714285714284
192 192 -8.857142857142858
193 193 -2.571428571428571
194 194 -0.3571428571428572
195 195 0.9285714285714284
196 196 -0.5
197 197 -5.357142857142858
198 198 -1.0
199 199 7.0
200 200 -0.4285714285714286
201 201 6.0
202 202 4.285714285714286
203 203 1.7142857142857142
204 204 5.642857142857143
205 205 0.642857142857143
206 206 3.3571428571428568
207 207 -3.928571428571429
208 208 0.5714285714285712
209 209 5.642857142857143
210 210 3.428571428571429
211 211 3.0
212 212 1.0
213 213 -3.428571428571429
214 214 -1.8571428571428577
215 215 -2.357142857142857
216 216 -0.4285714285714288
217 217 8.785714285714285
218 218 2.1428571428571432
219 219 -2.2857142857142856
220 220 -0.7142857142857142
221 221 -2.2857142857142856
222 222 -0.5000000000000002
223 223 -2.0
224 224 5.0
225 225 -0.14285714285714302
226 226 -5.857142857142858
227 227 1.9999999999999998
228 228 -1.8571428571428574
229 229 6.714285714285714
230 230 -4.5
231 231 1.1428571428571426
232 232 -0.9285714285714288
233 233 1.7142857142857144
234 234 -2.4285714285714284
235 235 2.7857142857142856
236 236 -3.8571428571428568
237 237 3.571428571428571
238 238 5.928571428571429
239 239 3.7857142857142856
240 240 7.642857142857142
241 241 0.0714285714285714
242 242 3.2142857142857144
243 243 3.6428571428571432
244 244 -2.5
245 245 2.357142857142857
246 246 -0.5
247 247 7.357142857142858
248 248 4.785714285714286
249 249 4.142857142857143
250 250 3.0
251 251 -1.1428571428571428
252 252 1.0714285714285718
253 253 0.7857142857142856
254 254 6.785714285714286
255 255 -3.1428571428571432
256 256 2.2142857142857144
257 257 1.1428571428571432
258 258 6.214285714285714
259 259 2.7857142857142874
260 260 -8.928571428571429
261 261 -8.642857142857142
262 262 -7.2857142857142865
263 263 1.0
264 264 -1.2142857142857146
265 265 1.6428571428571428
266 266 0.5
267 267 1.5
268 268 -2.9285714285714284
269 269 -2.928571428571429
270 270 -3.928571428571429
271 271 -0.4285714285714284
272 272 -3.0
273 273 -4.571428571428571
274 274 1.9285714285714288
275 275 -5.285714285714286
276 276 1.0000000000000002
277 277 1.3571428571428572
278 278 -2.0
279 279 -3.2857142857142856
280 280 -2.2857142857142865
281 281 7.071428571428571
282 282 4.142857142857143
283 283 -1.0714285714285714
284 284 1.5714285714285714
285 285 0.3571428571428572
286 286 -1.8571428571428568
287 287 -0.7142857142857142
288 288 -3.428571428571429
289 289 -4.357142857142858
290 290 -0.1428571428571428
291 291 6.0
292 292 5.7142857142857135
293 293 2.571428571428571
294 294 1.4999999999999996
295 295 -0.2857142857142856
296 296 1.1428571428571428
297 297 -2.1428571428571423
298 298 4.071428571428571
299 299 4.142857142857142
300 300 -3.0
301 301 -1.357142857142857
302 302 -2.9285714285714284
304 304 -1.2857142857142858
305 305 4.0
306 306 3.2142857142857144
307 307 -4.785714285714286
308 308 2.357142857142857
309 309 1.2142857142857144
310 310 0.9285714285714286
311 311 6.5
312 312 -1.7857142857142858
313 313 2.8571428571428568
314 314 -0.5
315 315 7.071428571428571
316 316 4.357142857142858
317 317 -4.428571428571429
318 318 1.8571428571428572
319 319 -5.857142857142858
320 320 -2.714285714285715
321 321 -2.3571428571428577
322 322 2.0
323 323 0.7857142857142858
324 324 5.928571428571428
325 325 -0.14285714285714257
326 326 -2.7142857142857144
327 327 3.071428571428571
328 328 4.571428571428571
329 329 4.285714285714286
330 330 -0.8571428571428572
331 331 2.8571428571428577
332 332 -0.9285714285714286
333 333 -5.5
334 334 -2.928571428571429
335 335 1.9999999999999998
336 336 7.571428571428571
337 337 2.142857142857143
338 338 3.7857142857142856
339 339 2.357142857142857
340 340 7.999999999999999
341 341 -0.7857142857142858
342 342 -1.2142857142857144
343 343 -5.785714285714286
344 344 2.0
345 345 -0.3571428571428572
346 346 -1.0714285714285714
347 347 -2.428571428571429
348 348 2.642857142857143
349 349 2.1428571428571432
350 350 0.21428571428571463
351 351 1.5
352 352 8.214285714285715
353 353 -4.857142857142858
354 354 -5.142857142857143
355 355 2.2142857142857144
357 357 4.928571428571429
359 359 -2.1428571428571432
360 360 7.142857142857143
361 361 -0.928571428571429
362 362 7.214285714285715
363 363 -0.5000000000000004
364 364 1.928571428571428
365 365 -0.4285714285714288
366 366 2.071428571428571
367 367 2.1428571428571423
368 368 -1.5714285714285716
369 369 2.2857142857142856
370 370 1.7857142857142856
371 371 3.2142857142857144
372 372 8.285714285714286
373 373 3.1428571428571432
374 374 8.428571428571429
375 375 5.2142857142857135
376 376 4.214285714285714
377 377 -1.7857142857142858
378 378 4.285714285714286
379 379 -1.7142857142857144
380 380 -4.071428571428572
381 381 0.4285714285714284
382 382 -5.928571428571429
383 383 0.0714285714285714
384 384 -1.0714285714285712
385 385 2.2142857142857144
386 386 -3.571428571428571
387 387 2.7857142857142856
388 388 6.428571428571429
389 389 2.8571428571428568
390 390 -5.214285714285715
391 391 5.571428571428571
392 392 -1.4285714285714286
393 393 -4.357142857142857
394 394 6.428571428571429
395 395 -2.1428571428571432
396 396 2.714285714285714
397 397 1.4999999999999998
398 398 0.6428571428571435
399 399 3.6428571428571432
400 400 -1.071428571428572
401 401 2.857142857142857
402 402 0.2857142857142858
403 403 2.3571428571428577
404 404 -0.2142857142857144
405 405 5.142857142857143
406 406 1.4285714285714286
407 407 -5.714285714285714
408 408 2.7857142857142856
409 409 -4.440892098500626e-16
410 410 0.7857142857142856
411 411 -2.5
412 412 1.7142857142857144
413 413 0.8571428571428572
414 414 -2.785714285714286
415 415 0.2857142857142858
416 416 -4.071428571428571
417 417 4.428571428571429
418 418 0.7857142857142858
419 419 -1.2857142857142856
420 420 2.0
421 421 -4.928571428571429
422 422 -6.0
424 424 -0.7857142857142854
425 425 -2.857142857142857
426 426 -1.5714285714285716
427 427 -4.0
428 428 2.571428571428571
429 429 4.714285714285714
430 430 -2.571428571428572
431 431 0.3571428571428563
432 432 0.0714285714285714
433 433 2.220446049250313e-16
434 434 -9.642857142857142
435 435 0.5714285714285716
436 436 6.928571428571429
437 437 0.2142857142857144
438 438 -2.999999999999999
439 439 -0.7857142857142858
440 440 -0.5714285714285716
441 441 4.571428571428572
442 442 -3.2142857142857144
443 443 -5.071428571428571
444 444 -4.0
445 445 -0.9285714285714286
446 446 -0.07142857142857206
447 447 -5.0
448 448 -0.4285714285714284
449 449 -2.5
450 450 0.28571428571428603
451 451 0.785714285714286
452 452 1.5
454 454 -4.071428571428571
455 455 1.3571428571428572
456 456 0.07142857142857206
457 457 -3.2857142857142865
458 458 -4.071428571428571
459 459 6.357142857142858
460 460 0.7142857142857144
461 461 -3.357142857142857
462 462 -1.7857142857142863
463 463 3.714285714285714
464 464 4.071428571428571
465 465 2.642857142857143
466 466 0.4285714285714288
467 467 -2.3571428571428577
468 468 -4.214285714285714
469 469 2.5
470 470 -5.2857142857142865
471 471 -1.3571428571428572
472 472 3.3571428571428568
473 473 -2.071428571428571
474 474 -2.071428571428571
475 475 0.2142857142857142
477 477 4.785714285714286
478 478 -4.071428571428571
479 479 -2.071428571428571
480 480 -2.428571428571429
481 481 -1.0714285714285714
482 482 0.28571428571428603
483 483 -1.6428571428571428
484 484 -0.4285714285714286
485 485 1.5
486 486 1.2857142857142858
487 487 1.2142857142857142
488 488 -3.6428571428571432
489 489 -0.7142857142857144
490 490 3.3571428571428577
491 491 0.14285714285714302
492 492 -4.571428571428571
493 493 2.3571428571428568
494 494 0.8571428571428572
495 495 7.428571428571429
496 496 1.7857142857142858
497 497 -4.571428571428572
498 498 1.7857142857142854
499 499 -1.071428571428572
500 500 -2.2142857142857144
501 501 10.5
502 502 3.7857142857142856
503 503 1.3571428571428572
504 504 3.785714285714286
505 505 -1.8571428571428574
506 506 3.071428571428571
507 507 -1.0714285714285712
508 508 3.2142857142857144
509 509 -1.142857142857143
510 510 3.1428571428571432
511 511 5.714285714285714
512 512 1.6428571428571432
513 513 -3.571428571428571
514 514 -3.4285714285714293
515 515 0.4285714285714286
516 516 4.142857142857143
517 517 0.07142857142857117
518 518 -1.142857142857143
519 519 -4.5
520 520 4.428571428571429
521 521 2.7857142857142856
522 522 0.6428571428571428
523 523 -2.428571428571429
524 524 2.642857142857143
525 525 -5.785714285714286
526 526 -3.8571428571428577
527 527 4.642857142857142
528 528 5.357142857142858
529 529 -0.4285714285714288
530 530 -0.8571428571428572
531 531 0.5714285714285714
532 532 -3.5
533 533 -0.35714285714285676
534 534 0.6428571428571428
535 535 4.428571428571429
536 536 3.642857142857143
537 537 -0.14285714285714257
538 538 1.0
539 539 3.5
540 540 4.571428571428571
541 541 -8.642857142857144
542 542 -4.357142857142858
543 543 0.2857142857142858
544 544 -4.571428571428571
545 545 -5.714285714285714
546 546 6.714285714285715
547 547 1.4285714285714288
548 548 -0.7857142857142856
549 549 1.4285714285714286
550 550 -1.0714285714285714
551 551 -5.428571428571429
552 552 -3.5
553 553 2.6428571428571432
554 554 2.928571428571429
555 555 -1.7857142857142854
556 556 -0.357142857142857
557 557 5.642857142857142
558 558 1.9999999999999998
559 559 -6.428571428571429
560 560 -3.0714285714285716
561 561 -5.857142857142858
562 562 -0.42857142857142816
563 563 -1.357142857142857
564 564 -0.8571428571428572
565 565 -3.2857142857142856
566 566 -1.7857142857142858
567 567 2.357142857142857
568 568 3.9285714285714284
569 569 4.5
570 570 5.071428571428572
571 571 6.785714285714285
572 572 -0.2857142857142856
573 573 1.4999999999999998
574 574 -2.6428571428571432
575 575 -1.0714285714285716
576 576 0.4285714285714288
577 577 2.142857142857143
578 578 0.785714285714286
579 579 4.142857142857143
580 580 3.071428571428571
581 581 4.214285714285714
582 582 1.9285714285714293
583 583 -4.928571428571429
584 584 -1.5
585 585 6.928571428571429
586 586 -1.142857142857143
587 587 5.214285714285714
588 588 -1.9285714285714286
589 589 1.0
590 590 4.571428571428571
591 591 7.428571428571429
592 592 -0.8571428571428577
593 593 -5.214285714285714
594 594 2.0
595 595 4.071428571428571
596 596 0.7857142857142856
597 597 -1.9285714285714286
598 598 -0.35714285714285743
599 599 -5.785714285714286
600 600 -0.4285714285714284
601 601 3.7857142857142856
602 602 3.571428571428572
603 603 3.8571428571428577
604 604 -6.928571428571429
605 605 1.1428571428571432
606 606 0.7142857142857144
607 607 -7.928571428571429
608 608 -1.7142857142857142
609 609 4.928571428571429
610 610 -1.0714285714285716
611 611 -2.071428571428571
612 612 -2.642857142857143
613 613 1.4285714285714286
614 614 2.7857142857142856
615 615 -1.3571428571428572
616 616 -4.071428571428572
617 617 -0.8571428571428572
618 618 -1.785714285714286
619 619 -3.7142857142857144
620 620 -8.0
621 621 -1.0714285714285712
622 622 0.7857142857142858
623 623 5.785714285714286
624 624 5.857142857142858
625 625 1.4285714285714288
626 626 -0.8571428571428572
627 627 -3.7857142857142856
628 628 0.3571428571428572
629 629 -6.5
630 630 -1.5714285714285714
631 631 -2.7142857142857144
632 632 -1.0
633 633 1.3571428571428572
634 634 2.571428571428572
635 635 -5.0
636 636 -1.7142857142857146
637 637 4.000000000000001
638 638 5.285714285714285
639 639 -5.142857142857142
640 640 2.357142857142857
641 641 -4.642857142857142
642 642 -4.2857142857142865
643 643 -0.4285714285714286
644 644 0.2142857142857142
645 645 -3.4285714285714284
646 646 5.5
647 647 2.2142857142857144
648 648 -6.7857142857142865
649 649 -4.428571428571428
650 650 0.8571428571428572
651 651 0.4999999999999998
652 652 5.500000000000001
653 653 -3.6428571428571432
654 654 -3.7857142857142856
655 655 -4.142857142857143
656 656 2.3571428571428577
657 657 -1.0714285714285712
658 658 -3.2142857142857144
659 659 -2.571428571428571
660 660 -0.07142857142857117
661 661 1.7857142857142858
662 662 -0.357142857142857
663 663 -2.2857142857142856
664 664 1.2857142857142851
665 665 2.928571428571429
666 666 -0.9285714285714288
667 667 -3.928571428571429
668 668 -7.642857142857143
670 670 0.5
671 671 1.3571428571428574
672 672 -6.428571428571429
673 673 2.857142857142857
674 674 -2.0
675 675 -3.2142857142857144
676 676 -5.0
677 677 2.571428571428571
678 678 10.857142857142858
679 679 -0.4285714285714286
680 680 2.785714285714286
681 681 3.5
682 682 -5.071428571428571
683 683 -1.7857142857142854
684 684 -7.0
685 685 -0.3571428571428572
686 686 -3.7857142857142856
687 687 2.0714285714285716
688 688 5.5
689 689 -1.9285714285714286
690 690 -1.5714285714285714
691 691 -0.28571428571428514
692 692 2.2142857142857144
693 693 4.071428571428571
694 694 -2.2857142857142856
695 695 -0.35714285714285743
696 696 -1.4285714285714286
697 697 0.7142857142857144
698 698 4.714285714285714
699 699 0.7142857142857144
700 700 -5.071428571428571
701 701 -3.857142857142857
702 702 -4.0
703 703 6.5
704 704 0.2142857142857142
705 705 -0.8571428571428572
706 706 0.4285714285714286
707 707 5.428571428571429
708 708 -0.35714285714285743
709 709 5.2857142857142865
710 710 -5.142857142857143
711 711 2.3571428571428577
712 712 3.5
713 713 -3.4285714285714284
714 714 4.357142857142858
715 715 2.428571428571429
716 716 4.928571428571429
717 717 -0.6428571428571428
718 718 -1.2142857142857137
719 719 -2.3571428571428577
720 720 2.0
721 721 1.2142857142857142
722 722 0.9285714285714286
723 723 6.357142857142858
724 724 -1.3571428571428572
725 725 1.2142857142857144
726 726 -0.9285714285714286
727 727 -5.142857142857143
728 728 5.428571428571428
729 729 5.214285714285714
730 730 0.1428571428571428
731 731 1.3571428571428572
732 732 -5.428571428571429
733 733 -5.857142857142858
734 734 -1.4285714285714284
735 735 6.214285714285715
736 736 -0.4285714285714284
737 737 -4.714285714285714
738 738 1.4999999999999998
739 739 1.0000000000000004
740 740 0.4285714285714286
741 741 4.857142857142858
742 742 -0.7857142857142858
743 743 5.571428571428572
744 744 -2.7857142857142856
745 745 1.6428571428571432
746 746 5.214285714285714
747 747 -5.214285714285714
748 748 -3.5714285714285716
749 749 -0.5714285714285714
750 750 2.2857142857142856
751 751 -0.2142857142857142
752 752 -3.7142857142857144
753 753 0.8571428571428572
754 754 1.0000000000000002
755 755 2.1428571428571432
756 756 5.214285714285714
757 757 7.2857142857142865
758 758 -6.071428571428571
759 759 2.0
760 760 1.7857142857142865
761 761 -1.8571428571428572
762 762 -2.571428571428571
763 763 -3.7857142857142856
764 764 -8.285714285714285
765 765 0.21428571428571397
766 766 1.0714285714285716
767 767 6.071428571428571
768 768 0.642857142857143
769 769 1.6428571428571428
770 770 5.642857142857142
771 771 -1.5714285714285712
772 772 -4.785714285714285
773 773 0.4285714285714286
774 774 -1.4285714285714284
775 775 1.071428571428571
776 776 -5.857142857142857
777 777 -2.7142857142857144
778 778 -1.7142857142857142
779 779 5.928571428571429
780 780 1.0
781 781 -0.35714285714285743
782 782 -0.6428571428571428
783 783 -0.2857142857142858
784 784 -3.5714285714285716
785 785 0.8571428571428577
786 786 -1.7857142857142856
787 787 -5.0
788 788 2.8571428571428568
789 789 4.5
790 790 -2.2857142857142856
791 791 7.071428571428571
792 792 4.642857142857143
793 793 -0.7857142857142858
794 794 1.7857142857142863
795 795 -0.1428571428571428
796 796 -3.8571428571428563
797 797 -3.2142857142857144
798 798 -6.142857142857143
799 799 2.9285714285714284
800 800 3.5
801 801 -1.0
802 802 -5.642857142857142
803 803 -3.8571428571428577
804 804 4.928571428571429
805 805 -5.0
806 806 4.0
807 807 8.571428571428571
808 808 2.7142857142857144
809 809 5.5
810 810 -0.4285714285714284
811 811 2.2142857142857144
812 812 -3.928571428571429
813 813 -0.07142857142857117
814 814 3.0714285714285716
815 815 3.285714285714286
816 816 7.428571428571429
817 817 4.785714285714286
818 818 4.500000000000001
819 819 6.642857142857144
820 820 -0.357142857142857
821 821 -1.0
822 822 -0.9285714285714286
823 823 0.9285714285714284
824 824 -4.5
825 825 -4.857142857142857
826 826 -1.7142857142857144
827 827 4.428571428571429
828 828 10.0
829 829 5.214285714285714
830 830 0.8571428571428568
831 831 -4.214285714285714
832 832 3.6428571428571432
833 833 2.5714285714285716
834 834 0.2857142857142858
835 835 1.1428571428571426
836 836 2.7142857142857144
837 837 -3.142857142857143
838 838 -1.5714285714285714
839 839 0.4285714285714286
1 2 0.5714285714285714
1 10 2.0
1 44 -1.7857142857142858
1 53 0.5714285714285714
1 97 -0.5714285714285714
1 107 0.5714285714285714
2 3 -2.0
2 10 0.5714285714285714
2 11 -0.9285714285714286
2 136 -1.7857142857142858
2 145 -1.3571428571428572
2 169 -0.9285714285714286
2 174 -0.9285714285714286
3 11 1.7857142857142858
3 12 -0.5714285714285714
3 223 0.9285714285714286
3 230 0.5714285714285714
3 272 1.7857142857142858
3 280 2.0
4 5 1.7857142857142858
4 376 -2.0
4 385 -0.9285714285714286
4 412 -1.7857142857142858
5 6 2.0
5 452 -1.7857142857142858
5 461 -2.0
5 491 -1.3571428571428572
6 7 -1.3571428571428572
6 13 0.9285714285714286
6 524 -2.0
6 533 -2.0
6 556 -1.3571428571428572
7 8 0.5714285714285714
7 13 -1.3571428571428572
7 14 -1.7857142857142858
7 591 0.9285714285714286
7 630 -1.7857142857142858
7 641 -1.3571428571428572
8 9 1.3571428571428572
8 14 1.3571428571428572
8 15 2.0
8 672 -0.5714285714285714
8 682 0.9285714285714286
8 712 2.0
8 720 -1.7857142857142858
9 15 1.7857142857142858
9 16 0.5714285714285714
9 749 1.3571428571428572
9 760 -2.0
9 791 -0.5714285714285714
9 800 -0.9285714285714286
10 11 0.9285714285714286
10 97 1.7857142857142858
10 107 0.5714285714285714
10 136 -0.9285714285714286
10 145 2.0
11 12 1.3571428571428572
11 169 1.7857142857142858
11 174 0.9285714285714286
11 223 2.0
11 230 0.9285714285714286
12 272 -1.7857142857142858
12 280 0.9285714285714286
12 313 -2.0
13 14 1.3571428571428572
13 556 2.0
13 591 -1.3571428571428572
14 15 2.0
14 630 0.5714285714285714
14 641 1.3571428571428572
14 672 1.3571428571428572
14 682 1.3571428571428572
15 16 0.9285714285714286
15 712 1.3571428571428572
15 720 0.9285714285714286
15 749 2.0
15 760 -2.0
16 17 -1.3571428571428572
16 791 0.9285714285714286
16 800 -1.3571428571428572
16 829 -1.7857142857142858
16 837 -1.3571428571428572
17 35 -1.7857142857142858
17 78 -0.9285714285714286
17 87 -0.9285714285714286
18 19 -1.7857142857142858
18 27 2.0
18 205 -0.9285714285714286
18 215 -2.0
18 258 -0.9285714285714286
18 267 0.9285714285714286
19 27 -0.5714285714285714
19 28 -2.0
19 290 0.5714285714285714
19 298 0.5714285714285714
19 320 1.3571428571428572
20 21 -2.0
20 29 0.5714285714285714
20 30 0.5714285714285714
20 434 2.0
20 444 -0.9285714285714286
20 474 2.0
20 482 0.9285714285714286
21 22 0.5714285714285714
21 30 -0.5714285714285714
21 31 2.0
21 508 -0.9285714285714286
21 515 1.3571428571428572
21 548 -1.7857142857142858
22 23 0.5714285714285714
22 31 0.5714285714285714
22 32 -2.0
22 572 1.3571428571428572
22 583 -0.5714285714285714
22 612 -0.9285714285714286
22 621 -0.9285714285714286
23 24 -0.9285714285714286
23 32 -1.7857142857142858
23 33 2.0
23 653 1.7857142857142858
23 664 -1.3571428571428572
23 693 -1.3571428571428572
23 704 0.9285714285714286
24 33 0.9285714285714286
24 34 -2.0
24 729 -2.0
24 740 0.9285714285714286
24 772 2.0
24 782 0.5714285714285714
25 26 1.7857142857142858
25 35 0.9285714285714286
25 36 0.5714285714285714
25 69 1.3571428571428572
25 118 1.3571428571428572
26 36 -0.5714285714285714
26 37 -1.7857142857142858
26 154 0.5714285714285714
26 162 0.9285714285714286
26 194 2.0
27 28 -1.7857142857142858
27 258 -0.5714285714285714
27 267 -1.3571428571428572
27 290 -1.7857142857142858
27 298 -2.0
28 29 1.7857142857142858
28 320 1.7857142857142858
28 358 0.9285714285714286
28 368 0.9285714285714286
29 30 -1.3571428571428572
29 395 -0.5714285714285714
29 434 0.5714285714285714
29 444 -1.7857142857142858
30 31 1.3571428571428572
30 474 -1.7857142857142858
30 482 1.3571428571428572
30 508 -0.5714285714285714
30 515 2.0
31 32 -2.0
31 548 0.5714285714285714
31 572 -1.7857142857142858
31 583 1.3571428571428572
32 612 2.0
32 621 -2.0
32 653 -1.3571428571428572
32 664 -1.3571428571428572
33 34 -1.3571428571428572
33 693 -0.9285714285714286
33 704 -0.9285714285714286
33 729 -0.9285714285714286
33 740 1.7857142857142858
34 35 0.5714285714285714
34 772 1.7857142857142858
34 782 -1.3571428571428572
34 811 -1.3571428571428572
34 821 0.5714285714285714
35 36 -0.5714285714285714
35 69 0.5714285714285714
36 37 -1.7857142857142858
36 118 1.3571428571428572
36 154 0.5714285714285714
36 162 -1.3571428571428572
37 243 -0.9285714285714286
37 250 -2.0
38 39 -2.0
38 47 -0.9285714285714286
38 195 1.3571428571428572
38 251 -0.5714285714285714
39 40 -1.7857142857142858
39 47 2.0
39 48 -0.5714285714285714
39 283 0.9285714285714286
39 314 0.9285714285714286
40 41 0.9285714285714286
40 48 1.3571428571428572
40 49 -0.9285714285714286
40 349 1.3571428571428572
40 387 -1.7857142857142858
41 49 -2.0
41 50 1.7857142857142858
41 424 0.5714285714285714
41 464 -1.3571428571428572
42 43 0.9285714285714286
42 51 0.5714285714285714
42 565 0.9285714285714286
43 51 1.3571428571428572
43 52 1.7857142857142858
43 644 1.7857142857142858
43 685 -0.5714285714285714
44 45 0.5714285714285714
44 53 -0.9285714285714286
44 803 0.9285714285714286
45 46 -1.7857142857142858
45 53 0.5714285714285714
45 55 -0.5714285714285714
46 54 -0.9285714285714286
46 147 0.9285714285714286
46 177 -0.9285714285714286
47 48 -0.5714285714285714
47 251 0.5714285714285714
47 283 -1.3571428571428572
48 49 2.0
48 314 -1.3571428571428572
48 349 -1.3571428571428572
49 50 0.9285714285714286
49 387 1.7857142857142858
49 424 2.0
50 464 -0.9285714285714286
51 52 1.7857142857142858
51 603 -0.9285714285714286
51 644 0.5714285714285714
52 685 1.3571428571428572
53 55 -1.7857142857142858
54 177 0.5714285714285714
54 233 -1.3571428571428572
55 61 -0.5714285714285714
55 98 1.3571428571428572
55 107 1.3571428571428572
56 62 1.3571428571428572
56 63 -1.7857142857142858
56 230 0.5714285714285714
56 273 1.7857142857142858
56 280 -2.0
57 58 -2.0
57 64 0.5714285714285714
57 385 -1.7857142857142858
57 413 -1.7857142857142858
58 64 0.9285714285714286
58 65 -1.7857142857142858
58 453 -0.9285714285714286
58 461 -1.3571428571428572
58 492 2.0
59 60 -2.0
59 66 0.5714285714285714
59 67 0.5714285714285714
59 592 0.9285714285714286
59 631 -0.5714285714285714
59 641 0.9285714285714286
60 673 0.5714285714285714
60 682 -0.9285714285714286
60 713 1.7857142857142858
60 720 -0.9285714285714286
61 62 -1.3571428571428572
61 98 1.7857142857142858
61 107 1.3571428571428572
61 137 0.9285714285714286
61 145 1.3571428571428572
62 63 -1.3571428571428572
62 170 -1.7857142857142858
62 174 1.7857142857142858
62 230 1.3571428571428572
63 273 1.3571428571428572
63 280 -1.3571428571428572
63 306 -0.5714285714285714
63 313 -0.9285714285714286
64 65 -1.7857142857142858
64 413 0.5714285714285714
64 453 -0.9285714285714286
65 66 0.5714285714285714
65 492 0.5714285714285714
65 525 0.9285714285714286
65 533 -0.9285714285714286
66 67 -1.7857142857142858
66 592 2.0
67 641 1.7857142857142858
67 673 -1.3571428571428572
67 682 1.7857142857142858
68 69 0.5714285714285714
68 792 -1.7857142857142858
68 800 0.9285714285714286
68 830 -2.0
68 837 -2.0
69 79 1.3571428571428572
69 87 -2.0
70 71 -1.3571428571428572
70 81 2.0
70 215 2.0
70 267 0.9285714285714286
71 72 0.9285714285714286
71 298 0.9285714285714286
72 73 -1.7857142857142858
72 82 -0.9285714285714286
72 368 2.0
73 74 1.7857142857142858
73 82 0.9285714285714286
73 83 0.5714285714285714
73 444 1.3571428571428572
73 482 1.3571428571428572
74 75 -0.9285714285714286
74 83 0.5714285714285714
74 515 -2.0
74 548 2.0
75 76 -1.7857142857142858
75 84 -2.0
75 583 1.7857142857142858
75 621 -0.5714285714285714
76 77 -1.7857142857142858
76 84 -1.7857142857142858
76 85 0.5714285714285714
76 664 -0.5714285714285714
76 704 -0.5714285714285714
77 78 -1.7857142857142858
77 85 -1.3571428571428572
77 86 1.3571428571428572
77 740 2.0
77 782 2.0
78 79 0.9285714285714286
78 86 -1.3571428571428572
78 87 2.0
78 821 -1.7857142857142858
79 80 2.0
79 87 -1.3571428571428572
79 88 -1.3571428571428572
80 88 1.7857142857142858
80 89 1.7857142857142858
80 162 0.5714285714285714
80 194 -2.0
82 83 -0.9285714285714286
82 444 2.0
83 482 -0.5714285714285714
83 515 2.0
84 85 -1.7857142857142858
84 621 0.5714285714285714
84 664 -1.3571428571428572
85 86 -2.0
85 704 0.9285714285714286
85 740 -2.0
86 87 -0.5714285714285714
86 782 -1.7857142857142858
86 821 -1.7857142857142858
87 88 1.3571428571428572
88 89 0.5714285714285714
88 162 -1.3571428571428572
89 194 0.9285714285714286
89 250 -1.3571428571428572
90 100 2.0
90 206 -2.0
90 251 0.5714285714285714
90 259 -0.5714285714285714
91 92 1.7857142857142858
91 101 -1.3571428571428572
91 349 -1.7857142857142858
91 359 1.7857142857142858
91 387 0.5714285714285714
92 93 -0.5714285714285714
92 101 -0.9285714285714286
92 102 -1.7857142857142858
92 424 -0.9285714285714286
92 464 -1.7857142857142858
93 94 1.7857142857142858
93 102 1.3571428571428572
93 103 -1.3571428571428572
93 543 0.5714285714285714
94 95 -1.3571428571428572
94 103 -1.3571428571428572
94 104 -0.9285714285714286
94 565 2.0
94 573 -1.3571428571428572
94 603 -2.0
94 613 -0.5714285714285714
95 96 -2.0
95 104 -2.0
95 105 -1.7857142857142858
95 644 0.5714285714285714
95 654 0.9285714285714286
95 685 -1.3571428571428572
95 694 1.3571428571428572
96 97 1.7857142857142858
96 105 -1.3571428571428572
96 106 -0.5714285714285714
96 730 -0.5714285714285714
96 773 1.3571428571428572
97 98 0.9285714285714286
97 107 -0.9285714285714286
97 803 2.0
97 812 2.0
98 99 -0.9285714285714286
98 107 -1.3571428571428572
98 108 -2.0
98 119 0.9285714285714286
99 108 -0.5714285714285714
99 109 2.0
99 147 2.0
99 155 1.7857142857142858
99 177 -1.3571428571428572
100 251 -0.5714285714285714
100 259 -1.7857142857142858
100 283 0.9285714285714286
100 291 -2.0
101 387 -2.0
101 424 -1.7857142857142858
102 103 1.7857142857142858
102 464 -2.0
103 104 0.5714285714285714
103 543 0.9285714285714286
103 565 0.5714285714285714
103 573 0.9285714285714286
104 105 0.9285714285714286
104 603 -0.9285714285714286
104 613 1.3571428571428572
104 644 -1.7857142857142858
104 654 0.9285714285714286
105 106 1.7857142857142858
105 685 1.3571428571428572
105 694 0.5714285714285714
105 730 1.7857142857142858
106 107 1.3571428571428572
106 773 -1.7857142857142858
106 803 0.9285714285714286
107 108 -1.3571428571428572
108 109 -1.3571428571428572
108 119 0.5714285714285714
108 147 -1.3571428571428572
108 155 -0.5714285714285714
109 177 -1.3571428571428572
109 233 -0.5714285714285714
109 244 -1.7857142857142858
110 111 1.3571428571428572
110 119 2.0
110 120 -1.3571428571428572
110 137 -0.9285714285714286
110 170 -1.7857142857142858
110 175 -0.5714285714285714
111 112 -0.5714285714285714
111 120 2.0
111 231 1.7857142857142858
111 273 0.5714285714285714
111 281 -0.5714285714285714
112 113 -0.5714285714285714
112 121 -0.9285714285714286
112 347 1.3571428571428572
113 114 0.5714285714285714
113 121 1.3571428571428572
113 122 2.0
113 386 -1.7857142857142858
113 413 -0.5714285714285714
113 422 0.9285714285714286
114 115 -0.5714285714285714
114 122 -0.5714285714285714
114 123 -2.0
114 453 2.0
114 462 0.9285714285714286
114 492 1.3571428571428572
114 500 0.5714285714285714
115 123 0.5714285714285714
115 124 -2.0
115 525 1.3571428571428572
115 534 -1.3571428571428572
115 563 1.3571428571428572
116 117 -1.7857142857142858
116 125 -1.7857142857142858
116 126 -0.9285714285714286
116 673 0.9285714285714286
116 683 -0.9285714285714286
116 713 2.0
116 721 -2.0
117 118 0.9285714285714286
117 126 1.7857142857142858
117 127 0.9285714285714286
117 750 -0.5714285714285714
117 761 -0.5714285714285714
117 792 -1.3571428571428572
117 801 0.5714285714285714
118 127 0.5714285714285714
118 830 -2.0
118 838 2.0
119 120 -1.7857142857142858
119 137 -0.9285714285714286
120 170 -2.0
120 175 -1.3571428571428572
120 231 -0.5714285714285714
121 122 0.5714285714285714
121 347 2.0
121 386 2.0
122 123 -0.9285714285714286
122 413 1.3571428571428572
122 422 0.5714285714285714
122 462 2.0
123 124 0.9285714285714286
123 492 1.7857142857142858
123 500 -0.9285714285714286
123 525 1.7857142857142858
123 534 2.0
124 125 -0.5714285714285714
124 563 0.9285714285714286
124 592 -0.5714285714285714
125 126 -0.9285714285714286
125 631 1.7857142857142858
125 642 0.9285714285714286
125 673 2.0
125 683 1.3571428571428572
126 127 -0.5714285714285714
126 713 -1.3571428571428572
126 721 2.0
126 750 0.9285714285714286
126 761 -0.9285714285714286
127 801 0.9285714285714286
127 830 0.5714285714285714
127 838 -1.7857142857142858
128 129 2.0
128 139 -1.3571428571428572
128 196 -1.3571428571428572
128 206 -1.7857142857142858
128 252 -1.7857142857142858
128 259 -2.0
129 130 -2.0
129 139 0.9285714285714286
129 140 1.7857142857142858
129 291 -2.0
129 321 2.0
130 140 1.3571428571428572
130 141 -1.7857142857142858
130 350 -1.7857142857142858
130 359 -1.3571428571428572
130 388 0.5714285714285714
131 132 1.3571428571428572
131 141 0.9285714285714286
131 142 1.7857142857142858
131 425 0.5714285714285714
131 465 1.3571428571428572
132 133 -0.9285714285714286
132 142 1.3571428571428572
132 502 -1.7857142857142858
132 543 -1.7857142857142858
133 134 -1.7857142857142858
133 143 -0.5714285714285714
133 566 0.5714285714285714
133 573 -1.7857142857142858
133 604 1.7857142857142858
133 613 -0.5714285714285714
134 135 -2.0
134 143 -1.3571428571428572
134 654 0.9285714285714286
134 686 1.3571428571428572
134 694 -0.5714285714285714
135 136 0.9285714285714286
135 144 0.9285714285714286
135 722 -0.5714285714285714
135 730 -0.9285714285714286
135 763 0.9285714285714286
135 773 -1.7857142857142858
136 137 0.9285714285714286
136 144 -0.9285714285714286
136 145 1.3571428571428572
136 812 1.3571428571428572
137 138 -1.7857142857142858
137 145 2.0
138 146 -2.0
138 155 0.9285714285714286
138 178 0.9285714285714286
139 140 0.9285714285714286
139 252 -1.3571428571428572
139 259 0.5714285714285714
139 291 -2.0
140 141 -0.5714285714285714
140 350 -1.3571428571428572
140 359 1.7857142857142858
141 142 -2.0
141 388 -0.5714285714285714
141 425 1.7857142857142858
142 465 -2.0
142 502 -2.0
143 604 1.3571428571428572
143 613 1.3571428571428572
143 654 0.5714285714285714
144 145 -0.9285714285714286
144 763 0.5714285714285714
144 773 -0.9285714285714286
144 812 0.5714285714285714
146 178 -0.5714285714285714
146 234 1.3571428571428572
146 244 0.9285714285714286
147 155 -1.7857142857142858
148 149 0.9285714285714286
148 156 -0.9285714285714286
148 157 0.9285714285714286
148 224 -1.7857142857142858
148 231 -2.0
148 274 -1.7857142857142858
148 281 -2.0
149 150 -1.3571428571428572
149 157 2.0
149 158 1.7857142857142858
149 307 1.7857142857142858
149 338 0.9285714285714286
149 347 1.3571428571428572
150 151 -2.0
150 159 -2.0
150 377 2.0
150 386 -1.3571428571428572
150 414 -0.9285714285714286
150 422 -0.5714285714285714
151 159 0.5714285714285714
151 462 1.3571428571428572
151 493 0.9285714285714286
151 500 0.5714285714285714
152 153 -1.7857142857142858
152 160 -2.0
152 593 2.0
152 632 -1.3571428571428572
152 642 -0.5714285714285714
153 160 0.9285714285714286
153 674 -0.9285714285714286
153 683 2.0
153 721 -2.0
154 161 -1.3571428571428572
154 162 -2.0
154 838 -1.7857142857142858
155 156 -2.0
156 157 0.5714285714285714
156 175 -0.5714285714285714
156 224 0.9285714285714286
157 158 -2.0
157 274 -0.5714285714285714
157 281 1.7857142857142858
157 307 0.5714285714285714
158 159 0.5714285714285714
158 338 1.7857142857142858
158 347 0.9285714285714286
158 377 1.3571428571428572
158 386 1.3571428571428572
159 414 -1.7857142857142858
159 422 0.5714285714285714
159 462 -1.7857142857142858
160 632 1.3571428571428572
160 642 2.0
160 674 0.5714285714285714
160 683 0.5714285714285714
161 162 -1.7857142857142858
161 801 -0.5714285714285714
161 838 1.7857142857142858
163 164 1.3571428571428572
163 196 -0.5714285714285714
163 207 0.9285714285714286
163 252 2.0
163 260 2.0
164 165 1.7857142857142858
164 292 -0.5714285714285714
164 322 -0.5714285714285714
165 171 0.9285714285714286
165 350 1.3571428571428572
165 360 -1.3571428571428572
165 388 -2.0
165 396 -1.7857142857142858
166 167 0.9285714285714286
166 172 -2.0
166 566 -0.5714285714285714
166 574 1.7857142857142858
166 604 -0.9285714285714286
166 614 2.0
167 168 1.3571428571428572
167 655 0.9285714285714286
167 695 -2.0
168 169 -0.5714285714285714
168 173 1.3571428571428572
168 722 -0.9285714285714286
168 731 -1.3571428571428572
168 763 0.5714285714285714
168 774 -0.9285714285714286
169 170 1.7857142857142858
169 173 1.7857142857142858
169 174 1.3571428571428572
170 174 0.9285714285714286
170 175 1.7857142857142858
171 388 0.9285714285714286
171 396 -0.5714285714285714
171 425 0.9285714285714286
171 435 0.5714285714285714
172 604 1.7857142857142858
172 614 -0.5714285714285714
172 655 -0.5714285714285714
173 174 0.9285714285714286
173 763 -1.7857142857142858
173 774 0.5714285714285714
174 175 -1.7857142857142858
175 176 2.0
176 178 -1.7857142857142858
176 186 0.9285714285714286
176 234 0.5714285714285714
177 178 1.3571428571428572
178 179 -1.7857142857142858
178 186 -2.0
179 180 -0.9285714285714286
179 186 -1.7857142857142858
179 187 -0.9285714285714286
179 224 -2.0
179 232 0.9285714285714286
179 274 -1.3571428571428572
179 282 -0.9285714285714286
180 181 -0.5714285714285714
180 187 -2.0
180 188 -1.3571428571428572
180 307 0.9285714285714286
180 338 -1.3571428571428572
180 348 -0.5714285714285714
181 182 1.3571428571428572
181 188 0.9285714285714286
181 189 -2.0
181 377 -2.0
181 414 1.7857142857142858
181 423 1.7857142857142858
182 183 0.9285714285714286
182 189 1.3571428571428572
182 190 1.3571428571428572
182 463 -1.3571428571428572
182 493 -0.9285714285714286
182 501 -1.7857142857142858
183 190 1.7857142857142858
183 191 -1.7857142857142858
183 526 0.9285714285714286
183 535 -0.9285714285714286
183 564 0.5714285714285714
184 185 -1.7857142857142858
184 192 -0.9285714285714286
184 684 2.0
185 193 -0.9285714285714286
185 751 0.5714285714285714
185 762 0.5714285714285714
185 802 1.7857142857142858
186 187 -0.9285714285714286
186 224 -0.9285714285714286
186 232 0.9285714285714286
187 188 1.3571428571428572
187 274 2.0
187 282 -0.5714285714285714
187 307 0.5714285714285714
188 189 0.9285714285714286
188 338 -1.7857142857142858
188 348 -0.9285714285714286
188 377 -0.9285714285714286
189 190 -2.0
189 414 0.5714285714285714
189 423 -1.3571428571428572
189 463 -0.9285714285714286
190 191 0.5714285714285714
190 493 -0.5714285714285714
190 501 -2.0
190 526 -2.0
190 535 -0.5714285714285714
191 192 2.0
191 593 2.0
191 602 -1.3571428571428572
192 632 2.0
192 643 2.0
192 674 1.7857142857142858
192 684 2.0
193 194 -0.5714285714285714
193 793 1.7857142857142858
193 802 0.9285714285714286
193 839 1.3571428571428572
195 196 -0.9285714285714286
195 206 -1.3571428571428572
196 197 2.0
196 207 1.3571428571428572
197 198 1.7857142857142858
197 207 -0.5714285714285714
197 208 -0.5714285714285714
197 216 1.3571428571428572
197 268 1.3571428571428572
198 199 0.5714285714285714
198 208 -1.3571428571428572
198 209 -1.3571428571428572
198 330 1.3571428571428572
199 209 -2.0
199 210 -1.7857142857142858
199 369 -1.7857142857142858
199 405 -2.0
200 201 -1.3571428571428572
200 210 -0.9285714285714286
200 211 0.9285714285714286
200 483 1.7857142857142858
201 202 -2.0
201 211 -0.9285714285714286
201 212 -0.5714285714285714
201 516 -0.5714285714285714
201 549 -0.5714285714285714
202 203 0.5714285714285714
202 212 -1.3571428571428572
202 584 -0.5714285714285714
202 622 -0.9285714285714286
203 204 -1.7857142857142858
203 213 1.7857142857142858
203 665 -1.3571428571428572
203 705 -0.9285714285714286
204 205 0.5714285714285714
204 213 0.9285714285714286
204 214 -2.0
204 741 -1.3571428571428572
204 783 -2.0
205 214 -1.7857142857142858
205 215 0.5714285714285714
205 822 0.9285714285714286
206 207 1.7857142857142858
207 208 -1.3571428571428572
207 216 1.7857142857142858
208 209 1.3571428571428572
208 268 1.3571428571428572
209 210 -1.7857142857142858
209 330 -0.9285714285714286
209 369 -0.9285714285714286
210 211 -0.9285714285714286
210 405 2.0
211 212 -0.5714285714285714
211 483 -0.5714285714285714
211 516 -0.9285714285714286
212 549 0.5714285714285714
212 584 0.9285714285714286
213 214 0.9285714285714286
213 705 1.7857142857142858
213 741 -2.0
214 215 1.7857142857142858
214 783 2.0
214 822 0.9285714285714286
216 217 -0.9285714285714286
216 225 1.3571428571428572
216 253 -1.7857142857142858
216 260 -1.3571428571428572
217 218 -0.5714285714285714
217 225 -0.5714285714285714
217 226 -2.0
217 292 -2.0
217 315 -0.9285714285714286
217 322 -1.7857142857142858
218 226 2.0
218 227 -2.0
218 360 -2.0
218 389 -0.9285714285714286
218 396 1.3571428571428572
219 227 -1.7857142857142858
219 228 2.0
219 426 0.9285714285714286
219 435 0.9285714285714286
219 466 -1.7857142857142858
219 475 2.0
220 221 0.5714285714285714
220 574 0.5714285714285714
220 605 0.9285714285714286
220 614 -1.3571428571428572
221 222 0.9285714285714286
221 229 -2.0
221 645 -0.5714285714285714
221 655 2.0
221 695 1.3571428571428572
222 223 1.7857142857142858
222 229 -1.7857142857142858
222 723 -1.7857142857142858
222 731 1.7857142857142858
222 764 1.3571428571428572
222 774 -1.7857142857142858
223 230 -0.9285714285714286
223 804 -1.7857142857142858
224 231 -1.7857142857142858
224 232 0.5714285714285714
225 226 1.3571428571428572
225 253 -0.9285714285714286
225 260 0.9285714285714286
225 292 -2.0
226 227 1.7857142857142858
226 315 -0.5714285714285714
226 322 1.7857142857142858
226 351 0.9285714285714286
226 360 0.5714285714285714
227 228 0.9285714285714286
227 389 -0.5714285714285714
227 396 -0.5714285714285714
227 426 2.0
227 435 -1.7857142857142858
228 466 0.9285714285714286
228 475 -2.0
229 695 -0.5714285714285714
229 723 -1.7857142857142858
229 731 -0.5714285714285714
230 231 2.0
231 232 -0.5714285714285714
232 235 -0.9285714285714286
233 234 -1.7857142857142858
233 244 2.0
234 235 0.9285714285714286
234 244 1.3571428571428572
235 236 0.5714285714285714
235 245 -2.0
235 282 -1.3571428571428572
236 237 0.9285714285714286
236 245 0.5714285714285714
236 348 1.7857142857142858
237 238 -1.7857142857142858
237 246 -0.9285714285714286
237 423 -1.7857142857142858
238 239 -1.7857142857142858
238 246 0.9285714285714286
238 247 -1.3571428571428572
238 463 -0.5714285714285714
238 501 -1.3571428571428572
239 240 -1.3571428571428572
239 247 -2.0
239 248 0.9285714285714286
239 535 -1.3571428571428572
239 564 1.7857142857142858
240 241 -0.9285714285714286
240 248 -1.3571428571428572
240 602 -2.0
240 643 -2.0
241 242 -0.9285714285714286
241 684 1.7857142857142858
242 243 -0.9285714285714286
242 249 -1.3571428571428572
242 762 -1.3571428571428572
242 802 1.3571428571428572
243 249 -1.7857142857142858
243 250 -0.5714285714285714
243 839 0.5714285714285714
245 282 -0.9285714285714286
246 247 0.9285714285714286
246 423 -1.3571428571428572
246 463 0.9285714285714286
247 248 -1.7857142857142858
247 501 -1.7857142857142858
247 535 -1.3571428571428572
248 564 -0.5714285714285714
248 602 -2.0
249 250 0.9285714285714286
249 802 -1.3571428571428572
249 839 -0.5714285714285714
251 252 0.5714285714285714
251 259 0.5714285714285714
252 253 -0.9285714285714286
252 259 -1.3571428571428572
252 260 1.7857142857142858
253 254 -1.7857142857142858
253 260 1.7857142857142858
253 261 2.0
253 268 -0.9285714285714286
253 275 1.7857142857142858
254 261 -0.9285714285714286
254 262 -1.3571428571428572
254 330 -1.7857142857142858
254 339 -0.9285714285714286
255 256 1.7857142857142858
255 265 0.9285714285714286
255 584 2.0
255 594 -0.9285714285714286
255 622 1.3571428571428572
255 633 -2.0
256 257 -1.3571428571428572
256 266 -2.0
256 665 -2.0
256 705 1.3571428571428572
257 258 -1.7857142857142858
257 266 2.0
257 741 -1.7857142857142858
257 752 2.0
257 783 1.7857142857142858
257 794 -2.0
258 267 -2.0
258 822 -0.9285714285714286
259 260 1.7857142857142858
260 261 2.0
261 262 1.7857142857142858
261 268 2.0
261 275 1.7857142857142858
262 263 1.3571428571428572
262 330 1.7857142857142858
262 339 1.7857142857142858
262 369 1.3571428571428572
262 378 0.5714285714285714
263 264 -0.9285714285714286
263 405 -2.0
263 415 0.5714285714285714
264 265 -0.5714285714285714
264 483 1.7857142857142858
264 494 0.9285714285714286
264 516 0.9285714285714286
264 527 -0.9285714285714286
265 549 -2.0
266 705 -1.3571428571428572
266 741 1.7857142857142858
266 752 -0.9285714285714286
268 269 0.9285714285714286
268 275 -1.7857142857142858
269 275 0.9285714285714286
269 276 -0.9285714285714286
269 293 -1.3571428571428572
269 315 1.3571428571428572
269 323 2.0
270 278 0.9285714285714286
270 575 -0.5714285714285714
270 605 1.7857142857142858
270 615 1.7857142857142858
271 272 0.5714285714285714
271 279 1.3571428571428572
271 723 -2.0
271 732 1.3571428571428572
271 764 0.9285714285714286
271 775 -1.7857142857142858
272 273 1.3571428571428572
272 279 -1.3571428571428572
272 280 1.7857142857142858
272 804 -1.3571428571428572
272 813 2.0
273 274 0.5714285714285714
273 280 0.9285714285714286
273 281 -2.0
274 281 -1.3571428571428572
274 282 0.5714285714285714
275 276 2.0
275 293 0.5714285714285714
276 315 -2.0
276 323 -0.9285714285714286
276 351 -0.9285714285714286
276 361 1.7857142857142858
277 466 -1.3571428571428572
278 605 1.3571428571428572
278 615 -1.3571428571428572
278 645 2.0
278 656 -0.9285714285714286
279 280 2.0
279 764 1.7857142857142858
279 775 -0.9285714285714286
279 804 -0.9285714285714286
279 813 1.3571428571428572
280 281 -2.0
281 282 -0.9285714285714286
283 291 0.5714285714285714
284 285 -0.5714285714285714
284 293 1.3571428571428572
284 294 0.9285714285714286
284 299 -1.7857142857142858
284 331 -0.5714285714285714
284 339 -0.9285714285714286
285 286 -1.3571428571428572
285 294 2.0
285 378 -1.3571428571428572
285 415 0.9285714285714286
286 287 0.5714285714285714
286 295 2.0
286 484 2.0
286 494 -1.3571428571428572
287 288 -0.9285714285714286
287 295 0.5714285714285714
287 517 0.9285714285714286
287 527 -1.7857142857142858
287 550 1.3571428571428572
288 585 0.5714285714285714
288 594 1.7857142857142858
288 633 2.0
289 290 1.7857142857142858
289 296 -0.5714285714285714
289 297 2.0
289 742 0.9285714285714286
289 784 2.0
289 794 -1.7857142857142858
290 297 1.3571428571428572
290 298 -1.7857142857142858
291 292 -0.5714285714285714
292 293 -0.5714285714285714
293 294 -0.5714285714285714
293 299 -2.0
294 331 -0.9285714285714286
294 339 -0.9285714285714286
294 378 -2.0
295 484 -0.9285714285714286
295 494 1.3571428571428572
295 517 -1.7857142857142858
295 527 -0.9285714285714286
296 297 -0.5714285714285714
296 742 -2.0
296 752 2.0
297 298 -1.7857142857142858
297 784 0.5714285714285714
297 794 0.5714285714285714
299 300 0.5714285714285714
299 308 -0.9285714285714286
299 316 -1.7857142857142858
299 323 1.7857142857142858
300 301 0.9285714285714286
300 308 1.7857142857142858
300 309 -1.3571428571428572
300 352 -1.7857142857142858
300 361 2.0
300 390 -0.9285714285714286
300 397 1.7857142857142858
301 302 2.0
301 309 -0.9285714285714286
301 310 -0.9285714285714286
301 427 0.9285714285714286
301 436 -2.0
301 467 1.3571428571428572
302 303 0.9285714285714286
302 310 1.3571428571428572
302 536 -1.3571428571428572
303 311 -0.9285714285714286
303 567 -1.7857142857142858
303 575 1.7857142857142858
304 305 -1.3571428571428572
304 312 2.0
304 724 -0.9285714285714286
304 732 1.7857142857142858
304 765 -2.0
304 775 1.7857142857142858
305 306 -1.7857142857142858
305 312 -1.7857142857142858
305 313 0.9285714285714286
305 805 0.5714285714285714
305 813 -0.5714285714285714
306 307 0.9285714285714286
306 313 -1.7857142857142858
308 309 0.5714285714285714
308 316 -0.9285714285714286
308 323 -2.0
308 352 -1.7857142857142858
308 361 0.9285714285714286
309 310 -1.3571428571428572
309 390 1.3571428571428572
309 397 0.9285714285714286
309 427 0.9285714285714286
309 436 -1.3571428571428572
310 467 0.9285714285714286
310 503 -0.9285714285714286
311 606 -1.7857142857142858
311 615 -1.7857142857142858
311 656 -2.0
312 313 0.9285714285714286
312 765 1.3571428571428572
312 775 -1.7857142857142858
312 805 2.0
312 813 -0.9285714285714286
314 321 0.9285714285714286
315 316 -1.7857142857142858
315 322 -1.7857142857142858
315 323 -1.3571428571428572
316 317 2.0
316 323 0.5714285714285714
316 324 0.9285714285714286
316 331 -1.3571428571428572
316 340 -2.0
317 324 0.5714285714285714
317 325 -0.5714285714285714
317 379 1.3571428571428572
317 406 -0.9285714285714286
317 416 2.0
318 326 0.9285714285714286
318 327 -0.5714285714285714
318 517 1.3571428571428572
318 528 -1.7857142857142858
318 550 -1.7857142857142858
319 320 0.9285714285714286
319 329 -0.5714285714285714
319 742 0.5714285714285714
319 753 0.9285714285714286
319 784 2.0
319 795 2.0
320 329 -1.3571428571428572
321 322 -0.5714285714285714
322 323 0.9285714285714286
323 324 -1.7857142857142858
324 325 -1.3571428571428572
324 331 -1.3571428571428572
324 340 -2.0
324 379 -0.9285714285714286
325 326 0.5714285714285714
325 406 -0.9285714285714286
325 416 0.5714285714285714
325 445 0.9285714285714286
325 454 0.9285714285714286
326 327 0.5714285714285714
326 484 -1.7857142857142858
326 495 -0.9285714285714286
326 517 2.0
326 528 1.3571428571428572
327 328 -2.0
327 585 -2.0
327 595 0.9285714285714286
328 623 -2.0
328 634 -0.5714285714285714
328 666 -1.7857142857142858
328 676 1.7857142857142858
329 784 -0.5714285714285714
329 795 -1.7857142857142858
330 331 1.7857142857142858
330 339 -1.3571428571428572
331 339 1.3571428571428572
331 340 -1.7857142857142858
332 333 -2.0
332 340 2.0
332 341 1.3571428571428572
332 352 -1.7857142857142858
332 362 -1.3571428571428572
332 390 1.7857142857142858
332 398 0.9285714285714286
333 334 -1.7857142857142858
333 341 0.5714285714285714
333 342 2.0
333 427 1.7857142857142858
333 437 0.9285714285714286
333 467 2.0
333 476 2.0
334 335 -0.9285714285714286
334 342 -0.5714285714285714
334 343 2.0
334 503 2.0
334 509 1.7857142857142858
334 536 -0.9285714285714286
334 544 1.3571428571428572
335 336 -2.0
335 343 2.0
335 344 -0.5714285714285714
335 576 -1.3571428571428572
335 606 -0.9285714285714286
335 616 1.7857142857142858
336 337 -0.5714285714285714
336 646 -1.7857142857142858
336 657 -0.9285714285714286
336 687 -0.9285714285714286
336 697 -1.3571428571428572
337 345 -2.0
337 724 -1.7857142857142858
337 733 2.0
337 765 -1.7857142857142858
337 776 2.0
338 347 -1.3571428571428572
338 348 -2.0
339 340 -1.3571428571428572
340 341 -0.9285714285714286
340 352 -1.3571428571428572
340 362 -0.5714285714285714
341 342 -0.5714285714285714
341 390 0.9285714285714286
341 398 -0.5714285714285714
341 427 0.5714285714285714
341 437 -0.5714285714285714
342 467 -1.3571428571428572
342 476 1.3571428571428572
342 503 -0.5714285714285714
342 509 0.9285714285714286
343 344 0.9285714285714286
343 536 -1.3571428571428572
343 544 1.7857142857142858
343 567 1.3571428571428572
343 576 -0.9285714285714286
344 606 -0.5714285714285714
344 616 -1.7857142857142858
345 346 2.0
345 765 -1.3571428571428572
345 776 -0.5714285714285714
345 805 1.3571428571428572
345 814 0.9285714285714286
346 347 -0.9285714285714286
347 348 -0.9285714285714286
349 350 0.5714285714285714
349 359 -0.9285714285714286
350 351 -1.3571428571428572
350 359 1.7857142857142858
350 360 0.5714285714285714
351 352 0.9285714285714286
351 360 -2.0
351 361 0.9285714285714286
352 353 1.3571428571428572
352 361 -1.7857142857142858
352 362 -2.0
353 354 0.9285714285714286
353 363 0.9285714285714286
353 370 -0.5714285714285714
353 379 1.3571428571428572
353 407 1.7857142857142858
353 416 -0.9285714285714286
354 363 2.0
354 364 1.3571428571428572
354 446 1.3571428571428572
354 454 1.7857142857142858
354 485 -0.9285714285714286
354 495 -1.3571428571428572
355 356 -0.5714285714285714
355 365 -0.9285714285714286
355 366 -0.9285714285714286
355 586 2.0
355 595 -1.7857142857142858
355 624 -0.5714285714285714
355 634 0.5714285714285714
356 357 -0.9285714285714286
356 366 -1.3571428571428572
356 367 0.9285714285714286
356 667 0.5714285714285714
356 676 2.0
356 706 1.3571428571428572
356 714 -2.0
357 358 1.3571428571428572
357 367 -0.5714285714285714
357 743 -2.0
357 753 -0.9285714285714286
357 785 -0.9285714285714286
357 795 -0.9285714285714286
358 368 -1.3571428571428572
358 823 -0.9285714285714286
359 360 -0.9285714285714286
360 361 -2.0
361 362 -0.9285714285714286
362 370 -0.5714285714285714
362 379 -1.7857142857142858
363 364 1.7857142857142858
363 407 1.3571428571428572
363 416 -1.7857142857142858
363 446 -2.0
363 454 -1.7857142857142858
364 365 -1.7857142857142858
364 485 0.5714285714285714
364 495 -0.9285714285714286
364 518 -2.0
364 528 -0.9285714285714286
365 366 1.3571428571428572
365 551 1.7857142857142858
365 586 -0.5714285714285714
365 595 0.5714285714285714
366 367 -0.5714285714285714
366 634 2.0
366 667 -0.5714285714285714
366 676 -2.0
367 706 -0.5714285714285714
367 714 -2.0
367 743 -1.3571428571428572
367 753 2.0
369 378 -0.9285714285714286
370 371 -0.5714285714285714
370 379 1.3571428571428572
370 380 -2.0
370 398 0.5714285714285714
371 372 -1.7857142857142858
371 380 2.0
371 381 0.9285714285714286
371 428 -2.0
371 437 -1.7857142857142858
371 468 1.7857142857142858
371 476 -1.7857142857142858
372 373 -1.3571428571428572
372 381 -1.7857142857142858
372 504 -1.7857142857142858
372 509 -2.0
372 537 1.3571428571428572
372 544 -0.9285714285714286
373 374 -0.9285714285714286
373 382 -0.9285714285714286
373 576 -1.3571428571428572
373 607 2.0
373 616 -0.5714285714285714
374 375 -0.5714285714285714
374 382 1.3571428571428572
374 383 -0.9285714285714286
374 647 -1.7857142857142858
374 657 -1.7857142857142858
374 688 -2.0
374 697 -1.7857142857142858
375 376 0.9285714285714286
375 383 -1.3571428571428572
375 384 -0.9285714285714286
375 733 -1.3571428571428572
375 766 -0.5714285714285714
375 776 -1.3571428571428572
376 384 -1.7857142857142858
376 385 -0.9285714285714286
376 806 -1.3571428571428572
376 814 0.9285714285714286
377 386 1.3571428571428572
378 379 -0.5714285714285714
379 380 0.9285714285714286
380 391 -0.9285714285714286
380 398 1.3571428571428572
380 428 1.3571428571428572
380 437 1.3571428571428572
381 468 -1.3571428571428572
381 476 -1.3571428571428572
381 504 1.3571428571428572
381 509 1.7857142857142858
382 383 2.0
382 607 0.9285714285714286
382 647 2.0
382 657 0.5714285714285714
383 384 0.5714285714285714
383 688 -1.7857142857142858
383 697 -0.5714285714285714
383 733 2.0
384 385 -0.5714285714285714
384 766 1.7857142857142858
384 776 2.0
384 806 0.5714285714285714
384 814 -0.5714285714285714
385 386 2.0
387 388 -1.3571428571428572
388 389 -2.0
388 396 -2.0
389 390 -0.5714285714285714
389 396 1.7857142857142858
389 397 -0.5714285714285714
390 391 1.7857142857142858
390 397 -0.9285714285714286
390 398 1.7857142857142858
391 392 -1.7857142857142858
391 398 -0.9285714285714286
391 399 -1.3571428571428572
391 407 -1.7857142857142858
391 417 -0.5714285714285714
392 393 0.5714285714285714
392 399 -0.5714285714285714
392 400 2.0
392 446 -0.5714285714285714
392 455 -0.5714285714285714
392 485 0.5714285714285714
392 496 1.7857142857142858
393 400 1.7857142857142858
393 401 -0.5714285714285714
393 518 1.7857142857142858
393 529 0.5714285714285714
393 551 2.0
393 557 -1.7857142857142858
394 395 1.3571428571428572
394 403 -0.5714285714285714
394 404 -1.3571428571428572
394 743 -2.0
394 754 -0.9285714285714286
394 785 -2.0
394 796 -0.9285714285714286
395 404 0.9285714285714286
395 823 -1.3571428571428572
395 831 1.7857142857142858
396 397 -0.9285714285714286
397 398 -1.7857142857142858
398 399 -2.0
399 400 0.9285714285714286
399 407 1.7857142857142858
399 417 -1.3571428571428572
399 446 0.9285714285714286
399 455 -2.0
400 401 0.9285714285714286
400 485 0.5714285714285714
400 496 -2.0
400 518 -1.3571428571428572
400 529 -1.7857142857142858
401 402 -0.9285714285714286
401 551 -2.0
401 557 -1.7857142857142858
401 586 0.9285714285714286
401 596 0.5714285714285714
402 403 0.5714285714285714
402 624 -1.3571428571428572
402 635 2.0
402 667 -0.5714285714285714
403 404 -1.7857142857142858
403 706 0.5714285714285714
403 715 1.7857142857142858
403 743 -2.0
403 754 -0.9285714285714286
404 785 0.5714285714285714
404 796 0.9285714285714286
404 823 0.9285714285714286
405 406 -1.3571428571428572
405 415 -1.7857142857142858
406 407 1.7857142857142858
406 415 -1.3571428571428572
406 416 1.3571428571428572
407 408 -1.7857142857142858
407 416 0.5714285714285714
407 417 2.0
408 409 1.3571428571428572
408 417 -0.9285714285714286
408 418 0.9285714285714286
408 428 -0.5714285714285714
408 438 -1.7857142857142858
409 410 2.0
409 418 -0.9285714285714286
409 504 -1.3571428571428572
409 510 -2.0
409 537 0.9285714285714286
410 419 0.9285714285714286
410 577 -1.3571428571428572
410 607 -0.5714285714285714
410 617 -1.7857142857142858
411 412 2.0
411 420 -0.9285714285714286
411 421 0.9285714285714286
411 734 -1.7857142857142858
411 766 1.3571428571428572
411 777 0.9285714285714286
412 413 -1.7857142857142858
412 421 -0.5714285714285714
412 806 -0.9285714285714286
412 815 1.3571428571428572
413 422 1.3571428571428572
414 422 1.7857142857142858
414 423 1.3571428571428572
415 416 1.3571428571428572
416 417 0.9285714285714286
417 418 -1.7857142857142858
417 428 -0.9285714285714286
417 438 -1.7857142857142858
418 468 0.5714285714285714
418 504 -0.9285714285714286
418 510 1.3571428571428572
419 420 -0.5714285714285714
419 607 0.9285714285714286
419 617 1.3571428571428572
419 647 -1.3571428571428572
420 421 2.0
420 688 -0.5714285714285714
420 698 -0.5714285714285714
420 734 -1.3571428571428572
421 766 2.0
421 777 1.7857142857142858
421 806 0.5714285714285714
421 815 -1.7857142857142858
422 423 1.3571428571428572
424 425 0.9285714285714286
425 435 -1.3571428571428572
426 427 1.3571428571428572
426 435 -0.9285714285714286
426 436 -1.7857142857142858
427 428 1.3571428571428572
427 436 -2.0
427 437 -0.9285714285714286
428 429 -1.7857142857142858
428 437 0.5714285714285714
428 438 -0.5714285714285714
429 430 -1.7857142857142858
429 438 0.5714285714285714
429 439 -0.9285714285714286
429 447 1.3571428571428572
429 455 -1.3571428571428572
429 486 0.5714285714285714
429 496 -1.3571428571428572
430 431 2.0
430 439 -1.3571428571428572
430 440 0.5714285714285714
430 519 2.0
430 529 2.0
430 552 0.9285714285714286
430 557 -1.7857142857142858
431 432 -2.0
431 440 -0.5714285714285714
431 441 -1.7857142857142858
431 596 -1.3571428571428572
431 625 1.3571428571428572
431 635 2.0
432 433 1.7857142857142858
432 441 -1.7857142857142858
432 442 1.7857142857142858
432 668 2.0
432 707 -0.9285714285714286
432 715 -0.9285714285714286
433 434 2.0
433 442 -2.0
433 443 1.3571428571428572
433 744 -1.3571428571428572
433 754 -0.5714285714285714
433 786 -1.7857142857142858
433 796 0.5714285714285714
434 443 1.3571428571428572
434 444 1.3571428571428572
434 824 0.5714285714285714
434 831 1.7857142857142858
435 436 2.0
436 437 -1.7857142857142858
437 438 2.0
438 439 0.5714285714285714
438 447 2.0
438 455 2.0
439 440 0.5714285714285714
439 486 0.5714285714285714
439 496 -1.7857142857142858
439 519 1.7857142857142858
439 529 1.3571428571428572
440 441 2.0
440 552 -1.7857142857142858
440 557 -2.0
440 596 1.7857142857142858
441 442 1.3571428571428572
441 625 -2.0
441 635 -0.5714285714285714
441 668 -1.7857142857142858
442 443 0.5714285714285714
442 707 0.9285714285714286
442 715 -1.7857142857142858
442 744 1.7857142857142858
442 754 0.5714285714285714
443 444 2.0
443 786 0.9285714285714286
443 796 2.0
443 824 -1.3571428571428572
443 831 -1.7857142857142858
445 446 -1.7857142857142858
445 454 1.7857142857142858
446 447 1.3571428571428572
446 454 1.3571428571428572
446 455 -0.5714285714285714
447 448 0.9285714285714286
447 455 0.5714285714285714
447 456 -1.7857142857142858
447 469 0.5714285714285714
448 449 -0.5714285714285714
448 456 -1.3571428571428572
448 457 0.9285714285714286
448 505 0.9285714285714286
448 510 -1.7857142857142858
448 538 1.3571428571428572
449 450 -0.9285714285714286
449 457 2.0
449 458 2.0
449 577 0.5714285714285714
449 617 -0.5714285714285714
450 451 2.0
450 458 -0.9285714285714286
450 459 -1.7857142857142858
450 648 0.5714285714285714
450 658 2.0
450 689 0.5714285714285714
450 698 -1.7857142857142858
451 452 0.5714285714285714
451 460 -2.0
451 725 1.7857142857142858
451 767 -1.3571428571428572
451 777 -1.7857142857142858
452 453 -0.5714285714285714
452 461 1.3571428571428572
452 807 -2.0
452 815 0.9285714285714286
453 461 1.3571428571428572
453 462 -0.9285714285714286
455 456 0.5714285714285714
456 457 0.9285714285714286
456 469 -1.7857142857142858
456 505 1.3571428571428572
456 510 2.0
457 458 2.0
457 538 -0.5714285714285714
457 577 -2.0
458 459 -0.9285714285714286
458 608 -0.5714285714285714
458 617 0.5714285714285714
458 648 1.3571428571428572
458 658 0.5714285714285714
459 460 -0.9285714285714286
459 689 -0.9285714285714286
459 698 -1.7857142857142858
459 725 -1.7857142857142858
459 734 1.7857142857142858
460 461 2.0
460 767 2.0
460 777 0.9285714285714286
460 807 -1.7857142857142858
460 815 -0.9285714285714286
461 462 2.0
462 463 -1.7857142857142858
464 465 2.0
465 466 -2.0
465 475 -2.0
466 467 2.0
466 475 1.7857142857142858
467 468 -0.5714285714285714
467 476 -2.0
468 469 2.0
468 476 1.7857142857142858
469 470 -0.5714285714285714
469 477 -1.7857142857142858
469 486 -0.9285714285714286
470 471 1.7857142857142858
470 477 -0.9285714285714286
470 478 2.0
470 519 -1.3571428571428572
470 530 2.0
470 552 1.7857142857142858
470 558 0.5714285714285714
471 472 -1.3571428571428572
471 478 1.7857142857142858
471 479 -0.5714285714285714
471 597 0.5714285714285714
471 625 -1.7857142857142858
471 636 0.9285714285714286
472 473 1.7857142857142858
472 479 -1.7857142857142858
472 480 1.7857142857142858
472 668 0.9285714285714286
472 677 -1.7857142857142858
472 707 -0.9285714285714286
472 716 -2.0
473 474 0.5714285714285714
473 480 -2.0
473 481 0.5714285714285714
473 744 0.5714285714285714
473 755 2.0
473 786 0.5714285714285714
473 797 -2.0
474 481 1.7857142857142858
474 482 -2.0
474 824 0.5714285714285714
474 832 0.9285714285714286
477 478 -0.9285714285714286
477 486 -0.5714285714285714
477 530 -0.5714285714285714
478 479 -0.5714285714285714
478 597 1.7857142857142858
479 480 1.3571428571428572
479 625 -0.9285714285714286
479 636 2.0
479 668 2.0
479 677 0.5714285714285714
480 481 -0.5714285714285714
480 707 2.0
480 716 -0.9285714285714286
480 744 1.3571428571428572
480 755 -0.5714285714285714
481 482 -1.3571428571428572
481 786 -0.9285714285714286
481 797 2.0
481 824 1.3571428571428572
481 832 -1.7857142857142858
483 494 -1.3571428571428572
484 485 2.0
484 494 0.9285714285714286
484 495 -1.7857142857142858
485 486 -0.9285714285714286
485 495 -2.0
485 496 -1.3571428571428572
486 487 -2.0
486 496 2.0
487 488 0.9285714285714286
487 505 0.9285714285714286
487 511 -2.0
487 538 0.9285714285714286
488 489 -2.0
488 497 1.3571428571428572
488 578 2.0
488 608 1.3571428571428572
489 490 -2.0
489 497 1.7857142857142858
489 498 -0.5714285714285714
489 648 0.9285714285714286
489 659 1.3571428571428572
489 689 1.7857142857142858
489 699 -0.5714285714285714
490 491 2.0
490 498 -0.9285714285714286
490 499 1.7857142857142858
490 725 -1.7857142857142858
490 735 -1.7857142857142858
490 767 -2.0
490 778 1.3571428571428572
491 492 -0.9285714285714286
491 499 0.5714285714285714
491 807 -1.3571428571428572
491 816 0.9285714285714286
492 493 -2.0
492 500 1.7857142857142858
493 500 2.0
493 501 -1.7857142857142858
494 495 -1.3571428571428572
495 496 0.9285714285714286
497 498 -0.5714285714285714
497 608 0.9285714285714286
497 648 2.0
497 659 -0.9285714285714286
498 499 1.3571428571428572
498 689 0.5714285714285714
498 699 -0.5714285714285714
498 725 0.9285714285714286
498 735 -2.0
499 767 -0.5714285714285714
499 778 -0.5714285714285714
499 807 -0.9285714285714286
499 816 -0.5714285714285714
500 501 -1.7857142857142858
503 504 -0.9285714285714286
503 509 -0.9285714285714286
504 505 -0.5714285714285714
504 509 1.3571428571428572
504 510 -0.9285714285714286
505 510 0.5714285714285714
505 511 -1.3571428571428572
506 507 -1.3571428571428572
506 512 -1.7857142857142858
506 513 0.5714285714285714
506 587 -0.9285714285714286
506 626 -0.9285714285714286
506 636 1.3571428571428572
507 513 0.9285714285714286
507 669 0.5714285714285714
507 677 -1.3571428571428572
507 708 1.3571428571428572
507 716 0.9285714285714286
508 514 1.3571428571428572
508 515 -2.0
508 825 0.9285714285714286
508 832 -2.0
509 510 -1.7857142857142858
510 511 -0.5714285714285714
511 512 2.0
511 520 -2.0
511 530 -1.7857142857142858
512 513 0.5714285714285714
512 558 -2.0
512 587 0.9285714285714286
512 597 -1.3571428571428572
513 626 0.9285714285714286
513 636 -2.0
513 669 2.0
513 677 0.5714285714285714
514 515 -1.7857142857142858
514 787 2.0
514 797 0.9285714285714286
514 825 0.9285714285714286
516 517 -1.7857142857142858
516 527 -1.7857142857142858
517 518 1.7857142857142858
517 527 -0.5714285714285714
517 528 -2.0
518 519 1.3571428571428572
518 528 -1.3571428571428572
518 529 0.9285714285714286
519 520 -2.0
519 529 1.3571428571428572
519 530 1.3571428571428572
520 521 -1.3571428571428572
520 530 0.9285714285714286
520 531 1.3571428571428572
520 539 -1.3571428571428572
521 531 -2.0
521 532 0.5714285714285714
521 568 -1.3571428571428572
521 578 1.3571428571428572
522 523 1.7857142857142858
522 532 -1.7857142857142858
522 649 1.3571428571428572
522 659 0.5714285714285714
522 690 -0.5714285714285714
522 699 -2.0
523 524 2.0
523 726 -1.3571428571428572
523 735 1.3571428571428572
523 778 -1.3571428571428572
524 525 0.5714285714285714
524 533 0.5714285714285714
524 808 -1.7857142857142858
524 816 -2.0
525 526 1.7857142857142858
525 533 1.3571428571428572
525 534 -2.0
526 534 1.3571428571428572
526 535 1.7857142857142858
527 528 1.3571428571428572
528 529 -2.0
529 530 -2.0
530 531 0.9285714285714286
531 532 2.0
531 539 -0.9285714285714286
531 568 -0.5714285714285714
531 578 -1.3571428571428572
532 649 0.9285714285714286
532 659 1.7857142857142858
533 534 1.3571428571428572
534 535 -2.0
536 537 -1.7857142857142858
536 544 1.7857142857142858
537 538 -0.9285714285714286
537 544 0.5714285714285714
538 539 -1.7857142857142858
539 540 -0.9285714285714286
539 545 0.5714285714285714
539 559 0.9285714285714286
540 541 0.5714285714285714
540 545 1.7857142857142858
540 546 -2.0
540 587 -1.7857142857142858
540 598 -1.3571428571428572
540 626 0.9285714285714286
540 637 -1.7857142857142858
541 542 2.0
541 546 1.7857142857142858
541 547 0.9285714285714286
541 669 1.3571428571428572
541 678 -1.7857142857142858
541 708 2.0
541 717 1.7857142857142858
542 547 -0.5714285714285714
542 745 2.0
542 756 0.9285714285714286
542 787 -1.7857142857142858
542 798 1.7857142857142858
545 546 1.7857142857142858
545 559 2.0
545 587 -1.7857142857142858
545 598 1.3571428571428572
546 547 -1.3571428571428572
546 626 -1.3571428571428572
546 637 -1.7857142857142858
546 669 -2.0
546 678 -1.7857142857142858
547 708 -0.9285714285714286
547 717 -1.7857142857142858
547 745 1.3571428571428572
547 756 0.9285714285714286
549 550 0.5714285714285714
550 551 0.9285714285714286
551 552 1.7857142857142858
551 557 0.9285714285714286
552 557 1.3571428571428572
552 558 -0.5714285714285714
553 554 -1.3571428571428572
553 559 2.0
553 560 -1.3571428571428572
553 568 -1.3571428571428572
553 579 -0.5714285714285714
554 555 -1.7857142857142858
554 560 1.3571428571428572
554 649 -2.0
554 690 -0.9285714285714286
554 700 1.7857142857142858
555 561 1.3571428571428572
555 562 2.0
555 726 -1.7857142857142858
555 736 1.7857142857142858
555 768 2.0
555 779 -1.7857142857142858
556 562 0.5714285714285714
556 808 0.9285714285714286
556 817 -1.7857142857142858
557 558 -0.5714285714285714
558 559 0.5714285714285714
559 560 1.3571428571428572
559 568 1.3571428571428572
559 579 -1.7857142857142858
560 561 0.9285714285714286
560 649 1.3571428571428572
560 660 -0.5714285714285714
561 562 -1.3571428571428572
561 690 2.0
561 726 0.9285714285714286
561 736 2.0
562 768 -1.3571428571428572
562 779 -1.3571428571428572
562 808 1.3571428571428572
562 817 0.5714285714285714
563 564 -0.9285714285714286
565 566 1.7857142857142858
565 573 -2.0
566 573 0.9285714285714286
566 574 -0.9285714285714286
567 575 -1.3571428571428572
567 576 -0.5714285714285714
568 569 -2.0
568 578 0.5714285714285714
568 579 -0.5714285714285714
569 570 -0.9285714285714286
569 579 1.3571428571428572
569 580 0.5714285714285714
569 588 -1.3571428571428572
569 598 -0.9285714285714286
569 627 0.5714285714285714
569 637 -1.7857142857142858
570 571 -0.5714285714285714
570 580 1.3571428571428572
570 581 -0.5714285714285714
570 670 0.5714285714285714
570 678 -1.3571428571428572
570 709 -1.7857142857142858
570 717 -1.7857142857142858
571 572 -2.0
571 581 1.3571428571428572
571 582 0.5714285714285714
571 746 -2.0
571 756 -1.7857142857142858
571 788 -1.7857142857142858
571 798 -0.5714285714285714
572 582 1.3571428571428572
572 583 1.7857142857142858
572 826 0.9285714285714286
572 833 -1.3571428571428572
573 574 1.7857142857142858
574 575 -0.5714285714285714
575 576 1.7857142857142858
576 577 2.0
577 578 -1.3571428571428572
578 579 -2.0
579 580 -2.0
579 588 2.0
579 598 -0.5714285714285714
580 581 -1.3571428571428572
580 627 1.3571428571428572
580 637 -1.7857142857142858
580 670 0.5714285714285714
580 678 -1.7857142857142858
581 582 -1.7857142857142858
581 709 -1.7857142857142858
581 717 1.3571428571428572
581 746 -2.0
581 756 0.5714285714285714
582 583 0.5714285714285714
582 788 -1.7857142857142858
582 826 -1.7857142857142858
582 833 0.9285714285714286
584 585 -1.7857142857142858
584 594 0.9285714285714286
585 586 -0.5714285714285714
585 594 -1.7857142857142858
585 595 -1.3571428571428572
586 595 1.3571428571428572
586 596 -2.0
587 588 0.9285714285714286
587 597 -2.0
587 598 -0.5714285714285714
588 589 -1.3571428571428572
588 598 0.9285714285714286
588 599 1.3571428571428572
588 609 -0.5714285714285714
589 590 0.5714285714285714
589 599 0.9285714285714286
589 600 -1.7857142857142858
589 650 -0.5714285714285714
589 660 -0.5714285714285714
589 691 1.7857142857142858
590 591 -0.9285714285714286
590 600 1.7857142857142858
590 601 -2.0
590 727 -2.0
590 736 -2.0
590 769 -0.5714285714285714
590 779 0.5714285714285714
591 592 -0.9285714285714286
591 601 -1.3571428571428572
591 809 -1.7857142857142858
591 817 -2.0
592 593 -0.5714285714285714
593 602 1.7857142857142858
594 595 -2.0
595 596 -1.7857142857142858
596 597 2.0
597 598 0.9285714285714286
598 599 0.5714285714285714
599 600 2.0
599 609 -1.7857142857142858
599 650 1.3571428571428572
599 660 1.3571428571428572
600 691 0.5714285714285714
600 700 -0.9285714285714286
600 727 0.5714285714285714
600 736 -1.7857142857142858
601 769 1.3571428571428572
601 779 -1.3571428571428572
601 809 -1.7857142857142858
601 817 1.3571428571428572
603 604 1.7857142857142858
603 613 -1.7857142857142858
604 605 0.5714285714285714
604 613 0.5714285714285714
605 606 -1.7857142857142858
605 614 -2.0
605 615 -2.0
606 607 1.7857142857142858
606 615 2.0
606 616 0.5714285714285714
607 608 0.5714285714285714
607 616 1.3571428571428572
607 617 0.9285714285714286
608 617 -0.5714285714285714
609 610 -0.5714285714285714
609 618 -0.9285714285714286
609 627 0.9285714285714286
609 638 -2.0
610 611 -0.9285714285714286
610 618 -0.9285714285714286
610 619 0.5714285714285714
610 670 -1.3571428571428572
610 679 1.3571428571428572
610 709 2.0
610 718 0.9285714285714286
611 612 0.9285714285714286
611 619 0.5714285714285714
611 620 2.0
611 746 1.3571428571428572
611 757 -0.9285714285714286
611 788 -0.9285714285714286
612 620 1.3571428571428572
612 621 2.0
612 826 -0.9285714285714286
612 834 -1.7857142857142858
613 614 -1.7857142857142858
614 615 0.9285714285714286
615 616 1.7857142857142858
616 617 0.9285714285714286
618 619 1.7857142857142858
618 627 -1.3571428571428572
618 638 -0.5714285714285714
618 670 1.7857142857142858
618 679 2.0
619 620 2.0
619 709 -1.7857142857142858
619 718 0.5714285714285714
619 746 0.9285714285714286
619 757 -0.9285714285714286
620 621 2.0
620 788 -0.5714285714285714
620 826 1.7857142857142858
620 834 -0.5714285714285714
622 623 -1.7857142857142858
622 633 0.5714285714285714
623 624 0.5714285714285714
623 633 -0.5714285714285714
623 634 -2.0
624 625 -1.7857142857142858
624 634 -1.7857142857142858
624 635 -0.9285714285714286
625 626 0.5714285714285714
625 635 1.3571428571428572
625 636 1.7857142857142858
626 627 1.3571428571428572
626 636 -2.0
626 637 1.3571428571428572
627 628 0.9285714285714286
627 637 1.7857142857142858
627 638 -1.7857142857142858
628 629 1.7857142857142858
628 639 -1.7857142857142858
628 650 -0.9285714285714286
628 661 -0.5714285714285714
628 691 -1.7857142857142858
628 701 2.0
629 630 1.7857142857142858
629 639 0.9285714285714286
629 640 1.7857142857142858
629 727 2.0
629 737 -1.7857142857142858
629 769 -0.5714285714285714
629 780 0.5714285714285714
630 631 0.5714285714285714
630 640 -1.7857142857142858
630 641 1.7857142857142858
630 809 1.3571428571428572
630 818 -0.9285714285714286
631 632 -0.5714285714285714
631 641 0.9285714285714286
631 642 0.5714285714285714
632 642 0.9285714285714286
632 643 -1.3571428571428572
633 634 -1.3571428571428572
634 635 0.5714285714285714
635 636 0.5714285714285714
636 637 -0.9285714285714286
637 638 0.9285714285714286
638 650 -0.9285714285714286
638 661 -0.9285714285714286
639 640 -0.9285714285714286
639 691 2.0
639 701 1.3571428571428572
639 727 1.7857142857142858
639 737 1.7857142857142858
640 641 0.5714285714285714
640 769 -0.5714285714285714
640 780 0.9285714285714286
640 809 -0.5714285714285714
640 818 -1.7857142857142858
641 642 -1.3571428571428572
642 643 1.7857142857142858
644 654 -1.3571428571428572
645 646 -1.7857142857142858
645 655 1.7857142857142858
645 656 2.0
646 647 -1.3571428571428572
646 656 -0.5714285714285714
647 648 -2.0
647 657 1.3571428571428572
647 658 0.9285714285714286
648 649 2.0
648 658 0.5714285714285714
648 659 1.3571428571428572
649 650 -1.7857142857142858
649 659 2.0
649 660 0.5714285714285714
650 651 -2.0
650 660 2.0
650 661 2.0
651 652 0.5714285714285714
651 661 -1.7857142857142858
651 662 0.9285714285714286
651 679 -2.0
651 710 1.7857142857142858
651 718 2.0
652 653 -1.3571428571428572
652 662 -1.7857142857142858
652 663 -2.0
652 747 1.7857142857142858
652 757 -0.9285714285714286
652 789 -1.7857142857142858
653 663 1.7857142857142858
653 664 1.3571428571428572
653 827 2.0
653 834 -0.5714285714285714
654 655 1.7857142857142858
655 656 -1.7857142857142858
656 657 0.9285714285714286
657 658 0.9285714285714286
658 659 -1.7857142857142858
659 660 -1.7857142857142858
660 661 -0.9285714285714286
661 662 1.3571428571428572
661 679 -0.9285714285714286
662 663 0.5714285714285714
662 710 0.5714285714285714
662 718 -0.9285714285714286
662 747 0.5714285714285714
662 757 -0.9285714285714286
663 664 2.0
663 789 -0.9285714285714286
663 827 -0.9285714285714286
663 834 1.7857142857142858
665 666 -0.9285714285714286
665 675 1.3571428571428572
666 667 1.7857142857142858
666 675 0.9285714285714286
666 676 0.9285714285714286
667 668 1.3571428571428572
667 676 1.3571428571428572
668 669 1.3571428571428572
668 677 1.7857142857142858
669 670 -0.9285714285714286
669 677 -0.5714285714285714
669 678 -1.7857142857142858
670 678 -0.5714285714285714
670 679 -0.5714285714285714
671 672 2.0
671 680 0.5714285714285714
671 681 -1.7857142857142858
671 728 -1.3571428571428572
671 737 1.7857142857142858
671 770 -2.0
671 780 -0.5714285714285714
672 673 -2.0
672 681 1.3571428571428572
672 682 1.3571428571428572
672 810 2.0
672 818 0.9285714285714286
673 674 -1.7857142857142858
673 682 0.5714285714285714
673 683 -1.7857142857142858
674 683 0.5714285714285714
674 684 1.7857142857142858
675 676 0.9285714285714286
677 678 -1.7857142857142858
679 680 0.5714285714285714
680 681 -0.5714285714285714
680 692 -2.0
680 701 -1.7857142857142858
680 728 -1.3571428571428572
680 737 1.7857142857142858
681 682 -0.5714285714285714
681 770 1.3571428571428572
681 780 -1.7857142857142858
681 810 -0.9285714285714286
681 818 -0.5714285714285714
682 683 0.5714285714285714
683 684 -0.5714285714285714
685 686 -1.3571428571428572
685 694 0.9285714285714286
686 694 2.0
686 695 1.7857142857142858
687 688 -2.0
687 696 -0.9285714285714286
687 697 1.7857142857142858
688 689 -0.5714285714285714
688 697 2.0
688 698 -0.5714285714285714
689 690 -1.7857142857142858
689 698 1.3571428571428572
689 699 0.9285714285714286
690 691 0.5714285714285714
690 699 0.9285714285714286
690 700 1.3571428571428572
691 692 -1.7857142857142858
691 700 0.9285714285714286
691 701 -2.0
692 701 0.9285714285714286
692 702 2.0
692 710 -1.3571428571428572
693 703 -1.7857142857142858
693 827 0.9285714285714286
693 835 -0.9285714285714286
694 695 -2.0
695 696 1.7857142857142858
696 697 0.5714285714285714
697 698 -1.3571428571428572
699 700 0.5714285714285714
700 701 1.3571428571428572
701 702 2.0
702 703 -1.7857142857142858
702 710 1.7857142857142858
702 747 -0.5714285714285714
702 758 0.5714285714285714
703 704 -0.5714285714285714
703 789 -2.0
703 827 -0.9285714285714286
703 835 0.5714285714285714
706 707 -1.7857142857142858
706 714 0.5714285714285714
706 715 -0.5714285714285714
707 708 -0.9285714285714286
707 715 -1.7857142857142858
707 716 -2.0
708 709 -2.0
708 716 -0.9285714285714286
708 717 1.7857142857142858
709 710 -0.5714285714285714
709 717 2.0
709 718 -1.3571428571428572
710 711 2.0
710 718 0.9285714285714286
711 712 -1.7857142857142858
711 719 0.9285714285714286
711 728 -0.5714285714285714
711 738 -0.9285714285714286
711 770 -2.0
712 713 -0.9285714285714286
712 719 0.5714285714285714
712 720 -2.0
712 810 -0.9285714285714286
712 819 -1.7857142857142858
713 720 0.5714285714285714
713 721 1.3571428571428572
714 715 -0.9285714285714286
715 716 1.7857142857142858
716 717 -1.7857142857142858
717 718 -0.9285714285714286
719 720 1.7857142857142858
719 770 -1.3571428571428572
719 810 -0.9285714285714286
719 819 1.3571428571428572
720 721 -0.5714285714285714
722 723 -1.3571428571428572
722 730 1.3571428571428572
722 731 0.5714285714285714
723 724 1.3571428571428572
723 731 -1.3571428571428572
723 732 0.5714285714285714
724 732 0.9285714285714286
724 733 1.7857142857142858
725 726 2.0
725 734 -0.5714285714285714
725 735 -1.7857142857142858
726 727 1.7857142857142858
726 735 -2.0
726 736 1.3571428571428572
727 728 -1.3571428571428572
727 736 1.7857142857142858
727 737 0.5714285714285714
728 737 0.5714285714285714
728 738 -1.3571428571428572
729 739 1.3571428571428572
729 740 -1.3571428571428572
729 828 -1.3571428571428572
729 835 -0.9285714285714286
730 731 -1.7857142857142858
731 732 1.3571428571428572
732 733 -0.5714285714285714
733 734 2.0
734 735 1.3571428571428572
735 736 -1.3571428571428572
736 737 -1.3571428571428572
737 738 1.3571428571428572
738 739 -1.7857142857142858
738 748 1.7857142857142858
738 758 -0.5714285714285714
739 740 -1.7857142857142858
739 790 2.0
739 828 -1.3571428571428572
739 835 0.5714285714285714
741 742 -0.9285714285714286
741 752 -0.5714285714285714
742 743 1.7857142857142858
742 752 1.7857142857142858
742 753 -1.3571428571428572
743 744 -1.7857142857142858
743 754 1.7857142857142858
744 745 -1.3571428571428572
744 754 1.7857142857142858
744 755 1.7857142857142858
745 746 -0.9285714285714286
745 755 -1.7857142857142858
745 756 -0.9285714285714286
746 747 0.5714285714285714
746 756 -1.3571428571428572
746 757 -1.7857142857142858
747 748 1.7857142857142858
747 757 -0.9285714285714286
747 758 2.0
748 749 -1.3571428571428572
748 758 1.3571428571428572
748 759 -2.0
748 771 2.0
749 750 -2.0
749 759 0.5714285714285714
749 760 0.5714285714285714
749 819 -0.5714285714285714
750 751 -1.7857142857142858
750 760 0.5714285714285714
750 761 0.5714285714285714
751 761 -0.5714285714285714
751 762 2.0
752 753 -0.5714285714285714
753 754 -0.9285714285714286
754 755 -1.7857142857142858
755 756 -1.7857142857142858
756 757 -1.7857142857142858
757 758 0.9285714285714286
758 759 1.7857142857142858
759 760 -0.9285714285714286
759 771 0.5714285714285714
759 819 -2.0
760 761 2.0
761 762 1.3571428571428572
763 764 2.0
763 773 0.9285714285714286
763 774 0.5714285714285714
764 765 1.7857142857142858
764 774 1.7857142857142858
764 775 -1.3571428571428572
765 766 -1.3571428571428572
765 775 1.7857142857142858
765 776 1.3571428571428572
766 767 -0.9285714285714286
766 776 -1.3571428571428572
766 777 -2.0
767 768 -1.3571428571428572
767 777 -0.9285714285714286
767 778 -0.9285714285714286
768 769 -1.3571428571428572
768 778 2.0
768 779 -0.5714285714285714
769 770 0.9285714285714286
769 779 -1.7857142857142858
769 780 0.9285714285714286
770 771 -0.5714285714285714
770 780 -2.0
771 772 1.3571428571428572
771 781 -1.7857142857142858
771 790 1.7857142857142858
771 799 -1.7857142857142858
772 781 0.5714285714285714
772 782 -0.5714285714285714
772 828 -0.9285714285714286
772 836 0.5714285714285714
773 774 1.7857142857142858
774 775 -0.5714285714285714
775 776 1.7857142857142858
776 777 2.0
777 778 1.7857142857142858
778 779 -0.5714285714285714
779 780 0.9285714285714286
781 782 1.7857142857142858
781 790 -2.0
781 799 1.7857142857142858
781 828 0.5714285714285714
781 836 -0.5714285714285714
783 784 -0.5714285714285714
783 794 -0.9285714285714286
784 785 -1.3571428571428572
784 794 0.5714285714285714
784 795 0.9285714285714286
785 786 2.0
785 795 -0.9285714285714286
785 796 1.7857142857142858
786 787 1.3571428571428572
786 796 -0.9285714285714286
786 797 0.5714285714285714
787 788 2.0
787 797 -0.5714285714285714
787 798 2.0
788 789 -1.7857142857142858
788 798 2.0
789 790 2.0
790 791 -0.9285714285714286
790 799 -0.5714285714285714
791 792 -0.9285714285714286
791 799 -2.0
791 800 -1.7857142857142858
791 820 -1.7857142857142858
792 793 -0.5714285714285714
792 800 0.5714285714285714
792 801 -0.5714285714285714
793 801 -1.3571428571428572
793 802 0.9285714285714286
794 795 1.7857142857142858
795 796 -0.9285714285714286
796 797 1.3571428571428572
797 798 0.9285714285714286
799 800 -0.9285714285714286
799 820 0.5714285714285714
801 802 2.0
804 805 0.9285714285714286
804 813 -1.7857142857142858
805 806 0.5714285714285714
805 813 1.3571428571428572
805 814 -1.7857142857142858
806 807 -2.0
806 814 0.5714285714285714
806 815 -2.0
807 808 0.5714285714285714
807 815 0.9285714285714286
807 816 -2.0
808 809 -2.0
808 816 -1.7857142857142858
809 810 2.0
809 817 -0.9285714285714286
809 818 -1.7857142857142858
810 818 0.5714285714285714
810 819 -1.3571428571428572
811 820 0.9285714285714286
811 821 2.0
811 829 -1.7857142857142858
811 836 -2.0
813 814 -1.3571428571428572
814 815 -1.7857142857142858
816 817 -2.0
818 819 -0.9285714285714286
819 820 -1.3571428571428572
820 821 2.0
820 829 0.9285714285714286
820 836 -0.9285714285714286
823 824 1.7857142857142858
823 831 -1.3571428571428572
824 825 0.9285714285714286
824 831 2.0
824 832 -1.3571428571428572
825 826 0.9285714285714286
825 832 0.5714285714285714
825 833 0.5714285714285714
826 827 -0.5714285714285714
826 834 1.3571428571428572
827 828 -1.7857142857142858
827 834 -1.3571428571428572
827 835 -1.7857142857142858
828 829 -2.0
828 835 -1.3571428571428572
828 836 -1.7857142857142858
829 830 -0.5714285714285714
829 836 -0.9285714285714286
829 837 0.9285714285714286
830 837 1.7857142857142858
830 838 1.3571428571428572
831 832 1.7857142857142858
832 833 -1.7857142857142858
833 834 -0.9285714285714286
834 835 1.7857142857142858
835 836 0.9285714285714286
836 837 2.0
837 838 1.7857142857142858
838 839 -1.7857142857142858
