252 962
1 1 -10.071428571428573
2 2 2.7142857142857135
3 3 1.1428571428571428
4 4 -4.285714285714286
5 5 -1.142857142857143
6 6 3.6428571428571423
7 7 1.1428571428571428
8 8 0.5
10 10 1.285714285714285
11 11 0.571428571428571
12 12 -8.285714285714286
13 13 -0.7857142857142858
14 14 -1.3571428571428574
15 15 3.9285714285714284
16 16 1.071428571428572
17 17 -3.2142857142857144
18 18 -3.5
19 19 -5.714285714285714
20 20 0.7142857142857142
21 21 -2.7142857142857144
22 22 3.928571428571429
23 23 -2.6428571428571432
24 24 -0.2857142857142858
25 25 2.0
26 26 -1.7857142857142854
27 27 0.2142857142857142
28 28 0.4285714285714284
29 29 -9.714285714285715
30 30 -3.5714285714285716
31 31 -3.000000000000001
32 32 0.7857142857142856
33 33 -1.428571428571429
34 34 -2.0
35 35 -2.3571428571428577
36 36 -5.428571428571429
37 37 -3.8571428571428568
38 38 -5.357142857142857
39 39 2.071428571428571
40 40 -0.9999999999999996
41 41 1.714285714285714
42 42 -3.357142857142857
43 43 1.0714285714285716
44 44 4.642857142857143
45 45 -4.928571428571429
46 46 0.9285714285714286
47 47 -0.8571428571428572
48 48 -1.5
49 49 -0.28571428571428537
50 50 0.2857142857142858
51 51 -8.428571428571429
52 52 -3.571428571428571
53 53 -4.2857142857142865
54 54 3.357142857142857
55 55 -1.7857142857142858
56 56 0.6428571428571428
57 57 2.428571428571429
58 58 -4.214285714285714
59 59 0.3571428571428572
60 60 5.142857142857143
61 61 6.071428571428572
62 62 -2.5714285714285716
63 63 -1.9999999999999996
64 64 0.07142857142857162
65 65 -2.1428571428571432
66 66 -3.2857142857142856
67 67 -2.142857142857143
68 68 -5.214285714285714
69 69 3.357142857142857
70 70 -3.142857142857143
71 71 6.0
72 72 -0.5714285714285714
73 73 7.142857142857142
74 74 4.714285714285715
75 75 -7.214285714285714
76 76 0.8571428571428572
77 77 5.285714285714286
78 78 -1.3571428571428572
79 79 -1.5
80 80 3.428571428571429
81 81 1.2142857142857144
82 82 -4.285714285714286
83 83 6.428571428571429
84 84 4.0
85 85 -3.357142857142857
86 86 -0.4285714285714286
87 87 -2.357142857142857
88 88 -3.071428571428571
89 89 -0.8571428571428572
90 90 -2.571428571428571
91 91 3.6428571428571432
92 92 6.642857142857143
93 93 1.7857142857142858
94 94 5.0
95 95 0.9285714285714286
96 96 -4.428571428571429
97 97 0.785714285714286
98 98 0.5714285714285714
99 99 3.7142857142857144
100 100 -1.5714285714285718
101 101 -1.4285714285714286
102 102 1.0714285714285714
103 103 8.714285714285715
104 104 1.0714285714285712
105 105 0.357142857142857
106 106 0.8571428571428572
107 107 3.3571428571428577
108 108 0.2142857142857144
109 109 -2.2857142857142865
110 110 4.5
111 111 -1.2142857142857144
112 112 -1.4285714285714288
113 113 -4.0
114 114 -1.8571428571428572
116 116 -1.2142857142857146
117 117 -0.5714285714285716
118 118 -0.6428571428571428
119 119 0.4285714285714286
120 120 -6.857142857142858
121 121 6.571428571428572
122 122 4.714285714285714
123 123 0.6428571428571428
124 124 -1.0
125 125 -2.142857142857143
126 126 2.2857142857142856
127 127 -3.142857142857143
128 128 1.7857142857142865
129 129 2.571428571428572
130 130 5.214285714285714
131 131 -3.285714285714286
132 132 -2.2857142857142856
133 133 4.0
134 134 0.3571428571428572
135 135 2.0
136 136 -6.142857142857142
137 137 3.2142857142857144
138 138 -4.857142857142858
139 139 -0.785714285714286
140 140 -3.642857142857143
141 141 -1.3571428571428572
142 142 1.0
143 143 1.928571428571429
144 144 1.5714285714285716
145 145 -0.714285714285714
146 146 -2.928571428571429
147 147 7.857142857142858
148 148 5.928571428571429
149 149 -2.571428571428571
150 150 -1.5
151 151 -3.9285714285714284
152 152 -3.6428571428571432
153 153 -8.928571428571429
154 154 1.0714285714285712
155 155 -0.4285714285714286
156 156 6.642857142857143
157 157 -2.6428571428571432
158 158 -0.5714285714285714
159 159 0.9285714285714288
160 160 0.4285714285714284
161 161 0.8571428571428572
162 162 -6.2857142857142865
163 163 2.071428571428571
164 164 3.3571428571428577
165 165 6.5
166 166 4.642857142857143
167 167 -0.357142857142857
168 168 -0.9285714285714286
169 169 2.6428571428571432
170 170 5.357142857142858
171 171 -1.5714285714285714
172 172 -1.6428571428571428
173 173 -5.142857142857142
174 174 4.5
175 175 0.5714285714285716
176 176 1.8571428571428568
177 177 1.214285714285714
178 178 2.071428571428571
179 179 0.2142857142857142
180 180 0.5714285714285712
181 181 2.071428571428571
182 182 1.642857142857143
183 183 -0.14285714285714257
184 184 -6.357142857142858
185 185 6.214285714285714
186 186 3.071428571428571
187 187 0.7142857142857142
188 188 -0.8571428571428572
189 189 -3.357142857142857
190 190 1.3571428571428572
191 191 -1.142857142857143
192 192 2.6428571428571423
193 193 -2.8571428571428577
194 194 5.214285714285714
195 195 -0.7857142857142858
196 196 5.428571428571429
197 197 1.5000000000000002
198 198 2.1428571428571432
199 199 1.9285714285714284
200 200 -0.14285714285714302
201 201 -2.2142857142857144
202 202 1.642857142857143
203 203 -6.5
204 204 -1.0714285714285716
205 205 -0.8571428571428572
206 206 2.142857142857143
207 207 -2.9285714285714284
208 208 -1.6428571428571428
209 209 2.7142857142857144
210 210 -1.285714285714286
211 211 -5.928571428571429
212 212 4.214285714285714
213 213 -0.7142857142857144
214 214 2.928571428571429
215 215 1.2142857142857144
216 216 0.785714285714286
217 217 -6.571428571428571
218 218 -6.642857142857142
219 219 0.5
220 220 -0.642857142857143
221 221 1.1428571428571428
222 222 -2.1428571428571432
223 223 -4.214285714285714
224 224 -9.357142857142858
225 225 -3.571428571428572
226 226 -3.8571428571428568
227 227 0.5714285714285716
228 228 -3.0714285714285716
229 229 -3.357142857142857
230 230 0.1428571428571428
231 231 -4.428571428571428
232 232 -2.428571428571429
233 233 -2.2857142857142856
234 234 -4.214285714285714
235 235 -2.5714285714285716
236 236 2.142857142857143
237 237 -1.2142857142857146
238 238 -4.142857142857143
239 239 0.2857142857142858
240 240 -3.6428571428571432
241 241 3.571428571428572
242 242 -1.3571428571428572
243 243 -3.5714285714285716
244 244 -5.857142857142858
245 245 3.2142857142857144
246 246 1.071428571428572
247 247 2.6428571428571432
248 248 -2.2857142857142856
249 249 0.4285714285714288
250 250 3.0
251 251 1.4285714285714284
1 2 2.0
1 9 0.9285714285714286
1 42 1.7857142857142858
1 47 2.0
1 85 2.0
1 93 1.3571428571428572
2 3 -1.7857142857142858
2 9 -0.5714285714285714
2 10 -2.0
2 133 -1.7857142857142858
2 143 2.0
2 176 -0.5714285714285714
3 4 1.7857142857142858
3 10 -1.7857142857142858
3 11 -0.5714285714285714
3 20 -0.5714285714285714
3 29 0.5714285714285714
3 226 1.7857142857142858
3 236 -0.5714285714285714
4 11 1.3571428571428572
4 12 2.0
4 123 0.9285714285714286
4 128 -1.7857142857142858
5 6 0.9285714285714286
5 15 -2.0
5 60 -0.9285714285714286
5 106 1.3571428571428572
5 115 1.7857142857142858
6 7 -0.5714285714285714
6 15 -1.7857142857142858
6 16 2.0
6 156 -0.5714285714285714
6 161 -1.3571428571428572
6 192 -1.3571428571428572
6 196 -0.9285714285714286
7 16 -0.5714285714285714
7 17 1.3571428571428572
7 41 -2.0
7 247 2.0
7 251 -1.3571428571428572
8 18 -0.5714285714285714
8 19 0.5714285714285714
8 184 0.5714285714285714
8 225 -2.0
8 235 0.9285714285714286
9 10 0.9285714285714286
9 85 1.3571428571428572
9 93 -1.7857142857142858
9 133 0.9285714285714286
9 143 -1.7857142857142858
10 11 -0.5714285714285714
10 176 1.7857142857142858
10 226 -0.5714285714285714
10 236 0.9285714285714286
11 12 -2.0
11 20 -0.5714285714285714
11 29 1.7857142857142858
12 13 1.3571428571428572
12 123 1.7857142857142858
12 128 1.3571428571428572
12 163 1.7857142857142858
12 168 2.0
13 14 -0.9285714285714286
13 204 -0.5714285714285714
13 215 0.9285714285714286
14 56 1.3571428571428572
14 71 -2.0
14 102 0.9285714285714286
14 117 2.0
15 16 1.7857142857142858
15 106 0.9285714285714286
15 115 -1.7857142857142858
15 156 -2.0
15 161 0.9285714285714286
16 17 -0.9285714285714286
16 192 -1.3571428571428572
16 196 -2.0
16 247 -0.5714285714285714
16 251 0.5714285714285714
17 19 0.9285714285714286
17 41 0.9285714285714286
17 96 0.9285714285714286
18 19 0.5714285714285714
18 25 0.9285714285714286
18 31 1.7857142857142858
18 225 1.3571428571428572
18 235 -0.5714285714285714
19 138 0.9285714285714286
19 146 0.9285714285714286
19 184 1.7857142857142858
20 26 -0.9285714285714286
20 29 1.3571428571428572
20 200 -0.9285714285714286
20 211 0.9285714285714286
21 22 0.9285714285714286
21 28 1.7857142857142858
22 23 -0.9285714285714286
22 28 -2.0
22 35 -0.5714285714285714
22 241 -1.3571428571428572
23 24 1.7857142857142858
23 30 1.7857142857142858
24 25 -1.7857142857142858
24 30 -0.9285714285714286
24 31 1.7857142857142858
24 173 -0.5714285714285714
25 31 -0.9285714285714286
25 32 1.7857142857142858
25 70 -2.0
26 29 2.0
26 33 0.9285714285714286
26 67 -1.3571428571428572
26 103 0.5714285714285714
26 113 0.5714285714285714
27 28 1.7857142857142858
27 100 -2.0
28 241 -2.0
29 33 2.0
29 67 2.0
30 31 0.9285714285714286
30 173 1.7857142857142858
31 32 -0.5714285714285714
32 122 -2.0
33 103 -0.5714285714285714
33 113 1.3571428571428572
33 153 -0.9285714285714286
33 159 -1.3571428571428572
34 38 2.0
35 222 2.0
35 233 0.9285714285714286
36 37 0.5714285714285714
36 45 2.0
36 53 0.9285714285714286
36 89 1.3571428571428572
36 98 0.5714285714285714
37 38 0.5714285714285714
37 48 0.9285714285714286
37 139 1.7857142857142858
38 48 0.9285714285714286
38 229 0.9285714285714286
38 239 0.9285714285714286
39 40 -1.3571428571428572
39 50 -2.0
39 78 1.7857142857142858
39 82 0.9285714285714286
39 126 -2.0
39 131 0.5714285714285714
40 41 -2.0
40 50 1.7857142857142858
40 165 0.5714285714285714
40 171 0.5714285714285714
40 207 -0.5714285714285714
40 218 2.0
41 52 2.0
41 62 1.3571428571428572
41 68 -2.0
42 43 1.3571428571428572
42 47 2.0
42 198 -1.7857142857142858
43 44 -2.0
43 47 -1.7857142857142858
43 49 0.9285714285714286
43 55 1.3571428571428572
43 101 -0.9285714285714286
44 45 -0.5714285714285714
44 49 -1.3571428571428572
44 51 2.0
44 151 -1.3571428571428572
44 187 -1.3571428571428572
45 51 0.5714285714285714
45 53 2.0
45 242 0.9285714285714286
46 54 -1.3571428571428572
46 174 -0.9285714285714286
46 220 1.3571428571428572
47 49 -1.3571428571428572
48 229 -0.9285714285714286
48 239 0.5714285714285714
49 51 0.9285714285714286
49 101 0.5714285714285714
49 151 0.5714285714285714
50 126 -0.5714285714285714
50 131 0.9285714285714286
50 165 -1.7857142857142858
50 171 1.3571428571428572
51 53 1.3571428571428572
51 187 1.7857142857142858
51 242 1.7857142857142858
52 62 -1.7857142857142858
52 68 1.3571428571428572
52 120 2.0
54 220 -2.0
55 65 1.7857142857142858
55 93 -1.3571428571428572
56 71 -1.7857142857142858
56 203 1.7857142857142858
56 214 -2.0
57 60 -0.9285714285714286
57 61 -2.0
57 71 0.5714285714285714
57 72 1.3571428571428572
57 73 -1.7857142857142858
57 106 -0.5714285714285714
57 116 0.9285714285714286
58 59 2.0
58 67 2.0
58 69 -1.7857142857142858
58 76 2.0
58 124 0.5714285714285714
58 128 -0.5714285714285714
59 60 -0.5714285714285714
59 69 -1.7857142857142858
59 168 -1.3571428571428572
59 215 1.3571428571428572
60 71 -1.3571428571428572
60 72 -1.3571428571428572
61 62 -0.9285714285714286
61 73 -2.0
61 74 -2.0
61 156 -1.7857142857142858
61 162 2.0
61 192 -1.3571428571428572
61 197 2.0
62 63 2.0
62 68 0.5714285714285714
62 74 -2.0
62 247 1.3571428571428572
62 252 2.0
63 64 -0.9285714285714286
63 68 0.5714285714285714
63 75 2.0
63 90 0.5714285714285714
63 97 -1.7857142857142858
63 138 1.3571428571428572
63 147 -1.7857142857142858
64 70 1.3571428571428572
64 75 0.9285714285714286
64 185 -2.0
64 225 0.5714285714285714
65 66 0.9285714285714286
65 93 0.9285714285714286
65 134 -0.9285714285714286
65 143 -0.5714285714285714
66 67 -1.3571428571428572
66 178 1.7857142857142858
66 227 0.5714285714285714
66 236 1.3571428571428572
67 69 1.7857142857142858
67 76 -0.9285714285714286
68 75 1.7857142857142858
68 90 2.0
68 97 0.9285714285714286
69 124 -0.9285714285714286
69 128 -2.0
69 168 1.3571428571428572
70 75 2.0
70 225 1.7857142857142858
71 72 0.5714285714285714
71 73 -2.0
72 107 0.9285714285714286
72 117 -0.9285714285714286
73 74 -1.3571428571428572
73 106 -0.5714285714285714
73 116 -0.5714285714285714
73 156 0.5714285714285714
73 162 0.5714285714285714
74 192 2.0
74 197 1.3571428571428572
74 247 -1.3571428571428572
74 252 -1.3571428571428572
75 138 1.3571428571428572
75 147 -1.7857142857142858
75 185 0.9285714285714286
76 77 -2.0
76 80 -1.3571428571428572
76 104 2.0
76 113 -0.5714285714285714
77 78 0.9285714285714286
77 80 -2.0
77 81 2.0
77 154 -0.9285714285714286
77 159 -1.3571428571428572
77 190 -0.5714285714285714
77 194 -1.3571428571428572
78 81 -1.3571428571428572
78 82 1.3571428571428572
78 249 -1.3571428571428572
79 83 0.5714285714285714
79 84 -1.7857142857142858
79 177 1.7857142857142858
79 182 0.9285714285714286
80 81 -2.0
80 104 0.9285714285714286
80 113 1.3571428571428572
80 154 -0.9285714285714286
80 159 0.5714285714285714
81 82 2.0
81 190 0.5714285714285714
81 194 -1.3571428571428572
81 245 0.9285714285714286
81 249 -2.0
82 83 -2.0
82 88 2.0
83 84 -1.7857142857142858
83 136 0.9285714285714286
83 144 -1.7857142857142858
83 177 -0.5714285714285714
83 182 -1.7857142857142858
84 223 1.3571428571428572
84 233 -1.7857142857142858
85 93 -0.9285714285714286
85 209 0.9285714285714286
86 140 1.7857142857142858
86 150 -1.3571428571428572
87 89 1.3571428571428572
87 94 -1.3571428571428572
87 151 0.9285714285714286
87 157 -0.5714285714285714
87 187 2.0
88 95 -0.9285714285714286
88 131 2.0
89 91 -0.9285714285714286
89 94 -0.9285714285714286
89 98 1.7857142857142858
89 242 -1.7857142857142858
90 96 1.7857142857142858
90 97 -1.7857142857142858
91 92 -1.7857142857142858
91 98 -0.9285714285714286
91 99 1.3571428571428572
91 142 -1.3571428571428572
92 99 -2.0
92 100 -0.5714285714285714
92 174 -2.0
92 181 -0.9285714285714286
92 220 -1.3571428571428572
92 231 2.0
94 187 -1.3571428571428572
94 242 -1.3571428571428572
95 96 -0.5714285714285714
95 131 1.3571428571428572
95 166 -1.3571428571428572
95 171 0.5714285714285714
96 97 0.9285714285714286
96 218 1.3571428571428572
97 120 0.9285714285714286
98 99 -2.0
99 100 0.5714285714285714
99 142 0.9285714285714286
99 174 -2.0
99 181 -0.5714285714285714
100 220 1.7857142857142858
100 231 1.7857142857142858
101 111 1.7857142857142858
102 107 -1.3571428571428572
102 117 1.3571428571428572
102 214 -2.0
103 104 -2.0
103 112 -2.0
103 113 -2.0
103 227 -1.7857142857142858
103 237 -0.9285714285714286
104 105 -1.3571428571428572
104 113 1.3571428571428572
104 114 1.3571428571428572
104 124 -2.0
104 129 -1.3571428571428572
105 106 1.3571428571428572
105 114 1.7857142857142858
105 115 -1.3571428571428572
105 205 0.5714285714285714
105 216 -1.3571428571428572
106 115 -1.3571428571428572
106 116 -2.0
107 108 0.9285714285714286
107 116 -0.9285714285714286
107 117 -0.9285714285714286
107 118 -2.0
108 109 -1.7857142857142858
108 118 2.0
108 119 -1.3571428571428572
108 162 2.0
108 197 -2.0
109 119 1.7857142857142858
109 120 1.3571428571428572
109 252 0.9285714285714286
110 121 -1.7857142857142858
110 122 -1.3571428571428572
110 185 -1.3571428571428572
111 112 -0.5714285714285714
111 134 0.5714285714285714
111 148 -0.5714285714285714
112 113 1.3571428571428572
112 178 -0.9285714285714286
112 227 1.7857142857142858
112 237 1.7857142857142858
113 114 0.5714285714285714
114 115 -1.7857142857142858
114 124 0.5714285714285714
114 129 1.3571428571428572
114 169 -2.0
115 116 1.7857142857142858
115 205 1.3571428571428572
115 216 1.3571428571428572
116 118 2.0
117 118 -0.9285714285714286
118 119 -1.7857142857142858
118 162 1.3571428571428572
119 120 2.0
119 197 0.9285714285714286
119 252 -2.0
120 121 0.5714285714285714
121 122 -1.3571428571428572
121 147 -2.0
121 185 -2.0
123 124 -1.3571428571428572
123 128 -1.3571428571428572
123 201 1.3571428571428572
123 212 -2.0
124 125 1.7857142857142858
124 128 0.5714285714285714
124 129 1.7857142857142858
125 129 -2.0
125 130 0.9285714285714286
125 154 -1.3571428571428572
125 160 0.9285714285714286
125 190 0.9285714285714286
125 195 0.9285714285714286
126 130 -1.3571428571428572
126 131 -0.9285714285714286
126 245 0.5714285714285714
126 250 2.0
127 132 1.3571428571428572
127 183 0.9285714285714286
127 223 -0.9285714285714286
127 234 1.7857142857142858
128 129 2.0
129 130 -0.5714285714285714
129 154 -1.7857142857142858
129 160 -2.0
130 131 -2.0
130 190 0.5714285714285714
130 195 0.5714285714285714
130 245 -1.3571428571428572
130 250 -2.0
131 132 1.3571428571428572
132 136 -0.5714285714285714
132 145 0.5714285714285714
132 177 0.9285714285714286
132 183 -1.3571428571428572
133 134 1.7857142857142858
133 143 -1.7857142857142858
133 199 -1.3571428571428572
133 209 -1.7857142857142858
134 135 -2.0
134 143 2.0
134 148 -1.7857142857142858
135 139 1.3571428571428572
135 148 -0.9285714285714286
135 149 -1.7857142857142858
135 152 0.9285714285714286
135 157 1.7857142857142858
135 188 -1.3571428571428572
136 137 1.7857142857142858
136 144 2.0
136 145 2.0
137 138 0.5714285714285714
137 145 -0.9285714285714286
137 146 0.9285714285714286
137 166 -1.7857142857142858
137 172 -1.7857142857142858
137 219 -2.0
138 146 2.0
138 147 -1.3571428571428572
139 140 -0.9285714285714286
139 149 -0.5714285714285714
139 150 0.9285714285714286
139 243 -1.7857142857142858
140 141 2.0
140 142 -0.5714285714285714
140 150 1.3571428571428572
141 175 0.5714285714285714
141 181 -0.5714285714285714
141 221 1.3571428571428572
141 231 -2.0
143 148 -1.7857142857142858
144 145 -1.7857142857142858
145 146 -0.9285714285714286
145 172 1.7857142857142858
146 147 -0.9285714285714286
146 219 0.9285714285714286
148 149 0.5714285714285714
148 152 0.5714285714285714
148 157 -2.0
149 150 0.5714285714285714
149 188 1.7857142857142858
149 243 2.0
151 152 1.7857142857142858
151 157 2.0
152 153 2.0
152 157 -0.5714285714285714
152 158 -2.0
152 179 0.9285714285714286
153 154 0.9285714285714286
153 158 2.0
153 159 1.7857142857142858
153 228 1.3571428571428572
153 237 1.7857142857142858
154 155 -0.5714285714285714
154 159 1.7857142857142858
154 160 1.7857142857142858
155 156 -0.9285714285714286
155 160 -2.0
155 161 0.5714285714285714
155 164 2.0
155 169 -1.3571428571428572
155 206 1.7857142857142858
155 216 0.9285714285714286
156 161 -1.3571428571428572
156 162 -0.5714285714285714
157 158 2.0
158 159 -1.7857142857142858
158 179 1.7857142857142858
158 228 0.5714285714285714
158 237 -2.0
159 160 -0.5714285714285714
160 161 -0.5714285714285714
160 164 2.0
161 162 0.9285714285714286
161 206 1.3571428571428572
161 216 -1.3571428571428572
163 168 -2.0
163 202 -0.9285714285714286
163 212 -0.9285714285714286
164 165 -2.0
164 169 -2.0
164 170 -1.3571428571428572
164 195 -2.0
165 166 -0.5714285714285714
165 170 -1.7857142857142858
165 171 -0.9285714285714286
165 246 0.9285714285714286
165 250 -0.9285714285714286
166 167 -0.9285714285714286
166 171 -0.5714285714285714
166 172 0.5714285714285714
167 172 -0.5714285714285714
167 173 1.3571428571428572
167 183 0.9285714285714286
167 224 0.9285714285714286
167 234 -1.3571428571428572
168 169 0.9285714285714286
169 170 1.7857142857142858
170 191 -0.5714285714285714
170 195 -2.0
170 246 0.5714285714285714
170 250 -2.0
171 172 0.5714285714285714
172 173 2.0
172 183 -0.9285714285714286
173 224 0.5714285714285714
174 175 -1.3571428571428572
174 181 1.7857142857142858
175 180 2.0
175 181 -1.7857142857142858
176 178 -2.0
176 199 -2.0
176 210 0.9285714285714286
177 182 -1.3571428571428572
177 183 -2.0
178 179 -0.9285714285714286
179 186 -2.0
179 188 -0.5714285714285714
179 193 0.5714285714285714
180 221 -2.0
180 232 -0.5714285714285714
182 183 0.5714285714285714
183 184 2.0
184 185 -1.7857142857142858
184 208 2.0
184 219 1.7857142857142858
186 188 1.3571428571428572
186 193 0.9285714285714286
186 243 -1.3571428571428572
186 248 -2.0
187 188 -1.7857142857142858
188 189 2.0
188 193 -0.5714285714285714
189 190 -1.7857142857142858
189 193 2.0
189 194 -2.0
189 228 1.7857142857142858
189 238 1.3571428571428572
190 191 0.9285714285714286
190 194 -2.0
191 192 1.7857142857142858
191 195 1.7857142857142858
191 196 -2.0
191 206 -1.3571428571428572
191 217 0.5714285714285714
192 196 -0.5714285714285714
192 197 -1.7857142857142858
193 194 0.5714285714285714
193 228 -2.0
193 238 1.3571428571428572
194 195 0.9285714285714286
195 196 0.5714285714285714
196 197 -2.0
196 206 0.9285714285714286
196 217 0.5714285714285714
198 199 0.5714285714285714
198 209 -0.9285714285714286
199 200 1.7857142857142858
199 210 -0.9285714285714286
200 201 -0.5714285714285714
200 210 -1.3571428571428572
200 211 -0.5714285714285714
200 226 1.7857142857142858
201 202 0.5714285714285714
201 211 1.7857142857142858
201 212 -0.9285714285714286
202 203 0.9285714285714286
202 204 0.9285714285714286
202 212 -1.7857142857142858
202 213 -1.3571428571428572
203 213 1.7857142857142858
203 214 2.0
204 205 0.9285714285714286
204 213 1.7857142857142858
204 215 -2.0
205 206 -2.0
205 215 -0.5714285714285714
205 216 0.5714285714285714
206 207 -0.5714285714285714
206 216 -1.3571428571428572
206 217 -0.9285714285714286
207 217 2.0
207 218 0.9285714285714286
207 246 0.5714285714285714
207 251 0.5714285714285714
208 219 -1.7857142857142858
208 224 2.0
208 235 -0.5714285714285714
209 210 -0.9285714285714286
210 211 1.7857142857142858
210 226 1.7857142857142858
211 212 2.0
212 213 -0.5714285714285714
213 214 -0.9285714285714286
215 216 -0.9285714285714286
216 217 1.3571428571428572
217 218 1.7857142857142858
217 246 -0.5714285714285714
217 251 1.7857142857142858
218 219 0.5714285714285714
220 221 -0.9285714285714286
220 231 1.7857142857142858
221 222 -1.3571428571428572
221 231 1.7857142857142858
222 223 0.9285714285714286
222 230 0.9285714285714286
222 232 2.0
222 233 -1.7857142857142858
222 241 -0.5714285714285714
223 224 2.0
223 233 1.7857142857142858
223 234 -0.9285714285714286
224 225 0.9285714285714286
224 234 2.0
224 235 0.9285714285714286
225 235 0.9285714285714286
226 236 -0.9285714285714286
227 228 -2.0
227 236 -0.9285714285714286
227 237 1.7857142857142858
228 237 1.3571428571428572
228 238 2.0
229 238 1.7857142857142858
229 239 -1.7857142857142858
229 244 2.0
229 248 1.3571428571428572
230 240 0.9285714285714286
230 241 -2.0
231 232 -0.9285714285714286
232 233 1.3571428571428572
232 241 0.5714285714285714
233 234 1.7857142857142858
234 235 0.9285714285714286
236 237 -2.0
237 238 -0.5714285714285714
238 239 -0.9285714285714286
238 244 0.9285714285714286
238 248 -1.7857142857142858
239 240 0.9285714285714286
240 241 1.7857142857142858
242 243 1.7857142857142858
243 244 0.9285714285714286
243 248 2.0
244 245 -1.7857142857142858
244 248 1.7857142857142858
244 249 2.0
245 246 1.3571428571428572
245 249 -2.0
245 250 -0.9285714285714286
246 247 -1.3571428571428572
246 250 -0.5714285714285714
246 251 -2.0
247 251 -1.7857142857142858
247 252 -0.9285714285714286
248 249 0.9285714285714286
249 250 2.0
250 251 -0.5714285714285714
251 252 1.3571428571428572
