989 4012
1 1 0.642857142857143
2 2 1.0
3 3 -1.142857142857143
4 4 3.142857142857143
5 5 1.5714285714285714
6 6 -0.07142857142857162
7 7 2.8571428571428568
8 8 1.2142857142857146
9 9 4.928571428571429
10 10 -0.642857142857143
11 11 1.5714285714285718
12 12 7.357142857142858
13 13 -1.5
14 14 4.142857142857143
15 15 4.0
16 16 5.428571428571428
17 17 -3.5
18 18 -0.2142857142857142
19 19 1.9285714285714284
20 20 6.785714285714286
21 21 6.642857142857143
22 22 -6.642857142857142
23 23 -0.785714285714286
24 24 -3.071428571428572
25 25 -0.9285714285714288
26 26 -2.1428571428571432
27 27 -4.428571428571429
28 28 -5.2857142857142865
29 29 -3.7142857142857144
30 30 8.785714285714286
31 31 1.5714285714285716
32 32 0.7857142857142856
33 33 -6.0
34 34 7.714285714285714
35 35 -6.142857142857143
36 36 -1.9285714285714288
37 37 3.571428571428571
38 38 0.07142857142857206
39 39 2.928571428571428
40 40 4.214285714285714
41 41 1.0714285714285714
42 42 -2.3571428571428568
43 43 3.785714285714286
44 44 4.071428571428571
45 45 -1.2857142857142858
46 46 0.35714285714285654
47 47 -0.6428571428571428
48 48 0.6428571428571428
49 49 -3.857142857142857
50 50 1.1428571428571428
51 51 -3.2142857142857144
52 52 -0.4285714285714284
53 53 4.5
54 54 1.4285714285714286
55 55 4.571428571428571
56 56 1.6428571428571426
57 57 -1.4285714285714286
58 58 -1.9285714285714286
59 59 -0.5000000000000004
60 60 -7.0
61 61 2.6428571428571432
62 62 5.214285714285714
63 63 -4.5
64 64 -2.220446049250313e-16
65 65 0.6428571428571426
66 66 4.357142857142858
67 67 -3.428571428571429
68 68 2.142857142857143
69 69 7.7857142857142865
70 70 -2.5
71 71 0.14285714285714324
72 72 -3.9285714285714284
73 73 2.1428571428571432
74 74 -1.2857142857142858
75 75 2.6428571428571432
76 76 1.5
77 77 2.9285714285714284
78 78 -1.0000000000000002
79 79 -6.0
80 80 -1.142857142857143
81 81 -0.8571428571428572
82 82 -1.3571428571428574
83 83 -4.071428571428571
84 84 -6.2857142857142865
85 85 -7.928571428571429
86 86 1.7857142857142854
87 87 6.642857142857143
88 88 4.714285714285714
89 89 -3.1428571428571432
90 90 -0.4999999999999998
91 91 0.07142857142857206
92 92 9.0
93 93 -2.1428571428571432
94 94 -6.428571428571429
95 95 -4.214285714285714
96 96 0.4285714285714286
97 97 -2.928571428571429
98 98 2.357142857142857
99 99 5.071428571428571
100 100 -1.0
101 101 -4.285714285714286
102 102 3.8571428571428568
103 103 -4.428571428571429
104 104 8.0
105 105 2.928571428571429
106 106 2.5
107 107 -0.5714285714285714
108 108 0.5714285714285714
109 109 1.4285714285714288
110 110 -0.07142857142857117
111 111 -1.5714285714285712
112 112 -10.0
113 113 -2.571428571428571
114 114 6.428571428571428
115 115 2.071428571428571
116 116 2.0000000000000004
117 117 2.428571428571429
118 118 0.9285714285714286
119 119 1.0000000000000002
120 120 0.2142857142857142
121 121 0.21428571428571508
122 122 -5.642857142857143
123 123 3.428571428571429
124 124 -2.2857142857142856
125 125 3.0
126 126 2.7857142857142856
127 127 -0.0714285714285714
128 128 -3.7857142857142865
129 129 -6.2142857142857135
130 130 -1.0714285714285718
131 131 -6.214285714285714
132 132 2.2857142857142865
133 133 5.642857142857143
134 134 -3.5
135 135 0.7857142857142858
136 136 -3.285714285714286
137 137 -2.428571428571429
138 138 -7.357142857142858
139 139 3.428571428571429
140 140 1.571428571428572
141 141 3.2142857142857144
142 142 1.7857142857142856
143 143 4.428571428571429
144 144 -0.7142857142857144
145 145 -3.7857142857142865
146 146 2.7857142857142856
147 147 -4.857142857142858
148 148 2.7142857142857144
149 149 1.7857142857142858
150 150 1.5000000000000004
151 151 1.7142857142857144
152 152 5.785714285714286
153 153 2.4285714285714284
154 154 -0.5714285714285712
155 155 -2.3571428571428568
156 156 1.6428571428571428
157 157 5.428571428571429
158 158 -1.1428571428571428
159 159 -5.5
160 160 -2.071428571428571
161 161 2.7857142857142856
162 162 4.571428571428571
163 163 1.7142857142857144
164 164 2.7142857142857144
165 165 1.9999999999999998
166 166 -3.071428571428571
167 167 5.714285714285715
168 168 -0.3571428571428572
169 169 0.21428571428571397
170 170 1.571428571428572
171 171 1.2142857142857144
172 172 -1.4285714285714286
173 173 3.0
174 174 1.0714285714285712
175 175 0.4285714285714286
176 176 4.0
177 177 -2.1428571428571432
178 178 3.785714285714286
179 179 0.07142857142857117
180 180 -4.571428571428571
181 181 3.5
182 182 2.7857142857142856
183 183 -0.4999999999999998
184 184 -2.285714285714286
185 185 1.7142857142857142
186 186 -2.5
187 187 4.357142857142858
188 188 -0.857142857142857
189 189 3.7857142857142856
190 190 2.7142857142857144
191 191 8.428571428571427
192 192 -4.071428571428571
193 193 3.2142857142857144
194 194 -2.7142857142857144
195 195 0.7142857142857144
196 196 2.7142857142857144
197 197 -2.071428571428571
198 198 -0.8571428571428572
199 199 -4.214285714285714
200 200 2.2142857142857144
201 201 5.857142857142858
202 202 4.214285714285714
203 203 -1.2142857142857144
204 204 0.2142857142857144
205 205 -0.9285714285714286
206 206 -1.8571428571428572
207 207 2.7857142857142856
208 208 3.2857142857142856
209 209 -0.35714285714285743
210 210 2.0714285714285716
211 211 0.8571428571428572
212 212 -0.5
213 213 -3.785714285714286
214 214 -6.142857142857143
215 215 -1.5714285714285718
216 216 -2.571428571428571
217 217 7.5
218 218 2.357142857142857
219 219 -4.142857142857143
220 220 -5.928571428571429
221 221 -1.9285714285714284
222 222 -4.7857142857142865
223 223 5.357142857142858
224 224 2.2857142857142856
225 225 -6.0
226 226 0.9999999999999996
227 227 -0.6428571428571426
228 228 0.2142857142857142
229 229 1.3571428571428568
230 230 1.7857142857142858
231 231 2.857142857142857
232 232 1.9285714285714284
233 233 3.7857142857142856
234 234 -0.07142857142857184
235 235 0.7857142857142856
236 236 -0.8571428571428574
237 237 -0.2857142857142858
238 238 0.7142857142857142
239 239 -1.9285714285714286
240 240 1.142857142857143
241 241 -0.7857142857142847
242 242 -6.0
243 243 -3.2857142857142856
244 244 3.7142857142857144
245 245 5.142857142857142
246 246 -0.5714285714285712
247 247 -2.571428571428572
248 248 -4.071428571428571
249 249 -3.0714285714285716
250 250 -1.7857142857142858
251 251 -5.642857142857143
252 252 2.1428571428571432
253 253 -1.642857142857143
254 254 0.785714285714286
255 255 -6.0
256 256 -1.5
257 257 0.8571428571428572
258 258 4.071428571428571
259 259 4.142857142857142
260 260 0.7857142857142858
261 261 2.0714285714285716
262 262 0.9285714285714288
263 263 -3.1428571428571432
264 264 0.9285714285714288
265 265 -1.9285714285714286
266 266 -5.142857142857142
267 267 0.8571428571428572
268 268 -2.428571428571429
269 269 -4.928571428571429
270 270 -0.857142857142857
271 271 -1.2142857142857144
272 272 -0.5714285714285714
273 273 0.9999999999999998
274 274 3.428571428571429
275 275 3.0
276 276 -3.9999999999999996
277 277 -2.9285714285714284
278 278 -1.0714285714285716
279 279 -3.7142857142857144
280 280 0.7857142857142858
281 281 0.2857142857142865
282 282 -1.9285714285714284
283 283 0.2857142857142856
284 284 -3.2857142857142856
285 285 -3.3571428571428568
286 286 0.2142857142857144
287 287 -2.428571428571429
288 288 -5.928571428571429
290 290 8.714285714285715
291 291 2.857142857142857
292 292 0.14285714285714302
293 293 3.928571428571429
294 294 1.3571428571428574
295 295 1.2142857142857142
296 296 2.0714285714285716
297 297 4.571428571428571
298 298 4.285714285714286
299 299 -5.0
300 300 0.7857142857142856
301 301 -3.428571428571429
302 302 0.4285714285714286
303 303 6.928571428571429
304 304 1.0
305 305 3.928571428571429
306 306 3.1428571428571432
307 307 2.928571428571429
308 308 -1.0714285714285712
309 309 -2.3571428571428568
310 310 0.5000000000000002
311 311 -0.4285714285714288
312 312 -3.0
313 313 -4.928571428571429
314 314 -1.9285714285714288
315 315 5.642857142857144
317 317 0.1428571428571428
318 318 6.928571428571429
319 319 -2.1428571428571432
320 320 -0.4285714285714286
321 321 -3.1428571428571432
322 322 5.5
323 323 -1.357142857142857
324 324 -0.9999999999999998
325 325 -4.571428571428572
326 326 0.2857142857142858
327 327 -4.571428571428571
328 328 4.142857142857142
329 329 1.4285714285714284
330 330 2.1428571428571432
331 331 -0.5714285714285716
332 332 6.5
333 333 -6.714285714285714
334 334 3.785714285714286
335 335 5.071428571428571
336 336 2.357142857142857
337 337 -0.571428571428571
338 338 -2.0
339 339 1.1428571428571428
340 340 2.0
341 341 -0.28571428571428603
342 342 5.142857142857143
343 343 7.857142857142857
344 344 5.142857142857142
345 345 3.2142857142857135
346 346 1.357142857142857
347 347 1.0000000000000002
348 348 -5.357142857142858
349 349 -1.8571428571428572
350 350 0.5
351 351 -2.7142857142857144
352 352 -2.571428571428571
353 353 -5.357142857142857
354 354 0.5
355 355 2.214285714285714
356 356 2.2142857142857144
357 357 1.7142857142857142
358 358 0.9285714285714288
359 359 6.0
360 360 -1.0714285714285714
361 361 0.7142857142857144
362 362 2.1428571428571423
363 363 0.7857142857142858
364 364 -2.857142857142857
365 365 1.6428571428571428
366 366 -4.857142857142858
367 367 1.0
368 368 3.428571428571429
370 370 0.4285714285714286
371 371 -1.7857142857142856
372 372 0.2857142857142856
373 373 0.2857142857142856
374 374 -6.142857142857142
375 375 -7.42857142857143
376 376 2.0
377 377 6.2857142857142865
378 378 -2.7142857142857144
380 380 -0.5
381 381 -6.0
382 382 -0.5714285714285721
383 383 -4.071428571428571
384 384 -3.1428571428571432
385 385 -10.214285714285714
386 386 -2.7857142857142856
387 387 -1.7142857142857149
388 388 0.642857142857143
389 389 -0.3571428571428572
390 390 -6.0
391 391 3.4285714285714284
392 392 0.7857142857142858
393 393 1.4999999999999998
394 394 -1.8571428571428577
395 395 -5.2857142857142865
396 396 0.4285714285714286
397 397 0.2857142857142858
398 398 -2.7142857142857144
399 399 -4.428571428571428
400 400 4.0
401 401 3.928571428571429
402 402 -3.5
403 403 2.071428571428571
404 404 -2.2857142857142856
405 405 -4.857142857142858
407 407 -0.7142857142857144
408 408 3.5
409 409 6.571428571428571
410 410 2.1428571428571423
411 411 0.5
412 412 0.9285714285714286
413 413 2.2857142857142856
414 414 -0.5714285714285716
415 415 3.2142857142857144
416 416 1.5
417 417 -2.571428571428572
418 418 -1.857142857142857
419 419 -3.9285714285714284
420 420 2.2142857142857144
421 421 -1.5714285714285718
422 422 4.142857142857143
423 423 7.071428571428571
424 424 -2.1428571428571432
425 425 1.3571428571428577
426 426 1.7857142857142858
427 427 -3.1428571428571432
428 428 -2.285714285714286
429 429 0.6428571428571428
430 430 1.3571428571428572
431 431 7.2857142857142865
432 432 0.5714285714285714
433 433 -1.9285714285714284
434 434 0.3571428571428572
435 435 -3.928571428571429
436 436 0.6428571428571428
437 437 2.928571428571428
438 438 2.499999999999999
439 439 -0.8571428571428572
440 440 6.642857142857144
441 441 -2.8571428571428577
442 442 -3.214285714285714
443 443 -3.357142857142857
444 444 1.7857142857142856
445 445 0.7857142857142856
446 446 -1.0714285714285716
447 447 -0.4999999999999998
448 448 4.214285714285714
449 449 1.5
450 450 -2.142857142857143
451 451 -4.642857142857143
452 452 -2.2142857142857144
453 453 -2.2857142857142856
454 454 -0.21428571428571463
455 455 0.28571428571428537
456 456 3.3571428571428568
457 457 -1.3571428571428572
458 458 -1.9285714285714288
459 459 -7.642857142857142
460 460 1.571428571428572
461 461 3.5714285714285716
462 462 -3.142857142857143
463 463 2.928571428571429
464 464 -3.3571428571428568
465 465 -7.142857142857142
466 466 -6.357142857142857
467 467 -1.1428571428571428
468 468 -3.642857142857143
469 469 -0.9285714285714286
470 470 -0.5
471 471 -3.3571428571428568
472 472 -6.0
473 473 -0.14285714285714302
474 474 1.2142857142857142
475 475 1.0
476 476 0.5714285714285714
477 477 -4.142857142857143
478 478 -5.785714285714286
479 479 -2.0714285714285716
480 480 -4.857142857142857
481 481 -2.357142857142857
482 482 -0.9999999999999998
483 483 2.3571428571428577
484 484 5.0
485 485 -0.6428571428571432
486 486 -1.5714285714285716
487 487 3.928571428571429
488 488 0.2857142857142858
489 489 -1.0
490 490 -1.1428571428571428
491 491 -2.0
492 492 -1.714285714285714
493 493 0.0714285714285714
494 494 -5.5
495 495 -8.785714285714285
496 496 0.0714285714285714
497 497 2.1428571428571432
498 498 2.5
499 499 -4.142857142857143
500 500 -1.0714285714285716
501 501 -2.714285714285715
502 502 6.214285714285715
503 503 -2.2857142857142865
504 504 0.0714285714285714
505 505 -1.5714285714285714
506 506 -1.5714285714285714
508 508 -3.7142857142857144
509 509 -1.2142857142857144
510 510 3.3571428571428577
511 511 5.071428571428571
512 512 2.714285714285714
513 513 -2.071428571428571
514 514 2.857142857142857
515 515 2.5714285714285716
516 516 -4.857142857142858
517 517 -3.2142857142857144
518 518 -1.9285714285714288
519 519 2.6428571428571432
520 520 7.7142857142857135
521 521 2.2857142857142856
522 522 -3.642857142857143
523 523 4.071428571428571
524 524 5.0
525 525 4.428571428571429
526 526 -1.0714285714285716
527 527 -1.1428571428571428
528 528 3.2857142857142856
529 529 3.2142857142857135
530 530 2.428571428571429
531 531 1.1428571428571428
532 532 -7.2857142857142865
533 533 -4.428571428571429
534 534 -0.5714285714285714
535 535 -4.071428571428571
536 536 -2.642857142857143
538 538 -0.5714285714285714
539 539 3.4285714285714284
540 540 -6.714285714285714
541 541 -0.2142857142857144
542 542 4.785714285714286
543 543 -1.9285714285714286
544 544 -2.7857142857142865
545 545 4.285714285714286
546 546 1.2142857142857142
547 547 -5.071428571428571
548 548 0.714285714285714
549 549 0.7142857142857144
550 550 -1.4285714285714286
551 551 1.0714285714285714
552 552 -0.5
553 553 -3.428571428571429
554 554 -1.1428571428571428
555 555 5.571428571428571
556 556 0.1428571428571428
557 557 1.0000000000000002
558 558 4.214285714285714
559 559 0.28571428571428625
560 560 -3.571428571428572
561 561 0.785714285714286
562 562 0.1428571428571428
563 563 -2.2142857142857144
564 564 -0.7142857142857144
565 565 2.2142857142857144
566 566 -1.0714285714285716
567 567 -2.8571428571428568
568 568 -2.1428571428571432
569 569 4.2142857142857135
570 570 1.6428571428571426
571 571 0.07142857142857162
572 572 2.220446049250313e-16
573 573 1.8571428571428568
574 574 -3.0
575 575 -1.357142857142857
576 576 3.5714285714285716
577 577 0.2857142857142856
578 578 7.928571428571429
579 579 3.2857142857142856
580 580 2.0
581 581 0.8571428571428572
582 582 -3.7142857142857144
583 583 -2.5
584 584 -1.4285714285714286
585 585 5.285714285714286
586 586 1.7857142857142856
587 587 -4.857142857142857
588 588 1.3571428571428572
589 589 -6.928571428571428
590 590 -2.642857142857143
591 591 -3.071428571428571
592 592 2.928571428571429
593 593 -0.2142857142857144
594 594 3.5714285714285716
595 595 -2.7857142857142856
596 596 -0.5
597 597 -1.0
598 598 -2.3571428571428577
599 599 5.928571428571428
600 600 -3.2142857142857144
601 601 -0.2142857142857144
602 602 3.7857142857142856
603 603 -1.4285714285714284
604 604 -1.4285714285714286
605 605 0.5714285714285712
606 606 0.3571428571428572
607 607 2.3571428571428577
608 608 8.357142857142858
609 609 -0.7857142857142856
610 610 2.5
611 611 -1.1428571428571428
612 612 -0.2142857142857142
613 613 -3.1428571428571432
614 614 -1.5714285714285718
615 615 6.571428571428571
616 616 -3.7857142857142856
617 617 0.4285714285714286
618 618 4.142857142857142
619 619 9.071428571428571
620 620 1.285714285714286
621 621 3.5
622 622 2.571428571428571
623 623 5.285714285714286
624 624 3.071428571428572
625 625 2.7142857142857144
626 626 -1.5714285714285712
627 627 -0.2857142857142858
628 628 3.0
629 629 -2.928571428571429
630 630 -5.999999999999999
631 631 5.857142857142857
632 632 7.142857142857143
633 633 -1.2142857142857146
634 634 1.2857142857142863
635 635 -1.857142857142857
636 636 4.0
637 637 -0.2142857142857144
638 638 -3.285714285714286
639 639 -1.0714285714285714
640 640 -7.500000000000001
641 641 2.5
642 642 7.928571428571429
643 643 3.428571428571428
644 644 -1.7857142857142858
645 645 -0.14285714285714324
646 646 3.5714285714285716
647 647 1.5
648 648 -0.9285714285714284
649 649 1.1428571428571426
650 650 4.142857142857142
651 651 -2.928571428571429
652 652 -1.2857142857142856
653 653 -1.3571428571428572
654 654 1.0
655 655 4.071428571428571
656 656 5.642857142857142
657 657 2.0
658 658 0.7142857142857144
659 659 7.071428571428571
660 660 1.0
661 661 -2.571428571428571
662 662 -3.2142857142857144
663 663 -2.428571428571429
664 664 1.928571428571429
665 665 4.785714285714286
666 666 0.2857142857142858
667 667 -0.1428571428571428
668 668 1.1428571428571428
669 669 0.2857142857142856
670 670 0.07142857142857162
671 671 -3.2857142857142856
672 672 2.6428571428571423
673 673 0.6428571428571428
674 674 -2.928571428571429
675 675 -1.4285714285714288
676 676 0.8571428571428568
677 677 -2.071428571428571
678 678 0.0714285714285714
679 679 3.214285714285715
680 680 -2.8571428571428568
681 681 2.5
682 682 -2.3571428571428577
683 683 5.142857142857143
684 684 1.7142857142857146
685 685 -0.8571428571428572
686 686 -3.0
687 687 -6.714285714285715
688 688 -2.7857142857142856
689 689 -5.642857142857143
690 690 -2.071428571428571
691 691 -4.428571428571429
692 692 -0.7857142857142856
693 693 -4.0
694 694 -3.0
695 695 -0.9285714285714288
696 696 -1.2857142857142858
697 697 -9.000000000000002
698 698 3.0
699 699 -3.7857142857142856
700 700 -6.071428571428571
701 701 2.642857142857143
702 702 6.214285714285714
703 703 -3.1428571428571432
704 704 -3.8571428571428577
705 705 2.928571428571429
706 706 6.357142857142856
707 707 -4.857142857142858
708 708 -0.6428571428571419
709 709 -9.357142857142858
710 710 -0.4999999999999998
711 711 -1.9285714285714286
712 712 -0.2857142857142856
713 713 -2.357142857142857
714 714 -3.5714285714285716
715 715 -1.214285714285714
716 716 6.285714285714286
717 717 -2.5
718 718 2.0714285714285716
719 719 -4.857142857142858
720 720 1.7142857142857144
721 721 3.6428571428571432
722 722 1.8571428571428572
723 723 -3.642857142857143
724 724 -5.071428571428571
725 725 -1.4285714285714286
726 726 1.2857142857142851
727 727 -2.3571428571428568
728 728 6.428571428571429
729 729 0.857142857142857
730 730 -2.0
731 731 2.2857142857142856
732 732 -5.214285714285714
733 733 -0.5714285714285714
734 734 5.571428571428571
735 735 1.5
736 736 -1.0714285714285714
737 737 -1.2857142857142858
738 738 0.07142857142857162
739 739 1.9285714285714286
740 740 7.928571428571429
741 741 -3.428571428571429
742 742 -2.6428571428571432
743 743 -0.5
744 744 1.5
745 745 0.0714285714285714
746 746 0.3571428571428572
747 747 2.071428571428571
748 748 -2.3571428571428577
749 749 5.428571428571429
750 750 -1.0714285714285716
751 751 -5.071428571428571
752 752 -2.857142857142857
753 753 -1.0714285714285714
754 754 -1.2142857142857142
755 755 7.142857142857142
757 757 1.1428571428571428
758 758 2.1428571428571423
759 759 -4.071428571428571
760 760 -4.428571428571429
761 761 -2.285714285714286
762 762 0.1428571428571428
763 763 6.285714285714285
764 764 -2.2857142857142856
765 765 0.7142857142857144
766 766 1.5000000000000002
767 767 -0.5
768 768 5.928571428571429
769 769 2.3571428571428577
770 770 -0.714285714285714
771 771 -3.7857142857142856
772 772 -6.571428571428571
773 773 -2.2142857142857144
774 774 -0.9285714285714282
775 775 1.3571428571428572
776 776 3.928571428571429
777 777 0.928571428571429
778 778 -4.7857142857142865
779 779 -6.785714285714286
780 780 -2.4285714285714284
781 781 2.2142857142857144
782 782 4.428571428571429
783 783 -5.7142857142857135
784 784 3.5
785 785 0.9285714285714288
786 786 -4.0
787 787 1.7857142857142856
788 788 2.7142857142857144
789 789 -0.6428571428571423
790 790 3.7857142857142856
791 791 6.428571428571428
792 792 3.857142857142857
793 793 4.0
794 794 3.3571428571428563
795 795 -3.785714285714286
796 796 0.6428571428571428
797 797 4.0
798 798 4.928571428571428
799 799 4.214285714285714
800 800 5.071428571428571
801 801 0.5714285714285714
802 802 3.2857142857142865
803 803 -1.5714285714285714
804 804 -2.857142857142857
805 805 4.071428571428571
806 806 4.714285714285714
807 807 -4.071428571428571
808 808 2.1428571428571432
809 809 -0.5
810 810 -0.2142857142857144
811 811 -1.642857142857143
812 812 2.5
813 813 7.714285714285714
814 814 2.7142857142857144
815 815 2.428571428571429
816 816 0.14285714285714235
817 817 5.071428571428571
818 818 -2.928571428571429
819 819 1.0714285714285712
820 820 -4.142857142857143
821 821 -6.071428571428571
822 822 3.642857142857143
823 823 -0.6428571428571428
824 824 -5.285714285714286
825 825 3.071428571428572
826 826 0.4285714285714286
827 827 -2.8571428571428577
828 828 -2.2142857142857144
829 829 -3.6428571428571432
830 830 1.6428571428571435
831 831 -2.7142857142857144
832 832 -3.3571428571428577
833 833 -0.9285714285714286
834 834 -4.785714285714286
835 835 -0.9285714285714286
836 836 -2.220446049250313e-16
837 837 0.6428571428571426
838 838 -4.142857142857143
839 839 -4.142857142857142
840 840 1.7142857142857144
841 841 4.2142857142857135
842 842 -4.642857142857143
843 843 3.7857142857142856
844 844 2.9285714285714284
845 845 -4.857142857142858
846 846 -0.5714285714285714
847 847 8.142857142857144
848 848 0.9999999999999998
849 849 -5.071428571428571
850 850 4.357142857142857
851 851 -2.5
852 852 -3.1428571428571432
853 853 -0.2142857142857142
854 854 -3.928571428571429
855 855 -9.571428571428571
856 856 -0.6428571428571428
857 857 4.785714285714286
858 858 1.142857142857143
859 859 4.928571428571429
860 860 4.642857142857142
861 861 -0.7857142857142856
862 862 -4.928571428571429
863 863 -2.428571428571429
864 864 -1.0
865 865 -2.0
866 866 3.071428571428572
867 867 -5.928571428571429
868 868 -3.071428571428571
869 869 -1.2142857142857144
870 870 2.0
871 871 -2.2142857142857144
872 872 -8.428571428571429
873 873 2.7857142857142856
874 874 -1.5
875 875 1.7857142857142858
876 876 -1.6428571428571423
877 877 -1.9285714285714286
878 878 -3.3571428571428577
879 879 -0.4285714285714286
880 880 -3.428571428571429
881 881 -1.5714285714285714
882 882 -4.285714285714286
883 883 -3.7857142857142856
884 884 5.714285714285715
885 885 -2.0714285714285716
886 886 -0.5
887 887 2.9285714285714284
888 888 -0.2857142857142858
889 889 3.4285714285714284
890 890 7.0
891 891 2.2857142857142856
892 892 0.7857142857142854
893 893 -2.5
894 894 4.357142857142857
895 895 0.6428571428571428
896 896 -1.642857142857143
897 897 -4.642857142857142
898 898 -5.999999999999999
899 899 -2.928571428571429
900 900 -2.2857142857142856
901 901 -2.071428571428571
902 902 3.3571428571428577
903 903 3.2142857142857153
904 904 -2.357142857142857
905 905 -5.071428571428571
906 906 -4.071428571428571
907 907 -4.571428571428571
908 908 -0.7142857142857142
909 909 5.928571428571428
910 910 3.7142857142857144
911 911 0.8571428571428568
912 912 4.857142857142857
913 913 2.5000000000000004
914 914 -5.571428571428572
915 915 5.214285714285714
916 916 0.9285714285714286
917 917 5.214285714285714
918 918 -1.7857142857142858
919 919 -4.214285714285714
920 920 2.0714285714285716
921 921 3.8571428571428577
922 922 -4.428571428571429
923 923 -6.142857142857142
924 924 3.1428571428571432
925 925 -1.857142857142857
926 926 0.357142857142857
927 927 -0.5714285714285716
928 928 -2.5
929 929 2.0714285714285716
930 930 1.5714285714285712
931 931 -2.5
932 932 -0.8571428571428572
933 933 -0.49999999999999933
934 934 -0.357142857142857
935 935 -0.8571428571428577
936 936 2.0
937 937 1.785714285714286
938 938 -1.7857142857142858
939 939 2.857142857142857
940 940 3.0
941 941 1.8571428571428574
942 942 -3.7857142857142856
943 943 -1.9285714285714284
944 944 -3.3571428571428568
945 945 0.4285714285714286
946 946 0.5714285714285714
947 947 -3.9285714285714293
948 948 -4.571428571428571
949 949 0.642857142857143
950 950 0.35714285714285743
951 951 4.5
952 952 -6.214285714285714
953 953 0.4285714285714284
954 954 -3.5
955 955 -1.1428571428571428
956 956 0.3571428571428581
957 957 3.3571428571428568
958 958 2.142857142857143
959 959 0.9285714285714284
960 960 3.642857142857143
961 961 2.8571428571428577
962 962 0.7142857142857142
963 963 4.642857142857143
964 964 -1.7142857142857142
965 965 -5.928571428571429
966 966 2.7857142857142856
967 967 1.2857142857142858
968 968 -0.5714285714285718
969 969 4.785714285714286
970 970 2.2142857142857144
971 971 -0.5714285714285714
972 972 -0.9285714285714284
973 973 8.071428571428571
974 974 7.571428571428571
975 975 -4.857142857142858
976 976 -2.642857142857143
977 977 4.642857142857142
978 978 -3.5
979 979 3.1428571428571432
980 980 -3.7142857142857144
981 981 3.928571428571429
982 982 4.5
983 983 1.7857142857142858
984 984 6.357142857142858
985 985 4.928571428571427
986 986 -0.0714285714285714
987 987 -1.7857142857142851
988 988 -2.5
989 989 1.5
1 2 -0.9285714285714286
1 11 -1.7857142857142858
1 47 2.0
1 57 2.0
1 103 -1.3571428571428572
1 114 -0.5714285714285714
2 3 1.7857142857142858
2 11 -1.3571428571428572
2 12 -1.7857142857142858
2 166 0.5714285714285714
2 175 0.9285714285714286
2 220 1.7857142857142858
2 226 -2.0
3 12 -2.0
3 13 1.7857142857142858
3 280 -1.7857142857142858
3 288 1.3571428571428572
3 334 1.7857142857142858
3 343 -1.7857142857142858
4 5 -1.7857142857142858
4 486 0.9285714285714286
4 496 -0.9285714285714286
4 524 -1.3571428571428572
5 6 -0.9285714285714286
5 568 1.3571428571428572
5 578 -2.0
5 610 1.7857142857142858
6 7 -2.0
6 14 0.5714285714285714
6 645 2.0
6 655 -0.9285714285714286
6 681 1.3571428571428572
7 8 -2.0
7 14 -1.7857142857142858
7 15 1.7857142857142858
7 719 1.3571428571428572
7 761 1.7857142857142858
7 773 -2.0
8 9 -0.9285714285714286
8 15 0.9285714285714286
8 16 1.3571428571428572
8 807 0.5714285714285714
8 818 2.0
8 850 -1.3571428571428572
8 859 -1.7857142857142858
9 16 -0.5714285714285714
9 17 1.3571428571428572
9 890 -2.0
9 902 0.5714285714285714
9 936 -1.3571428571428572
9 946 -2.0
10 18 1.3571428571428572
10 19 -1.3571428571428572
10 83 1.7857142857142858
10 92 -0.9285714285714286
10 143 -2.0
10 154 1.7857142857142858
11 12 1.3571428571428572
11 103 1.3571428571428572
11 114 -1.3571428571428572
11 166 2.0
11 175 -1.7857142857142858
12 13 -0.9285714285714286
12 220 0.5714285714285714
12 226 -2.0
12 280 -0.5714285714285714
12 288 -2.0
13 334 -2.0
13 343 -0.9285714285714286
13 390 1.7857142857142858
13 399 1.7857142857142858
14 15 -2.0
14 681 -0.9285714285714286
15 16 -1.3571428571428572
15 761 -1.3571428571428572
15 773 0.5714285714285714
15 807 -2.0
15 818 -0.5714285714285714
16 17 -0.5714285714285714
16 859 -1.3571428571428572
16 890 -2.0
16 902 -0.9285714285714286
17 18 -1.7857142857142858
17 936 1.3571428571428572
17 946 0.5714285714285714
17 978 2.0
17 987 0.5714285714285714
18 19 2.0
18 38 1.7857142857142858
18 83 -1.7857142857142858
18 92 -1.3571428571428572
19 143 -2.0
19 154 2.0
19 201 -0.5714285714285714
19 210 -2.0
20 21 -1.7857142857142858
20 30 -2.0
20 260 0.9285714285714286
20 271 -2.0
20 318 -1.3571428571428572
20 328 -0.5714285714285714
21 30 -0.9285714285714286
21 31 0.5714285714285714
21 373 -0.9285714285714286
21 382 -1.7857142857142858
21 425 -1.7857142857142858
22 23 0.9285714285714286
22 32 -1.3571428571428572
22 33 1.7857142857142858
22 548 0.9285714285714286
22 559 2.0
22 591 1.7857142857142858
22 600 0.5714285714285714
23 24 1.7857142857142858
23 33 1.7857142857142858
23 34 -2.0
23 628 -0.5714285714285714
23 636 -0.5714285714285714
23 672 -0.5714285714285714
24 25 -1.3571428571428572
24 34 -0.9285714285714286
24 35 2.0
24 698 -0.5714285714285714
24 710 0.9285714285714286
24 742 -0.5714285714285714
24 752 1.7857142857142858
25 26 -0.5714285714285714
25 35 1.7857142857142858
25 36 -0.5714285714285714
25 786 0.9285714285714286
25 798 1.7857142857142858
25 829 0.9285714285714286
25 841 -2.0
26 36 1.3571428571428572
26 37 -2.0
26 869 2.0
26 880 1.3571428571428572
26 915 0.5714285714285714
26 926 -0.5714285714285714
27 28 1.7857142857142858
27 38 2.0
27 39 -0.5714285714285714
27 74 1.7857142857142858
27 125 -0.5714285714285714
28 29 2.0
28 39 -0.5714285714285714
28 40 -2.0
28 184 1.3571428571428572
28 193 1.7857142857142858
28 248 0.9285714285714286
29 40 2.0
29 302 0.5714285714285714
29 309 -1.7857142857142858
29 354 0.9285714285714286
30 31 -0.9285714285714286
30 318 -2.0
30 328 -0.9285714285714286
30 382 -2.0
31 32 -0.9285714285714286
31 425 -0.9285714285714286
31 466 2.0
31 477 -1.3571428571428572
32 33 0.5714285714285714
32 506 -1.3571428571428572
32 548 0.9285714285714286
32 559 1.3571428571428572
33 34 -1.3571428571428572
33 591 1.7857142857142858
33 600 2.0
33 628 -0.5714285714285714
34 35 -0.5714285714285714
34 672 -2.0
34 698 0.9285714285714286
34 710 -1.7857142857142858
35 742 0.9285714285714286
35 752 1.7857142857142858
35 786 2.0
35 798 -1.7857142857142858
36 37 -1.7857142857142858
36 829 1.7857142857142858
36 841 1.3571428571428572
36 869 1.7857142857142858
36 880 -2.0
37 38 -0.9285714285714286
37 915 1.7857142857142858
37 926 0.5714285714285714
37 958 -1.7857142857142858
37 969 0.5714285714285714
38 39 -0.9285714285714286
38 74 -2.0
39 40 -2.0
39 125 0.9285714285714286
39 184 2.0
39 193 -1.7857142857142858
40 248 -1.3571428571428572
40 302 0.9285714285714286
40 309 -1.7857142857142858
41 42 0.9285714285714286
41 51 -2.0
41 250 0.5714285714285714
41 311 -0.5714285714285714
42 43 -1.3571428571428572
42 51 2.0
42 52 -1.7857142857142858
42 366 2.0
42 419 0.5714285714285714
43 44 0.9285714285714286
43 52 -1.7857142857142858
43 53 -2.0
43 457 1.7857142857142858
43 498 -1.3571428571428572
44 53 -2.0
44 54 -1.7857142857142858
44 538 -1.7857142857142858
44 581 0.5714285714285714
45 46 1.7857142857142858
45 55 -2.0
45 691 0.9285714285714286
45 733 0.5714285714285714
46 55 -0.5714285714285714
46 56 -2.0
46 777 -0.9285714285714286
46 821 1.3571428571428572
47 48 -1.3571428571428572
47 57 -0.5714285714285714
47 950 0.5714285714285714
48 49 1.3571428571428572
48 57 -2.0
48 59 1.3571428571428572
49 50 0.5714285714285714
49 58 1.3571428571428572
49 230 0.5714285714285714
50 58 0.5714285714285714
50 292 -0.9285714285714286
50 347 -1.3571428571428572
51 52 1.3571428571428572
51 311 0.9285714285714286
51 366 0.9285714285714286
52 53 -1.3571428571428572
52 419 2.0
52 457 2.0
53 54 -0.5714285714285714
53 498 -0.5714285714285714
53 538 2.0
54 581 0.9285714285714286
55 56 -0.5714285714285714
55 733 0.5714285714285714
55 777 -2.0
56 821 0.9285714285714286
57 59 2.0
58 230 -2.0
58 292 2.0
59 66 -1.3571428571428572
59 104 -0.5714285714285714
59 114 -0.9285714285714286
60 67 1.7857142857142858
60 68 2.0
60 288 2.0
60 335 -0.5714285714285714
60 343 1.7857142857142858
61 62 -0.9285714285714286
61 69 -0.9285714285714286
61 496 0.5714285714285714
61 525 -1.3571428571428572
62 69 -1.7857142857142858
62 70 2.0
62 569 -0.9285714285714286
62 578 -1.7857142857142858
62 611 -1.7857142857142858
63 64 1.3571428571428572
63 71 0.5714285714285714
63 72 1.7857142857142858
63 720 0.5714285714285714
63 762 2.0
63 773 -1.7857142857142858
64 72 0.9285714285714286
64 808 0.5714285714285714
64 818 0.9285714285714286
64 851 -2.0
64 859 -1.7857142857142858
65 74 1.3571428571428572
65 84 -0.5714285714285714
65 92 -2.0
65 154 0.5714285714285714
66 67 0.5714285714285714
66 104 -1.3571428571428572
66 114 -1.3571428571428572
66 167 -1.7857142857142858
66 175 0.9285714285714286
67 68 -1.3571428571428572
67 221 0.9285714285714286
67 226 0.9285714285714286
67 288 0.5714285714285714
68 335 -1.3571428571428572
68 343 -0.5714285714285714
68 391 -1.7857142857142858
68 399 0.9285714285714286
69 70 -0.9285714285714286
69 525 -1.7857142857142858
69 569 -1.7857142857142858
69 578 -0.5714285714285714
70 71 2.0
70 611 -1.3571428571428572
70 646 -0.5714285714285714
70 655 1.3571428571428572
71 72 -1.3571428571428572
71 720 -1.3571428571428572
72 762 -2.0
72 773 2.0
72 808 2.0
72 818 0.5714285714285714
73 74 0.5714285714285714
73 937 -1.7857142857142858
73 946 -0.9285714285714286
73 979 -0.5714285714285714
73 987 0.5714285714285714
74 84 1.3571428571428572
74 92 -1.7857142857142858
75 76 -1.7857142857142858
75 261 0.5714285714285714
75 271 0.9285714285714286
75 319 -0.5714285714285714
75 328 -1.7857142857142858
76 77 -0.9285714285714286
76 374 1.7857142857142858
76 382 -0.5714285714285714
77 78 -0.5714285714285714
77 87 -1.7857142857142858
77 467 -2.0
77 477 0.5714285714285714
77 507 1.7857142857142858
78 79 1.7857142857142858
78 87 -1.3571428571428572
78 88 2.0
78 549 -1.7857142857142858
78 559 0.9285714285714286
78 592 -1.3571428571428572
78 600 1.3571428571428572
79 80 1.3571428571428572
79 88 -1.3571428571428572
79 629 2.0
79 636 -1.3571428571428572
79 666 1.7857142857142858
79 672 1.7857142857142858
80 81 1.3571428571428572
80 89 -1.3571428571428572
80 699 0.5714285714285714
80 710 -0.5714285714285714
80 743 1.7857142857142858
80 752 -2.0
81 82 -1.7857142857142858
81 89 0.9285714285714286
81 90 0.9285714285714286
81 787 1.7857142857142858
81 798 -2.0
81 830 0.5714285714285714
81 841 -0.9285714285714286
82 83 1.7857142857142858
82 90 -1.7857142857142858
82 91 1.7857142857142858
82 880 1.3571428571428572
82 916 0.5714285714285714
82 926 -0.5714285714285714
83 84 0.5714285714285714
83 91 2.0
83 92 -1.7857142857142858
83 959 0.5714285714285714
83 969 0.9285714285714286
84 85 1.3571428571428572
84 92 1.7857142857142858
84 93 1.7857142857142858
85 93 1.3571428571428572
85 94 0.5714285714285714
85 185 0.5714285714285714
85 193 0.9285714285714286
85 239 1.7857142857142858
85 248 1.3571428571428572
86 319 -0.5714285714285714
86 328 -2.0
86 374 -0.5714285714285714
86 382 1.3571428571428572
87 88 -0.9285714285714286
87 507 -1.7857142857142858
87 549 0.5714285714285714
87 559 -1.3571428571428572
88 592 -2.0
88 600 -2.0
88 629 0.9285714285714286
88 636 -1.3571428571428572
89 90 2.0
89 743 1.3571428571428572
89 752 1.3571428571428572
89 787 -0.5714285714285714
89 798 -0.5714285714285714
90 91 0.9285714285714286
90 830 -0.9285714285714286
90 841 -2.0
90 880 1.3571428571428572
91 92 -0.9285714285714286
91 916 -0.9285714285714286
91 926 -0.5714285714285714
91 959 -0.5714285714285714
91 969 -1.7857142857142858
92 93 -2.0
93 94 0.5714285714285714
93 185 1.3571428571428572
93 193 -0.9285714285714286
94 95 2.0
94 239 0.5714285714285714
94 248 1.3571428571428572
94 309 1.3571428571428572
95 355 1.3571428571428572
95 408 -0.9285714285714286
95 417 1.7857142857142858
96 107 -1.3571428571428572
96 262 -0.5714285714285714
96 311 0.5714285714285714
96 320 0.9285714285714286
97 98 -2.0
97 457 0.9285714285714286
97 468 2.0
97 498 2.0
98 99 -2.0
98 108 0.5714285714285714
98 109 2.0
98 581 -0.9285714285714286
99 100 -0.9285714285714286
99 109 0.5714285714285714
99 110 -1.3571428571428572
99 667 -1.3571428571428572
100 101 0.5714285714285714
100 110 1.3571428571428572
100 111 -0.9285714285714286
100 691 1.3571428571428572
100 700 1.3571428571428572
100 744 -1.7857142857142858
101 102 -1.7857142857142858
101 111 0.5714285714285714
101 112 1.7857142857142858
101 777 -0.9285714285714286
101 788 0.9285714285714286
101 821 1.3571428571428572
101 831 1.7857142857142858
102 103 0.5714285714285714
102 112 0.5714285714285714
102 113 0.5714285714285714
102 870 -2.0
102 917 -1.7857142857142858
103 104 -0.9285714285714286
103 113 0.9285714285714286
103 114 0.9285714285714286
103 950 2.0
103 960 0.9285714285714286
104 114 -2.0
104 115 -1.7857142857142858
104 126 -1.3571428571428572
105 106 -0.9285714285714286
105 115 1.7857142857142858
105 116 -2.0
105 177 1.7857142857142858
105 186 -1.7857142857142858
105 230 -1.7857142857142858
106 116 1.7857142857142858
106 117 -1.3571428571428572
106 292 0.5714285714285714
106 303 -1.3571428571428572
106 347 -1.7857142857142858
106 356 0.5714285714285714
107 311 1.7857142857142858
107 320 -1.3571428571428572
107 366 0.5714285714285714
107 375 0.9285714285714286
108 498 -0.5714285714285714
108 538 -0.5714285714285714
109 110 -2.0
109 581 -2.0
110 111 -2.0
110 667 0.9285714285714286
110 691 1.7857142857142858
110 700 1.3571428571428572
111 112 1.3571428571428572
111 733 -0.5714285714285714
111 744 0.5714285714285714
111 777 2.0
111 788 0.5714285714285714
112 113 2.0
112 821 2.0
112 831 0.9285714285714286
112 870 1.3571428571428572
113 114 -0.5714285714285714
113 917 0.5714285714285714
113 950 -0.9285714285714286
114 115 -0.5714285714285714
115 116 -2.0
115 126 -0.9285714285714286
115 177 -0.5714285714285714
115 186 2.0
116 117 1.3571428571428572
116 230 2.0
116 292 -1.3571428571428572
116 303 -1.7857142857142858
117 347 1.3571428571428572
117 356 -1.7857142857142858
117 400 -2.0
118 126 -2.0
118 127 0.9285714285714286
118 167 -1.7857142857142858
118 221 1.3571428571428572
118 227 0.5714285714285714
119 120 0.5714285714285714
119 128 1.3571428571428572
119 391 -2.0
119 454 -0.9285714285714286
120 121 -1.7857142857142858
120 128 1.7857142857142858
120 129 0.9285714285714286
120 497 0.5714285714285714
120 525 -0.9285714285714286
120 535 -1.3571428571428572
121 122 0.5714285714285714
121 129 1.7857142857142858
121 130 2.0
121 569 -1.3571428571428572
121 579 -1.7857142857142858
121 611 0.9285714285714286
121 619 -0.5714285714285714
122 130 0.9285714285714286
122 131 2.0
122 646 0.9285714285714286
122 656 1.7857142857142858
122 688 -0.5714285714285714
123 124 1.3571428571428572
123 132 -0.9285714285714286
123 133 -2.0
123 808 -1.7857142857142858
123 819 -0.9285714285714286
123 851 1.7857142857142858
123 860 -0.9285714285714286
124 125 1.3571428571428572
124 133 -1.7857142857142858
124 134 1.3571428571428572
124 891 1.3571428571428572
124 903 -1.7857142857142858
124 937 -0.9285714285714286
124 947 1.3571428571428572
125 134 -2.0
125 979 -1.3571428571428572
125 988 -1.3571428571428572
126 127 0.9285714285714286
126 167 0.5714285714285714
127 221 -2.0
127 227 2.0
127 289 -1.7857142857142858
128 129 1.7857142857142858
128 454 -0.5714285714285714
128 497 -0.5714285714285714
129 130 -1.3571428571428572
129 525 2.0
129 535 2.0
129 579 -0.9285714285714286
130 131 1.7857142857142858
130 611 2.0
130 619 -2.0
130 646 -0.9285714285714286
130 656 -1.3571428571428572
131 132 2.0
131 688 1.3571428571428572
131 720 -0.9285714285714286
132 133 -0.9285714285714286
132 762 -2.0
132 774 -1.7857142857142858
132 819 1.3571428571428572
133 134 -1.3571428571428572
133 851 1.7857142857142858
133 860 -1.3571428571428572
133 891 1.3571428571428572
133 903 -1.3571428571428572
134 937 1.3571428571428572
134 947 1.7857142857142858
134 979 0.5714285714285714
134 988 1.7857142857142858
135 144 -1.3571428571428572
135 155 -1.3571428571428572
135 202 1.3571428571428572
135 211 0.5714285714285714
136 137 1.3571428571428572
136 147 1.7857142857142858
136 261 -1.7857142857142858
136 319 0.5714285714285714
136 329 1.3571428571428572
137 138 2.0
137 147 -1.3571428571428572
137 374 -1.3571428571428572
137 383 1.7857142857142858
138 139 -1.7857142857142858
138 148 2.0
138 467 1.7857142857142858
138 478 2.0
138 507 1.3571428571428572
139 140 -2.0
139 148 -1.3571428571428572
139 149 0.9285714285714286
139 549 0.9285714285714286
139 560 1.7857142857142858
139 592 -1.3571428571428572
139 601 -0.5714285714285714
140 149 0.5714285714285714
140 150 2.0
140 629 0.5714285714285714
140 666 -1.7857142857142858
140 673 -0.9285714285714286
141 142 -2.0
141 151 -1.3571428571428572
141 152 0.5714285714285714
141 787 -2.0
141 799 2.0
141 830 -1.3571428571428572
141 842 0.9285714285714286
142 143 -1.3571428571428572
142 152 -1.7857142857142858
142 153 -1.3571428571428572
142 881 2.0
142 916 1.3571428571428572
142 927 1.3571428571428572
143 144 1.3571428571428572
143 153 -0.9285714285714286
143 154 -1.7857142857142858
143 959 0.9285714285714286
143 970 1.3571428571428572
144 145 1.7857142857142858
144 154 -2.0
144 155 0.9285714285714286
145 146 -1.3571428571428572
145 155 1.3571428571428572
145 156 1.7857142857142858
145 185 -2.0
145 194 1.3571428571428572
145 239 -0.9285714285714286
145 249 1.7857142857142858
146 156 -1.7857142857142858
146 157 -1.7857142857142858
146 310 0.9285714285714286
146 355 1.7857142857142858
146 365 -0.5714285714285714
147 319 0.9285714285714286
147 329 0.5714285714285714
147 374 2.0
147 383 0.9285714285714286
148 149 -2.0
148 507 -1.3571428571428572
148 549 -1.7857142857142858
148 560 1.7857142857142858
149 150 -1.3571428571428572
149 592 2.0
149 601 -1.3571428571428572
149 629 -0.5714285714285714
150 151 2.0
150 666 -1.3571428571428572
150 673 -1.3571428571428572
150 699 0.5714285714285714
150 711 -2.0
151 152 -0.5714285714285714
151 743 1.3571428571428572
151 787 -1.3571428571428572
151 799 -1.7857142857142858
152 153 -2.0
152 830 -0.9285714285714286
152 842 0.9285714285714286
152 881 -2.0
153 154 1.3571428571428572
153 916 0.5714285714285714
153 927 -2.0
153 959 0.5714285714285714
153 970 1.3571428571428572
154 155 -1.3571428571428572
155 156 -0.5714285714285714
155 185 2.0
155 194 1.3571428571428572
156 157 -0.9285714285714286
156 239 -0.5714285714285714
156 249 1.7857142857142858
156 310 -1.3571428571428572
157 355 -1.3571428571428572
157 365 0.5714285714285714
157 408 -1.3571428571428572
157 418 -0.5714285714285714
158 159 1.7857142857142858
158 169 -1.7857142857142858
158 251 0.5714285714285714
158 262 -1.7857142857142858
158 312 1.7857142857142858
158 320 0.5714285714285714
159 160 0.5714285714285714
159 169 -2.0
159 170 1.3571428571428572
159 375 2.0
159 427 1.7857142857142858
160 161 -1.7857142857142858
160 170 0.9285714285714286
160 171 0.5714285714285714
160 458 -0.5714285714285714
160 468 0.5714285714285714
160 499 1.7857142857142858
161 162 -1.7857142857142858
161 171 1.7857142857142858
161 172 1.3571428571428572
161 539 -0.5714285714285714
161 582 -1.7857142857142858
162 163 -1.3571428571428572
162 622 -2.0
162 667 0.5714285714285714
163 164 0.9285714285714286
163 173 -1.3571428571428572
163 692 0.5714285714285714
163 700 0.5714285714285714
163 734 -2.0
163 744 0.9285714285714286
164 165 0.5714285714285714
164 173 -2.0
164 788 -1.3571428571428572
164 822 0.9285714285714286
164 831 -1.7857142857142858
165 166 1.3571428571428572
165 174 -1.7857142857142858
165 862 0.9285714285714286
165 870 -2.0
165 906 0.9285714285714286
165 917 -2.0
166 167 -1.3571428571428572
166 174 2.0
166 175 -0.9285714285714286
166 960 -0.5714285714285714
167 175 -1.3571428571428572
168 176 0.5714285714285714
168 293 -1.3571428571428572
168 303 1.7857142857142858
168 348 1.3571428571428572
168 356 -2.0
169 170 1.7857142857142858
169 312 -1.3571428571428572
169 320 1.7857142857142858
169 375 1.3571428571428572
170 171 -1.7857142857142858
170 427 -2.0
170 458 -0.9285714285714286
170 468 -0.9285714285714286
171 172 -1.3571428571428572
171 499 1.3571428571428572
171 539 -1.7857142857142858
172 582 2.0
172 622 -0.5714285714285714
173 734 1.7857142857142858
173 744 0.5714285714285714
173 788 -2.0
174 175 1.7857142857142858
174 906 0.9285714285714286
174 917 -2.0
174 960 -2.0
176 231 -2.0
176 293 -0.5714285714285714
176 303 -2.0
177 186 0.9285714285714286
178 179 -2.0
178 187 -1.3571428571428572
178 188 0.9285714285714286
178 281 -0.9285714285714286
178 336 -1.3571428571428572
178 344 0.9285714285714286
179 180 0.5714285714285714
179 188 0.9285714285714286
179 189 -2.0
179 392 2.0
179 444 -0.9285714285714286
179 454 1.3571428571428572
180 181 -0.5714285714285714
180 189 1.7857142857142858
180 190 -0.5714285714285714
180 487 0.9285714285714286
180 497 -1.3571428571428572
180 526 1.7857142857142858
180 535 2.0
181 190 -0.9285714285714286
181 579 0.9285714285714286
181 612 -0.9285714285714286
181 619 -2.0
182 183 0.5714285714285714
182 191 -2.0
182 721 -0.9285714285714286
182 763 -1.3571428571428572
182 774 0.9285714285714286
183 191 -0.5714285714285714
183 809 1.3571428571428572
183 819 0.9285714285714286
183 860 -1.7857142857142858
184 185 -1.3571428571428572
184 192 1.7857142857142858
184 193 -0.9285714285714286
184 988 -0.5714285714285714
185 193 -1.3571428571428572
185 194 -0.9285714285714286
186 187 1.3571428571428572
187 188 -1.7857142857142858
187 227 -0.5714285714285714
187 281 -2.0
188 189 -2.0
188 336 2.0
188 344 -0.5714285714285714
188 392 1.3571428571428572
189 190 0.5714285714285714
189 444 1.7857142857142858
189 454 -1.3571428571428572
189 487 -0.5714285714285714
189 497 -2.0
190 526 -2.0
190 535 2.0
190 579 -1.7857142857142858
191 763 -0.9285714285714286
191 774 -1.7857142857142858
191 809 -1.7857142857142858
191 819 -1.3571428571428572
192 193 -0.9285714285714286
192 938 1.3571428571428572
192 947 0.9285714285714286
192 988 0.9285714285714286
194 211 0.9285714285714286
195 204 2.0
195 272 -1.3571428571428572
195 329 -1.3571428571428572
196 205 -1.7857142857142858
196 478 -0.9285714285714286
197 198 0.5714285714285714
197 206 0.9285714285714286
197 673 0.5714285714285714
198 199 0.9285714285714286
198 207 -2.0
198 711 1.3571428571428572
199 200 0.9285714285714286
199 207 1.7857142857142858
199 208 -1.3571428571428572
199 799 1.3571428571428572
199 842 0.5714285714285714
200 201 -1.3571428571428572
200 209 0.9285714285714286
200 881 -1.7857142857142858
200 927 -0.9285714285714286
201 202 -1.7857142857142858
201 209 -0.9285714285714286
201 210 0.5714285714285714
201 970 -1.7857142857142858
202 210 -2.0
202 211 -1.7857142857142858
203 212 2.0
203 213 1.7857142857142858
203 310 -2.0
203 365 -0.5714285714285714
204 205 1.7857142857142858
204 329 -2.0
204 383 -2.0
205 478 0.9285714285714286
206 601 0.9285714285714286
207 208 -0.5714285714285714
207 799 -2.0
208 209 -1.7857142857142858
208 842 -0.9285714285714286
208 881 1.3571428571428572
209 210 1.3571428571428572
209 927 1.3571428571428572
209 970 -0.5714285714285714
211 212 -0.5714285714285714
212 213 -0.9285714285714286
212 249 -1.3571428571428572
212 310 1.3571428571428572
213 365 0.9285714285714286
213 418 2.0
214 215 -0.5714285714285714
214 251 1.7857142857142858
214 263 0.9285714285714286
214 312 2.0
214 321 2.0
215 216 -0.5714285714285714
215 376 0.9285714285714286
215 428 1.7857142857142858
216 223 -2.0
216 458 2.0
216 469 0.5714285714285714
216 499 2.0
216 508 0.5714285714285714
217 218 -0.9285714285714286
217 224 0.5714285714285714
217 692 -1.3571428571428572
217 701 -2.0
217 734 -1.7857142857142858
217 745 -2.0
218 219 0.5714285714285714
218 789 0.9285714285714286
218 822 -0.9285714285714286
218 832 -2.0
219 220 1.7857142857142858
219 225 1.7857142857142858
219 862 2.0
219 871 -2.0
219 906 2.0
219 918 -2.0
220 221 0.5714285714285714
220 225 1.7857142857142858
220 226 -0.5714285714285714
221 226 2.0
221 227 -0.9285714285714286
222 229 -0.5714285714285714
222 293 1.7857142857142858
222 348 1.7857142857142858
222 357 1.7857142857142858
223 499 -1.3571428571428572
223 508 -2.0
223 539 -1.3571428571428572
223 550 1.3571428571428572
224 734 -1.7857142857142858
224 745 -2.0
224 789 0.9285714285714286
225 226 2.0
225 906 -0.9285714285714286
225 918 1.3571428571428572
226 227 -1.3571428571428572
227 228 0.9285714285714286
228 229 1.7857142857142858
228 231 -0.9285714285714286
228 293 -2.0
229 348 1.3571428571428572
229 357 -0.5714285714285714
229 401 -1.3571428571428572
229 409 -2.0
230 231 -0.5714285714285714
231 232 2.0
231 240 -1.3571428571428572
232 233 -2.0
232 240 1.3571428571428572
232 241 -0.9285714285714286
232 281 -1.3571428571428572
232 290 -1.7857142857142858
232 336 -0.5714285714285714
232 345 1.3571428571428572
233 234 -0.9285714285714286
233 241 -2.0
233 242 0.5714285714285714
233 392 -1.7857142857142858
233 444 0.5714285714285714
233 455 1.7857142857142858
234 235 2.0
234 242 1.3571428571428572
234 243 1.7857142857142858
234 487 -1.7857142857142858
234 526 -1.7857142857142858
234 536 -0.5714285714285714
235 236 -1.7857142857142858
235 243 -0.5714285714285714
235 244 -1.3571428571428572
235 580 1.7857142857142858
235 612 0.9285714285714286
235 620 -1.7857142857142858
236 244 0.5714285714285714
236 245 -1.7857142857142858
236 647 0.9285714285714286
236 657 2.0
236 689 0.9285714285714286
237 238 -2.0
237 246 0.9285714285714286
237 820 1.3571428571428572
238 247 0.9285714285714286
238 892 -0.5714285714285714
238 904 1.3571428571428572
238 938 -1.3571428571428572
238 948 0.9285714285714286
239 248 2.0
239 249 -0.9285714285714286
240 241 -1.3571428571428572
240 281 2.0
240 290 -1.7857142857142858
241 242 1.3571428571428572
241 336 1.3571428571428572
241 345 1.7857142857142858
241 392 0.5714285714285714
242 243 1.3571428571428572
242 444 1.3571428571428572
242 455 0.5714285714285714
242 487 -0.5714285714285714
243 244 -0.9285714285714286
243 526 0.5714285714285714
243 536 2.0
243 580 -0.9285714285714286
244 245 -2.0
244 612 -1.3571428571428572
244 620 1.7857142857142858
244 647 0.9285714285714286
244 657 -1.3571428571428572
245 246 -1.3571428571428572
245 721 0.5714285714285714
245 731 -0.5714285714285714
246 763 -0.5714285714285714
246 775 -1.7857142857142858
246 809 1.3571428571428572
246 820 2.0
247 248 -2.0
247 938 1.3571428571428572
247 948 1.3571428571428572
247 989 0.9285714285714286
248 249 1.7857142857142858
250 251 1.7857142857142858
250 262 -0.5714285714285714
251 252 0.5714285714285714
251 263 0.9285714285714286
252 253 2.0
252 263 -0.9285714285714286
252 264 -2.0
252 330 -1.7857142857142858
253 254 -1.3571428571428572
253 264 -0.9285714285714286
253 265 1.3571428571428572
253 436 0.5714285714285714
254 255 0.5714285714285714
254 265 2.0
254 266 2.0
254 479 -2.0
254 517 -2.0
255 256 1.7857142857142858
255 266 1.7857142857142858
255 267 0.9285714285714286
255 602 0.9285714285714286
256 257 0.5714285714285714
256 267 -1.3571428571428572
256 268 0.9285714285714286
256 637 0.9285714285714286
256 674 -1.3571428571428572
257 258 -1.3571428571428572
257 268 -2.0
257 712 0.5714285714285714
257 753 1.3571428571428572
258 259 -1.3571428571428572
258 269 1.7857142857142858
258 800 -1.3571428571428572
258 843 -1.7857142857142858
259 260 -2.0
259 269 1.3571428571428572
259 270 -0.9285714285714286
259 882 -1.7857142857142858
259 928 0.5714285714285714
260 261 0.5714285714285714
260 270 -1.7857142857142858
260 271 0.9285714285714286
260 971 0.5714285714285714
261 271 -2.0
261 272 0.5714285714285714
262 263 2.0
263 264 2.0
263 273 -1.7857142857142858
264 265 -2.0
264 330 2.0
265 266 -0.9285714285714286
265 436 0.5714285714285714
265 479 0.9285714285714286
266 267 0.9285714285714286
266 517 1.3571428571428572
267 268 0.5714285714285714
267 602 -1.3571428571428572
267 637 -0.5714285714285714
268 674 2.0
268 712 0.9285714285714286
269 270 2.0
269 843 -2.0
269 882 1.7857142857142858
270 271 2.0
270 928 -1.3571428571428572
270 971 0.9285714285714286
271 272 1.3571428571428572
273 274 0.9285714285714286
273 283 -1.3571428571428572
273 313 1.7857142857142858
273 321 -0.5714285714285714
274 275 -1.3571428571428572
274 283 -1.3571428571428572
274 376 -2.0
274 420 -0.5714285714285714
274 428 0.9285714285714286
275 284 -1.7857142857142858
275 285 2.0
275 459 -0.9285714285714286
275 469 -0.9285714285714286
275 500 -2.0
275 508 2.0
276 285 -1.7857142857142858
276 286 -1.7857142857142858
276 540 1.7857142857142858
276 550 2.0
276 583 1.7857142857142858
276 593 2.0
277 278 -1.3571428571428572
277 701 1.3571428571428572
277 735 0.9285714285714286
277 745 2.0
278 279 -0.9285714285714286
278 287 -1.3571428571428572
278 778 1.7857142857142858
278 789 0.9285714285714286
278 832 2.0
279 280 1.3571428571428572
279 287 1.7857142857142858
279 863 0.5714285714285714
279 871 1.3571428571428572
279 907 -1.7857142857142858
279 918 1.3571428571428572
280 288 2.0
280 951 -1.7857142857142858
281 282 2.0
281 289 1.7857142857142858
281 290 -1.7857142857142858
282 290 -2.0
282 291 -1.3571428571428572
282 294 0.5714285714285714
282 349 1.3571428571428572
282 357 1.3571428571428572
283 284 2.0
283 321 1.3571428571428572
283 376 -0.9285714285714286
284 285 -0.9285714285714286
284 420 -0.9285714285714286
284 428 0.9285714285714286
284 459 2.0
284 469 2.0
285 286 1.3571428571428572
285 500 1.3571428571428572
285 508 1.3571428571428572
285 540 1.7857142857142858
285 550 -1.7857142857142858
286 583 2.0
286 593 -1.7857142857142858
287 832 2.0
287 863 -0.9285714285714286
287 871 0.9285714285714286
288 289 2.0
289 290 -2.0
290 291 2.0
290 294 -1.3571428571428572
291 349 -0.5714285714285714
291 357 -0.9285714285714286
291 409 -2.0
292 293 1.3571428571428572
292 303 -1.7857142857142858
293 294 -1.3571428571428572
293 303 -1.7857142857142858
294 295 1.7857142857142858
294 304 -0.5714285714285714
294 337 0.9285714285714286
294 345 -1.3571428571428572
295 296 -1.3571428571428572
295 304 0.5714285714285714
295 393 -2.0
295 445 1.7857142857142858
295 455 -2.0
296 297 -1.3571428571428572
296 305 -1.3571428571428572
296 488 2.0
296 527 -0.9285714285714286
296 536 0.9285714285714286
297 298 0.5714285714285714
297 305 -2.0
297 306 0.5714285714285714
297 570 -2.0
297 580 0.5714285714285714
297 620 -0.9285714285714286
298 299 -0.9285714285714286
298 306 -1.7857142857142858
298 307 -1.3571428571428572
298 648 -1.3571428571428572
298 657 0.5714285714285714
299 300 -0.9285714285714286
299 307 1.7857142857142858
299 722 1.7857142857142858
299 731 1.7857142857142858
299 764 0.5714285714285714
299 775 0.9285714285714286
300 301 -0.5714285714285714
300 810 1.7857142857142858
300 820 0.9285714285714286
300 852 -2.0
301 302 -0.5714285714285714
301 308 2.0
301 893 2.0
301 904 0.5714285714285714
301 939 0.9285714285714286
301 948 -0.9285714285714286
302 308 -1.3571428571428572
302 309 2.0
302 989 -2.0
304 337 -1.7857142857142858
304 345 1.3571428571428572
304 393 -0.5714285714285714
305 306 1.7857142857142858
305 527 -0.5714285714285714
305 536 -1.7857142857142858
305 570 -0.5714285714285714
305 580 0.5714285714285714
306 307 -1.3571428571428572
306 620 -2.0
306 648 0.5714285714285714
306 657 -0.9285714285714286
307 689 1.7857142857142858
307 722 -1.7857142857142858
307 731 -2.0
308 309 2.0
308 939 -1.7857142857142858
308 948 2.0
308 989 -1.7857142857142858
309 310 0.5714285714285714
311 312 -1.3571428571428572
311 320 -0.9285714285714286
312 313 0.5714285714285714
312 321 1.3571428571428572
313 314 1.7857142857142858
313 321 1.3571428571428572
313 322 -1.3571428571428572
313 330 1.3571428571428572
313 338 -0.5714285714285714
314 322 -0.5714285714285714
314 323 1.3571428571428572
314 436 -2.0
314 446 1.3571428571428572
315 316 2.0
315 326 -1.3571428571428572
315 712 -2.0
315 723 -1.3571428571428572
315 753 -0.9285714285714286
315 765 -2.0
316 317 -0.5714285714285714
316 327 0.5714285714285714
316 800 -1.3571428571428572
316 811 1.3571428571428572
316 843 -2.0
317 318 -2.0
317 327 2.0
317 882 1.3571428571428572
317 894 -0.5714285714285714
317 928 0.5714285714285714
317 940 -0.9285714285714286
318 319 1.3571428571428572
318 328 -2.0
318 971 -0.9285714285714286
319 328 1.7857142857142858
319 329 -1.3571428571428572
320 321 -0.5714285714285714
321 322 -1.7857142857142858
322 323 -0.9285714285714286
322 330 -1.7857142857142858
322 338 0.9285714285714286
323 324 -1.7857142857142858
323 436 1.3571428571428572
323 446 1.3571428571428572
323 479 1.3571428571428572
323 489 -1.3571428571428572
324 325 0.9285714285714286
324 517 0.9285714285714286
324 528 0.9285714285714286
325 326 1.3571428571428572
325 602 -1.3571428571428572
325 613 1.7857142857142858
325 637 0.9285714285714286
325 649 0.9285714285714286
326 674 0.9285714285714286
326 712 -1.7857142857142858
326 723 0.5714285714285714
327 843 2.0
327 882 2.0
327 894 -2.0
328 329 1.3571428571428572
330 331 -0.5714285714285714
330 338 -1.3571428571428572
331 338 1.7857142857142858
331 339 -2.0
331 377 -0.9285714285714286
331 420 0.9285714285714286
331 429 1.3571428571428572
332 341 -0.9285714285714286
332 702 -2.0
332 735 -1.7857142857142858
332 746 -1.7857142857142858
333 334 1.7857142857142858
333 342 2.0
333 872 0.5714285714285714
333 907 1.7857142857142858
333 919 0.5714285714285714
334 335 1.3571428571428572
334 342 -1.7857142857142858
334 343 -2.0
334 951 -0.9285714285714286
334 961 -2.0
335 336 -0.9285714285714286
335 343 -1.7857142857142858
335 344 -1.7857142857142858
336 337 -0.9285714285714286
336 344 -1.3571428571428572
336 345 -0.5714285714285714
337 345 -2.0
337 346 1.7857142857142858
337 349 0.5714285714285714
337 358 2.0
338 339 1.7857142857142858
338 377 -0.5714285714285714
339 420 -0.5714285714285714
339 429 -0.5714285714285714
339 459 2.0
339 470 -1.7857142857142858
340 583 -2.0
341 735 -0.5714285714285714
341 746 1.7857142857142858
341 778 1.3571428571428572
341 790 -1.3571428571428572
342 343 -2.0
342 907 -1.7857142857142858
342 919 1.7857142857142858
342 951 -2.0
342 961 -1.3571428571428572
343 344 -0.5714285714285714
344 345 -1.7857142857142858
345 346 -2.0
346 349 -0.9285714285714286
346 358 1.7857142857142858
346 410 -2.0
347 348 -0.5714285714285714
347 356 1.3571428571428572
348 349 1.7857142857142858
348 356 0.5714285714285714
348 357 -0.9285714285714286
349 350 2.0
349 357 -0.5714285714285714
349 358 -1.7857142857142858
350 358 -2.0
350 359 -1.3571428571428572
350 445 1.7857142857142858
350 456 -0.9285714285714286
351 360 1.7857142857142858
351 361 2.0
351 570 0.9285714285714286
351 621 -2.0
352 353 0.5714285714285714
352 362 0.9285714285714286
352 722 -0.9285714285714286
352 732 2.0
352 764 0.9285714285714286
352 776 -0.9285714285714286
353 362 2.0
353 363 -0.5714285714285714
353 852 1.3571428571428572
353 861 2.0
354 355 -2.0
354 364 0.5714285714285714
355 365 -2.0
356 357 -0.9285714285714286
357 358 -0.9285714285714286
358 359 -2.0
358 393 2.0
359 360 -0.9285714285714286
359 445 0.5714285714285714
359 456 -1.3571428571428572
359 488 -0.9285714285714286
360 361 -1.7857142857142858
360 527 -1.3571428571428572
360 537 1.3571428571428572
360 570 2.0
361 621 -0.9285714285714286
361 648 2.0
361 658 -2.0
362 363 -1.7857142857142858
362 764 -0.5714285714285714
362 776 -1.7857142857142858
362 810 -0.9285714285714286
363 364 0.9285714285714286
363 852 2.0
363 861 -1.7857142857142858
363 893 -0.9285714285714286
363 905 1.3571428571428572
364 949 1.3571428571428572
366 375 1.3571428571428572
367 368 -2.0
367 377 0.5714285714285714
367 378 1.7857142857142858
367 384 2.0
367 437 -1.3571428571428572
367 446 -2.0
368 369 0.5714285714285714
368 378 1.3571428571428572
368 489 -1.3571428571428572
368 528 -2.0
369 370 1.7857142857142858
369 379 -1.7857142857142858
369 561 -1.3571428571428572
369 603 -0.5714285714285714
369 613 1.3571428571428572
370 371 -2.0
370 379 0.9285714285714286
370 638 2.0
370 649 -1.7857142857142858
370 675 -1.3571428571428572
371 713 -2.0
371 723 1.7857142857142858
371 754 2.0
371 765 2.0
372 373 -1.7857142857142858
372 380 0.9285714285714286
372 381 -0.5714285714285714
372 883 -1.7857142857142858
372 929 2.0
372 940 0.9285714285714286
373 374 2.0
373 381 1.7857142857142858
373 382 -1.3571428571428572
374 382 0.9285714285714286
374 383 1.3571428571428572
375 376 1.7857142857142858
376 377 -1.7857142857142858
377 378 -1.7857142857142858
377 384 -1.7857142857142858
378 437 -0.9285714285714286
378 446 0.9285714285714286
378 489 1.3571428571428572
379 603 -1.3571428571428572
379 613 1.7857142857142858
379 638 -0.9285714285714286
379 649 1.3571428571428572
380 381 1.3571428571428572
380 894 -1.7857142857142858
381 382 2.0
381 929 2.0
381 940 -0.5714285714285714
382 383 2.0
384 385 2.0
384 429 0.9285714285714286
385 386 0.5714285714285714
385 394 2.0
385 395 2.0
385 460 0.5714285714285714
385 470 2.0
385 501 -0.9285714285714286
385 509 2.0
386 387 1.3571428571428572
386 395 2.0
386 396 -1.3571428571428572
386 541 1.3571428571428572
386 551 -0.5714285714285714
386 584 -0.5714285714285714
387 388 0.9285714285714286
387 396 2.0
387 623 -0.5714285714285714
387 659 -2.0
388 397 -1.7857142857142858
388 693 2.0
388 702 -1.7857142857142858
389 390 -0.5714285714285714
389 398 2.0
389 864 -0.9285714285714286
389 872 1.7857142857142858
389 908 -0.5714285714285714
389 919 -1.3571428571428572
390 391 1.7857142857142858
390 398 0.9285714285714286
390 399 0.5714285714285714
390 952 0.5714285714285714
390 961 0.9285714285714286
391 392 -2.0
391 399 0.5714285714285714
392 393 -0.9285714285714286
394 395 1.3571428571428572
394 421 -0.9285714285714286
394 429 -1.3571428571428572
394 460 1.3571428571428572
394 470 -0.5714285714285714
395 501 -1.3571428571428572
395 509 0.9285714285714286
395 541 -0.5714285714285714
395 551 0.9285714285714286
396 584 0.9285714285714286
396 623 -2.0
397 736 0.9285714285714286
397 790 0.5714285714285714
398 399 0.5714285714285714
398 908 -1.3571428571428572
398 919 -1.3571428571428572
398 952 0.5714285714285714
398 961 1.3571428571428572
400 401 -2.0
401 409 -0.5714285714285714
402 410 0.9285714285714286
402 411 0.5714285714285714
402 456 2.0
403 404 -0.5714285714285714
403 412 -0.9285714285714286
403 621 -0.5714285714285714
404 405 2.0
404 412 1.7857142857142858
404 413 -0.5714285714285714
404 658 -0.9285714285714286
404 690 0.5714285714285714
405 406 1.7857142857142858
405 413 -0.9285714285714286
405 414 1.3571428571428572
405 732 2.0
405 776 -1.3571428571428572
406 414 1.7857142857142858
406 415 -1.7857142857142858
406 861 -1.7857142857142858
407 408 -2.0
407 416 1.3571428571428572
407 417 1.3571428571428572
408 417 -0.5714285714285714
408 418 1.3571428571428572
409 410 -2.0
410 411 0.9285714285714286
411 456 -2.0
412 413 0.5714285714285714
412 621 -0.5714285714285714
412 658 -1.7857142857142858
413 414 -1.3571428571428572
413 690 0.5714285714285714
413 732 -0.5714285714285714
414 415 -1.7857142857142858
414 776 0.5714285714285714
415 416 -2.0
415 861 0.5714285714285714
415 905 1.7857142857142858
416 417 0.9285714285714286
416 949 -1.7857142857142858
417 418 -0.9285714285714286
419 427 1.3571428571428572
420 421 0.9285714285714286
420 428 -2.0
421 422 1.7857142857142858
421 429 -0.5714285714285714
421 430 0.5714285714285714
421 437 -2.0
421 447 1.7857142857142858
422 430 -0.9285714285714286
422 431 -0.9285714285714286
422 490 -1.7857142857142858
422 518 -1.3571428571428572
422 529 -0.9285714285714286
423 432 -2.0
423 433 -1.7857142857142858
423 638 -0.5714285714285714
423 650 -1.7857142857142858
423 675 -0.9285714285714286
424 425 0.5714285714285714
424 435 1.3571428571428572
424 883 1.7857142857142858
424 895 -2.0
424 929 -0.9285714285714286
424 941 1.3571428571428572
425 426 -1.7857142857142858
425 435 2.0
425 980 0.5714285714285714
427 428 2.0
428 429 -1.3571428571428572
429 430 0.9285714285714286
430 431 -0.9285714285714286
430 437 -1.7857142857142858
430 447 1.3571428571428572
430 490 -0.5714285714285714
431 432 -0.5714285714285714
431 518 -0.9285714285714286
431 529 -1.3571428571428572
431 561 -2.0
431 571 -0.5714285714285714
432 433 -1.7857142857142858
432 603 1.3571428571428572
432 614 1.7857142857142858
432 638 2.0
432 650 -1.3571428571428572
433 434 1.3571428571428572
433 675 0.5714285714285714
433 713 1.7857142857142858
433 724 1.7857142857142858
434 754 2.0
434 766 -1.7857142857142858
434 801 -0.5714285714285714
434 812 -1.3571428571428572
435 929 -0.9285714285714286
435 941 0.9285714285714286
435 980 0.5714285714285714
436 437 -0.5714285714285714
436 446 -0.5714285714285714
437 438 1.7857142857142858
437 446 1.3571428571428572
437 447 0.5714285714285714
438 439 -1.3571428571428572
438 447 -0.9285714285714286
438 448 -2.0
438 460 -1.7857142857142858
438 471 0.9285714285714286
438 501 1.7857142857142858
438 510 -0.9285714285714286
439 440 -0.9285714285714286
439 448 -1.7857142857142858
439 449 0.9285714285714286
439 541 0.9285714285714286
439 552 -0.9285714285714286
439 584 2.0
439 594 2.0
440 441 -0.9285714285714286
440 449 -2.0
440 450 -0.9285714285714286
440 623 -1.7857142857142858
440 630 1.7857142857142858
440 659 -0.9285714285714286
440 668 -0.9285714285714286
441 442 2.0
441 450 1.3571428571428572
441 451 1.7857142857142858
441 703 -1.3571428571428572
441 736 1.3571428571428572
441 747 -1.3571428571428572
442 443 2.0
442 779 1.7857142857142858
442 791 -1.7857142857142858
442 823 -1.3571428571428572
442 834 0.5714285714285714
443 452 0.9285714285714286
443 864 0.5714285714285714
443 873 -2.0
443 908 0.9285714285714286
443 920 0.9285714285714286
444 445 -2.0
444 454 -0.5714285714285714
444 455 -2.0
445 455 -0.9285714285714286
445 456 -2.0
446 447 -1.3571428571428572
447 448 -0.9285714285714286
447 460 0.5714285714285714
447 471 -0.5714285714285714
448 449 0.9285714285714286
448 501 2.0
448 510 -1.7857142857142858
448 541 -2.0
448 552 1.3571428571428572
449 450 0.5714285714285714
449 584 -1.7857142857142858
449 594 -0.5714285714285714
449 623 -0.9285714285714286
449 630 1.3571428571428572
450 451 0.9285714285714286
450 659 -1.7857142857142858
450 668 2.0
450 693 -1.3571428571428572
450 703 1.3571428571428572
451 736 1.3571428571428572
451 747 0.5714285714285714
452 453 1.3571428571428572
452 908 0.5714285714285714
452 920 -1.7857142857142858
452 952 0.5714285714285714
452 962 0.5714285714285714
453 454 0.9285714285714286
454 455 1.3571428571428572
455 456 0.9285714285714286
457 458 -2.0
457 468 -1.3571428571428572
458 459 2.0
458 468 2.0
458 469 -0.5714285714285714
459 460 1.3571428571428572
459 469 -0.5714285714285714
459 470 1.7857142857142858
460 461 -1.3571428571428572
460 470 -1.3571428571428572
460 471 -0.9285714285714286
461 462 1.7857142857142858
461 471 -1.3571428571428572
461 472 -1.3571428571428572
461 480 2.0
461 490 -1.3571428571428572
461 519 -1.3571428571428572
461 529 -0.5714285714285714
462 472 1.7857142857142858
462 562 -0.9285714285714286
462 571 1.3571428571428572
462 604 0.9285714285714286
462 614 -1.7857142857142858
463 464 -0.9285714285714286
463 474 -1.3571428571428572
463 475 0.5714285714285714
463 714 -0.5714285714285714
463 724 0.5714285714285714
463 755 -1.7857142857142858
463 766 0.5714285714285714
464 465 2.0
464 475 0.9285714285714286
464 476 1.3571428571428572
464 802 2.0
464 812 1.7857142857142858
464 844 -2.0
464 853 -1.7857142857142858
465 466 0.5714285714285714
465 476 0.5714285714285714
465 884 -0.9285714285714286
465 895 1.7857142857142858
465 930 1.3571428571428572
465 941 1.7857142857142858
466 467 -2.0
466 477 1.7857142857142858
466 972 2.0
466 980 2.0
467 477 1.3571428571428572
467 478 2.0
468 469 1.3571428571428572
469 470 -0.9285714285714286
470 471 1.3571428571428572
471 472 2.0
471 480 0.5714285714285714
471 490 1.3571428571428572
472 473 1.7857142857142858
472 519 -0.5714285714285714
472 529 -0.5714285714285714
472 562 2.0
472 571 0.9285714285714286
473 474 -0.9285714285714286
473 604 -0.5714285714285714
473 614 1.3571428571428572
473 639 -0.9285714285714286
473 650 -0.5714285714285714
474 475 2.0
474 676 1.3571428571428572
474 714 -1.3571428571428572
474 724 -0.9285714285714286
475 476 -2.0
475 755 -2.0
475 766 0.9285714285714286
475 802 0.5714285714285714
475 812 -2.0
476 844 -0.5714285714285714
476 853 0.9285714285714286
476 884 -1.7857142857142858
476 895 0.9285714285714286
477 478 1.7857142857142858
479 489 1.7857142857142858
480 481 1.7857142857142858
480 490 0.9285714285714286
480 491 -1.3571428571428572
480 510 0.9285714285714286
481 482 2.0
481 491 1.3571428571428572
481 492 -1.3571428571428572
481 542 1.7857142857142858
481 552 -1.3571428571428572
481 585 -0.9285714285714286
481 594 -0.9285714285714286
482 483 -1.3571428571428572
482 492 1.3571428571428572
482 624 -1.7857142857142858
482 630 2.0
482 660 0.5714285714285714
482 668 -1.7857142857142858
483 484 -1.3571428571428572
483 493 1.3571428571428572
483 703 0.9285714285714286
483 737 -1.3571428571428572
483 747 -0.5714285714285714
484 485 -2.0
484 493 -1.7857142857142858
484 494 1.3571428571428572
484 780 -1.7857142857142858
484 791 -0.9285714285714286
484 824 0.5714285714285714
484 834 0.9285714285714286
485 486 0.9285714285714286
485 494 1.3571428571428572
485 495 2.0
485 873 0.9285714285714286
485 909 -2.0
485 920 -0.5714285714285714
486 495 1.3571428571428572
486 496 -0.5714285714285714
486 953 -2.0
486 962 0.9285714285714286
487 488 -1.3571428571428572
487 497 -0.5714285714285714
489 490 0.5714285714285714
490 491 2.0
491 502 -1.7857142857142858
491 510 1.7857142857142858
491 542 -1.7857142857142858
491 552 1.7857142857142858
492 585 0.9285714285714286
492 594 -1.7857142857142858
492 624 0.5714285714285714
492 630 2.0
493 494 -0.5714285714285714
493 737 0.9285714285714286
493 780 1.7857142857142858
493 791 -1.7857142857142858
494 495 1.3571428571428572
494 824 2.0
494 834 0.5714285714285714
494 873 -0.5714285714285714
495 496 -0.9285714285714286
495 909 1.3571428571428572
495 920 0.9285714285714286
495 953 1.3571428571428572
495 962 1.3571428571428572
496 497 1.7857142857142858
498 499 -2.0
499 500 1.7857142857142858
499 508 0.5714285714285714
500 501 -0.9285714285714286
500 508 1.7857142857142858
500 509 -0.9285714285714286
501 502 -0.5714285714285714
501 509 1.7857142857142858
501 510 0.9285714285714286
502 503 -2.0
502 510 -1.3571428571428572
502 511 0.9285714285714286
502 519 -2.0
502 530 0.5714285714285714
503 504 1.3571428571428572
503 511 0.9285714285714286
503 512 -0.9285714285714286
503 562 1.3571428571428572
503 572 2.0
503 604 0.9285714285714286
503 615 -1.3571428571428572
504 512 0.5714285714285714
504 513 -0.9285714285714286
504 639 -1.3571428571428572
504 651 1.3571428571428572
504 676 -2.0
504 682 0.9285714285714286
505 506 0.9285714285714286
505 515 0.5714285714285714
505 516 -1.7857142857142858
505 884 -0.9285714285714286
505 896 -0.5714285714285714
505 930 2.0
505 942 1.3571428571428572
506 516 1.7857142857142858
506 972 -1.7857142857142858
506 981 2.0
508 509 -0.5714285714285714
509 510 -2.0
510 511 -0.9285714285714286
511 512 -2.0
511 519 -2.0
511 530 -0.5714285714285714
511 562 -2.0
511 572 0.5714285714285714
512 513 1.7857142857142858
512 604 1.3571428571428572
512 615 -2.0
512 639 -0.9285714285714286
512 651 -0.5714285714285714
513 514 -1.7857142857142858
513 676 0.5714285714285714
513 682 2.0
513 714 1.7857142857142858
513 725 -1.3571428571428572
514 515 -2.0
514 755 0.9285714285714286
514 767 0.9285714285714286
514 802 -0.9285714285714286
515 516 0.9285714285714286
515 844 2.0
515 854 -1.3571428571428572
515 884 -1.7857142857142858
515 896 -0.9285714285714286
516 930 1.7857142857142858
516 942 1.3571428571428572
516 972 1.3571428571428572
516 981 -0.5714285714285714
517 518 2.0
517 528 0.9285714285714286
518 519 2.0
518 528 -1.7857142857142858
518 529 2.0
519 520 -0.5714285714285714
519 529 0.9285714285714286
519 530 0.9285714285714286
520 521 -1.3571428571428572
520 530 -1.7857142857142858
520 531 -0.5714285714285714
520 542 -2.0
520 553 0.5714285714285714
520 585 -2.0
521 522 -1.3571428571428572
521 531 -0.9285714285714286
521 624 1.3571428571428572
521 631 1.7857142857142858
521 660 -1.7857142857142858
522 532 1.3571428571428572
522 704 0.9285714285714286
522 737 1.7857142857142858
522 748 0.9285714285714286
523 524 0.9285714285714286
523 533 -1.7857142857142858
523 874 0.5714285714285714
523 909 -2.0
523 921 -1.7857142857142858
524 525 -2.0
524 953 -0.5714285714285714
524 963 -2.0
525 526 -0.9285714285714286
525 535 0.5714285714285714
526 527 2.0
526 535 -0.5714285714285714
526 536 2.0
527 536 2.0
528 529 -1.3571428571428572
529 530 -1.3571428571428572
530 531 0.9285714285714286
530 542 -0.5714285714285714
530 553 -0.5714285714285714
531 585 -1.3571428571428572
531 624 1.3571428571428572
531 631 -0.5714285714285714
532 533 1.3571428571428572
532 737 0.5714285714285714
532 748 2.0
532 780 2.0
533 534 0.5714285714285714
533 824 0.9285714285714286
533 835 2.0
533 874 1.3571428571428572
534 909 -2.0
534 921 -1.7857142857142858
534 953 2.0
534 963 1.7857142857142858
535 536 -0.5714285714285714
536 537 -1.3571428571428572
538 539 0.9285714285714286
539 540 1.3571428571428572
539 550 -2.0
540 541 1.7857142857142858
540 550 0.9285714285714286
540 551 -0.9285714285714286
541 542 -0.9285714285714286
541 551 0.5714285714285714
541 552 -0.9285714285714286
542 543 -0.9285714285714286
542 552 0.5714285714285714
542 553 -0.9285714285714286
543 544 -1.7857142857142858
543 553 0.5714285714285714
543 554 1.7857142857142858
543 563 1.3571428571428572
543 572 -1.7857142857142858
543 605 1.3571428571428572
543 615 1.3571428571428572
544 545 -0.5714285714285714
544 554 -0.9285714285714286
544 555 0.9285714285714286
544 640 1.3571428571428572
544 677 2.0
544 682 1.7857142857142858
545 546 -0.9285714285714286
545 555 -1.3571428571428572
545 556 0.9285714285714286
545 756 -0.5714285714285714
545 767 -1.7857142857142858
546 547 0.9285714285714286
546 556 -2.0
546 557 1.7857142857142858
546 803 -1.3571428571428572
546 845 -0.5714285714285714
546 854 0.9285714285714286
547 548 2.0
547 557 -2.0
547 558 -2.0
547 885 1.7857142857142858
547 896 1.7857142857142858
547 931 2.0
547 942 0.5714285714285714
548 549 1.3571428571428572
548 558 -1.7857142857142858
548 559 -0.5714285714285714
548 973 -1.7857142857142858
548 981 -1.7857142857142858
549 559 -1.7857142857142858
549 560 1.7857142857142858
550 551 0.9285714285714286
551 552 -2.0
552 553 2.0
553 554 -0.9285714285714286
553 563 1.3571428571428572
553 572 1.3571428571428572
554 555 -1.3571428571428572
554 605 2.0
554 615 -1.3571428571428572
554 640 0.5714285714285714
554 651 1.3571428571428572
555 556 -1.7857142857142858
555 677 -1.3571428571428572
555 682 -2.0
555 725 1.3571428571428572
556 557 1.3571428571428572
556 756 -0.9285714285714286
556 767 1.3571428571428572
556 803 0.9285714285714286
557 558 -0.9285714285714286
557 845 1.3571428571428572
557 854 0.5714285714285714
557 885 -1.7857142857142858
557 896 -1.3571428571428572
558 559 0.9285714285714286
558 931 -1.3571428571428572
558 942 0.9285714285714286
558 973 1.7857142857142858
558 981 -1.7857142857142858
559 560 -1.7857142857142858
561 562 2.0
561 571 0.5714285714285714
562 563 0.5714285714285714
562 571 -1.7857142857142858
562 572 -1.3571428571428572
563 564 -0.9285714285714286
563 572 1.7857142857142858
563 573 -1.3571428571428572
563 586 -0.5714285714285714
564 565 -1.3571428571428572
564 573 0.9285714285714286
564 574 1.7857142857142858
564 625 -0.9285714285714286
564 631 -0.5714285714285714
564 661 1.7857142857142858
565 566 1.3571428571428572
565 574 -0.5714285714285714
565 575 -1.7857142857142858
565 704 0.9285714285714286
565 738 0.5714285714285714
565 748 -1.3571428571428572
566 567 2.0
566 575 2.0
566 576 -1.7857142857142858
566 781 1.7857142857142858
566 792 -0.9285714285714286
566 825 -2.0
566 835 -1.3571428571428572
567 568 1.3571428571428572
567 577 0.9285714285714286
567 865 0.9285714285714286
567 910 -0.5714285714285714
567 921 -1.7857142857142858
568 569 -0.5714285714285714
568 577 1.7857142857142858
568 578 -1.7857142857142858
568 954 1.7857142857142858
568 963 -1.7857142857142858
569 578 -0.9285714285714286
569 579 1.3571428571428572
570 580 -2.0
571 572 -0.5714285714285714
572 573 -2.0
573 574 1.7857142857142858
573 586 1.3571428571428572
573 625 -2.0
573 631 -0.5714285714285714
574 661 -0.5714285714285714
574 704 0.5714285714285714
575 576 0.9285714285714286
575 738 0.5714285714285714
575 748 -0.5714285714285714
575 781 2.0
575 792 -1.7857142857142858
576 577 -2.0
576 825 -0.9285714285714286
576 835 -0.5714285714285714
576 865 1.3571428571428572
576 874 -0.5714285714285714
577 578 -1.7857142857142858
577 910 -0.5714285714285714
577 921 -2.0
577 954 1.3571428571428572
577 963 2.0
578 579 0.9285714285714286
579 580 -2.0
581 582 0.5714285714285714
582 583 0.9285714285714286
582 593 2.0
583 584 1.7857142857142858
583 593 -2.0
584 594 -0.9285714285714286
585 586 -0.5714285714285714
585 594 -1.3571428571428572
586 587 1.3571428571428572
586 595 -2.0
586 605 -1.3571428571428572
587 588 -1.7857142857142858
587 595 2.0
587 596 -1.7857142857142858
587 640 2.0
587 652 2.0
587 677 2.0
587 683 -0.9285714285714286
588 589 1.7857142857142858
588 596 0.9285714285714286
588 597 -1.3571428571428572
588 726 -0.9285714285714286
588 756 1.7857142857142858
588 768 -1.7857142857142858
589 590 -1.3571428571428572
589 597 1.7857142857142858
589 598 -1.3571428571428572
589 803 1.7857142857142858
589 813 1.3571428571428572
589 845 0.9285714285714286
589 855 2.0
590 591 0.9285714285714286
590 598 -1.3571428571428572
590 599 -0.5714285714285714
590 885 0.9285714285714286
590 897 1.7857142857142858
590 931 0.9285714285714286
590 943 1.3571428571428572
591 592 -2.0
591 599 -1.7857142857142858
591 600 0.9285714285714286
591 973 -0.5714285714285714
591 982 2.0
592 601 1.7857142857142858
595 596 1.3571428571428572
595 605 2.0
595 652 -0.5714285714285714
596 597 1.3571428571428572
596 726 -1.3571428571428572
597 598 0.9285714285714286
597 756 0.9285714285714286
597 768 -2.0
597 803 1.3571428571428572
597 813 -2.0
598 599 0.5714285714285714
598 845 -1.3571428571428572
598 855 2.0
598 885 2.0
598 897 0.9285714285714286
599 600 0.9285714285714286
599 931 -0.5714285714285714
599 943 -1.7857142857142858
599 973 -1.3571428571428572
599 982 -1.3571428571428572
600 601 -0.5714285714285714
602 613 -2.0
603 604 -1.7857142857142858
603 613 2.0
603 614 1.7857142857142858
604 605 -2.0
604 614 2.0
604 615 0.5714285714285714
605 606 -0.5714285714285714
605 615 -2.0
606 607 -1.3571428571428572
606 625 2.0
606 632 -1.7857142857142858
606 661 1.3571428571428572
607 608 -1.7857142857142858
607 616 2.0
607 705 0.5714285714285714
607 738 -1.7857142857142858
608 609 2.0
608 616 -0.9285714285714286
608 617 -1.3571428571428572
608 781 -2.0
608 793 -1.3571428571428572
608 825 -0.9285714285714286
608 836 -2.0
609 610 -2.0
609 617 0.9285714285714286
609 618 -1.3571428571428572
609 865 -1.3571428571428572
609 875 -0.5714285714285714
609 910 1.7857142857142858
609 922 1.3571428571428572
610 611 1.7857142857142858
610 618 -1.3571428571428572
610 954 -1.3571428571428572
610 964 -1.3571428571428572
611 612 1.3571428571428572
611 619 -1.7857142857142858
612 619 -1.7857142857142858
612 620 2.0
613 614 -1.7857142857142858
614 615 -1.7857142857142858
616 617 1.7857142857142858
616 738 0.9285714285714286
616 781 2.0
616 793 -2.0
617 618 -1.3571428571428572
617 825 1.7857142857142858
617 836 -1.7857142857142858
617 865 -1.3571428571428572
617 875 0.9285714285714286
618 910 -1.7857142857142858
618 922 -0.5714285714285714
618 954 1.3571428571428572
618 964 0.9285714285714286
619 620 -0.9285714285714286
620 621 0.5714285714285714
623 624 -2.0
623 630 2.0
624 625 0.5714285714285714
624 630 -1.3571428571428572
624 631 -1.7857142857142858
625 631 -0.5714285714285714
625 632 -1.7857142857142858
626 627 2.0
626 633 -0.5714285714285714
626 634 -1.3571428571428572
626 715 0.5714285714285714
626 726 0.9285714285714286
626 757 -1.7857142857142858
626 768 1.7857142857142858
627 634 1.7857142857142858
627 813 -2.0
627 846 -0.9285714285714286
627 855 -0.5714285714285714
628 629 0.9285714285714286
628 635 -0.5714285714285714
628 636 -1.7857142857142858
628 974 0.9285714285714286
628 982 -1.3571428571428572
629 636 -0.9285714285714286
630 631 -1.7857142857142858
631 632 -1.7857142857142858
632 633 1.3571428571428572
632 641 -1.7857142857142858
632 652 -1.3571428571428572
633 634 1.3571428571428572
633 683 -0.9285714285714286
633 715 2.0
633 726 -2.0
634 757 -0.9285714285714286
634 768 -0.9285714285714286
634 804 0.5714285714285714
634 813 -1.7857142857142858
635 636 2.0
635 932 1.3571428571428572
635 943 2.0
635 974 -0.9285714285714286
635 982 -2.0
637 638 0.9285714285714286
637 649 -2.0
638 639 1.7857142857142858
638 649 -0.5714285714285714
638 650 -1.3571428571428572
639 640 1.3571428571428572
639 650 0.5714285714285714
639 651 0.5714285714285714
640 641 -0.9285714285714286
640 651 1.3571428571428572
640 652 1.7857142857142858
641 642 -1.7857142857142858
641 652 2.0
641 653 0.9285714285714286
641 662 -0.9285714285714286
642 653 -1.7857142857142858
642 654 -0.5714285714285714
642 694 -1.7857142857142858
642 705 -2.0
643 644 0.5714285714285714
643 654 0.9285714285714286
643 782 -1.7857142857142858
643 793 -2.0
643 826 -0.5714285714285714
643 836 -0.5714285714285714
644 645 0.9285714285714286
644 866 -2.0
644 875 0.9285714285714286
644 922 1.3571428571428572
645 646 -0.5714285714285714
645 655 -1.3571428571428572
645 955 -1.7857142857142858
645 964 0.9285714285714286
646 647 0.9285714285714286
646 655 -1.3571428571428572
646 656 -2.0
647 648 -1.3571428571428572
647 656 -0.9285714285714286
647 657 -2.0
648 657 -0.9285714285714286
648 658 2.0
649 650 0.9285714285714286
650 651 -0.5714285714285714
651 652 -0.5714285714285714
652 653 -2.0
653 654 -1.3571428571428572
653 662 1.7857142857142858
653 694 1.7857142857142858
653 705 2.0
654 782 -1.3571428571428572
654 793 1.3571428571428572
655 656 -1.7857142857142858
656 657 -1.3571428571428572
657 658 2.0
659 660 -0.5714285714285714
659 668 -1.7857142857142858
660 661 -0.5714285714285714
660 668 1.3571428571428572
661 662 0.5714285714285714
662 663 1.7857142857142858
662 669 0.9285714285714286
662 684 -0.9285714285714286
663 664 0.9285714285714286
663 669 -0.5714285714285714
663 670 -1.7857142857142858
663 715 2.0
663 727 0.9285714285714286
663 757 0.9285714285714286
663 769 -1.7857142857142858
664 665 -2.0
664 670 -0.5714285714285714
664 671 -1.3571428571428572
664 804 -2.0
664 814 2.0
664 846 -0.9285714285714286
664 856 2.0
665 671 0.5714285714285714
665 886 -1.3571428571428572
665 898 1.7857142857142858
665 932 -2.0
665 944 -1.7857142857142858
666 672 -0.9285714285714286
666 673 2.0
669 670 -0.5714285714285714
669 684 0.5714285714285714
669 715 -2.0
669 727 1.3571428571428572
670 671 1.3571428571428572
670 757 -0.9285714285714286
670 769 0.9285714285714286
670 804 0.5714285714285714
670 814 0.9285714285714286
671 846 1.3571428571428572
671 856 1.3571428571428572
671 886 -0.9285714285714286
671 898 0.9285714285714286
672 673 -0.9285714285714286
674 675 1.3571428571428572
675 676 1.7857142857142858
676 677 -2.0
676 682 -0.5714285714285714
677 682 2.0
677 683 -0.5714285714285714
678 679 -2.0
678 684 2.0
678 685 -0.9285714285714286
678 694 1.7857142857142858
678 706 -0.9285714285714286
679 680 0.5714285714285714
679 685 2.0
679 782 -2.0
679 794 -1.7857142857142858
679 826 0.9285714285714286
679 837 -0.9285714285714286
680 681 -0.5714285714285714
680 686 1.7857142857142858
680 687 2.0
680 876 -0.9285714285714286
680 911 -2.0
680 923 2.0
681 687 -0.9285714285714286
681 955 0.5714285714285714
681 965 -2.0
682 683 -1.7857142857142858
683 684 -0.9285714285714286
684 685 -2.0
684 694 0.9285714285714286
684 706 -1.3571428571428572
685 686 1.7857142857142858
685 782 2.0
685 794 -2.0
686 687 1.7857142857142858
686 826 0.5714285714285714
686 866 -0.9285714285714286
686 876 -2.0
687 911 0.9285714285714286
687 923 0.5714285714285714
687 955 0.5714285714285714
687 965 1.7857142857142858
688 689 2.0
689 690 0.9285714285714286
691 692 0.9285714285714286
691 700 -0.5714285714285714
692 700 2.0
692 701 -1.3571428571428572
693 702 1.3571428571428572
693 703 2.0
694 695 1.7857142857142858
694 705 -0.9285714285714286
694 706 -0.5714285714285714
695 696 0.5714285714285714
695 706 1.3571428571428572
695 707 0.9285714285714286
695 716 -2.0
695 727 0.5714285714285714
695 758 -0.9285714285714286
695 769 -1.3571428571428572
696 697 1.7857142857142858
696 707 2.0
696 708 0.9285714285714286
696 805 0.9285714285714286
696 814 -1.3571428571428572
696 847 -1.7857142857142858
696 856 -1.7857142857142858
697 698 -0.9285714285714286
697 708 1.3571428571428572
697 709 -0.5714285714285714
697 887 1.7857142857142858
697 898 1.7857142857142858
697 933 2.0
697 944 1.7857142857142858
698 699 -1.3571428571428572
698 709 0.9285714285714286
698 710 -2.0
698 975 1.3571428571428572
698 983 -1.3571428571428572
699 710 2.0
699 711 2.0
700 701 1.3571428571428572
701 702 -2.0
702 703 -1.7857142857142858
703 704 2.0
704 705 -0.5714285714285714
705 706 -2.0
706 707 -0.9285714285714286
706 716 -1.3571428571428572
706 727 -0.5714285714285714
707 708 1.3571428571428572
707 758 2.0
707 769 0.9285714285714286
707 805 0.5714285714285714
707 814 -2.0
708 709 1.7857142857142858
708 847 -0.9285714285714286
708 856 -0.9285714285714286
708 887 -2.0
708 898 -0.9285714285714286
709 710 1.3571428571428572
709 933 1.3571428571428572
709 944 1.3571428571428572
709 975 1.7857142857142858
709 983 1.3571428571428572
710 711 0.5714285714285714
712 713 0.5714285714285714
712 723 2.0
713 714 1.3571428571428572
713 723 -1.3571428571428572
713 724 2.0
714 724 0.5714285714285714
714 725 1.7857142857142858
715 716 -1.3571428571428572
715 726 0.9285714285714286
715 727 -0.9285714285714286
716 717 -0.5714285714285714
716 727 1.3571428571428572
716 728 -1.7857142857142858
716 739 -0.5714285714285714
717 718 -1.3571428571428572
717 728 -1.3571428571428572
717 729 1.7857142857142858
717 783 1.7857142857142858
717 794 1.7857142857142858
717 827 1.3571428571428572
717 837 -0.9285714285714286
718 719 1.3571428571428572
718 729 -2.0
718 730 -0.9285714285714286
718 867 1.3571428571428572
718 876 0.5714285714285714
718 912 -2.0
718 923 0.9285714285714286
719 720 0.9285714285714286
719 730 0.5714285714285714
719 956 -1.3571428571428572
719 965 2.0
720 721 -0.9285714285714286
721 722 -1.7857142857142858
721 731 -0.5714285714285714
722 731 -0.9285714285714286
722 732 1.7857142857142858
723 724 2.0
724 725 -0.9285714285714286
725 726 0.5714285714285714
726 727 0.5714285714285714
727 728 -0.9285714285714286
728 729 -0.5714285714285714
728 739 -1.3571428571428572
728 783 0.9285714285714286
728 794 -1.3571428571428572
729 730 0.9285714285714286
729 827 0.5714285714285714
729 837 -1.3571428571428572
729 867 -2.0
729 876 1.7857142857142858
730 912 -0.5714285714285714
730 923 1.7857142857142858
730 956 -1.7857142857142858
730 965 2.0
733 734 2.0
733 744 -2.0
734 744 -1.7857142857142858
734 745 -2.0
735 736 -2.0
735 745 1.3571428571428572
735 746 0.5714285714285714
736 737 -0.5714285714285714
736 746 -0.9285714285714286
736 747 0.9285714285714286
737 738 0.5714285714285714
737 747 -2.0
737 748 1.3571428571428572
738 748 -0.9285714285714286
739 740 0.5714285714285714
739 749 -0.5714285714285714
739 758 1.3571428571428572
739 770 -1.3571428571428572
740 741 -1.7857142857142858
740 749 -1.3571428571428572
740 750 0.9285714285714286
740 805 -1.7857142857142858
740 815 -1.3571428571428572
740 847 -1.7857142857142858
740 857 -1.3571428571428572
741 742 2.0
741 750 1.7857142857142858
741 899 2.0
741 933 -0.5714285714285714
742 743 -2.0
742 751 0.9285714285714286
742 752 0.5714285714285714
742 975 1.3571428571428572
742 984 -0.5714285714285714
743 752 -2.0
744 745 2.0
745 746 0.5714285714285714
746 747 -0.5714285714285714
747 748 0.9285714285714286
749 750 2.0
749 758 -2.0
749 770 -0.9285714285714286
749 805 -2.0
749 815 -0.5714285714285714
750 751 1.7857142857142858
750 847 -0.9285714285714286
750 857 -1.7857142857142858
750 887 -0.9285714285714286
750 899 -1.7857142857142858
751 752 1.3571428571428572
751 933 0.5714285714285714
751 975 1.3571428571428572
751 984 -0.9285714285714286
753 754 -1.3571428571428572
753 765 2.0
754 755 -0.5714285714285714
754 765 -1.7857142857142858
754 766 0.9285714285714286
755 756 -1.3571428571428572
755 766 -1.7857142857142858
755 767 -0.5714285714285714
756 757 1.3571428571428572
756 767 0.5714285714285714
756 768 -1.7857142857142858
757 758 -0.5714285714285714
757 768 1.3571428571428572
757 769 -0.5714285714285714
758 759 -2.0
758 769 0.9285714285714286
758 770 -0.9285714285714286
759 760 0.9285714285714286
759 771 2.0
759 783 0.5714285714285714
759 795 -0.5714285714285714
759 827 1.3571428571428572
759 838 1.7857142857142858
760 761 2.0
760 771 0.5714285714285714
760 772 2.0
760 867 1.3571428571428572
760 877 1.3571428571428572
760 912 -2.0
760 924 -1.7857142857142858
761 762 1.3571428571428572
761 772 -1.7857142857142858
761 773 1.7857142857142858
761 956 -0.9285714285714286
761 966 -0.5714285714285714
762 763 -0.5714285714285714
762 773 -0.9285714285714286
762 774 2.0
763 764 -0.9285714285714286
763 774 -1.3571428571428572
763 775 -0.5714285714285714
764 775 0.9285714285714286
764 776 1.3571428571428572
765 766 -0.9285714285714286
766 767 0.5714285714285714
767 768 -0.5714285714285714
768 769 -2.0
769 770 0.5714285714285714
770 783 2.0
770 795 1.3571428571428572
771 772 2.0
771 827 -0.5714285714285714
771 838 -1.3571428571428572
771 867 0.5714285714285714
771 877 0.5714285714285714
772 773 0.5714285714285714
772 912 0.9285714285714286
772 924 2.0
772 956 1.7857142857142858
772 966 -0.9285714285714286
773 774 2.0
774 775 0.9285714285714286
775 776 -1.7857142857142858
777 788 0.9285714285714286
778 779 2.0
778 789 0.5714285714285714
778 790 -0.9285714285714286
779 780 1.7857142857142858
779 790 -0.5714285714285714
779 791 1.7857142857142858
780 781 -2.0
780 791 -1.3571428571428572
780 792 2.0
781 782 -2.0
781 793 -2.0
782 783 1.3571428571428572
782 793 1.3571428571428572
782 794 -2.0
783 784 1.7857142857142858
783 794 -1.3571428571428572
783 795 -1.3571428571428572
784 785 -1.3571428571428572
784 795 -0.5714285714285714
784 796 -1.3571428571428572
784 815 1.7857142857142858
784 848 -2.0
784 857 -1.7857142857142858
785 786 -1.7857142857142858
785 796 0.9285714285714286
785 797 -2.0
785 888 1.3571428571428572
785 899 1.3571428571428572
785 934 0.5714285714285714
786 787 0.5714285714285714
786 797 1.7857142857142858
786 798 -0.5714285714285714
786 976 2.0
786 984 -0.9285714285714286
787 798 1.7857142857142858
787 799 -2.0
788 789 -1.7857142857142858
789 790 -0.9285714285714286
790 791 -0.5714285714285714
791 792 -1.7857142857142858
792 793 -1.3571428571428572
793 794 2.0
794 795 1.3571428571428572
795 796 1.7857142857142858
795 815 1.7857142857142858
796 797 -1.7857142857142858
796 848 -1.7857142857142858
796 857 -2.0
796 888 1.7857142857142858
796 899 1.7857142857142858
797 798 -1.7857142857142858
797 934 0.9285714285714286
797 976 -0.5714285714285714
797 984 -0.5714285714285714
798 799 -1.7857142857142858
800 801 -1.7857142857142858
800 811 -0.5714285714285714
801 802 -1.7857142857142858
801 811 1.7857142857142858
801 812 1.7857142857142858
802 803 -1.3571428571428572
802 812 -1.7857142857142858
803 804 2.0
803 813 -1.7857142857142858
804 805 0.9285714285714286
804 813 -0.5714285714285714
804 814 1.3571428571428572
805 814 -1.3571428571428572
805 815 -1.3571428571428572
806 807 0.5714285714285714
806 816 -0.9285714285714286
806 817 -2.0
806 868 2.0
806 877 -1.7857142857142858
806 913 -0.5714285714285714
806 924 -2.0
807 808 2.0
807 817 2.0
807 818 2.0
807 957 0.9285714285714286
807 966 -2.0
808 809 -0.9285714285714286
808 818 -2.0
808 819 -2.0
809 810 1.3571428571428572
809 819 -1.7857142857142858
809 820 0.9285714285714286
810 820 -2.0
811 812 -0.9285714285714286
813 814 -0.9285714285714286
814 815 -1.3571428571428572
815 816 -1.3571428571428572
816 817 1.3571428571428572
816 828 1.3571428571428572
816 838 2.0
816 868 -0.5714285714285714
816 877 -2.0
817 818 -1.7857142857142858
817 913 -1.7857142857142858
817 924 -1.3571428571428572
817 957 -0.5714285714285714
817 966 -0.9285714285714286
818 819 1.7857142857142858
819 820 0.9285714285714286
821 822 -1.3571428571428572
821 831 1.7857142857142858
822 831 -1.3571428571428572
822 832 -0.9285714285714286
823 824 2.0
823 833 -0.9285714285714286
823 834 0.9285714285714286
824 825 -2.0
824 834 1.7857142857142858
825 826 -1.3571428571428572
825 835 1.7857142857142858
825 836 0.5714285714285714
826 827 -2.0
826 836 2.0
827 828 0.9285714285714286
827 837 -0.5714285714285714
827 838 1.7857142857142858
828 838 -2.0
828 839 0.5714285714285714
828 848 1.3571428571428572
829 830 0.5714285714285714
829 840 -0.5714285714285714
829 841 1.3571428571428572
829 976 1.3571428571428572
829 985 -1.7857142857142858
830 841 -1.3571428571428572
830 842 1.7857142857142858
831 832 1.3571428571428572
832 833 0.9285714285714286
833 834 0.9285714285714286
834 835 -0.9285714285714286
836 837 1.7857142857142858
837 838 1.3571428571428572
838 839 0.5714285714285714
839 840 -0.9285714285714286
839 848 2.0
839 888 0.5714285714285714
839 900 1.3571428571428572
840 841 -2.0
840 934 2.0
840 976 1.7857142857142858
840 985 -2.0
841 842 1.3571428571428572
844 845 0.5714285714285714
844 853 -0.9285714285714286
844 854 -2.0
845 846 1.3571428571428572
845 854 2.0
845 855 0.5714285714285714
846 847 -1.3571428571428572
846 855 2.0
846 856 -0.9285714285714286
847 848 -1.3571428571428572
847 856 -1.7857142857142858
847 857 1.7857142857142858
848 849 1.3571428571428572
848 857 -0.5714285714285714
849 850 1.3571428571428572
849 858 0.5714285714285714
849 868 1.7857142857142858
849 878 0.5714285714285714
849 913 -0.5714285714285714
850 851 0.9285714285714286
850 858 -0.9285714285714286
850 859 -0.5714285714285714
850 957 -1.7857142857142858
850 967 -2.0
851 859 0.5714285714285714
851 860 -0.5714285714285714
852 861 1.7857142857142858
853 854 2.0
854 855 1.7857142857142858
855 856 1.7857142857142858
856 857 0.9285714285714286
858 913 0.5714285714285714
858 957 -1.3571428571428572
862 863 -0.9285714285714286
862 870 2.0
862 871 0.9285714285714286
863 864 1.7857142857142858
863 871 0.5714285714285714
863 872 1.3571428571428572
864 872 0.9285714285714286
864 873 -1.3571428571428572
865 866 2.0
865 874 1.3571428571428572
865 875 -0.9285714285714286
866 867 -0.9285714285714286
866 875 -1.7857142857142858
866 876 0.5714285714285714
867 868 1.7857142857142858
867 876 2.0
867 877 1.7857142857142858
868 877 -0.5714285714285714
868 878 -1.3571428571428572
869 879 -1.7857142857142858
869 880 -2.0
869 977 1.7857142857142858
869 985 -0.5714285714285714
870 871 -1.3571428571428572
871 872 1.7857142857142858
872 873 2.0
873 874 -1.7857142857142858
874 875 0.5714285714285714
875 876 -0.9285714285714286
876 877 0.5714285714285714
877 878 2.0
878 879 1.7857142857142858
878 889 0.9285714285714286
878 900 -0.5714285714285714
879 880 1.3571428571428572
879 935 2.0
879 977 -0.9285714285714286
879 985 -2.0
880 881 2.0
882 883 0.9285714285714286
883 884 0.5714285714285714
883 894 1.3571428571428572
883 895 0.9285714285714286
884 885 -1.7857142857142858
884 896 0.9285714285714286
885 886 -1.7857142857142858
885 896 1.3571428571428572
885 897 1.3571428571428572
886 887 2.0
886 897 0.5714285714285714
886 898 2.0
887 888 -2.0
887 899 -1.7857142857142858
888 889 -0.5714285714285714
888 899 -1.7857142857142858
888 900 0.9285714285714286
889 890 -1.7857142857142858
889 900 -1.3571428571428572
889 901 -2.0
889 914 1.3571428571428572
890 891 -1.7857142857142858
890 901 2.0
890 902 0.5714285714285714
890 967 -2.0
891 892 -2.0
891 902 -1.7857142857142858
891 903 0.5714285714285714
892 893 1.7857142857142858
892 903 0.5714285714285714
892 904 -0.5714285714285714
893 904 -0.9285714285714286
893 905 0.5714285714285714
894 895 -1.3571428571428572
895 896 -0.9285714285714286
896 897 1.3571428571428572
897 898 -1.3571428571428572
898 899 1.7857142857142858
899 900 1.3571428571428572
900 901 0.5714285714285714
901 914 0.5714285714285714
901 967 0.9285714285714286
902 903 -1.7857142857142858
903 904 0.5714285714285714
904 905 1.3571428571428572
906 907 2.0
906 917 0.9285714285714286
906 918 -1.7857142857142858
907 908 0.5714285714285714
907 918 1.7857142857142858
907 919 2.0
908 909 0.9285714285714286
908 919 0.5714285714285714
908 920 -0.9285714285714286
909 910 -2.0
909 920 -2.0
909 921 1.7857142857142858
910 911 -0.9285714285714286
910 921 -0.5714285714285714
910 922 0.9285714285714286
911 912 -2.0
911 922 1.3571428571428572
911 923 1.7857142857142858
912 913 1.3571428571428572
912 923 -0.5714285714285714
913 914 -0.9285714285714286
913 924 -0.5714285714285714
914 915 -0.5714285714285714
914 925 1.7857142857142858
914 935 1.3571428571428572
914 945 2.0
915 916 -1.3571428571428572
915 925 -0.9285714285714286
915 926 -1.7857142857142858
915 977 -2.0
915 986 -0.9285714285714286
916 926 -0.5714285714285714
916 927 -0.5714285714285714
917 918 -0.9285714285714286
918 919 2.0
920 921 1.3571428571428572
921 922 0.9285714285714286
922 923 -0.9285714285714286
923 924 0.5714285714285714
925 926 1.7857142857142858
925 935 2.0
925 945 -1.3571428571428572
925 977 -2.0
925 986 0.5714285714285714
926 927 1.3571428571428572
928 929 1.3571428571428572
928 940 1.3571428571428572
929 930 -1.7857142857142858
929 940 -2.0
929 941 -1.7857142857142858
930 931 -1.7857142857142858
930 941 -1.7857142857142858
930 942 -1.3571428571428572
931 932 1.7857142857142858
931 942 0.9285714285714286
931 943 0.5714285714285714
932 933 -0.9285714285714286
932 943 -1.3571428571428572
932 944 2.0
933 934 -1.3571428571428572
933 944 -0.5714285714285714
934 935 -1.7857142857142858
935 936 -1.3571428571428572
935 945 -1.3571428571428572
936 937 -1.7857142857142858
936 945 1.7857142857142858
936 946 1.3571428571428572
936 968 -2.0
937 938 0.5714285714285714
937 946 1.3571428571428572
937 947 -0.5714285714285714
938 939 1.3571428571428572
938 947 -0.9285714285714286
938 948 -0.5714285714285714
939 948 -1.3571428571428572
939 949 -2.0
940 941 -1.7857142857142858
941 942 -0.5714285714285714
942 943 0.5714285714285714
943 944 0.5714285714285714
945 946 -0.9285714285714286
945 968 -0.5714285714285714
947 948 1.3571428571428572
948 949 1.7857142857142858
950 960 -2.0
951 952 2.0
951 961 -1.7857142857142858
952 953 1.3571428571428572
952 961 0.5714285714285714
952 962 0.5714285714285714
953 954 0.5714285714285714
953 962 -1.7857142857142858
953 963 -1.3571428571428572
954 955 -0.5714285714285714
954 963 -0.5714285714285714
954 964 0.9285714285714286
955 956 0.5714285714285714
955 964 1.7857142857142858
956 957 0.9285714285714286
956 965 1.3571428571428572
956 966 -0.9285714285714286
957 966 -0.5714285714285714
957 967 -0.9285714285714286
958 959 0.9285714285714286
958 968 0.9285714285714286
958 969 -2.0
958 978 1.7857142857142858
958 986 -2.0
959 969 -1.3571428571428572
959 970 -2.0
961 962 -0.5714285714285714
962 963 -1.7857142857142858
963 964 -0.9285714285714286
964 965 -0.5714285714285714
965 966 1.3571428571428572
966 967 1.7857142857142858
967 968 0.9285714285714286
968 969 -0.5714285714285714
968 978 0.9285714285714286
968 986 0.9285714285714286
969 970 -0.5714285714285714
972 973 -1.7857142857142858
972 980 0.5714285714285714
972 981 0.5714285714285714
973 974 -2.0
973 981 -1.7857142857142858
973 982 -0.5714285714285714
974 975 -1.7857142857142858
974 982 -2.0
974 983 -1.7857142857142858
975 976 -0.5714285714285714
975 984 1.3571428571428572
976 977 -1.3571428571428572
976 984 -2.0
976 985 2.0
977 978 -0.9285714285714286
977 985 -0.5714285714285714
977 986 1.3571428571428572
978 979 -1.7857142857142858
978 986 0.5714285714285714
978 987 0.9285714285714286
979 987 0.5714285714285714
979 988 -0.5714285714285714
981 982 -0.5714285714285714
982 983 1.3571428571428572
983 984 -1.3571428571428572
984 985 -1.3571428571428572
985 986 1.3571428571428572
986 987 -1.7857142857142858
987 988 0.9285714285714286
988 989 1.3571428571428572
