449 1783
1 1 5.928571428571429
2 2 3.7857142857142856
3 3 -3.2857142857142865
4 4 -2.5714285714285716
5 5 1.0714285714285714
6 6 -2.8571428571428568
7 7 -0.1428571428571428
8 8 2.285714285714286
9 9 0.6428571428571428
10 10 -1.7857142857142858
11 11 -5.785714285714286
12 12 -2.6428571428571432
13 13 2.2857142857142856
14 14 3.6428571428571432
15 15 -0.5714285714285716
16 16 1.5714285714285714
17 17 3.8571428571428577
18 18 -0.9999999999999998
19 19 -1.6428571428571428
20 20 0.14285714285714257
21 21 -0.4285714285714286
22 22 -0.4285714285714288
23 23 -1.2142857142857144
24 24 0.642857142857143
25 25 -3.3571428571428568
26 26 -4.571428571428571
27 27 2.2142857142857144
28 28 -3.4285714285714284
29 29 -4.0
30 30 -4.428571428571429
31 31 -3.2857142857142856
32 32 -0.0714285714285714
33 33 -4.428571428571429
34 34 7.142857142857142
35 35 -7.2142857142857135
36 36 -3.428571428571429
37 37 -3.1428571428571432
38 38 -2.2142857142857144
39 39 1.2142857142857144
40 40 -0.5714285714285721
41 41 -0.0714285714285714
42 42 -4.928571428571428
43 43 -7.5
44 44 5.142857142857142
45 45 1.7142857142857144
46 46 -0.8571428571428572
47 47 -2.428571428571429
48 48 -1.2142857142857144
49 49 -1.5714285714285714
50 50 -1.5714285714285716
51 51 -1.7857142857142858
52 52 -4.214285714285714
53 53 -3.0
54 54 3.571428571428571
55 55 -0.14285714285714302
56 56 -6.071428571428571
57 57 -0.2142857142857142
58 58 1.0
59 59 -6.071428571428571
60 60 3.3571428571428577
61 61 -0.35714285714285676
62 62 -4.428571428571429
63 63 -4.285714285714286
64 64 -0.8571428571428572
65 65 -7.571428571428572
66 66 -3.071428571428571
67 67 -0.9285714285714286
68 68 0.5
69 69 -3.0
70 70 -5.714285714285714
71 71 2.3571428571428577
72 72 -0.8571428571428572
73 73 -0.1428571428571428
74 74 -5.428571428571429
75 75 -4.214285714285714
76 76 -3.2142857142857144
77 77 -3.8571428571428568
78 78 4.857142857142858
79 79 -0.35714285714285765
80 80 -3.6428571428571432
81 81 -0.7857142857142858
82 82 3.2142857142857144
83 83 4.7857142857142865
84 84 2.5000000000000004
85 85 1.6428571428571428
86 86 3.1428571428571432
87 87 0.5
88 88 -2.142857142857143
89 89 1.4285714285714288
90 90 6.928571428571428
91 91 1.2142857142857144
92 92 0.5714285714285714
93 93 0.14285714285714302
94 94 4.285714285714286
95 95 -1.7857142857142858
96 96 -1.1428571428571428
97 97 -0.7142857142857144
98 98 1.2142857142857144
99 99 3.1428571428571432
100 100 -3.2142857142857144
101 101 4.2857142857142865
102 102 1.5
103 103 1.0
104 104 -0.35714285714285743
105 105 1.0714285714285716
107 107 -3.5000000000000004
108 108 4.285714285714286
109 109 1.0
110 110 0.357142857142857
111 111 -0.4285714285714286
112 112 -3.1428571428571432
113 113 0.3571428571428572
114 114 -0.28571428571428537
115 115 0.07142857142857117
116 116 0.21428571428571397
117 117 1.2142857142857144
118 118 -0.0714285714285714
119 119 -3.642857142857143
120 120 -1.5
121 121 2.6428571428571432
122 122 -2.9285714285714284
123 123 -0.8571428571428572
124 124 -4.642857142857142
125 125 6.857142857142857
126 126 -4.428571428571429
127 127 5.428571428571429
128 128 -2.928571428571428
129 129 4.071428571428571
130 130 -6.571428571428571
131 131 1.2142857142857142
132 132 6.0
133 133 -0.07142857142857117
134 134 -3.9999999999999996
135 135 -0.2142857142857144
136 136 -6.785714285714286
137 137 3.785714285714286
138 138 -6.428571428571429
139 139 2.428571428571429
140 140 -6.0
141 141 1.9999999999999998
142 142 -1.357142857142857
143 143 -1.4999999999999998
145 145 1.0714285714285718
146 146 1.8571428571428568
147 147 2.5714285714285716
148 148 -7.0
149 149 -7.714285714285715
150 150 -1.0714285714285714
151 151 -7.571428571428572
152 152 -10.642857142857142
153 153 -0.7857142857142856
154 154 -0.7142857142857142
155 155 -5.142857142857142
156 156 5.357142857142858
157 157 -5.5
158 158 -2.5
159 159 -1.2857142857142856
160 160 0.785714285714286
161 161 4.428571428571429
162 162 -0.6428571428571428
163 163 1.071428571428572
164 164 0.4285714285714286
165 165 1.9999999999999998
166 166 -2.0000000000000004
167 167 2.4999999999999996
168 168 0.35714285714285676
169 169 -3.5
170 170 -3.928571428571428
171 171 -4.214285714285714
172 172 -3.8571428571428568
173 173 -2.2142857142857144
174 174 -0.4285714285714286
175 175 0.7857142857142858
176 176 0.5
177 177 -1.7857142857142858
178 178 6.7857142857142865
179 179 -5.357142857142858
180 180 -11.642857142857142
181 181 -5.928571428571428
182 182 0.5
183 183 -2.571428571428571
184 184 2.0714285714285716
185 185 0.14285714285714302
186 186 -6.0
187 187 0.2142857142857142
188 188 0.2142857142857144
189 189 4.2142857142857135
190 190 -5.857142857142857
191 191 -1.6428571428571423
192 192 4.0
193 193 0.8571428571428572
194 194 -4.642857142857143
195 195 0.5714285714285714
196 196 -2.428571428571429
197 197 1.2857142857142856
198 198 2.571428571428571
199 199 -3.2142857142857144
200 200 -3.0
201 201 0.5714285714285714
202 202 6.285714285714286
203 203 -5.714285714285714
204 204 -1.2142857142857144
205 205 -0.4999999999999998
206 206 4.857142857142857
207 207 6.714285714285714
208 208 -4.214285714285714
209 209 7.571428571428571
210 210 0.5
211 211 2.214285714285714
212 212 -1.7142857142857144
213 213 -0.9285714285714286
214 214 -4.0
215 215 -1.8571428571428574
216 216 -0.2857142857142858
217 217 3.1428571428571423
218 218 -2.357142857142857
219 219 5.5
220 220 -4.0
221 221 -2.0
222 222 -7.214285714285714
223 223 -3.1428571428571432
224 224 -0.4285714285714284
225 225 -2.2857142857142856
226 226 0.4285714285714284
227 227 6.2857142857142865
228 228 6.928571428571429
229 229 1.3571428571428572
230 230 -0.21428571428571397
231 231 -0.5714285714285714
232 232 0.5
233 233 0.4285714285714284
234 234 2.0714285714285716
235 235 3.3571428571428577
236 236 10.428571428571427
237 237 3.571428571428571
238 238 6.142857142857142
239 239 -1.9285714285714286
240 240 -3.571428571428571
241 241 4.285714285714286
242 242 3.0
243 243 0.5000000000000004
244 244 3.1428571428571432
245 245 1.5714285714285712
246 246 -1.8571428571428577
247 247 7.142857142857142
248 248 -2.2857142857142856
249 249 0.4285714285714284
250 250 0.2142857142857144
251 251 0.1428571428571428
252 252 -7.142857142857143
253 253 -5.142857142857143
254 254 -2.928571428571429
255 255 4.285714285714286
256 256 -2.2142857142857144
257 257 -2.1428571428571432
258 258 -2.0000000000000004
259 259 5.2142857142857135
260 260 0.4285714285714286
261 261 -0.7142857142857144
262 262 1.214285714285714
263 263 -5.071428571428572
264 264 0.2142857142857142
265 265 1.0
266 266 2.0714285714285716
267 267 1.8571428571428572
268 268 1.285714285714286
269 269 5.428571428571428
270 270 2.6428571428571432
271 271 1.1428571428571432
272 272 -1.642857142857143
273 273 0.5
274 274 -1.6428571428571432
275 275 5.642857142857143
276 276 2.1428571428571423
277 277 2.2857142857142856
278 278 -2.571428571428571
279 279 -1.4285714285714286
280 280 -3.857142857142857
281 281 0.5714285714285714
282 282 -7.071428571428572
283 283 -2.357142857142857
284 284 -2.2142857142857144
285 285 -6.2857142857142865
286 286 -0.9999999999999998
287 287 -2.0
288 288 -4.928571428571429
289 289 -3.357142857142857
290 290 -9.142857142857142
291 291 -8.5
292 292 -1.8571428571428572
293 293 1.642857142857143
294 294 2.7142857142857144
295 295 -4.285714285714286
296 296 1.9285714285714286
297 297 -2.857142857142857
298 298 -0.5714285714285716
299 299 1.1428571428571426
300 300 2.428571428571428
301 301 0.3571428571428572
302 302 -1.6428571428571428
303 303 -2.3571428571428568
304 304 -1.214285714285714
305 305 -0.4285714285714288
306 306 4.928571428571429
307 307 -0.8571428571428572
308 308 4.714285714285714
309 309 5.642857142857143
310 310 2.642857142857143
311 311 -7.214285714285714
312 312 -2.000000000000001
313 313 -3.8571428571428577
314 314 -3.071428571428571
315 315 -0.5714285714285714
316 316 -2.7142857142857144
318 318 0.5000000000000002
319 319 -3.2857142857142856
320 320 -3.2142857142857144
321 321 6.071428571428571
322 322 7.285714285714285
323 323 -6.642857142857143
324 324 -5.928571428571429
325 325 -2.2142857142857144
326 326 2.0
327 327 1.1428571428571428
328 328 -0.14285714285714302
329 329 -1.0714285714285712
330 330 -2.7857142857142856
331 331 -8.0
332 332 0.7857142857142856
333 333 -1.4285714285714286
334 334 -2.3571428571428577
335 335 2.7142857142857144
336 336 -5.0
337 337 1.3571428571428568
338 338 -2.7142857142857144
339 339 -3.5714285714285703
340 340 0.4285714285714286
341 341 1.5714285714285707
342 342 0.5714285714285714
343 343 -3.214285714285715
344 344 -3.571428571428571
345 345 0.14285714285714324
346 346 -2.142857142857143
347 347 -1.5714285714285716
348 348 3.5000000000000004
349 349 -1.8571428571428574
350 350 -0.2142857142857144
351 351 1.0000000000000004
352 352 0.3571428571428572
353 353 -0.4285714285714284
354 354 0.2857142857142856
355 355 3.6428571428571432
356 356 3.642857142857143
357 357 4.928571428571429
358 358 3.6428571428571423
359 359 0.4285714285714286
360 360 0.9285714285714286
361 361 4.714285714285714
362 362 5.2142857142857135
363 363 0.21428571428571352
364 364 -1.2142857142857142
365 365 -0.4285714285714284
366 366 0.5714285714285714
367 367 -1.2142857142857144
368 368 0.07142857142857117
369 369 -9.642857142857142
370 370 -0.6428571428571428
371 371 -7.2142857142857135
372 372 -0.7857142857142858
373 373 -1.0000000000000002
374 374 -4.714285714285714
375 375 -7.7857142857142865
376 376 -3.428571428571429
377 377 4.5
378 378 -3.7857142857142856
379 379 -2.2142857142857144
380 380 -0.7857142857142858
381 381 -3.2142857142857144
382 382 4.857142857142858
383 383 3.5
384 384 -2.7142857142857144
385 385 0.5714285714285714
386 386 4.357142857142857
387 387 -3.2857142857142856
388 388 -0.3571428571428572
389 389 0.35714285714285743
390 390 2.6428571428571423
391 391 1.0714285714285714
392 392 -3.0714285714285716
393 393 0.8571428571428572
394 394 6.928571428571429
395 395 -4.214285714285714
396 396 -0.7857142857142856
397 397 -2.0
398 398 2.2857142857142856
399 399 1.2142857142857146
400 400 2.7142857142857144
401 401 -1.4285714285714286
402 402 0.07142857142857162
403 403 -1.8571428571428574
404 404 -3.5
405 405 -3.6428571428571432
406 406 4.071428571428572
407 407 2.857142857142857
408 408 -1.8571428571428565
409 409 -5.785714285714286
410 410 -1.2857142857142858
411 411 -3.2142857142857144
412 412 2.4999999999999996
413 413 7.5
414 414 -1.1428571428571428
415 415 -2.428571428571429
416 416 -0.8571428571428572
417 417 -1.2142857142857144
418 418 -2.7142857142857144
419 419 -6.928571428571429
420 420 -3.1428571428571432
421 421 5.0
422 422 -1.214285714285714
423 423 -0.7857142857142858
424 424 9.214285714285715
425 425 2.5
426 426 -3.0000000000000004
427 427 3.6428571428571432
428 428 -3.5000000000000004
429 429 -0.9285714285714284
430 430 -1.4285714285714284
431 431 -1.7857142857142858
432 432 5.071428571428571
433 433 2.5
434 434 -3.0
435 435 1.0714285714285714
436 436 -0.7857142857142858
437 437 1.142857142857143
438 438 4.571428571428572
439 439 3.428571428571429
440 440 -0.5714285714285714
441 441 1.9285714285714286
442 442 2.7857142857142856
443 443 -1.2142857142857144
444 444 2.0714285714285716
445 445 9.0
446 446 -1.9285714285714284
447 447 1.3571428571428568
448 448 -2.2857142857142865
449 449 4.928571428571429
1 2 -0.5714285714285714
1 7 -1.3571428571428572
1 50 -2.0
1 77 -2.0
2 3 -0.5714285714285714
2 7 0.5714285714285714
2 8 -2.0
2 98 0.5714285714285714
2 121 -1.7857142857142858
3 4 1.3571428571428572
3 8 0.9285714285714286
3 9 1.7857142857142858
3 147 -2.0
3 176 1.7857142857142858
4 9 -0.9285714285714286
4 10 1.7857142857142858
4 203 0.9285714285714286
4 231 -0.5714285714285714
5 6 -0.9285714285714286
5 11 1.7857142857142858
5 307 -0.5714285714285714
5 335 -1.3571428571428572
6 11 0.9285714285714286
6 12 1.7857142857142858
6 364 2.0
6 392 -0.9285714285714286
7 8 -1.3571428571428572
7 77 1.3571428571428572
7 98 0.9285714285714286
8 9 -1.3571428571428572
8 121 0.9285714285714286
8 147 0.5714285714285714
9 10 -0.5714285714285714
9 176 -1.3571428571428572
9 203 1.7857142857142858
10 231 0.5714285714285714
11 12 -0.9285714285714286
11 335 2.0
11 364 2.0
12 392 1.7857142857142858
13 20 -0.5714285714285714
13 58 -1.3571428571428572
13 77 0.5714285714285714
13 82 -0.9285714285714286
14 15 -1.3571428571428572
14 21 -1.7857142857142858
14 147 1.7857142857142858
14 154 -0.9285714285714286
14 176 -1.3571428571428572
15 16 -2.0
15 21 1.3571428571428572
15 22 1.3571428571428572
15 203 -0.5714285714285714
15 231 1.7857142857142858
16 17 0.9285714285714286
16 22 1.7857142857142858
16 23 -0.9285714285714286
16 287 -1.3571428571428572
17 18 -1.7857142857142858
17 23 -0.9285714285714286
17 24 -0.9285714285714286
17 307 -0.5714285714285714
17 312 2.0
17 335 -2.0
17 342 -0.5714285714285714
18 24 1.3571428571428572
18 25 -0.9285714285714286
18 364 -2.0
18 371 1.7857142857142858
18 392 2.0
18 399 0.5714285714285714
19 25 1.3571428571428572
19 26 0.9285714285714286
19 413 -2.0
19 428 1.3571428571428572
20 77 1.3571428571428572
20 82 -1.3571428571428572
20 98 -0.9285714285714286
20 104 1.3571428571428572
21 176 -0.9285714285714286
21 203 1.7857142857142858
22 23 -0.9285714285714286
22 231 -1.7857142857142858
23 24 -0.9285714285714286
23 287 2.0
23 307 2.0
23 312 0.9285714285714286
24 335 -1.3571428571428572
24 342 0.5714285714285714
24 364 -1.3571428571428572
24 371 2.0
25 26 0.9285714285714286
25 392 0.5714285714285714
25 399 2.0
25 413 -0.5714285714285714
26 428 1.3571428571428572
26 436 1.3571428571428572
27 28 -1.3571428571428572
27 35 2.0
27 51 0.5714285714285714
27 58 -2.0
27 78 0.5714285714285714
27 82 -2.0
28 29 1.3571428571428572
28 35 2.0
28 36 1.7857142857142858
28 104 0.5714285714285714
28 127 -0.9285714285714286
29 30 1.3571428571428572
29 36 -0.5714285714285714
29 37 1.7857142857142858
29 148 0.9285714285714286
29 154 -1.7857142857142858
29 177 0.9285714285714286
30 31 0.5714285714285714
30 37 1.7857142857142858
30 38 1.7857142857142858
30 204 -2.0
30 232 0.9285714285714286
31 32 -1.3571428571428572
31 38 1.3571428571428572
31 260 1.3571428571428572
31 287 1.3571428571428572
32 33 2.0
32 39 -1.7857142857142858
32 308 -0.5714285714285714
32 312 2.0
32 336 -2.0
32 342 1.7857142857142858
33 34 1.3571428571428572
33 39 -1.7857142857142858
33 371 0.5714285714285714
33 393 1.3571428571428572
33 399 0.9285714285714286
34 40 -2.0
34 407 -2.0
34 413 -1.7857142857142858
34 421 -1.3571428571428572
34 428 -1.3571428571428572
35 36 2.0
35 78 -1.3571428571428572
35 82 0.5714285714285714
35 104 2.0
36 37 -1.7857142857142858
36 127 -1.3571428571428572
36 148 1.3571428571428572
36 154 2.0
37 38 1.7857142857142858
37 177 -1.3571428571428572
37 204 0.9285714285714286
38 232 -0.9285714285714286
38 260 -1.7857142857142858
39 336 2.0
39 342 -0.5714285714285714
39 371 0.9285714285714286
40 421 -0.5714285714285714
40 428 1.3571428571428572
40 443 1.7857142857142858
41 42 0.5714285714285714
41 51 -0.5714285714285714
41 59 2.0
41 78 -1.3571428571428572
41 83 -0.5714285714285714
42 43 2.0
42 105 0.5714285714285714
42 128 1.7857142857142858
43 47 1.7857142857142858
43 148 0.9285714285714286
43 155 0.9285714285714286
43 177 0.9285714285714286
43 183 0.9285714285714286
44 45 -0.5714285714285714
44 48 -0.5714285714285714
44 308 -2.0
44 313 1.3571428571428572
44 336 -2.0
44 343 -1.3571428571428572
45 46 -1.3571428571428572
45 372 0.5714285714285714
45 393 0.5714285714285714
45 400 -0.9285714285714286
46 49 2.0
46 407 0.9285714285714286
46 414 2.0
46 421 -0.9285714285714286
46 429 -1.7857142857142858
47 177 1.3571428571428572
47 183 -1.3571428571428572
47 204 2.0
47 211 -1.3571428571428572
48 336 1.3571428571428572
48 343 1.3571428571428572
48 372 -0.9285714285714286
49 421 -1.3571428571428572
49 429 0.9285714285714286
50 51 1.7857142857142858
50 58 1.7857142857142858
51 52 -0.9285714285714286
51 59 0.9285714285714286
52 53 1.7857142857142858
52 59 2.0
52 60 -2.0
52 65 1.3571428571428572
52 89 2.0
53 54 -0.5714285714285714
53 60 1.7857142857142858
53 61 -0.5714285714285714
53 134 0.5714285714285714
54 55 -1.7857142857142858
54 61 -1.7857142857142858
54 62 1.3571428571428572
54 161 -1.3571428571428572
54 190 0.5714285714285714
55 56 1.3571428571428572
55 62 0.5714285714285714
55 63 2.0
55 244 -2.0
56 57 2.0
56 63 1.7857142857142858
56 64 1.3571428571428572
56 269 -1.3571428571428572
56 293 0.9285714285714286
57 64 -0.9285714285714286
57 320 0.9285714285714286
57 348 -1.7857142857142858
58 59 0.5714285714285714
59 65 0.5714285714285714
60 61 -1.3571428571428572
60 89 -1.7857142857142858
61 62 1.3571428571428572
61 134 1.7857142857142858
61 161 0.9285714285714286
62 63 0.5714285714285714
62 190 0.5714285714285714
63 64 1.7857142857142858
63 244 -0.9285714285714286
63 269 -0.9285714285714286
64 293 -1.3571428571428572
65 66 2.0
65 72 0.9285714285714286
65 79 1.7857142857142858
65 83 0.9285714285714286
66 67 -0.5714285714285714
66 72 -1.3571428571428572
66 73 0.9285714285714286
66 105 0.5714285714285714
66 122 0.5714285714285714
66 128 0.9285714285714286
67 73 -1.3571428571428572
67 74 0.9285714285714286
67 149 -0.9285714285714286
67 155 0.9285714285714286
67 178 0.5714285714285714
67 183 1.3571428571428572
68 74 0.5714285714285714
68 75 1.7857142857142858
68 205 0.5714285714285714
68 211 -2.0
68 233 -2.0
68 239 0.5714285714285714
69 70 0.5714285714285714
69 313 2.0
69 337 -1.3571428571428572
69 343 1.7857142857142858
70 71 1.7857142857142858
70 76 1.3571428571428572
70 365 2.0
70 372 1.7857142857142858
70 400 -1.7857142857142858
71 76 -1.7857142857142858
71 408 1.3571428571428572
71 414 -1.7857142857142858
71 422 -1.3571428571428572
71 429 -0.5714285714285714
72 73 0.5714285714285714
72 79 1.3571428571428572
72 83 -2.0
72 105 1.3571428571428572
73 122 -1.3571428571428572
73 128 1.3571428571428572
73 149 2.0
73 155 -2.0
74 75 2.0
74 178 -2.0
74 183 2.0
74 205 0.5714285714285714
74 211 1.3571428571428572
75 233 1.3571428571428572
75 239 -0.9285714285714286
76 400 1.3571428571428572
76 408 0.9285714285714286
76 414 1.3571428571428572
77 78 0.5714285714285714
77 82 2.0
78 79 -0.5714285714285714
78 82 -0.9285714285714286
78 83 -1.7857142857142858
79 80 0.9285714285714286
79 83 -1.3571428571428572
79 84 -1.3571428571428572
79 89 1.3571428571428572
79 93 -1.7857142857142858
80 84 -1.3571428571428572
80 85 1.7857142857142858
80 134 0.9285714285714286
80 141 1.3571428571428572
81 320 1.3571428571428572
81 327 1.3571428571428572
81 348 -1.3571428571428572
81 356 -0.5714285714285714
82 83 -0.5714285714285714
83 84 0.5714285714285714
84 85 -0.5714285714285714
84 89 -1.7857142857142858
84 93 2.0
85 86 -1.3571428571428572
85 134 1.3571428571428572
85 141 -1.7857142857142858
85 161 -2.0
85 168 0.9285714285714286
86 87 -1.3571428571428572
86 190 0.9285714285714286
86 196 -1.3571428571428572
87 88 2.0
87 244 -2.0
87 252 2.0
87 269 -0.5714285714285714
87 276 -0.5714285714285714
88 293 0.5714285714285714
88 320 0.9285714285714286
88 327 -1.3571428571428572
89 90 -1.7857142857142858
89 93 0.5714285714285714
90 93 -0.9285714285714286
90 94 -0.9285714285714286
90 106 -0.9285714285714286
90 122 -0.5714285714285714
90 129 -1.7857142857142858
91 96 0.5714285714285714
91 314 -1.7857142857142858
91 337 -2.0
91 344 2.0
92 97 -0.5714285714285714
92 408 0.5714285714285714
92 415 1.3571428571428572
92 422 -1.3571428571428572
92 430 -0.5714285714285714
93 94 -1.3571428571428572
93 106 1.3571428571428572
94 129 -2.0
94 149 1.7857142857142858
94 156 -1.7857142857142858
95 233 1.7857142857142858
96 337 0.5714285714285714
96 344 -1.3571428571428572
96 365 1.3571428571428572
97 422 1.3571428571428572
97 430 -0.9285714285714286
97 437 1.7857142857142858
97 444 -0.9285714285714286
98 104 -1.7857142857142858
99 100 -0.5714285714285714
99 106 -1.7857142857142858
99 107 -1.7857142857142858
99 109 0.5714285714285714
99 135 -0.9285714285714286
99 141 1.3571428571428572
100 101 -0.9285714285714286
100 107 1.7857142857142858
100 168 0.9285714285714286
100 196 2.0
101 102 -0.9285714285714286
101 108 -1.7857142857142858
101 218 0.5714285714285714
101 245 -1.7857142857142858
101 252 0.5714285714285714
102 103 -0.9285714285714286
102 108 -0.5714285714285714
102 270 0.9285714285714286
102 276 -0.5714285714285714
102 294 0.5714285714285714
103 321 -0.5714285714285714
103 327 -0.5714285714285714
103 349 2.0
103 356 -0.9285714285714286
104 105 -1.7857142857142858
105 106 -1.7857142857142858
106 107 1.3571428571428572
106 109 1.7857142857142858
107 135 0.9285714285714286
107 141 -0.5714285714285714
107 168 1.7857142857142858
108 245 -0.5714285714285714
108 252 1.3571428571428572
108 270 -1.7857142857142858
108 276 -0.9285714285714286
109 110 -1.3571428571428572
109 115 -2.0
109 123 -1.3571428571428572
109 129 1.3571428571428572
110 111 -0.9285714285714286
110 115 1.3571428571428572
110 116 1.7857142857142858
110 150 -1.7857142857142858
110 156 -1.7857142857142858
110 179 1.7857142857142858
110 184 0.5714285714285714
111 112 0.9285714285714286
111 116 -0.5714285714285714
111 117 -0.9285714285714286
111 206 1.3571428571428572
111 212 0.5714285714285714
112 113 -0.9285714285714286
112 261 1.7857142857142858
112 282 1.3571428571428572
113 118 0.5714285714285714
113 309 -1.7857142857142858
113 314 1.7857142857142858
114 119 0.5714285714285714
114 120 1.3571428571428572
114 409 2.0
114 415 -1.3571428571428572
114 423 -1.3571428571428572
114 430 -0.9285714285714286
115 116 -2.0
115 123 2.0
115 129 1.7857142857142858
115 150 0.5714285714285714
115 156 -1.7857142857142858
116 117 0.9285714285714286
116 179 1.3571428571428572
116 184 -0.5714285714285714
116 206 -0.5714285714285714
116 212 -0.5714285714285714
117 234 0.5714285714285714
117 261 -1.7857142857142858
118 119 0.9285714285714286
118 338 -2.0
118 344 0.5714285714285714
119 120 0.5714285714285714
119 394 -1.3571428571428572
119 401 2.0
119 415 0.9285714285714286
120 423 -0.5714285714285714
120 430 1.3571428571428572
120 438 -1.7857142857142858
120 444 0.5714285714285714
121 127 -1.7857142857142858
122 123 1.3571428571428572
122 128 2.0
122 129 0.9285714285714286
123 124 0.5714285714285714
123 129 -2.0
123 130 1.3571428571428572
123 135 0.9285714285714286
123 142 -2.0
124 130 2.0
124 131 -2.0
124 169 1.3571428571428572
124 191 1.3571428571428572
124 197 1.3571428571428572
125 126 0.9285714285714286
125 132 -2.0
125 133 -2.0
125 270 0.5714285714285714
125 277 -0.5714285714285714
125 294 -1.7857142857142858
125 300 -2.0
126 133 2.0
126 321 -1.3571428571428572
126 328 0.5714285714285714
126 349 1.3571428571428572
126 357 0.9285714285714286
127 128 -1.3571428571428572
128 129 -1.7857142857142858
129 130 -0.5714285714285714
130 131 1.7857142857142858
130 135 -0.5714285714285714
130 142 0.5714285714285714
130 169 2.0
131 132 1.3571428571428572
131 191 0.9285714285714286
131 197 -1.3571428571428572
131 218 -0.5714285714285714
131 224 -1.3571428571428572
132 133 -1.7857142857142858
132 245 -1.7857142857142858
132 253 1.3571428571428572
132 270 -1.3571428571428572
132 277 -1.7857142857142858
133 294 0.9285714285714286
133 300 -1.7857142857142858
133 321 1.3571428571428572
133 328 1.3571428571428572
134 135 1.3571428571428572
134 141 -2.0
135 136 -0.5714285714285714
135 141 -0.9285714285714286
136 137 -1.3571428571428572
136 142 2.0
136 143 0.5714285714285714
136 150 1.7857142857142858
136 157 1.7857142857142858
136 179 2.0
136 185 0.5714285714285714
137 138 -0.5714285714285714
137 143 0.9285714285714286
137 144 0.5714285714285714
137 206 0.9285714285714286
137 213 -0.9285714285714286
137 234 -2.0
137 240 -1.3571428571428572
138 139 -0.5714285714285714
138 144 2.0
138 145 0.9285714285714286
138 261 0.9285714285714286
138 264 1.7857142857142858
138 282 0.5714285714285714
138 288 1.3571428571428572
139 145 -1.3571428571428572
139 315 -2.0
139 338 0.9285714285714286
139 345 0.5714285714285714
140 146 1.3571428571428572
140 409 0.5714285714285714
140 416 1.3571428571428572
140 423 1.7857142857142858
140 431 0.9285714285714286
141 142 0.5714285714285714
142 143 0.5714285714285714
142 150 0.5714285714285714
142 157 -0.9285714285714286
143 144 1.3571428571428572
143 179 -0.5714285714285714
143 185 -1.3571428571428572
143 206 -0.5714285714285714
143 213 0.5714285714285714
144 145 -1.3571428571428572
144 234 -0.5714285714285714
144 240 2.0
144 261 -2.0
144 264 -2.0
145 282 2.0
145 288 -0.9285714285714286
145 309 -0.9285714285714286
145 315 0.5714285714285714
146 423 -2.0
146 431 1.3571428571428572
146 438 -0.5714285714285714
146 445 -2.0
147 148 -2.0
147 154 -0.9285714285714286
148 149 2.0
148 154 1.7857142857142858
148 155 2.0
149 150 1.3571428571428572
149 155 0.9285714285714286
149 156 0.5714285714285714
150 151 -1.7857142857142858
150 156 -0.5714285714285714
150 157 0.9285714285714286
151 152 1.3571428571428572
151 157 2.0
151 158 1.7857142857142858
151 162 0.9285714285714286
151 169 1.3571428571428572
151 192 0.5714285714285714
151 197 1.3571428571428572
152 158 0.9285714285714286
152 159 2.0
152 219 0.5714285714285714
152 224 2.0
152 246 2.0
152 253 1.7857142857142858
153 160 0.5714285714285714
153 322 -1.7857142857142858
153 328 2.0
153 350 1.3571428571428572
153 357 -1.3571428571428572
154 155 0.5714285714285714
155 156 1.7857142857142858
156 157 -1.7857142857142858
157 158 0.5714285714285714
157 162 0.9285714285714286
157 169 2.0
158 159 1.7857142857142858
158 192 -2.0
158 197 -1.3571428571428572
158 219 -0.5714285714285714
158 224 1.3571428571428572
159 160 2.0
159 246 -0.5714285714285714
159 253 -0.5714285714285714
159 271 -2.0
159 277 -1.3571428571428572
160 295 1.7857142857142858
160 300 -1.3571428571428572
160 322 -2.0
160 328 -1.7857142857142858
161 168 -2.0
162 163 -1.3571428571428572
162 169 -1.7857142857142858
162 170 1.3571428571428572
162 185 0.5714285714285714
163 164 1.3571428571428572
163 170 0.9285714285714286
163 171 2.0
163 207 0.9285714285714286
163 213 -1.3571428571428572
163 235 -1.7857142857142858
163 240 -1.7857142857142858
164 165 0.5714285714285714
164 171 -1.7857142857142858
164 172 -0.5714285714285714
164 264 -0.5714285714285714
164 288 0.5714285714285714
165 166 1.3571428571428572
165 172 -1.3571428571428572
165 173 -2.0
165 315 -0.5714285714285714
165 339 1.7857142857142858
165 345 -1.7857142857142858
166 167 -1.3571428571428572
166 173 -0.5714285714285714
166 174 -0.5714285714285714
166 367 1.7857142857142858
166 373 -0.5714285714285714
166 395 0.5714285714285714
166 402 1.3571428571428572
167 174 1.3571428571428572
167 175 1.7857142857142858
167 416 -1.3571428571428572
167 424 -0.9285714285714286
167 431 -2.0
168 169 -2.0
169 170 0.5714285714285714
170 180 2.0
170 185 -0.9285714285714286
170 207 -1.3571428571428572
170 213 1.3571428571428572
171 172 2.0
171 235 -0.5714285714285714
171 240 2.0
171 264 0.5714285714285714
172 173 1.7857142857142858
172 283 0.5714285714285714
172 288 -0.5714285714285714
172 315 2.0
173 174 0.5714285714285714
173 339 2.0
173 367 -0.9285714285714286
173 373 1.3571428571428572
174 175 -0.9285714285714286
174 402 0.9285714285714286
174 416 -0.9285714285714286
175 424 -0.9285714285714286
175 431 2.0
175 439 -1.3571428571428572
175 445 -1.3571428571428572
176 177 1.3571428571428572
177 178 -2.0
177 183 0.5714285714285714
178 179 -2.0
178 184 -1.3571428571428572
179 180 1.3571428571428572
179 184 2.0
179 185 -0.5714285714285714
180 181 1.7857142857142858
180 185 2.0
180 186 1.7857142857142858
180 192 1.3571428571428572
180 198 1.3571428571428572
181 182 2.0
181 186 0.5714285714285714
181 187 2.0
181 219 -2.0
181 225 -1.7857142857142858
181 246 2.0
181 254 1.3571428571428572
182 187 -0.5714285714285714
182 188 2.0
182 271 -0.9285714285714286
182 278 0.5714285714285714
182 295 -1.7857142857142858
182 301 -1.7857142857142858
183 184 -0.9285714285714286
184 185 -1.7857142857142858
185 186 1.3571428571428572
186 187 -1.7857142857142858
186 192 0.9285714285714286
186 198 1.3571428571428572
186 225 1.7857142857142858
187 188 -0.9285714285714286
187 246 0.9285714285714286
187 254 0.5714285714285714
187 271 -1.3571428571428572
187 278 0.9285714285714286
188 189 -1.3571428571428572
188 295 1.7857142857142858
188 301 -0.9285714285714286
188 322 -1.3571428571428572
188 329 0.5714285714285714
189 350 -0.9285714285714286
189 358 -1.3571428571428572
189 380 -0.5714285714285714
190 191 1.7857142857142858
190 196 2.0
191 192 -1.3571428571428572
191 196 -2.0
191 197 0.9285714285714286
192 193 -0.9285714285714286
192 197 -2.0
192 198 -0.5714285714285714
193 198 -0.9285714285714286
193 199 2.0
193 207 -1.3571428571428572
193 214 0.9285714285714286
193 235 -0.5714285714285714
194 200 1.7857142857142858
194 316 0.9285714285714286
194 339 1.3571428571428572
194 346 0.5714285714285714
195 201 -1.7857142857142858
195 202 1.7857142857142858
195 417 -1.3571428571428572
195 424 -0.5714285714285714
195 432 1.3571428571428572
196 197 1.7857142857142858
197 198 -2.0
198 199 1.3571428571428572
198 207 -1.3571428571428572
198 214 -1.7857142857142858
199 200 0.9285714285714286
199 235 0.9285714285714286
199 265 -2.0
200 283 -0.9285714285714286
200 289 1.7857142857142858
200 316 -0.5714285714285714
201 202 -2.0
201 395 0.9285714285714286
201 403 0.9285714285714286
201 417 1.3571428571428572
202 424 -1.7857142857142858
202 432 -2.0
202 439 -1.3571428571428572
202 446 -0.9285714285714286
203 204 1.7857142857142858
204 205 -0.9285714285714286
204 211 -0.5714285714285714
205 206 -2.0
205 211 0.9285714285714286
205 212 1.3571428571428572
206 207 -2.0
206 213 -2.0
207 208 -2.0
207 213 1.7857142857142858
207 214 -1.3571428571428572
208 209 -1.7857142857142858
208 214 2.0
208 215 1.3571428571428572
208 220 1.7857142857142858
208 225 1.7857142857142858
208 247 -0.9285714285714286
208 254 2.0
209 210 -1.7857142857142858
209 215 -2.0
209 216 -0.9285714285714286
209 272 -2.0
209 278 2.0
209 296 -2.0
209 301 0.9285714285714286
210 216 0.9285714285714286
210 217 -0.5714285714285714
210 329 2.0
210 351 0.9285714285714286
210 358 -2.0
211 212 -0.5714285714285714
212 213 0.9285714285714286
213 214 0.5714285714285714
214 215 1.3571428571428572
214 220 1.3571428571428572
214 225 0.9285714285714286
215 216 1.7857142857142858
215 247 -2.0
215 254 -2.0
215 272 1.3571428571428572
215 278 2.0
216 217 -2.0
216 296 -0.9285714285714286
216 301 2.0
216 329 -0.5714285714285714
217 351 -0.5714285714285714
217 358 -0.9285714285714286
217 381 0.9285714285714286
218 219 0.5714285714285714
218 224 1.7857142857142858
219 220 -0.9285714285714286
219 224 -1.3571428571428572
219 225 -1.7857142857142858
220 225 1.3571428571428572
220 226 1.3571428571428572
220 236 -0.9285714285714286
221 222 0.5714285714285714
221 227 0.5714285714285714
221 228 1.7857142857142858
221 316 0.5714285714285714
221 340 -0.5714285714285714
221 346 -0.9285714285714286
222 223 2.0
222 228 -1.7857142857142858
222 229 0.5714285714285714
222 368 0.9285714285714286
222 374 2.0
222 396 0.9285714285714286
222 403 2.0
223 230 -1.7857142857142858
223 410 1.7857142857142858
223 425 0.5714285714285714
223 432 0.5714285714285714
224 225 -2.0
225 226 2.0
226 227 -2.0
226 236 -1.7857142857142858
226 262 -1.3571428571428572
226 265 1.3571428571428572
227 228 -2.0
227 284 -0.9285714285714286
227 289 -1.3571428571428572
227 316 -0.5714285714285714
228 229 -1.3571428571428572
228 340 -1.3571428571428572
228 346 0.9285714285714286
228 368 -1.7857142857142858
228 374 -1.3571428571428572
229 230 -1.7857142857142858
229 396 1.3571428571428572
229 403 -0.5714285714285714
229 410 -0.9285714285714286
229 417 1.3571428571428572
230 425 1.7857142857142858
230 432 -0.9285714285714286
230 440 0.9285714285714286
230 446 2.0
231 232 0.5714285714285714
232 233 -2.0
232 239 0.9285714285714286
233 234 -0.9285714285714286
233 239 1.3571428571428572
234 235 -0.9285714285714286
234 240 1.7857142857142858
235 236 -1.3571428571428572
235 240 0.9285714285714286
236 237 -0.5714285714285714
236 241 -2.0
236 247 -1.7857142857142858
236 255 -2.0
237 238 -1.7857142857142858
237 241 -1.7857142857142858
237 242 -0.9285714285714286
237 272 0.9285714285714286
237 279 1.7857142857142858
237 296 -1.7857142857142858
237 302 0.5714285714285714
238 242 -1.7857142857142858
238 243 -2.0
238 330 2.0
238 351 -0.5714285714285714
238 359 -2.0
241 242 2.0
241 247 -0.5714285714285714
241 255 -1.3571428571428572
241 279 -0.5714285714285714
242 243 -1.3571428571428572
242 330 -0.9285714285714286
243 359 1.3571428571428572
243 381 0.9285714285714286
243 387 0.5714285714285714
244 252 1.7857142857142858
245 246 1.7857142857142858
245 252 -0.5714285714285714
245 253 1.3571428571428572
246 247 -2.0
246 253 -1.3571428571428572
246 254 -0.9285714285714286
247 248 -1.7857142857142858
247 254 1.3571428571428572
247 255 0.5714285714285714
248 249 0.9285714285714286
248 255 -2.0
248 256 0.9285714285714286
248 262 1.7857142857142858
248 266 2.0
248 284 -0.9285714285714286
248 290 1.3571428571428572
249 250 -1.3571428571428572
249 256 -0.5714285714285714
249 257 0.5714285714285714
249 317 -0.9285714285714286
249 340 0.9285714285714286
250 251 1.3571428571428572
250 257 1.3571428571428572
250 258 -1.7857142857142858
250 368 -1.3571428571428572
250 375 0.9285714285714286
250 396 -1.3571428571428572
250 404 2.0
251 258 2.0
251 259 -2.0
251 410 -1.3571428571428572
251 418 -0.5714285714285714
251 425 -0.9285714285714286
251 433 1.3571428571428572
252 253 2.0
253 254 0.5714285714285714
255 256 0.9285714285714286
255 262 0.9285714285714286
255 266 -1.3571428571428572
256 257 0.9285714285714286
256 284 -2.0
256 290 2.0
257 258 -0.5714285714285714
257 340 -1.3571428571428572
257 368 -0.5714285714285714
257 375 1.7857142857142858
258 259 -0.5714285714285714
258 396 -2.0
258 404 1.7857142857142858
258 410 1.7857142857142858
258 418 1.3571428571428572
259 425 -0.5714285714285714
259 433 -0.5714285714285714
259 440 -0.5714285714285714
259 447 -0.9285714285714286
261 264 1.7857142857142858
262 265 -0.5714285714285714
262 266 -2.0
263 267 -0.5714285714285714
263 268 1.3571428571428572
263 323 0.5714285714285714
263 330 1.7857142857142858
263 352 1.3571428571428572
263 359 0.5714285714285714
264 265 -1.7857142857142858
265 266 2.0
266 267 -0.9285714285714286
266 279 -1.7857142857142858
267 268 0.9285714285714286
267 302 -0.9285714285714286
267 323 0.5714285714285714
267 330 -0.9285714285714286
268 352 -1.7857142857142858
268 359 -1.7857142857142858
268 382 -1.3571428571428572
268 387 1.3571428571428572
269 270 -0.5714285714285714
269 276 -2.0
270 271 -1.7857142857142858
270 276 1.3571428571428572
271 272 1.3571428571428572
271 277 1.7857142857142858
271 278 1.7857142857142858
272 278 -2.0
272 279 2.0
273 280 -0.5714285714285714
273 281 0.9285714285714286
273 310 -1.7857142857142858
273 317 0.9285714285714286
274 275 -0.9285714285714286
274 281 -0.5714285714285714
274 369 1.3571428571428572
274 375 -0.5714285714285714
274 397 0.5714285714285714
274 404 1.7857142857142858
275 411 -0.9285714285714286
275 418 -1.7857142857142858
275 433 -2.0
276 277 0.5714285714285714
277 278 -0.9285714285714286
278 279 -1.7857142857142858
279 280 1.7857142857142858
280 281 -0.9285714285714286
280 285 1.7857142857142858
280 290 1.7857142857142858
280 310 -2.0
280 317 2.0
281 369 -0.9285714285714286
281 375 0.9285714285714286
282 283 1.3571428571428572
282 288 1.7857142857142858
283 284 1.3571428571428572
283 288 1.3571428571428572
283 289 -1.3571428571428572
284 285 1.7857142857142858
284 289 0.9285714285714286
284 290 2.0
285 286 -1.7857142857142858
285 290 1.3571428571428572
285 291 1.7857142857142858
285 303 1.3571428571428572
286 291 0.9285714285714286
286 292 -1.3571428571428572
286 323 1.7857142857142858
286 331 0.5714285714285714
286 352 1.7857142857142858
286 360 -0.9285714285714286
288 289 1.3571428571428572
289 290 2.0
290 291 -1.3571428571428572
291 292 1.7857142857142858
291 303 2.0
291 323 2.0
291 331 1.3571428571428572
292 352 -0.9285714285714286
292 360 0.9285714285714286
292 382 2.0
292 388 -0.5714285714285714
293 294 -1.7857142857142858
294 295 -2.0
294 300 1.3571428571428572
295 296 1.3571428571428572
295 300 1.3571428571428572
295 301 1.7857142857142858
296 301 -0.5714285714285714
296 302 2.0
297 298 -1.3571428571428572
297 303 0.9285714285714286
297 304 0.5714285714285714
297 310 1.7857142857142858
297 318 0.9285714285714286
298 299 -0.9285714285714286
298 304 -0.5714285714285714
298 369 1.7857142857142858
298 376 0.5714285714285714
298 397 -0.9285714285714286
298 405 2.0
299 305 -2.0
299 306 -1.3571428571428572
299 411 -0.5714285714285714
299 419 0.5714285714285714
299 426 1.7857142857142858
299 434 1.3571428571428572
301 302 -1.7857142857142858
302 303 1.7857142857142858
303 304 -1.3571428571428572
303 310 -1.7857142857142858
303 318 -0.5714285714285714
304 369 2.0
304 376 0.5714285714285714
305 306 1.7857142857142858
305 397 2.0
305 419 -1.3571428571428572
306 426 -2.0
306 434 -1.3571428571428572
306 441 -2.0
307 308 0.5714285714285714
307 312 -0.5714285714285714
308 312 -1.7857142857142858
308 313 -0.9285714285714286
309 314 -0.9285714285714286
309 315 -2.0
310 311 2.0
310 317 -1.7857142857142858
310 318 0.9285714285714286
311 318 2.0
311 319 2.0
311 324 -0.5714285714285714
311 331 1.7857142857142858
311 353 0.9285714285714286
311 360 -0.9285714285714286
312 313 -0.5714285714285714
313 314 2.0
314 315 2.0
315 316 0.5714285714285714
316 317 1.7857142857142858
317 318 -2.0
318 319 -1.7857142857142858
318 324 1.3571428571428572
318 331 -1.3571428571428572
319 353 1.3571428571428572
319 360 0.9285714285714286
319 383 -0.5714285714285714
319 388 1.3571428571428572
320 321 -1.7857142857142858
320 327 1.7857142857142858
321 322 -1.7857142857142858
321 327 -0.5714285714285714
321 328 -1.3571428571428572
322 328 0.5714285714285714
322 329 -0.9285714285714286
323 324 1.3571428571428572
323 330 -0.5714285714285714
323 331 0.9285714285714286
324 325 2.0
324 331 1.3571428571428572
324 332 -1.3571428571428572
324 341 1.7857142857142858
325 326 -2.0
325 332 -0.5714285714285714
325 333 0.9285714285714286
325 370 1.3571428571428572
325 376 0.9285714285714286
325 398 1.3571428571428572
325 405 -1.7857142857142858
326 333 -0.9285714285714286
326 334 1.7857142857142858
326 412 -1.7857142857142858
326 419 2.0
326 427 -2.0
326 434 0.9285714285714286
327 328 -1.7857142857142858
328 329 0.5714285714285714
329 330 -0.5714285714285714
330 331 2.0
331 332 1.3571428571428572
332 333 -0.5714285714285714
332 341 1.7857142857142858
332 370 0.5714285714285714
332 376 -2.0
333 334 1.3571428571428572
333 398 -1.7857142857142858
333 405 2.0
333 412 -0.9285714285714286
333 419 1.3571428571428572
334 427 -2.0
334 434 0.5714285714285714
334 442 -1.3571428571428572
334 448 2.0
335 336 1.3571428571428572
335 342 -1.3571428571428572
336 337 2.0
336 342 0.9285714285714286
336 343 1.3571428571428572
337 338 2.0
337 343 -0.5714285714285714
337 344 -2.0
338 339 0.5714285714285714
338 344 1.7857142857142858
338 345 -0.5714285714285714
339 340 0.5714285714285714
339 345 -0.9285714285714286
339 346 -1.7857142857142858
340 346 1.3571428571428572
341 347 -1.3571428571428572
341 353 -1.7857142857142858
341 361 -2.0
342 343 -1.3571428571428572
343 344 2.0
344 345 0.5714285714285714
345 346 2.0
347 353 1.3571428571428572
347 361 1.3571428571428572
347 383 -1.7857142857142858
347 389 2.0
348 349 -0.9285714285714286
348 356 0.5714285714285714
349 350 1.3571428571428572
349 356 -1.3571428571428572
349 357 -0.5714285714285714
350 351 1.7857142857142858
350 357 -2.0
350 358 -1.3571428571428572
351 352 -1.7857142857142858
351 358 0.5714285714285714
351 359 -1.3571428571428572
352 353 -0.9285714285714286
352 359 1.3571428571428572
352 360 0.5714285714285714
353 354 1.3571428571428572
353 360 -0.9285714285714286
353 361 -0.9285714285714286
354 355 -0.9285714285714286
354 362 1.3571428571428572
354 370 -0.9285714285714286
354 377 -1.7857142857142858
354 398 2.0
354 406 -1.3571428571428572
355 362 0.5714285714285714
355 363 -0.5714285714285714
355 412 -1.7857142857142858
355 420 2.0
355 427 -0.9285714285714286
355 435 -2.0
356 357 -1.3571428571428572
357 358 -0.5714285714285714
358 359 2.0
359 360 -0.5714285714285714
361 370 -1.3571428571428572
361 377 -1.7857142857142858
362 363 -2.0
362 398 -0.5714285714285714
362 406 -2.0
362 412 -0.5714285714285714
362 420 -2.0
363 427 0.9285714285714286
363 435 2.0
363 449 -0.5714285714285714
364 371 0.5714285714285714
365 366 -0.9285714285714286
365 372 -2.0
366 367 0.9285714285714286
366 373 -0.5714285714285714
367 368 -0.9285714285714286
367 373 -0.5714285714285714
367 374 0.9285714285714286
368 369 0.9285714285714286
368 374 1.7857142857142858
368 375 0.9285714285714286
369 370 1.3571428571428572
369 375 1.7857142857142858
369 376 1.3571428571428572
370 376 0.5714285714285714
370 377 -0.9285714285714286
371 372 1.3571428571428572
373 374 1.3571428571428572
375 376 2.0
376 377 -0.5714285714285714
377 389 0.5714285714285714
378 379 2.0
378 385 1.7857142857142858
379 380 1.3571428571428572
379 385 -0.5714285714285714
379 386 -0.5714285714285714
380 381 2.0
380 386 -2.0
381 382 -2.0
381 387 1.3571428571428572
382 383 -0.5714285714285714
382 387 -2.0
382 388 -0.9285714285714286
383 388 -0.5714285714285714
384 390 1.7857142857142858
384 391 0.9285714285714286
384 420 0.5714285714285714
384 435 -0.5714285714285714
385 386 -1.7857142857142858
387 388 2.0
388 389 -0.9285714285714286
389 390 -2.0
390 391 -2.0
390 406 -1.7857142857142858
390 420 1.3571428571428572
391 435 0.5714285714285714
391 449 -0.5714285714285714
392 393 0.5714285714285714
392 399 -0.9285714285714286
393 399 -2.0
393 400 -1.3571428571428572
394 395 -2.0
394 401 -1.7857142857142858
394 402 -1.7857142857142858
395 396 2.0
395 402 0.9285714285714286
395 403 1.7857142857142858
396 397 1.7857142857142858
396 403 -1.3571428571428572
396 404 -0.5714285714285714
397 398 -1.7857142857142858
397 404 -0.5714285714285714
397 405 0.9285714285714286
398 405 -0.5714285714285714
398 406 -0.9285714285714286
399 400 -1.7857142857142858
400 401 1.7857142857142858
401 402 -0.5714285714285714
402 403 -0.9285714285714286
404 405 -0.9285714285714286
405 406 2.0
407 408 -1.7857142857142858
407 413 -1.7857142857142858
407 414 1.7857142857142858
408 409 2.0
408 414 -1.7857142857142858
408 415 0.5714285714285714
409 415 -0.5714285714285714
409 416 1.7857142857142858
410 417 -0.9285714285714286
410 418 0.9285714285714286
411 412 1.3571428571428572
411 418 2.0
411 419 1.3571428571428572
412 419 1.7857142857142858
412 420 -0.5714285714285714
413 414 -1.3571428571428572
414 415 0.9285714285714286
415 416 0.5714285714285714
416 417 -0.5714285714285714
417 418 1.3571428571428572
418 419 -0.5714285714285714
419 420 1.7857142857142858
421 422 -2.0
421 428 -0.5714285714285714
421 429 1.7857142857142858
422 423 2.0
422 429 0.5714285714285714
422 430 2.0
423 424 -0.9285714285714286
423 430 0.9285714285714286
423 431 0.9285714285714286
424 425 -1.3571428571428572
424 431 -1.7857142857142858
424 432 -0.9285714285714286
425 426 0.5714285714285714
425 432 -0.5714285714285714
425 433 -2.0
426 427 1.7857142857142858
426 433 1.7857142857142858
426 434 -0.9285714285714286
427 434 0.5714285714285714
427 435 -2.0
428 429 1.3571428571428572
429 430 -1.3571428571428572
430 431 0.9285714285714286
431 432 -0.5714285714285714
432 433 -2.0
433 434 0.9285714285714286
434 435 0.9285714285714286
436 443 -0.5714285714285714
437 438 -2.0
437 444 -0.9285714285714286
438 439 0.5714285714285714
438 444 0.5714285714285714
438 445 -1.3571428571428572
439 440 -0.9285714285714286
439 445 -0.9285714285714286
439 446 0.5714285714285714
440 441 2.0
440 446 0.9285714285714286
440 447 -1.7857142857142858
441 442 -0.5714285714285714
441 447 -1.3571428571428572
442 448 0.9285714285714286
442 449 -1.7857142857142858
444 445 -1.3571428571428572
445 446 -2.0
446 447 1.3571428571428572
447 448 1.3571428571428572
448 449 -2.0
