449 1784
1 1 -0.2142857142857142
2 2 -1.4285714285714288
3 3 6.357142857142858
4 4 1.5714285714285714
5 5 -3.1428571428571432
6 6 -0.9285714285714286
7 7 0.7142857142857144
8 8 2.7142857142857144
9 9 -0.6428571428571426
10 10 3.2142857142857144
11 11 -2.7142857142857144
12 12 0.5
13 13 2.571428571428571
14 14 4.142857142857142
15 15 2.5
16 16 3.142857142857143
17 17 -3.7142857142857144
18 18 0.4285714285714286
19 19 3.0000000000000004
20 20 0.0714285714285714
21 21 7.785714285714286
22 22 -4.214285714285714
23 23 -2.785714285714286
24 24 0.6428571428571428
25 25 -6.2857142857142865
26 26 -3.1428571428571432
27 27 -1.9285714285714286
28 28 0.785714285714286
29 29 -4.2142857142857135
30 30 -6.714285714285714
31 31 -2.1428571428571432
32 32 -3.6428571428571432
33 33 2.071428571428571
34 34 -1.5
35 35 4.357142857142858
36 36 6.071428571428571
37 37 1.9285714285714286
38 38 -2.428571428571429
39 39 -4.928571428571429
40 40 1.4999999999999998
41 41 -0.7857142857142858
42 42 6.285714285714286
43 43 -0.3571428571428572
44 44 2.285714285714286
45 45 0.2857142857142856
46 46 0.4285714285714286
47 47 -0.5
48 48 0.21428571428571397
49 49 -3.7142857142857144
50 50 -5.142857142857143
51 51 -1.5
52 52 -2.0
53 53 1.357142857142857
54 54 0.28571428571428537
55 55 -2.8571428571428563
56 56 0.642857142857143
57 57 2.571428571428571
58 58 1.5714285714285714
59 59 1.1428571428571426
60 60 0.7857142857142858
61 61 3.5714285714285716
62 62 1.6428571428571426
63 63 6.071428571428572
64 64 4.714285714285714
65 65 0.2142857142857144
66 66 -3.428571428571429
67 67 5.785714285714286
68 68 1.7857142857142854
69 69 2.0
70 70 -1.285714285714286
71 71 3.5714285714285716
72 72 4.2857142857142865
73 73 -0.2857142857142856
74 74 5.642857142857142
75 75 1.9285714285714286
76 76 -1.7142857142857146
77 77 1.9285714285714286
78 78 -0.4285714285714286
79 79 6.928571428571428
80 80 -1.5714285714285712
81 81 0.8571428571428572
82 82 0.2857142857142858
83 83 4.714285714285714
84 84 0.4285714285714286
85 85 5.142857142857144
86 86 -0.6428571428571428
87 87 -2.9285714285714284
88 88 -1.4999999999999998
89 89 -2.9285714285714284
90 90 0.7857142857142858
91 91 0.7142857142857142
92 92 0.07142857142857184
93 93 -6.5
94 94 4.642857142857143
95 95 0.5714285714285714
96 96 -2.071428571428571
97 97 0.07142857142857162
98 98 -2.357142857142857
99 99 1.9285714285714286
100 100 -2.6428571428571432
101 101 3.3571428571428568
102 102 -5.214285714285715
103 103 -8.142857142857144
104 104 0.9999999999999996
105 105 -2.220446049250313e-16
106 106 -2.7142857142857144
107 107 0.5
108 108 8.571428571428573
109 109 0.9285714285714286
110 110 1.9285714285714286
111 111 -3.0714285714285716
112 112 -0.1428571428571428
113 113 -1.5714285714285714
114 114 -2.7142857142857144
115 115 4.142857142857142
116 116 1.2142857142857142
117 117 0.9285714285714286
118 118 1.4285714285714286
119 119 -8.714285714285715
120 120 6.2857142857142865
121 121 -0.9285714285714286
122 122 0.5714285714285714
123 123 2.0
124 124 2.571428571428571
125 125 4.2857142857142865
126 126 5.5
127 127 1.0
128 128 -1.642857142857143
129 129 6.428571428571429
130 130 -6.357142857142858
131 131 -5.5
132 132 5.785714285714286
133 133 7.071428571428571
134 134 5.928571428571429
135 135 -1.7142857142857144
136 136 2.7142857142857144
137 137 -2.571428571428572
138 138 -0.7857142857142856
139 139 -0.2142857142857144
140 140 -0.5
141 141 -6.428571428571429
142 142 -1.2857142857142856
143 143 2.1428571428571432
144 144 2.2142857142857144
145 145 -1.9999999999999998
146 146 1.5714285714285714
147 147 4.714285714285714
148 148 -0.9285714285714284
149 149 2.428571428571429
150 150 1.4285714285714286
151 151 1.7857142857142863
152 152 2.6428571428571432
153 153 -1.9999999999999996
154 154 0.785714285714286
155 155 -1.0714285714285714
156 156 -0.7142857142857142
157 157 2.6428571428571432
158 158 4.5
159 159 6.357142857142857
160 160 0.3571428571428572
161 161 -1.8571428571428572
162 162 1.4285714285714286
163 163 3.8571428571428568
164 164 3.1428571428571432
165 165 -0.35714285714285654
166 166 -4.357142857142858
167 167 2.2857142857142865
168 168 -3.3571428571428568
169 169 -3.928571428571428
170 170 3.5
171 171 -1.857142857142857
172 172 1.3571428571428572
173 173 1.4285714285714286
174 174 3.2857142857142856
175 175 -0.8571428571428577
176 176 1.9999999999999998
177 177 1.9999999999999998
178 178 -2.1428571428571432
179 179 -4.2142857142857135
180 180 1.4285714285714284
181 181 2.1428571428571432
182 182 4.285714285714286
183 183 -0.5000000000000004
184 184 0.2142857142857144
185 185 -0.9285714285714288
186 186 1.4285714285714284
187 187 -2.0
188 188 -1.3571428571428572
189 189 -0.5714285714285716
190 190 1.8571428571428572
191 191 -2.928571428571429
192 192 6.0
193 193 2.2142857142857144
194 194 -2.571428571428571
195 195 -1.8571428571428572
196 196 -5.7857142857142865
197 197 6.7857142857142865
198 198 3.2142857142857144
199 199 3.857142857142857
200 200 -2.6428571428571432
201 201 -4.571428571428571
202 202 -0.4285714285714284
203 203 -5.785714285714286
204 204 -0.5714285714285712
205 205 2.5
206 206 3.500000000000001
207 207 -1.2142857142857142
208 208 -0.357142857142857
209 209 5.428571428571428
210 210 1.1428571428571428
211 211 0.8571428571428572
212 212 -1.8571428571428574
213 213 -0.3571428571428572
214 214 -1.0714285714285714
215 215 -0.6428571428571423
216 216 -7.42857142857143
217 217 -1.1428571428571432
218 218 -2.928571428571429
219 219 9.285714285714286
220 220 5.785714285714286
221 221 -1.2142857142857142
222 222 -3.5
223 223 0.2857142857142856
224 224 -2.7142857142857144
225 225 6.214285714285715
226 226 -4.857142857142857
227 227 -4.428571428571429
228 228 -3.785714285714286
229 229 1.0
230 230 -3.5
231 231 2.1428571428571432
232 232 -0.14285714285714257
233 233 0.7857142857142856
234 234 -0.2142857142857142
235 235 0.9285714285714286
236 236 -3.1428571428571432
237 237 -2.6428571428571432
238 238 0.3571428571428572
239 239 4.5
240 240 1.5
241 241 -1.9285714285714282
242 242 -1.642857142857143
243 243 -7.357142857142858
244 244 2.928571428571429
245 245 6.571428571428572
246 246 2.928571428571429
247 247 0.6428571428571428
248 248 -6.857142857142857
249 249 4.857142857142858
250 250 -1.8571428571428572
251 251 -5.571428571428571
252 252 4.499999999999999
253 253 4.071428571428571
254 254 -1.7857142857142858
255 255 -3.3571428571428577
256 256 -3.4285714285714284
257 257 -0.0714285714285714
258 258 -4.857142857142858
259 259 -4.214285714285714
260 260 -0.7857142857142858
261 261 -2.071428571428571
262 262 -6.428571428571429
263 263 2.357142857142857
264 264 7.928571428571431
265 265 -6.0
266 266 -1.2142857142857142
267 267 1.4285714285714286
268 268 2.6428571428571432
269 269 1.1428571428571428
270 270 -0.9285714285714284
271 271 -3.2857142857142856
272 272 -5.785714285714286
273 273 -0.7142857142857142
274 274 7.0
275 275 -0.2142857142857144
276 276 2.2857142857142856
277 277 2.0
278 278 -2.2142857142857144
279 279 -0.8571428571428574
280 280 -0.7142857142857146
281 281 4.928571428571429
282 282 -5.357142857142858
283 283 -4.571428571428572
284 284 -3.9285714285714284
285 285 0.28571428571428603
286 286 -5.7857142857142865
287 287 0.9285714285714286
288 288 -5.571428571428572
289 289 -1.714285714285714
290 290 -1.857142857142857
291 291 -3.285714285714286
292 292 4.714285714285714
293 293 1.7857142857142856
294 294 4.0
295 295 3.357142857142857
296 296 1.8571428571428572
297 297 2.7142857142857144
298 298 1.3571428571428572
299 299 -7.7142857142857135
300 300 7.857142857142858
301 301 0.5000000000000004
302 302 2.1428571428571432
303 303 1.9285714285714286
304 304 1.5000000000000002
305 305 -1.7142857142857144
306 306 0.21428571428571463
307 307 0.0714285714285714
308 308 5.642857142857143
309 309 -1.1428571428571428
310 310 -0.9285714285714286
311 311 -4.214285714285715
312 312 -5.142857142857142
313 313 4.0
314 314 0.2142857142857142
315 315 1.5714285714285714
316 316 1.8571428571428572
317 317 7.642857142857144
318 318 3.785714285714286
319 319 5.571428571428571
320 320 -2.571428571428572
321 321 -2.0
322 322 0.14285714285714257
323 323 0.8571428571428574
324 324 -2.928571428571429
325 325 -2.7142857142857144
326 326 -1.0
327 327 0.14285714285714324
328 328 1.2142857142857144
329 329 4.714285714285714
330 330 3.8571428571428568
331 331 4.142857142857144
332 332 -3.2857142857142865
333 333 0.42857142857142794
334 334 0.642857142857143
335 335 -1.9999999999999998
336 336 0.8571428571428572
337 337 1.142857142857143
338 338 1.0
339 339 -5.428571428571429
340 340 -4.642857142857142
341 341 -3.0714285714285716
342 342 -5.7857142857142865
343 343 0.8571428571428572
344 344 1.7857142857142858
346 346 -4.5
347 347 -1.4285714285714284
348 348 1.0
349 349 -2.3571428571428568
350 350 0.8571428571428568
351 351 -4.642857142857143
352 352 -2.071428571428571
353 353 0.07142857142857117
354 354 3.7142857142857144
355 355 -0.5714285714285716
356 356 0.4285714285714288
357 357 3.2142857142857144
358 358 10.857142857142858
359 359 0.6428571428571428
360 360 -4.214285714285714
361 361 0.5714285714285714
362 362 0.7857142857142858
363 363 -0.5714285714285716
364 364 -3.2142857142857144
365 365 -2.357142857142857
366 366 0.0714285714285714
367 367 -2.428571428571429
368 368 0.07142857142857117
369 369 1.1428571428571426
370 370 0.35714285714285743
371 371 1.2857142857142856
372 372 2.0
373 373 3.1428571428571432
374 374 -1.642857142857143
375 375 2.0
376 376 -1.0714285714285714
377 377 -1.5000000000000002
378 378 1.3571428571428572
379 379 2.7857142857142856
380 380 3.6428571428571423
381 381 -5.357142857142858
382 382 -2.571428571428571
383 383 -0.5714285714285716
384 384 -2.0
385 385 1.3571428571428572
386 386 3.928571428571429
387 387 0.642857142857143
388 388 5.0
389 389 -2.8571428571428568
390 390 0.3571428571428572
391 391 -2.7142857142857144
392 392 6.214285714285714
393 393 1.5714285714285712
394 394 1.5714285714285716
395 395 -0.8571428571428572
396 396 -2.071428571428571
397 397 -1.5714285714285712
398 398 1.142857142857143
399 399 0.3571428571428572
400 400 -3.3571428571428577
401 401 1.5000000000000002
402 402 1.142857142857143
403 403 -0.0714285714285714
404 404 -0.2857142857142858
405 405 -0.28571428571428537
406 406 6.214285714285714
407 407 -0.0714285714285714
408 408 -2.785714285714285
409 409 -0.9999999999999996
410 410 -1.7857142857142856
411 411 -6.428571428571429
412 412 -1.9285714285714286
413 413 4.928571428571429
414 414 4.571428571428571
415 415 -3.2857142857142856
416 416 6.714285714285714
417 417 -2.5
418 418 -2.2142857142857144
419 419 3.6428571428571432
420 420 3.428571428571429
421 421 -1.0714285714285716
422 422 2.6428571428571432
423 423 9.214285714285715
424 424 3.8571428571428577
425 425 3.214285714285714
426 426 -2.928571428571429
427 427 -3.857142857142858
428 428 2.5
429 429 -0.14285714285714235
430 430 4.357142857142858
431 431 4.357142857142858
432 432 1.9999999999999998
433 433 4.571428571428572
434 434 -4.642857142857143
436 436 -1.9285714285714286
437 437 -1.7857142857142858
438 438 -1.9285714285714286
439 439 2.214285714285715
440 440 -5.357142857142857
441 441 4.571428571428571
442 442 0.07142857142857117
443 443 0.3571428571428572
444 444 -0.3571428571428572
445 445 1.3571428571428572
446 446 -2.428571428571429
447 447 0.8571428571428574
448 448 -1.7857142857142858
449 449 0.2857142857142856
1 2 -2.0
1 7 -1.7857142857142858
1 50 2.0
1 77 2.0
2 3 -0.5714285714285714
2 7 2.0
2 8 2.0
2 98 -0.9285714285714286
2 121 0.9285714285714286
3 4 -2.0
3 8 -1.3571428571428572
3 9 -2.0
3 147 1.3571428571428572
3 176 -1.7857142857142858
4 9 2.0
4 10 -2.0
4 203 1.7857142857142858
4 231 -1.3571428571428572
5 6 1.7857142857142858
5 11 -1.3571428571428572
5 307 1.7857142857142858
5 335 0.9285714285714286
6 11 0.9285714285714286
6 12 -1.3571428571428572
6 364 0.9285714285714286
6 392 -1.3571428571428572
7 8 -0.9285714285714286
7 77 -0.5714285714285714
7 98 0.5714285714285714
8 9 -1.3571428571428572
8 121 0.9285714285714286
8 147 -2.0
9 10 -1.7857142857142858
9 176 1.7857142857142858
9 203 2.0
10 231 0.5714285714285714
11 12 1.7857142857142858
11 364 1.3571428571428572
12 392 -0.9285714285714286
13 20 -2.0
13 58 -0.5714285714285714
13 77 -2.0
13 82 2.0
14 15 -1.7857142857142858
14 21 -2.0
14 147 -1.7857142857142858
14 154 2.0
14 176 -0.5714285714285714
15 16 -1.3571428571428572
15 21 -1.7857142857142858
15 22 1.7857142857142858
15 203 2.0
15 231 -1.3571428571428572
16 17 -0.5714285714285714
16 22 1.3571428571428572
16 23 -0.5714285714285714
16 287 -2.0
17 18 0.9285714285714286
17 23 1.3571428571428572
17 24 -1.7857142857142858
17 307 -0.9285714285714286
17 312 1.3571428571428572
17 335 1.3571428571428572
17 342 2.0
18 19 -1.7857142857142858
18 24 1.7857142857142858
18 25 1.3571428571428572
18 364 -1.7857142857142858
18 371 1.7857142857142858
18 392 -1.7857142857142858
18 399 -0.9285714285714286
19 25 0.5714285714285714
19 26 1.3571428571428572
19 413 -1.3571428571428572
19 428 -1.7857142857142858
20 77 2.0
20 82 -0.9285714285714286
20 98 1.7857142857142858
20 104 -0.9285714285714286
21 176 -2.0
21 203 -2.0
22 23 -0.9285714285714286
22 231 2.0
23 24 -2.0
23 287 2.0
23 307 0.9285714285714286
23 312 2.0
24 25 2.0
24 335 -0.9285714285714286
24 342 1.3571428571428572
24 364 0.9285714285714286
24 371 -2.0
25 26 1.3571428571428572
25 392 0.5714285714285714
25 399 1.7857142857142858
25 413 -1.3571428571428572
26 428 -0.9285714285714286
26 436 1.3571428571428572
27 28 1.3571428571428572
27 35 0.9285714285714286
27 51 -0.9285714285714286
27 58 -1.7857142857142858
27 78 0.5714285714285714
27 82 1.7857142857142858
28 29 0.5714285714285714
28 35 -1.3571428571428572
28 36 -0.5714285714285714
28 104 -1.3571428571428572
28 127 0.5714285714285714
29 30 0.5714285714285714
29 36 -0.5714285714285714
29 37 2.0
29 148 2.0
29 154 0.5714285714285714
29 177 -0.9285714285714286
30 31 1.7857142857142858
30 37 -0.5714285714285714
30 38 0.9285714285714286
30 204 2.0
30 232 2.0
31 32 0.9285714285714286
31 38 0.9285714285714286
31 260 -0.5714285714285714
31 287 -0.9285714285714286
32 33 -0.9285714285714286
32 39 0.9285714285714286
32 308 -1.3571428571428572
32 312 1.3571428571428572
32 336 0.9285714285714286
32 342 1.7857142857142858
33 34 1.3571428571428572
33 39 2.0
33 371 -1.7857142857142858
33 393 -1.3571428571428572
33 399 -1.3571428571428572
34 40 0.5714285714285714
34 407 1.3571428571428572
34 413 -1.7857142857142858
34 421 -0.5714285714285714
34 428 0.5714285714285714
35 36 -1.3571428571428572
35 82 -2.0
35 104 -0.5714285714285714
36 37 -2.0
36 127 -2.0
36 148 1.3571428571428572
36 154 -0.9285714285714286
37 38 -1.3571428571428572
37 177 0.5714285714285714
37 204 -0.5714285714285714
38 232 0.5714285714285714
38 260 1.3571428571428572
39 336 -0.9285714285714286
39 342 2.0
39 371 0.9285714285714286
40 421 -0.5714285714285714
40 428 -0.5714285714285714
40 443 -0.9285714285714286
41 42 -1.7857142857142858
41 59 -0.5714285714285714
41 78 1.7857142857142858
41 83 1.3571428571428572
42 43 -1.3571428571428572
42 105 -1.3571428571428572
42 128 -1.7857142857142858
43 47 -1.3571428571428572
43 148 0.9285714285714286
43 155 0.9285714285714286
43 177 -0.5714285714285714
43 183 1.7857142857142858
44 45 -0.9285714285714286
44 48 1.7857142857142858
44 308 -1.3571428571428572
44 313 -2.0
44 336 -1.7857142857142858
44 343 2.0
45 46 -1.7857142857142858
45 372 2.0
45 393 -1.3571428571428572
45 400 1.7857142857142858
46 49 1.3571428571428572
46 407 -1.7857142857142858
46 414 -1.7857142857142858
46 421 1.7857142857142858
46 429 1.7857142857142858
47 177 0.9285714285714286
47 183 1.3571428571428572
47 204 -1.3571428571428572
47 211 0.9285714285714286
48 336 1.7857142857142858
48 343 -2.0
48 372 -1.7857142857142858
49 421 1.7857142857142858
49 429 0.5714285714285714
50 51 1.7857142857142858
50 58 1.3571428571428572
51 52 2.0
51 59 -1.3571428571428572
52 53 1.7857142857142858
52 59 -0.5714285714285714
52 65 -1.7857142857142858
52 89 0.5714285714285714
53 54 1.7857142857142858
53 60 -2.0
53 61 -0.9285714285714286
53 134 -2.0
54 55 -1.3571428571428572
54 61 -0.9285714285714286
54 62 1.3571428571428572
54 161 -0.5714285714285714
54 190 -0.5714285714285714
55 56 1.7857142857142858
55 62 1.3571428571428572
55 63 2.0
55 244 -0.9285714285714286
56 57 -0.5714285714285714
56 63 -0.9285714285714286
56 64 -0.9285714285714286
56 269 1.7857142857142858
56 293 -1.7857142857142858
57 64 -0.9285714285714286
57 320 0.9285714285714286
57 348 -2.0
58 59 -0.5714285714285714
59 60 0.5714285714285714
59 65 1.3571428571428572
60 61 -1.3571428571428572
60 89 2.0
61 62 -1.7857142857142858
61 134 -0.5714285714285714
61 161 2.0
62 63 -2.0
62 190 -0.5714285714285714
63 64 -1.7857142857142858
63 244 -2.0
63 269 -1.3571428571428572
64 293 -2.0
64 320 0.9285714285714286
65 66 -0.5714285714285714
65 72 -1.7857142857142858
65 79 2.0
65 83 0.5714285714285714
66 67 -2.0
66 72 1.7857142857142858
66 73 2.0
66 105 -0.9285714285714286
66 122 1.3571428571428572
66 128 1.7857142857142858
67 73 1.7857142857142858
67 74 -1.3571428571428572
67 149 -1.7857142857142858
67 155 -1.7857142857142858
67 178 1.3571428571428572
67 183 -2.0
68 74 1.7857142857142858
68 75 -0.5714285714285714
68 205 0.9285714285714286
68 211 -1.3571428571428572
68 233 -2.0
68 239 -0.5714285714285714
69 70 0.5714285714285714
69 313 -1.3571428571428572
69 337 -1.7857142857142858
69 343 0.5714285714285714
70 71 -1.3571428571428572
70 76 0.9285714285714286
70 365 1.3571428571428572
70 372 -2.0
70 400 1.7857142857142858
71 76 -1.3571428571428572
71 408 0.5714285714285714
71 414 -1.7857142857142858
71 422 -0.5714285714285714
71 429 0.9285714285714286
72 73 -0.9285714285714286
72 79 -1.3571428571428572
72 83 -2.0
73 74 -1.7857142857142858
73 122 -0.5714285714285714
73 128 -0.5714285714285714
73 149 0.9285714285714286
73 155 -0.5714285714285714
74 75 -1.3571428571428572
74 178 1.7857142857142858
74 183 -2.0
74 205 -1.7857142857142858
74 211 -0.9285714285714286
75 233 2.0
75 239 -2.0
76 400 1.7857142857142858
76 408 0.9285714285714286
76 414 -0.5714285714285714
77 78 -2.0
77 82 -1.3571428571428572
78 79 -1.3571428571428572
78 82 2.0
78 83 -0.5714285714285714
79 80 -1.3571428571428572
79 83 -0.9285714285714286
79 84 -1.3571428571428572
79 89 -0.5714285714285714
79 93 -2.0
80 84 1.3571428571428572
80 85 0.9285714285714286
80 134 -1.3571428571428572
80 141 2.0
81 88 0.5714285714285714
81 320 0.5714285714285714
81 327 -2.0
81 348 1.7857142857142858
81 356 -1.7857142857142858
82 83 -1.7857142857142858
83 84 -1.3571428571428572
84 85 -1.7857142857142858
84 89 0.9285714285714286
84 93 1.7857142857142858
85 86 -1.3571428571428572
85 134 -2.0
85 141 1.7857142857142858
85 161 -1.3571428571428572
85 168 -1.3571428571428572
86 87 1.3571428571428572
86 190 -1.3571428571428572
86 196 2.0
87 88 2.0
87 244 -0.9285714285714286
87 252 -0.5714285714285714
87 269 2.0
87 276 -0.9285714285714286
88 320 0.9285714285714286
88 327 -2.0
89 90 -2.0
89 93 2.0
90 93 2.0
90 94 -0.9285714285714286
90 106 -1.3571428571428572
90 122 0.5714285714285714
90 129 0.9285714285714286
91 96 -0.5714285714285714
91 314 -2.0
91 337 0.9285714285714286
91 344 0.9285714285714286
92 97 -1.7857142857142858
92 408 0.5714285714285714
92 415 2.0
92 422 -1.7857142857142858
92 430 0.9285714285714286
93 94 0.9285714285714286
93 106 1.7857142857142858
94 122 -1.7857142857142858
94 129 -1.7857142857142858
94 149 -2.0
94 156 0.9285714285714286
95 233 -0.5714285714285714
96 337 2.0
96 344 2.0
96 365 -1.3571428571428572
97 422 2.0
97 430 -1.7857142857142858
97 437 0.5714285714285714
97 444 0.9285714285714286
98 104 0.9285714285714286
99 100 1.7857142857142858
99 106 -0.5714285714285714
99 107 -0.9285714285714286
99 109 -1.7857142857142858
99 135 0.9285714285714286
99 141 -1.3571428571428572
100 101 -0.9285714285714286
100 107 -1.3571428571428572
100 168 1.7857142857142858
100 196 1.3571428571428572
101 102 0.9285714285714286
101 108 -1.3571428571428572
101 218 0.5714285714285714
101 245 -0.5714285714285714
101 252 -2.0
102 103 1.7857142857142858
102 108 -1.7857142857142858
102 270 2.0
102 276 1.3571428571428572
102 294 0.9285714285714286
103 321 1.7857142857142858
103 327 0.5714285714285714
103 349 2.0
103 356 2.0
104 105 0.9285714285714286
105 106 1.3571428571428572
106 107 0.5714285714285714
106 109 0.9285714285714286
107 135 -1.3571428571428572
107 141 2.0
107 168 0.5714285714285714
108 245 -1.3571428571428572
108 252 -1.7857142857142858
108 270 -0.9285714285714286
108 276 -1.3571428571428572
109 110 0.9285714285714286
109 115 0.9285714285714286
109 123 -0.5714285714285714
109 129 -1.3571428571428572
110 111 1.3571428571428572
110 115 -0.5714285714285714
110 116 -2.0
110 150 -1.7857142857142858
110 156 0.9285714285714286
110 179 0.5714285714285714
110 184 -1.3571428571428572
111 112 0.9285714285714286
111 116 2.0
111 117 -1.7857142857142858
111 206 -0.9285714285714286
111 212 0.9285714285714286
111 234 0.5714285714285714
112 113 0.5714285714285714
112 117 -0.5714285714285714
112 261 -1.3571428571428572
112 282 0.5714285714285714
113 118 1.7857142857142858
113 309 0.5714285714285714
113 314 -1.3571428571428572
114 119 2.0
114 120 -1.7857142857142858
114 409 1.3571428571428572
114 415 2.0
114 423 -1.7857142857142858
114 430 0.9285714285714286
115 116 -1.7857142857142858
115 123 -1.7857142857142858
115 129 -1.7857142857142858
115 150 1.7857142857142858
115 156 -0.9285714285714286
116 117 0.5714285714285714
116 179 1.3571428571428572
116 184 -1.3571428571428572
116 206 -1.7857142857142858
116 212 1.7857142857142858
117 234 -0.9285714285714286
117 261 1.7857142857142858
118 119 -0.9285714285714286
118 338 -0.9285714285714286
118 344 -1.3571428571428572
119 120 0.9285714285714286
119 394 1.3571428571428572
119 401 1.3571428571428572
119 409 2.0
119 415 2.0
120 423 -0.9285714285714286
120 430 -1.3571428571428572
120 438 -1.7857142857142858
120 444 -1.3571428571428572
121 127 -0.9285714285714286
122 123 -1.3571428571428572
122 128 1.7857142857142858
122 129 -0.5714285714285714
123 124 0.9285714285714286
123 129 -0.9285714285714286
123 130 1.3571428571428572
123 135 -0.5714285714285714
123 142 0.9285714285714286
124 130 1.7857142857142858
124 131 -1.7857142857142858
124 169 -0.5714285714285714
124 191 -0.9285714285714286
124 197 -2.0
125 126 -1.7857142857142858
125 132 -1.7857142857142858
125 133 0.9285714285714286
125 270 0.5714285714285714
125 277 1.3571428571428572
125 294 -1.7857142857142858
125 300 -1.7857142857142858
126 133 -0.5714285714285714
126 321 0.5714285714285714
126 328 -1.3571428571428572
126 349 -1.7857142857142858
126 357 -0.5714285714285714
127 128 1.3571428571428572
128 129 -0.9285714285714286
130 131 0.5714285714285714
130 135 2.0
130 142 2.0
130 169 -1.3571428571428572
131 132 1.7857142857142858
131 191 2.0
131 218 0.9285714285714286
131 224 2.0
132 133 -2.0
132 245 -2.0
132 253 -1.7857142857142858
132 270 2.0
132 277 -2.0
133 294 -1.3571428571428572
133 300 -1.3571428571428572
133 321 -1.3571428571428572
133 328 -1.3571428571428572
134 135 -2.0
134 141 2.0
135 141 0.9285714285714286
135 142 1.7857142857142858
136 137 -1.7857142857142858
136 142 0.5714285714285714
136 143 -2.0
136 150 -2.0
136 157 0.5714285714285714
136 179 1.3571428571428572
136 185 0.5714285714285714
137 138 -1.3571428571428572
137 143 -0.9285714285714286
137 144 1.3571428571428572
137 206 0.5714285714285714
137 213 2.0
137 234 1.3571428571428572
137 240 1.3571428571428572
138 139 -0.5714285714285714
138 144 -0.9285714285714286
138 145 1.3571428571428572
138 261 2.0
138 264 -2.0
138 282 0.9285714285714286
138 288 1.3571428571428572
139 145 -0.5714285714285714
139 315 1.3571428571428572
139 338 -1.3571428571428572
139 345 1.3571428571428572
140 146 0.9285714285714286
140 409 -0.5714285714285714
140 416 1.3571428571428572
140 423 -1.7857142857142858
140 431 0.5714285714285714
141 142 -0.9285714285714286
142 143 -2.0
142 150 0.9285714285714286
142 157 -2.0
143 144 -0.5714285714285714
143 179 2.0
143 185 -0.9285714285714286
143 206 0.9285714285714286
143 213 1.3571428571428572
144 145 -1.3571428571428572
144 234 0.5714285714285714
144 240 -0.9285714285714286
144 261 0.5714285714285714
144 264 -0.9285714285714286
145 282 2.0
145 288 2.0
145 309 0.5714285714285714
145 315 -2.0
146 423 -2.0
146 431 0.9285714285714286
146 438 0.5714285714285714
146 445 -2.0
147 148 -0.9285714285714286
147 154 -1.3571428571428572
148 149 1.3571428571428572
148 154 -2.0
148 155 -1.7857142857142858
149 150 -0.9285714285714286
149 155 1.3571428571428572
149 156 -1.3571428571428572
150 151 0.5714285714285714
150 156 0.9285714285714286
150 157 -0.9285714285714286
151 152 -1.7857142857142858
151 157 0.5714285714285714
151 158 -0.5714285714285714
151 162 0.5714285714285714
151 169 2.0
151 192 -1.3571428571428572
151 197 -1.7857142857142858
152 158 -0.5714285714285714
152 159 -1.3571428571428572
152 219 -0.5714285714285714
152 224 2.0
152 246 -0.9285714285714286
152 253 0.5714285714285714
153 160 -1.3571428571428572
153 322 1.7857142857142858
153 328 2.0
153 350 -1.3571428571428572
153 357 0.9285714285714286
154 155 0.9285714285714286
155 156 2.0
156 157 -1.7857142857142858
157 158 2.0
157 162 -2.0
157 169 0.9285714285714286
158 159 -0.9285714285714286
158 192 -2.0
158 197 -0.9285714285714286
158 219 -0.9285714285714286
158 224 -0.5714285714285714
159 160 -1.3571428571428572
159 246 -2.0
159 253 2.0
159 271 -1.7857142857142858
159 277 -0.9285714285714286
160 295 0.5714285714285714
160 300 -0.9285714285714286
160 322 1.3571428571428572
160 328 1.3571428571428572
161 168 1.7857142857142858
162 163 -1.7857142857142858
162 169 1.7857142857142858
162 170 -1.7857142857142858
162 185 1.7857142857142858
163 164 -0.5714285714285714
163 170 0.9285714285714286
163 171 1.7857142857142858
163 207 -0.5714285714285714
163 213 -1.3571428571428572
163 235 -0.9285714285714286
163 240 -1.3571428571428572
164 165 -1.7857142857142858
164 171 2.0
164 172 0.5714285714285714
164 264 -1.3571428571428572
164 288 -2.0
165 166 0.5714285714285714
165 172 -0.5714285714285714
165 173 2.0
165 315 0.9285714285714286
165 339 0.5714285714285714
165 345 -1.3571428571428572
166 167 1.7857142857142858
166 173 1.3571428571428572
166 174 1.7857142857142858
166 367 -0.9285714285714286
166 373 -0.5714285714285714
166 395 0.9285714285714286
166 402 -0.5714285714285714
167 174 -1.3571428571428572
167 175 0.9285714285714286
167 416 -1.3571428571428572
167 424 -1.3571428571428572
167 431 -0.9285714285714286
168 169 0.5714285714285714
169 170 0.5714285714285714
170 180 -1.7857142857142858
170 185 -1.7857142857142858
170 207 0.9285714285714286
170 213 -0.5714285714285714
171 172 -1.3571428571428572
171 235 -0.5714285714285714
171 240 1.3571428571428572
171 264 -1.3571428571428572
172 173 -1.7857142857142858
172 283 0.9285714285714286
172 288 1.7857142857142858
172 315 -0.9285714285714286
173 174 -2.0
173 339 0.9285714285714286
173 367 -0.5714285714285714
173 373 -1.3571428571428572
174 175 2.0
174 395 -0.5714285714285714
174 402 -1.7857142857142858
174 416 -1.3571428571428572
175 424 -1.7857142857142858
175 431 -1.3571428571428572
175 439 -0.9285714285714286
175 445 2.0
176 177 0.5714285714285714
177 178 -2.0
177 183 -0.5714285714285714
178 179 -1.3571428571428572
178 183 0.5714285714285714
178 184 1.7857142857142858
179 180 0.9285714285714286
179 184 -2.0
179 185 1.3571428571428572
180 181 -0.5714285714285714
180 185 0.5714285714285714
180 186 0.9285714285714286
180 192 -0.5714285714285714
180 198 -0.9285714285714286
181 182 -1.7857142857142858
181 186 2.0
181 187 -1.7857142857142858
181 219 -1.3571428571428572
181 225 -1.3571428571428572
181 246 1.7857142857142858
181 254 0.9285714285714286
182 187 -2.0
182 188 -1.7857142857142858
182 271 2.0
182 278 2.0
182 295 -0.9285714285714286
182 301 -1.7857142857142858
183 184 1.3571428571428572
184 185 1.3571428571428572
185 186 -2.0
186 187 2.0
186 192 -0.5714285714285714
186 219 -2.0
186 225 -1.7857142857142858
187 188 2.0
187 246 2.0
187 254 0.5714285714285714
187 271 0.5714285714285714
187 278 -1.3571428571428572
188 189 1.7857142857142858
188 295 1.7857142857142858
188 301 0.9285714285714286
188 322 -1.3571428571428572
188 329 -2.0
189 350 1.3571428571428572
189 358 -2.0
189 380 -0.5714285714285714
190 191 -1.3571428571428572
190 196 2.0
191 192 -0.5714285714285714
191 196 1.7857142857142858
191 197 2.0
192 193 -0.9285714285714286
192 197 -1.7857142857142858
192 198 1.7857142857142858
193 198 -0.9285714285714286
193 199 -0.9285714285714286
193 207 2.0
193 214 -2.0
193 235 0.5714285714285714
194 200 0.5714285714285714
194 316 -1.3571428571428572
194 339 1.3571428571428572
194 346 2.0
195 201 -0.9285714285714286
195 202 1.3571428571428572
195 417 1.7857142857142858
195 424 -0.9285714285714286
195 432 0.5714285714285714
196 197 -1.3571428571428572
197 198 -0.9285714285714286
198 199 -1.7857142857142858
198 207 -1.3571428571428572
198 214 0.9285714285714286
199 200 -2.0
199 235 -0.9285714285714286
199 265 1.7857142857142858
200 283 1.7857142857142858
200 289 0.9285714285714286
200 316 1.3571428571428572
201 202 2.0
201 395 2.0
201 403 0.5714285714285714
201 417 0.9285714285714286
202 424 2.0
202 432 -0.9285714285714286
202 439 -2.0
202 446 -2.0
203 204 2.0
204 205 -0.9285714285714286
204 211 -0.5714285714285714
205 206 -1.3571428571428572
205 211 2.0
205 212 -1.3571428571428572
206 207 -0.9285714285714286
206 212 2.0
206 213 -2.0
207 213 0.5714285714285714
207 214 0.5714285714285714
208 209 -1.7857142857142858
208 214 1.7857142857142858
208 215 -0.9285714285714286
208 220 2.0
208 225 -0.9285714285714286
208 247 2.0
208 254 -1.7857142857142858
209 215 -1.7857142857142858
209 216 1.7857142857142858
209 272 -0.5714285714285714
209 278 -2.0
209 296 -2.0
209 301 0.9285714285714286
210 216 -1.7857142857142858
210 217 1.7857142857142858
210 329 -0.9285714285714286
210 351 1.7857142857142858
210 358 -2.0
211 212 -0.9285714285714286
212 213 -0.5714285714285714
213 214 0.9285714285714286
214 215 -0.9285714285714286
214 220 -2.0
214 225 1.7857142857142858
215 216 1.7857142857142858
215 247 -2.0
215 254 1.7857142857142858
215 272 1.7857142857142858
215 278 0.9285714285714286
216 217 1.3571428571428572
216 296 0.9285714285714286
216 301 2.0
216 329 1.3571428571428572
217 351 -0.9285714285714286
217 358 -2.0
217 381 0.9285714285714286
218 219 -0.5714285714285714
218 224 2.0
219 220 -2.0
219 224 -0.9285714285714286
219 225 -0.9285714285714286
220 225 -1.7857142857142858
220 226 -2.0
221 222 -1.7857142857142858
221 227 1.7857142857142858
221 228 -1.3571428571428572
221 316 1.7857142857142858
221 340 1.3571428571428572
221 346 -0.5714285714285714
222 223 0.5714285714285714
222 228 0.9285714285714286
222 229 1.7857142857142858
222 368 -0.5714285714285714
222 374 1.7857142857142858
222 396 -0.5714285714285714
222 403 1.3571428571428572
223 230 0.9285714285714286
223 410 -1.7857142857142858
223 425 -2.0
223 432 2.0
224 225 -1.7857142857142858
225 226 0.5714285714285714
226 227 0.9285714285714286
226 236 1.7857142857142858
226 262 1.7857142857142858
226 265 1.7857142857142858
227 228 1.7857142857142858
227 284 -0.9285714285714286
227 289 1.7857142857142858
227 316 -0.9285714285714286
228 229 -0.5714285714285714
228 340 -0.9285714285714286
228 346 1.3571428571428572
228 368 2.0
228 374 0.5714285714285714
229 230 -0.9285714285714286
229 396 2.0
229 403 -1.3571428571428572
229 410 -0.5714285714285714
229 417 -1.3571428571428572
230 425 0.5714285714285714
230 432 0.5714285714285714
230 440 0.5714285714285714
230 446 1.7857142857142858
231 232 -2.0
232 233 0.9285714285714286
232 239 -1.3571428571428572
233 234 -0.5714285714285714
233 239 -0.5714285714285714
234 235 0.5714285714285714
234 240 -1.3571428571428572
235 236 0.9285714285714286
235 240 -0.5714285714285714
236 237 1.3571428571428572
236 241 -1.3571428571428572
236 247 1.3571428571428572
236 255 -0.9285714285714286
237 238 -1.7857142857142858
237 241 0.9285714285714286
237 242 -0.5714285714285714
237 272 1.7857142857142858
237 279 -1.3571428571428572
237 296 1.3571428571428572
237 302 0.9285714285714286
238 242 1.7857142857142858
238 243 -1.3571428571428572
238 330 -0.9285714285714286
238 351 0.5714285714285714
238 359 1.3571428571428572
241 242 -0.9285714285714286
241 247 1.7857142857142858
241 255 0.9285714285714286
241 279 0.5714285714285714
242 243 1.3571428571428572
243 351 1.3571428571428572
243 359 2.0
243 381 2.0
243 387 2.0
244 252 0.9285714285714286
245 246 -1.7857142857142858
245 252 0.9285714285714286
245 253 -1.7857142857142858
246 247 -1.3571428571428572
246 253 -2.0
246 254 1.3571428571428572
247 248 -1.7857142857142858
247 254 -2.0
247 255 1.3571428571428572
248 249 1.3571428571428572
248 255 -0.5714285714285714
248 256 1.7857142857142858
248 262 2.0
248 266 1.7857142857142858
248 284 0.9285714285714286
248 290 1.3571428571428572
249 250 -1.3571428571428572
249 256 -1.3571428571428572
249 257 -0.5714285714285714
249 317 -2.0
249 340 -0.9285714285714286
250 251 2.0
250 257 -1.3571428571428572
250 258 -0.9285714285714286
250 368 1.3571428571428572
250 375 -0.5714285714285714
250 396 1.7857142857142858
250 404 0.9285714285714286
251 258 2.0
251 259 1.3571428571428572
251 410 0.5714285714285714
251 418 -1.7857142857142858
251 425 -0.5714285714285714
251 433 2.0
252 253 -2.0
253 254 0.9285714285714286
255 256 1.3571428571428572
255 262 1.7857142857142858
255 266 -0.5714285714285714
256 257 2.0
256 284 0.5714285714285714
256 317 -0.9285714285714286
257 258 -1.3571428571428572
257 340 1.7857142857142858
257 368 -1.3571428571428572
257 375 0.9285714285714286
258 259 0.9285714285714286
258 396 1.3571428571428572
258 404 2.0
258 410 -0.9285714285714286
258 418 1.7857142857142858
259 425 1.3571428571428572
259 433 0.5714285714285714
259 440 1.7857142857142858
259 447 -1.7857142857142858
261 264 -0.9285714285714286
262 265 1.7857142857142858
262 266 -0.9285714285714286
263 267 -1.3571428571428572
263 268 -1.3571428571428572
263 323 0.9285714285714286
263 330 -0.5714285714285714
263 352 0.9285714285714286
263 359 -0.9285714285714286
264 265 -1.3571428571428572
265 266 2.0
266 267 0.9285714285714286
266 279 -2.0
267 268 0.5714285714285714
267 302 -0.9285714285714286
267 323 -2.0
267 330 1.3571428571428572
268 352 0.5714285714285714
268 359 -1.7857142857142858
268 382 1.3571428571428572
268 387 -2.0
269 270 -1.7857142857142858
269 276 -1.7857142857142858
270 271 -1.7857142857142858
270 276 1.7857142857142858
270 277 -0.9285714285714286
271 272 2.0
271 277 0.9285714285714286
271 278 1.3571428571428572
272 278 -0.5714285714285714
272 279 1.3571428571428572
273 280 0.5714285714285714
273 281 0.5714285714285714
273 310 0.9285714285714286
273 317 -1.3571428571428572
274 275 -0.9285714285714286
274 281 -0.5714285714285714
274 369 -1.7857142857142858
274 375 -1.7857142857142858
274 397 -0.5714285714285714
274 404 -1.3571428571428572
275 411 1.3571428571428572
275 418 1.7857142857142858
275 433 -2.0
276 277 -1.3571428571428572
277 278 0.9285714285714286
278 279 0.9285714285714286
279 280 1.3571428571428572
280 281 -2.0
280 285 -2.0
280 290 -0.5714285714285714
280 310 1.3571428571428572
280 317 2.0
281 369 -2.0
281 375 -0.9285714285714286
282 283 0.9285714285714286
282 288 0.9285714285714286
283 284 2.0
283 288 0.9285714285714286
283 289 -2.0
284 285 -1.3571428571428572
284 289 1.7857142857142858
284 290 0.9285714285714286
285 286 1.3571428571428572
285 290 0.5714285714285714
285 291 0.5714285714285714
285 303 0.5714285714285714
286 291 0.9285714285714286
286 292 1.7857142857142858
286 323 0.5714285714285714
286 331 -2.0
286 352 1.7857142857142858
286 360 1.3571428571428572
288 289 0.5714285714285714
289 290 -1.3571428571428572
290 291 0.9285714285714286
291 292 -1.7857142857142858
291 303 1.7857142857142858
291 323 1.7857142857142858
291 331 -0.9285714285714286
292 360 -1.3571428571428572
292 382 -1.3571428571428572
292 388 -2.0
293 294 2.0
294 295 -1.7857142857142858
294 300 -2.0
295 296 0.5714285714285714
295 300 -1.7857142857142858
295 301 -1.7857142857142858
296 301 -1.3571428571428572
296 302 -1.3571428571428572
297 298 -1.7857142857142858
297 303 -0.9285714285714286
297 304 1.3571428571428572
297 318 -1.3571428571428572
298 299 1.3571428571428572
298 304 -1.7857142857142858
298 369 1.3571428571428572
298 376 -1.3571428571428572
298 397 1.7857142857142858
298 405 -0.9285714285714286
299 305 1.7857142857142858
299 306 -1.7857142857142858
299 411 2.0
299 419 0.5714285714285714
299 426 1.7857142857142858
299 434 2.0
301 302 0.5714285714285714
302 303 -1.3571428571428572
303 304 -2.0
303 310 -0.5714285714285714
303 318 0.5714285714285714
304 305 -0.9285714285714286
304 369 0.9285714285714286
304 376 0.9285714285714286
305 306 1.3571428571428572
305 397 -2.0
305 411 0.9285714285714286
305 419 0.5714285714285714
306 426 1.7857142857142858
306 434 2.0
306 441 -1.7857142857142858
306 448 -1.7857142857142858
307 308 -0.9285714285714286
307 312 -0.9285714285714286
308 313 -2.0
309 314 1.3571428571428572
309 315 -1.3571428571428572
310 311 -0.5714285714285714
310 317 -2.0
310 318 1.7857142857142858
311 318 1.3571428571428572
311 319 -2.0
311 324 0.9285714285714286
311 331 1.7857142857142858
311 353 0.9285714285714286
311 360 1.7857142857142858
312 313 1.3571428571428572
314 315 1.7857142857142858
315 316 -1.3571428571428572
316 317 -1.3571428571428572
317 318 -2.0
318 319 -0.5714285714285714
318 324 -1.7857142857142858
318 331 -1.7857142857142858
319 353 -0.5714285714285714
319 360 1.3571428571428572
319 383 -2.0
319 388 -1.7857142857142858
320 321 -1.3571428571428572
320 327 0.5714285714285714
321 327 1.7857142857142858
321 328 0.5714285714285714
322 328 -1.3571428571428572
322 329 -0.5714285714285714
323 324 0.5714285714285714
323 330 -1.3571428571428572
323 331 -1.3571428571428572
324 325 2.0
324 331 0.5714285714285714
324 332 -1.3571428571428572
324 341 2.0
325 326 -0.9285714285714286
325 332 0.9285714285714286
325 333 1.3571428571428572
325 370 1.7857142857142858
325 376 -2.0
325 398 -1.3571428571428572
325 405 0.9285714285714286
326 333 1.7857142857142858
326 334 -1.7857142857142858
326 412 0.9285714285714286
326 419 -0.9285714285714286
326 427 0.5714285714285714
326 434 1.3571428571428572
327 328 0.9285714285714286
328 329 -2.0
329 330 -0.5714285714285714
330 331 -1.7857142857142858
331 332 1.3571428571428572
332 333 -0.5714285714285714
332 341 0.9285714285714286
332 370 2.0
333 398 1.3571428571428572
333 405 -0.5714285714285714
333 412 -1.7857142857142858
333 419 -2.0
334 427 0.9285714285714286
334 434 -0.9285714285714286
334 442 0.5714285714285714
334 448 0.5714285714285714
335 336 2.0
335 342 -1.3571428571428572
336 337 -1.3571428571428572
336 342 -0.5714285714285714
336 343 -0.9285714285714286
337 338 -0.9285714285714286
337 343 0.9285714285714286
337 344 -0.9285714285714286
338 339 -0.9285714285714286
338 344 1.3571428571428572
338 345 1.7857142857142858
339 340 2.0
339 345 0.5714285714285714
339 346 0.9285714285714286
340 346 1.3571428571428572
341 347 0.5714285714285714
341 353 -1.7857142857142858
341 361 1.3571428571428572
342 343 0.5714285714285714
343 344 -2.0
344 345 -1.7857142857142858
345 346 -0.5714285714285714
347 353 2.0
347 361 -1.3571428571428572
347 383 -1.7857142857142858
347 389 2.0
348 349 -1.3571428571428572
348 356 0.5714285714285714
349 350 2.0
349 356 0.5714285714285714
349 357 0.9285714285714286
350 351 0.9285714285714286
350 357 -1.7857142857142858
350 358 -2.0
351 352 0.5714285714285714
351 358 -0.5714285714285714
351 359 0.9285714285714286
352 353 1.7857142857142858
352 359 -1.7857142857142858
352 360 -1.7857142857142858
353 354 -1.7857142857142858
353 360 1.3571428571428572
353 361 -2.0
354 355 1.3571428571428572
354 362 2.0
354 370 -1.7857142857142858
354 377 -0.5714285714285714
354 398 -0.9285714285714286
354 406 -2.0
355 362 -1.7857142857142858
355 363 1.7857142857142858
355 412 -1.3571428571428572
355 420 0.5714285714285714
355 427 1.3571428571428572
355 435 -1.3571428571428572
356 357 -1.7857142857142858
357 358 -0.9285714285714286
358 359 -1.3571428571428572
359 360 0.9285714285714286
360 361 0.5714285714285714
361 370 -0.9285714285714286
361 377 1.7857142857142858
362 363 -0.5714285714285714
362 398 -2.0
362 406 1.3571428571428572
362 412 2.0
362 420 -1.7857142857142858
363 427 2.0
363 435 -2.0
363 442 -2.0
363 449 1.3571428571428572
364 371 1.7857142857142858
365 366 0.5714285714285714
365 372 1.7857142857142858
366 367 1.3571428571428572
366 373 -2.0
367 368 1.7857142857142858
367 373 1.3571428571428572
367 374 -0.5714285714285714
368 369 -0.5714285714285714
368 374 -0.9285714285714286
368 375 -1.7857142857142858
369 370 -1.7857142857142858
369 375 1.3571428571428572
369 376 1.3571428571428572
370 376 0.9285714285714286
370 377 -0.5714285714285714
371 372 -2.0
373 374 -0.5714285714285714
374 375 1.3571428571428572
375 376 -0.5714285714285714
376 377 1.7857142857142858
377 389 -0.9285714285714286
378 385 -1.3571428571428572
379 380 -2.0
379 385 0.5714285714285714
379 386 -1.3571428571428572
380 381 0.9285714285714286
380 386 -2.0
381 382 0.9285714285714286
381 387 0.5714285714285714
382 383 2.0
382 387 0.5714285714285714
382 388 -0.9285714285714286
383 388 0.5714285714285714
383 389 1.7857142857142858
384 390 -0.5714285714285714
384 391 1.3571428571428572
384 420 -0.5714285714285714
384 435 1.7857142857142858
385 386 -0.5714285714285714
387 388 -1.7857142857142858
388 389 0.9285714285714286
389 390 -0.9285714285714286
390 391 2.0
390 406 -1.7857142857142858
390 420 0.9285714285714286
391 435 1.3571428571428572
391 449 -2.0
392 393 -1.7857142857142858
392 399 -0.9285714285714286
393 399 2.0
393 400 0.9285714285714286
394 395 -0.5714285714285714
394 401 -1.7857142857142858
394 402 -0.5714285714285714
395 396 -1.3571428571428572
395 402 1.7857142857142858
395 403 -1.3571428571428572
396 397 -2.0
396 403 1.7857142857142858
396 404 -0.9285714285714286
397 398 2.0
397 404 0.5714285714285714
397 405 1.7857142857142858
398 405 1.7857142857142858
398 406 -2.0
399 400 -0.9285714285714286
400 401 -2.0
401 402 0.9285714285714286
402 403 -0.9285714285714286
404 405 -0.9285714285714286
405 406 -1.7857142857142858
407 408 -1.3571428571428572
407 413 0.9285714285714286
407 414 0.9285714285714286
408 409 0.5714285714285714
408 414 0.9285714285714286
408 415 0.5714285714285714
409 415 -0.5714285714285714
409 416 -1.7857142857142858
410 411 1.7857142857142858
410 417 0.9285714285714286
410 418 1.7857142857142858
411 412 1.7857142857142858
411 418 -2.0
411 419 0.5714285714285714
412 419 0.9285714285714286
412 420 -0.5714285714285714
413 414 -1.3571428571428572
414 415 -0.9285714285714286
415 416 -1.7857142857142858
416 417 -1.7857142857142858
417 418 2.0
418 419 -1.3571428571428572
419 420 -2.0
421 422 -2.0
421 428 2.0
421 429 -1.3571428571428572
422 423 -1.7857142857142858
422 429 0.9285714285714286
422 430 0.5714285714285714
423 424 -1.3571428571428572
423 430 -0.9285714285714286
423 431 1.3571428571428572
424 431 -1.3571428571428572
424 432 0.9285714285714286
425 426 -0.5714285714285714
425 432 -2.0
426 427 1.3571428571428572
426 433 -2.0
426 434 0.5714285714285714
427 434 -0.5714285714285714
427 435 -1.7857142857142858
428 429 -1.7857142857142858
429 430 -0.9285714285714286
430 431 -1.7857142857142858
431 432 -1.7857142857142858
432 433 -1.3571428571428572
433 434 -1.7857142857142858
434 435 2.0
436 443 0.5714285714285714
437 438 1.7857142857142858
437 444 -0.5714285714285714
438 439 0.5714285714285714
438 444 1.3571428571428572
438 445 -0.5714285714285714
439 440 0.9285714285714286
439 445 -1.3571428571428572
439 446 0.5714285714285714
440 441 0.5714285714285714
440 446 0.9285714285714286
440 447 0.5714285714285714
441 442 -1.3571428571428572
441 447 -2.0
442 448 1.7857142857142858
442 449 0.9285714285714286
445 446 0.5714285714285714
446 447 0.5714285714285714
447 448 1.7857142857142858
448 449 -0.5714285714285714
