989 4011
1 1 4.642857142857143
2 2 -0.4285714285714284
3 3 6.785714285714286
4 4 1.7142857142857144
5 5 -7.0
6 6 -6.642857142857142
7 7 3.2857142857142856
8 8 0.5
9 9 -1.714285714285714
10 10 2.357142857142857
11 11 2.714285714285715
12 12 -0.8571428571428568
13 13 2.3571428571428568
14 14 4.357142857142858
15 15 0.4285714285714284
16 16 -0.857142857142857
17 17 -4.285714285714286
18 18 2.642857142857143
19 19 0.35714285714285743
20 20 -0.2142857142857142
21 21 0.35714285714285743
22 22 -4.7142857142857135
23 23 -2.7857142857142865
24 24 -1.4285714285714284
25 25 -3.5000000000000004
26 26 -8.357142857142858
27 27 -3.8571428571428568
28 28 -2.3571428571428577
29 29 -3.571428571428572
30 30 -0.9999999999999996
31 31 -1.8571428571428572
32 32 -0.5714285714285714
33 33 -3.6428571428571432
34 34 -3.6428571428571423
35 35 1.142857142857143
36 36 -5.214285714285714
37 37 -3.5
38 38 0.5714285714285714
39 39 -4.428571428571429
40 40 0.8571428571428572
41 41 2.857142857142857
42 42 -0.6428571428571432
43 43 -0.2142857142857142
44 44 -6.857142857142857
45 45 -5.857142857142858
46 46 -4.071428571428571
47 47 1.8571428571428574
48 48 -0.8571428571428572
49 49 -0.2857142857142858
50 50 2.571428571428571
51 51 1.2857142857142858
52 52 0.4285714285714286
53 53 -6.714285714285715
54 54 -4.285714285714286
55 55 -1.0
56 56 2.6428571428571432
57 57 2.5
58 58 3.0
59 59 2.5714285714285716
60 60 -2.428571428571429
61 61 -0.4285714285714286
62 62 -0.4285714285714286
63 63 -4.214285714285714
64 64 0.4285714285714286
65 65 -1.5714285714285716
66 66 -5.642857142857143
67 67 -0.35714285714285765
68 68 0.4285714285714286
69 69 -3.0
70 70 0.6428571428571428
71 71 -3.1428571428571432
72 72 -2.220446049250313e-16
73 73 -2.428571428571429
74 74 -2.7857142857142856
75 75 1.1428571428571428
76 76 -5.142857142857144
77 77 -3.785714285714286
78 78 2.7142857142857144
79 79 -1.2142857142857144
80 80 4.785714285714286
81 81 -4.642857142857143
82 82 2.1428571428571432
83 83 12.214285714285715
84 84 4.7857142857142865
85 85 5.214285714285715
86 86 5.357142857142858
87 87 -6.714285714285714
88 88 0.1428571428571428
89 89 0.5714285714285714
90 90 -6.714285714285714
91 91 4.428571428571429
92 92 0.4285714285714286
93 93 5.928571428571429
94 94 -2.9285714285714284
95 95 -3.5714285714285716
96 96 1.2142857142857144
97 97 -3.5000000000000004
98 98 2.0714285714285716
99 99 -2.1428571428571432
100 100 8.428571428571429
102 102 -3.5
103 103 3.571428571428571
104 104 -4.285714285714285
105 105 2.7142857142857144
106 106 -4.142857142857142
107 107 0.2857142857142856
108 108 -1.7857142857142856
109 109 -4.0
110 110 -3.1428571428571432
111 111 3.9999999999999996
112 112 -1.7857142857142856
113 113 2.5
114 114 -0.28571428571428537
115 115 -0.9285714285714288
116 116 -2.571428571428572
117 117 0.0714285714285714
118 118 1.5714285714285716
119 119 0.3571428571428572
120 120 3.6428571428571432
121 121 -3.3571428571428563
122 122 2.2857142857142856
123 123 1.5000000000000004
124 124 1.2857142857142858
125 125 -2.7142857142857144
126 126 1.7857142857142858
127 127 1.0
128 128 1.3571428571428572
129 129 -2.357142857142857
130 130 0.9285714285714288
131 131 3.071428571428572
132 132 2.857142857142857
133 133 -0.5714285714285716
134 134 1.2857142857142856
135 135 2.2857142857142856
136 136 -1.1428571428571428
137 137 -3.857142857142857
138 138 0.9285714285714279
139 139 -3.428571428571429
140 140 -6.285714285714286
141 141 -9.357142857142858
142 142 1.7857142857142858
143 143 4.214285714285714
144 144 0.642857142857143
145 145 1.9285714285714284
146 146 1.3571428571428572
147 147 -2.357142857142857
148 148 4.928571428571429
149 149 2.2857142857142856
150 150 -1.9285714285714286
151 151 -2.357142857142857
152 152 -5.357142857142858
153 153 0.4285714285714288
154 154 2.357142857142857
155 155 3.1428571428571432
156 156 2.2857142857142856
157 157 -6.0
158 158 -0.5714285714285714
159 159 6.285714285714286
160 160 0.2857142857142858
161 161 -4.142857142857143
162 162 -3.2857142857142856
163 163 2.1428571428571432
164 164 5.428571428571429
165 165 3.3571428571428568
166 166 -8.142857142857142
167 167 -8.5
168 168 2.928571428571429
169 169 1.7857142857142856
170 170 3.857142857142857
171 171 2.928571428571429
172 172 -0.5
173 173 4.5
174 174 -3.357142857142857
175 175 -7.642857142857142
176 176 -1.4999999999999996
177 177 0.7142857142857142
178 178 -3.6428571428571432
179 179 -1.9999999999999998
180 180 0.9285714285714284
181 181 1.0
182 182 1.2857142857142858
183 183 2.7857142857142856
184 184 -0.357142857142857
185 185 4.642857142857143
186 186 2.2142857142857144
187 187 -1.0714285714285714
188 188 -1.3571428571428572
189 189 0.5000000000000002
190 190 1.0
191 191 1.0714285714285714
192 192 -6.357142857142858
193 193 -1.285714285714286
194 194 0.3571428571428572
195 195 1.0
196 196 -0.8571428571428572
197 197 -3.7142857142857144
198 198 1.1428571428571428
199 199 -2.2142857142857144
200 200 -0.8571428571428572
201 201 -4.142857142857143
202 202 -0.35714285714285765
203 203 -0.6428571428571428
204 204 -1.8571428571428572
205 205 -4.5
206 206 -2.571428571428571
207 207 -4.571428571428571
208 208 -0.7857142857142856
209 209 -1.1428571428571423
210 210 -2.6428571428571432
211 211 3.1428571428571432
212 212 1.7857142857142856
213 213 -0.857142857142857
214 214 -0.9285714285714286
215 215 -1.9285714285714286
216 216 4.714285714285714
217 217 -0.4285714285714286
218 218 -5.571428571428571
219 219 1.857142857142857
220 220 -1.3571428571428572
221 221 4.857142857142858
222 222 5.714285714285714
223 223 -1.7857142857142854
224 224 0.14285714285714302
225 225 3.2857142857142856
226 226 -0.2142857142857142
227 227 0.8571428571428572
228 228 6.214285714285715
229 229 -0.5
230 230 0.5
231 231 1.2857142857142858
232 232 1.9285714285714288
233 233 9.428571428571427
234 234 -0.9999999999999998
235 235 3.2857142857142856
236 236 0.5000000000000004
237 237 -0.2142857142857144
238 238 0.4285714285714284
239 239 4.285714285714286
240 240 6.714285714285714
241 241 5.785714285714286
242 242 5.571428571428571
243 243 -1.3571428571428568
244 244 0.07142857142857162
245 245 -1.7857142857142858
246 246 2.3571428571428568
247 247 1.0
248 248 2.785714285714286
249 249 -1.5000000000000002
250 250 2.0
251 251 -0.2142857142857144
252 252 0.28571428571428537
253 253 -1.5714285714285714
254 254 -2.1428571428571432
255 255 0.9285714285714286
256 256 -0.7142857142857142
257 257 -0.5714285714285716
258 258 -2.571428571428572
259 259 2.2857142857142856
260 260 -7.071428571428571
261 261 2.1428571428571432
262 262 3.500000000000001
263 263 3.571428571428571
264 264 0.1428571428571428
265 265 -0.3571428571428572
266 266 0.5
267 267 -1.357142857142857
268 268 -2.928571428571429
269 269 -3.7142857142857144
270 270 -3.0
271 271 4.142857142857143
272 272 0.8571428571428572
273 273 9.5
274 274 1.8571428571428572
275 275 -2.2142857142857144
276 276 2.6428571428571432
277 277 2.071428571428572
278 278 -0.6428571428571428
279 279 -0.2857142857142858
280 280 -6.285714285714286
281 281 6.142857142857142
282 282 0.28571428571428537
283 283 4.571428571428571
284 284 -0.7857142857142856
285 285 -6.785714285714286
286 286 0.6428571428571428
287 287 3.0714285714285716
288 288 -1.5
289 289 -4.285714285714286
290 290 3.7857142857142856
291 291 -2.857142857142857
292 292 4.928571428571428
293 293 -0.3571428571428572
294 294 -0.21428571428571486
295 295 -0.7142857142857146
296 296 7.714285714285714
297 297 4.285714285714286
298 298 6.000000000000001
299 299 10.571428571428573
300 300 -3.5
301 301 1.9285714285714284
302 302 -2.2142857142857144
303 303 -0.3571428571428572
304 304 -1.9285714285714288
305 305 4.642857142857143
306 306 -2.2857142857142856
307 307 -3.1428571428571432
308 308 -0.7857142857142856
309 309 -4.285714285714286
310 310 0.7857142857142858
311 311 -0.7142857142857142
312 312 1.0
313 313 4.642857142857143
314 314 -1.6428571428571428
315 315 3.571428571428572
316 316 5.714285714285714
317 317 -4.571428571428571
318 318 0.8571428571428577
319 319 5.642857142857142
320 320 3.857142857142857
321 321 -1.4285714285714288
322 322 1.9285714285714288
323 323 0.6428571428571437
324 324 1.2857142857142858
325 325 1.5714285714285714
326 326 6.0
327 327 1.7857142857142858
328 328 -1.642857142857143
329 329 4.142857142857142
330 330 2.7142857142857144
331 331 -3.071428571428571
332 332 3.0
333 333 4.571428571428571
334 334 3.1428571428571432
335 335 2.785714285714285
336 336 -6.500000000000001
337 337 -3.428571428571429
338 338 -0.5714285714285714
339 339 3.3571428571428577
340 340 2.0
341 341 3.6428571428571432
342 342 -4.428571428571429
343 343 -6.714285714285715
344 344 2.220446049250313e-16
345 345 -6.714285714285714
346 346 2.857142857142857
347 347 2.0714285714285716
348 348 0.2857142857142856
349 349 0.35714285714285743
350 350 -5.142857142857143
351 351 3.5
352 352 1.4285714285714286
353 353 6.714285714285714
354 354 -0.9285714285714286
355 355 2.714285714285714
356 356 4.142857142857143
357 357 5.214285714285714
358 358 0.7142857142857144
359 359 -3.571428571428571
360 360 5.642857142857142
361 361 -1.642857142857143
362 362 -3.428571428571428
363 363 3.7142857142857144
364 364 -4.071428571428571
365 365 -3.4999999999999996
366 366 -2.5
367 367 4.571428571428571
368 368 -4.071428571428571
369 369 -4.214285714285714
370 370 0.5
371 371 -0.642857142857143
372 372 0.6428571428571426
373 373 3.857142857142857
374 374 3.2857142857142856
375 375 0.7857142857142858
376 376 6.642857142857143
377 377 -0.8571428571428572
378 378 4.0
379 379 4.214285714285714
380 380 -5.5
381 381 3.3571428571428568
382 382 1.6428571428571428
383 383 -2.0
384 384 0.7857142857142858
385 385 -0.5
386 386 0.7142857142857137
387 387 4.714285714285714
388 388 0.5
389 389 4.357142857142858
390 390 0.9285714285714284
391 391 -4.071428571428571
392 392 -2.7142857142857144
393 393 -4.0
394 394 4.785714285714286
395 395 4.214285714285714
396 396 1.4285714285714286
397 397 2.571428571428571
398 398 3.1428571428571423
399 399 3.571428571428571
400 400 -0.8571428571428572
401 401 -4.5
402 402 -1.3571428571428572
403 403 -4.928571428571429
404 404 -0.857142857142857
405 405 1.4285714285714286
406 406 -0.4285714285714286
407 407 -1.142857142857143
408 408 6.0
409 409 -5.714285714285714
410 410 -3.1428571428571432
411 411 -1.5714285714285714
412 412 0.9285714285714286
413 413 -1.7857142857142856
414 414 3.2142857142857144
415 415 -1.7857142857142858
416 416 -1.5
417 417 -0.9285714285714284
418 418 -2.071428571428572
419 419 -2.2142857142857144
420 420 -2.0714285714285716
421 421 -7.0
422 422 3.642857142857143
423 423 2.2142857142857144
424 424 -0.4285714285714286
425 425 0.4285714285714284
426 426 -1.3571428571428572
427 427 3.2142857142857144
428 428 -4.642857142857143
429 429 -3.071428571428571
430 430 1.4999999999999993
431 431 6.714285714285714
432 432 -2.785714285714286
433 433 -0.5714285714285714
434 434 -7.428571428571429
435 435 -3.7857142857142856
436 436 -1.8571428571428577
437 437 3.6428571428571432
438 438 13.0
439 439 -0.9999999999999998
440 440 0.7142857142857144
441 441 6.642857142857142
442 442 3.2142857142857144
443 443 -3.500000000000001
444 444 2.9285714285714284
445 445 -0.7142857142857144
446 446 5.142857142857143
447 447 -3.357142857142857
448 448 -7.571428571428571
449 449 -3.5714285714285716
450 450 3.642857142857143
451 451 6.714285714285714
452 452 4.357142857142858
453 453 3.1428571428571432
454 454 -2.0
455 455 -0.2857142857142858
456 456 0.2142857142857142
457 457 1.7857142857142856
458 458 -2.2857142857142856
459 459 -3.6428571428571432
460 460 -0.2142857142857142
461 461 2.928571428571429
462 462 -4.5
463 463 -0.8571428571428568
464 464 -3.3571428571428568
465 465 2.8571428571428568
466 466 2.428571428571429
467 467 6.785714285714286
468 468 -3.5714285714285716
469 469 -0.5714285714285716
470 470 -5.785714285714286
471 471 5.857142857142858
472 472 2.7857142857142856
473 473 -3.285714285714286
474 474 -1.6428571428571428
475 475 0.7142857142857142
476 476 0.5714285714285714
477 477 -1.3571428571428574
478 478 2.0
479 479 2.7142857142857144
480 480 1.4285714285714286
481 481 -0.5714285714285716
482 482 4.428571428571429
483 483 4.857142857142858
484 484 5.928571428571429
485 485 -4.571428571428571
486 486 2.4285714285714284
487 487 6.857142857142858
488 488 4.285714285714286
489 489 -1.357142857142857
490 490 -1.5714285714285714
491 491 3.785714285714286
492 492 -2.928571428571429
493 493 1.4285714285714286
494 494 -2.3571428571428568
495 495 -1.2142857142857142
496 496 -1.9999999999999998
497 497 -3.0
498 498 -5.357142857142858
499 499 -0.2857142857142858
500 500 -0.07142857142857206
501 501 1.4999999999999998
502 502 1.5
503 503 -5.5
504 504 2.1428571428571432
505 505 1.7142857142857144
506 506 5.5
507 507 -1.714285714285715
508 508 0.1428571428571428
509 509 1.1428571428571426
510 510 8.142857142857142
511 511 -3.9999999999999996
512 512 6.071428571428571
513 513 -7.071428571428571
514 514 0.642857142857143
515 515 2.1428571428571423
516 516 3.0000000000000004
517 517 3.2142857142857144
518 518 1.0714285714285714
519 519 0.9285714285714286
520 520 1.6428571428571428
521 521 3.3571428571428577
522 522 -0.9285714285714286
523 523 -1.2142857142857144
524 524 -3.7857142857142856
525 525 5.857142857142857
526 526 -2.357142857142857
527 527 2.2857142857142856
528 528 1.4285714285714286
530 530 4.642857142857143
531 531 -1.0000000000000004
532 532 2.071428571428571
533 533 -0.2142857142857144
534 534 -3.2142857142857144
535 535 -4.7142857142857135
536 536 -4.857142857142857
537 537 0.5
538 538 -0.7857142857142856
539 539 -0.857142857142857
540 540 -2.2857142857142856
541 541 -4.0
542 542 4.714285714285714
543 543 -5.499999999999998
544 544 -8.714285714285715
545 545 3.071428571428571
546 546 -8.285714285714285
547 547 -1.9285714285714288
548 548 1.0714285714285714
549 549 0.8571428571428572
550 550 -5.285714285714286
551 551 0.9999999999999998
552 552 -7.428571428571429
553 553 5.285714285714286
554 554 -3.7857142857142865
555 555 0.0714285714285714
556 556 0.9285714285714286
557 557 -4.428571428571429
558 558 1.1428571428571428
559 559 1.7142857142857146
560 560 1.2142857142857144
561 561 1.2142857142857144
562 562 1.7857142857142858
563 563 3.785714285714286
564 564 5.2857142857142865
565 565 0.6428571428571432
566 566 5.0
567 567 -3.3571428571428577
568 568 -3.7857142857142865
569 569 -1.5000000000000002
570 570 5.142857142857143
572 572 5.0
573 573 2.8571428571428568
574 574 2.1428571428571432
575 575 3.7857142857142856
576 576 1.6428571428571428
577 577 5.7857142857142865
578 578 -8.5
579 579 -6.857142857142858
580 580 5.7857142857142865
581 581 -5.928571428571429
582 582 2.7142857142857144
583 583 3.3571428571428568
584 584 -4.928571428571429
585 585 5.5
586 586 4.785714285714286
587 587 -0.5714285714285712
588 588 -5.428571428571429
589 589 -7.714285714285714
590 590 1.6428571428571432
591 591 -5.428571428571429
592 592 2.2142857142857144
593 593 -3.5714285714285716
594 594 -2.071428571428572
595 595 -1.7857142857142856
596 596 -2.6428571428571432
597 597 -4.928571428571429
598 598 -0.2857142857142856
599 599 3.2857142857142856
600 600 0.6428571428571428
601 601 -2.0
602 602 -4.571428571428571
603 603 1.642857142857143
604 604 0.8571428571428568
605 605 -3.500000000000001
606 606 1.7857142857142858
607 607 -1.1428571428571426
608 608 1.0714285714285714
609 609 2.071428571428571
610 610 -7.714285714285715
611 611 -0.7142857142857144
612 612 0.2142857142857142
613 613 -2.0714285714285716
614 614 -0.5
615 615 -1.6428571428571428
616 616 -7.714285714285715
617 617 -9.928571428571429
618 618 -3.6428571428571423
619 619 1.142857142857143
620 620 -1.3571428571428572
621 621 -1.5714285714285716
622 622 0.4285714285714286
623 623 2.428571428571429
624 624 2.071428571428572
625 625 0.5714285714285714
626 626 -2.500000000000001
627 627 -2.9285714285714284
628 628 0.7857142857142856
629 629 -2.571428571428571
630 630 1.3571428571428572
631 631 -0.42857142857142905
632 632 1.0714285714285716
633 633 -1.2142857142857142
634 634 0.35714285714285676
635 635 1.7857142857142851
636 636 0.1428571428571428
637 637 3.3571428571428577
638 638 1.0
639 639 -0.4285714285714288
640 640 3.2857142857142856
641 641 1.0714285714285714
642 642 0.6428571428571428
643 643 -3.8571428571428568
644 644 -2.5714285714285716
645 645 -3.3571428571428568
646 646 8.928571428571429
647 647 2.428571428571428
648 648 3.5714285714285716
649 649 3.7857142857142856
650 650 -3.7857142857142856
651 651 2.5000000000000004
652 652 0.7857142857142856
653 653 0.5714285714285714
654 654 2.142857142857143
655 655 -3.428571428571428
656 656 2.0
657 657 -0.28571428571428537
658 658 -2.928571428571429
659 659 5.928571428571429
660 660 6.428571428571429
661 661 -0.5000000000000002
662 662 -1.8571428571428572
663 663 -1.2142857142857142
664 664 -4.214285714285714
666 666 -1.357142857142857
667 667 -0.1428571428571428
668 668 6.642857142857142
669 669 -4.428571428571429
670 670 4.142857142857142
671 671 5.642857142857142
672 672 -1.357142857142857
673 673 -2.0
674 674 -0.5714285714285714
675 675 2.928571428571429
676 676 3.5714285714285716
677 677 3.1428571428571432
678 678 0.8571428571428568
679 679 -0.5
681 681 -0.4285714285714284
682 682 -3.571428571428572
683 683 3.428571428571429
684 684 -7.071428571428571
685 685 3.6428571428571432
686 686 -4.714285714285714
687 687 -3.214285714285714
688 688 0.5714285714285714
689 689 2.7142857142857144
690 690 0.1428571428571428
691 691 -0.2142857142857144
692 692 2.2142857142857144
693 693 1.5
694 694 4.642857142857143
695 695 0.35714285714285743
696 696 -9.285714285714285
697 697 -2.1428571428571432
698 698 -3.8571428571428577
699 699 -0.8571428571428572
700 700 -1.0714285714285716
701 701 1.5714285714285716
702 702 2.857142857142857
703 703 -0.07142857142857162
704 704 -3.857142857142857
705 705 3.1428571428571432
706 706 0.5714285714285714
707 707 1.8571428571428572
708 708 -0.2857142857142856
709 709 -0.0714285714285714
710 710 -4.42857142857143
711 711 2.7857142857142856
712 712 4.142857142857143
713 713 0.2142857142857144
714 714 -7.642857142857142
715 715 -5.071428571428571
716 716 1.0714285714285712
717 717 4.428571428571429
718 718 1.1428571428571428
719 719 -2.071428571428571
720 720 -4.2857142857142865
721 721 -2.2142857142857144
722 722 2.071428571428571
723 723 3.428571428571429
724 724 4.785714285714286
725 725 -3.9285714285714293
726 726 -3.071428571428571
727 727 -1.928571428571429
728 728 -2.1428571428571423
729 729 9.285714285714285
730 730 2.1428571428571432
731 731 4.7857142857142865
732 732 -0.3571428571428572
733 733 -0.5714285714285714
734 734 5.785714285714286
735 735 3.571428571428572
736 736 0.3571428571428572
737 737 0.3571428571428572
738 738 -1.0000000000000002
739 739 5.142857142857143
740 740 -3.7857142857142856
741 741 -2.428571428571428
742 742 1.0000000000000004
743 743 0.642857142857143
744 744 2.2142857142857144
745 745 1.3571428571428572
746 746 -2.5
747 747 -5.571428571428571
748 748 -2.428571428571429
749 749 7.857142857142858
750 750 1.2142857142857142
752 752 -2.857142857142857
753 753 -2.5000000000000004
754 754 -7.071428571428571
755 755 -2.285714285714285
756 756 -4.714285714285715
757 757 -2.0714285714285716
758 758 0.21428571428571352
759 759 4.5
760 760 3.285714285714286
762 762 2.5
763 763 7.071428571428572
764 764 2.357142857142857
765 765 -2.500000000000001
766 766 -1.7142857142857144
767 767 -6.142857142857142
768 768 -9.714285714285714
769 769 -6.214285714285714
771 771 3.5
772 772 1.5714285714285718
773 773 3.5
774 774 -0.5714285714285714
775 775 -2.071428571428571
776 776 -2.357142857142857
777 777 1.5000000000000002
778 778 2.6428571428571432
779 779 1.0
780 780 4.142857142857142
781 781 -1.5714285714285714
782 782 3.071428571428572
783 783 -2.3571428571428568
784 784 -1.4285714285714288
785 785 5.571428571428572
786 786 8.785714285714285
787 787 -4.571428571428571
788 788 3.1428571428571432
789 789 0.7142857142857144
790 790 -3.7142857142857144
791 791 6.428571428571429
792 792 -1.642857142857143
793 793 3.2857142857142856
794 794 6.714285714285715
795 795 -3.3571428571428577
796 796 8.214285714285715
797 797 4.142857142857142
798 798 -1.9285714285714284
799 799 -5.142857142857142
800 800 -2.9285714285714284
801 801 -4.5
802 802 -0.2142857142857144
803 803 0.5
804 804 -1.2857142857142858
805 805 -2.1428571428571432
806 806 3.0714285714285716
807 807 4.357142857142858
808 808 1.0714285714285714
809 809 -1.285714285714286
810 810 0.1428571428571428
811 811 -0.35714285714285743
812 812 -6.214285714285715
813 813 0.1428571428571428
814 814 -4.071428571428571
815 815 1.0
816 816 -5.357142857142858
817 817 -1.5
818 818 -3.7857142857142856
819 819 -1.3571428571428572
820 820 0.8571428571428572
821 821 -1.285714285714286
822 822 -2.3571428571428568
823 823 -0.3571428571428572
824 824 4.5
825 825 -0.5714285714285716
826 826 -1.2142857142857142
827 827 8.428571428571427
828 828 0.9285714285714286
829 829 2.7142857142857144
830 830 -8.928571428571429
831 831 0.4285714285714286
832 832 4.2857142857142865
833 833 -0.4285714285714286
834 834 -0.6428571428571428
835 835 1.4285714285714284
836 836 -1.4285714285714284
837 837 3.2142857142857144
838 838 7.214285714285715
839 839 1.7857142857142858
840 840 0.6428571428571432
841 841 -4.2857142857142865
842 842 1.9285714285714286
843 843 0.6428571428571428
844 844 -1.7142857142857142
845 845 -4.785714285714286
846 846 2.8571428571428568
847 847 -3.571428571428571
848 848 1.2142857142857142
849 849 3.7142857142857144
850 850 0.2142857142857144
851 851 -6.928571428571429
852 852 0.4285714285714286
853 853 4.857142857142858
854 854 -0.6428571428571428
855 855 -5.857142857142858
856 856 1.0714285714285714
857 857 1.7142857142857146
858 858 3.7857142857142856
859 859 -3.0
860 860 1.5714285714285714
861 861 5.357142857142858
862 862 -0.4285714285714286
863 863 -0.5714285714285716
864 864 -4.071428571428572
865 865 -7.0
866 866 -7.071428571428571
867 867 -1.4285714285714288
868 868 -1.8571428571428572
869 869 -4.285714285714286
870 870 0.1428571428571428
871 871 1.1428571428571428
872 872 2.5
873 873 -5.428571428571429
874 874 -3.2857142857142856
875 875 0.5714285714285714
876 876 4.714285714285714
877 877 -2.928571428571428
878 878 5.214285714285714
879 879 4.857142857142858
880 880 4.214285714285714
881 881 3.142857142857143
882 882 2.6428571428571432
883 883 1.9285714285714288
884 884 -1.0
885 885 2.571428571428571
886 886 3.0
887 887 7.285714285714285
889 889 -2.3571428571428563
890 890 -5.142857142857143
891 891 2.5
892 892 -2.0
893 893 -0.5
894 894 -2.928571428571429
895 895 0.7142857142857142
896 896 2.5
897 897 -0.8571428571428565
898 898 1.2142857142857144
899 899 0.8571428571428577
900 900 -2.6428571428571432
901 901 1.7142857142857137
902 902 4.928571428571429
903 903 -2.928571428571429
904 904 -5.071428571428571
905 905 -0.7142857142857142
906 906 -8.42857142857143
907 907 0.14285714285714235
908 908 1.8571428571428572
909 909 2.5
910 910 -1.642857142857143
911 911 -0.4285714285714286
912 912 6.928571428571428
913 913 5.428571428571429
914 914 -2.071428571428571
915 915 2.071428571428571
916 916 0.5
917 917 4.428571428571429
918 918 2.0
919 919 -0.6428571428571426
920 920 2.5000000000000004
921 921 1.5
922 922 -5.142857142857143
923 923 -1.8571428571428572
924 924 0.7142857142857146
925 925 1.4285714285714286
926 926 8.071428571428571
927 927 -2.2142857142857144
928 928 -1.2857142857142858
929 929 4.071428571428571
930 930 -3.6428571428571423
931 931 2.571428571428571
932 932 3.3571428571428568
933 933 4.642857142857142
934 934 -0.7142857142857144
935 935 -8.142857142857142
936 936 -5.357142857142858
937 937 -3.428571428571429
938 938 -5.357142857142858
939 939 0.7142857142857144
940 940 2.928571428571429
941 941 -2.428571428571429
942 942 6.071428571428571
943 943 4.7142857142857135
944 944 5.285714285714286
945 945 -1.9285714285714288
946 946 -1.857142857142857
947 947 1.9285714285714284
948 948 -2.928571428571429
949 949 -2.357142857142857
950 950 -1.4285714285714286
951 951 -4.928571428571429
952 952 4.5
953 953 -6.2857142857142865
954 954 -2.571428571428572
955 955 -0.714285714285714
956 956 2.2857142857142856
957 957 6.857142857142858
958 958 -0.5
959 959 8.857142857142858
960 960 -1.0714285714285714
961 961 0.2857142857142858
962 962 -1.4285714285714286
963 963 -8.0
964 964 0.6428571428571432
965 965 -2.428571428571429
966 966 5.5
967 967 -5.0
968 968 3.8571428571428577
969 969 1.142857142857143
970 970 2.428571428571429
971 971 -1.9999999999999998
972 972 -3.357142857142857
973 973 -1.2142857142857144
974 974 6.714285714285715
975 975 -4.7142857142857135
976 976 -0.642857142857143
977 977 -0.7142857142857144
978 978 -1.8571428571428572
979 979 -6.428571428571428
980 980 0.2142857142857142
981 981 -7.428571428571428
982 982 6.285714285714286
983 983 7.928571428571428
984 984 -1.4285714285714284
985 985 2.8571428571428568
986 986 -1.857142857142857
987 987 -3.3571428571428577
988 988 -2.071428571428572
989 989 -4.571428571428572
1 2 -0.5714285714285714
1 11 -2.0
1 47 -0.9285714285714286
1 57 -1.3571428571428572
1 103 -1.7857142857142858
1 114 2.0
2 3 -1.7857142857142858
2 11 -0.9285714285714286
2 12 0.9285714285714286
2 166 0.5714285714285714
2 175 2.0
2 220 -1.7857142857142858
2 226 2.0
3 12 -1.3571428571428572
3 13 -2.0
3 280 0.5714285714285714
3 288 -1.7857142857142858
3 334 -1.7857142857142858
3 343 1.3571428571428572
4 5 -0.5714285714285714
4 486 -1.3571428571428572
4 496 2.0
4 524 -1.7857142857142858
5 6 2.0
5 568 1.7857142857142858
5 578 2.0
5 610 1.7857142857142858
6 7 0.9285714285714286
6 14 -0.5714285714285714
6 645 1.3571428571428572
6 655 2.0
6 681 0.9285714285714286
7 8 0.9285714285714286
7 14 -1.7857142857142858
7 15 -0.9285714285714286
7 719 1.3571428571428572
7 761 -1.7857142857142858
7 773 -2.0
8 9 -1.3571428571428572
8 15 1.3571428571428572
8 16 -1.7857142857142858
8 807 -2.0
8 818 2.0
8 850 -0.5714285714285714
8 859 0.9285714285714286
9 16 1.3571428571428572
9 17 -0.5714285714285714
9 890 0.9285714285714286
9 902 1.3571428571428572
9 936 0.5714285714285714
9 946 -0.5714285714285714
10 18 -1.7857142857142858
10 19 0.5714285714285714
10 83 -1.7857142857142858
10 92 -0.5714285714285714
10 143 -0.5714285714285714
10 154 1.7857142857142858
11 12 -1.7857142857142858
11 103 -0.9285714285714286
11 114 0.5714285714285714
11 166 1.7857142857142858
11 175 0.5714285714285714
12 13 0.9285714285714286
12 220 1.3571428571428572
12 226 -1.7857142857142858
12 280 0.5714285714285714
12 288 2.0
13 334 0.9285714285714286
13 343 -2.0
13 390 1.7857142857142858
13 399 -2.0
14 15 -2.0
14 681 -2.0
14 719 2.0
15 16 1.7857142857142858
15 761 1.3571428571428572
15 773 -1.3571428571428572
15 807 -2.0
15 818 1.3571428571428572
16 17 -0.9285714285714286
16 850 -1.3571428571428572
16 859 1.7857142857142858
16 890 2.0
16 902 -2.0
17 18 1.7857142857142858
17 936 -0.5714285714285714
17 946 2.0
17 978 0.5714285714285714
17 987 2.0
18 19 -2.0
18 38 1.3571428571428572
18 83 -2.0
19 143 -0.9285714285714286
19 154 0.5714285714285714
19 201 -0.5714285714285714
19 210 2.0
20 21 -1.7857142857142858
20 30 1.3571428571428572
20 260 2.0
20 271 -1.7857142857142858
20 318 -0.9285714285714286
20 328 1.3571428571428572
21 30 2.0
21 31 -1.3571428571428572
21 373 -1.7857142857142858
21 382 0.5714285714285714
21 425 2.0
22 23 1.3571428571428572
22 32 -1.7857142857142858
22 33 1.7857142857142858
22 548 -0.9285714285714286
22 559 1.3571428571428572
22 591 0.9285714285714286
22 600 2.0
23 24 -2.0
23 33 -0.9285714285714286
23 34 1.7857142857142858
23 628 1.3571428571428572
23 636 1.7857142857142858
23 672 -0.5714285714285714
24 25 1.3571428571428572
24 34 0.9285714285714286
24 35 -1.3571428571428572
24 698 0.5714285714285714
24 710 1.3571428571428572
24 752 0.5714285714285714
25 26 1.7857142857142858
25 35 0.9285714285714286
25 36 2.0
25 786 -2.0
25 798 -1.7857142857142858
25 829 -0.5714285714285714
25 841 1.7857142857142858
26 36 2.0
26 37 1.3571428571428572
26 869 0.5714285714285714
26 880 2.0
26 915 2.0
26 926 -1.3571428571428572
27 28 2.0
27 38 -0.5714285714285714
27 39 1.3571428571428572
27 74 2.0
27 125 -0.9285714285714286
28 29 0.9285714285714286
28 39 -2.0
28 40 -0.5714285714285714
28 184 0.9285714285714286
28 193 2.0
28 248 -0.9285714285714286
29 40 1.3571428571428572
29 302 -0.5714285714285714
29 309 0.9285714285714286
29 354 0.9285714285714286
30 31 1.7857142857142858
30 318 -1.7857142857142858
30 373 -0.5714285714285714
30 382 -1.7857142857142858
31 32 0.9285714285714286
31 425 0.9285714285714286
31 466 -1.7857142857142858
31 477 1.3571428571428572
32 33 -0.5714285714285714
32 506 -1.3571428571428572
32 548 1.3571428571428572
32 559 2.0
33 34 1.3571428571428572
33 591 1.3571428571428572
33 600 -0.5714285714285714
33 628 1.7857142857142858
33 636 -0.5714285714285714
34 35 -1.7857142857142858
34 672 0.5714285714285714
34 698 1.3571428571428572
34 710 -0.5714285714285714
35 742 -0.9285714285714286
35 752 -0.5714285714285714
35 786 0.5714285714285714
35 798 2.0
36 37 1.3571428571428572
36 829 -1.7857142857142858
36 841 2.0
36 869 0.5714285714285714
36 880 -0.9285714285714286
37 38 -2.0
37 926 -0.5714285714285714
37 958 2.0
37 969 1.3571428571428572
38 39 2.0
38 74 -1.3571428571428572
39 40 0.9285714285714286
39 125 1.3571428571428572
39 184 1.3571428571428572
39 193 -0.5714285714285714
40 248 -1.3571428571428572
40 302 0.5714285714285714
40 309 -1.7857142857142858
41 42 -2.0
41 51 0.5714285714285714
41 250 -2.0
41 311 0.5714285714285714
42 43 1.7857142857142858
42 51 -0.9285714285714286
42 52 1.7857142857142858
42 366 -2.0
42 419 2.0
43 44 -0.9285714285714286
43 52 -1.7857142857142858
43 53 0.9285714285714286
43 457 -1.7857142857142858
43 498 2.0
44 53 2.0
44 54 2.0
44 538 2.0
44 581 1.7857142857142858
45 46 1.3571428571428572
45 55 1.7857142857142858
45 691 0.9285714285714286
45 733 1.7857142857142858
46 55 1.7857142857142858
46 56 0.9285714285714286
46 777 2.0
46 821 -2.0
47 48 -0.9285714285714286
47 57 -2.0
47 950 2.0
48 49 1.7857142857142858
48 57 1.7857142857142858
48 59 -1.7857142857142858
49 50 0.9285714285714286
49 58 -2.0
49 177 0.9285714285714286
49 230 -1.3571428571428572
50 58 -0.5714285714285714
50 292 -2.0
50 347 -0.9285714285714286
51 52 -1.7857142857142858
51 311 -0.9285714285714286
51 366 1.7857142857142858
52 53 1.3571428571428572
52 419 2.0
52 457 -2.0
53 54 1.3571428571428572
53 498 2.0
53 538 -0.9285714285714286
54 581 0.9285714285714286
55 56 -1.7857142857142858
55 733 0.5714285714285714
55 777 -1.3571428571428572
56 821 -1.7857142857142858
57 59 -0.9285714285714286
58 230 1.3571428571428572
58 292 -1.7857142857142858
59 66 0.9285714285714286
59 104 0.5714285714285714
59 114 -1.3571428571428572
60 67 1.7857142857142858
60 68 1.3571428571428572
60 288 -0.9285714285714286
60 335 -1.7857142857142858
60 343 2.0
61 62 -1.3571428571428572
61 69 1.7857142857142858
61 496 0.5714285714285714
61 525 -0.5714285714285714
62 69 -0.5714285714285714
62 70 1.3571428571428572
62 569 -0.9285714285714286
62 578 1.3571428571428572
62 611 0.5714285714285714
63 64 -1.3571428571428572
63 71 2.0
63 72 1.7857142857142858
63 720 1.3571428571428572
63 762 -1.3571428571428572
63 773 1.7857142857142858
64 72 1.7857142857142858
64 808 0.9285714285714286
64 818 -1.3571428571428572
64 851 1.3571428571428572
64 859 -1.7857142857142858
65 74 0.9285714285714286
65 84 2.0
65 154 -1.3571428571428572
66 67 1.3571428571428572
66 104 2.0
66 114 -2.0
66 167 1.3571428571428572
66 175 2.0
67 68 -1.3571428571428572
67 221 -0.5714285714285714
67 226 0.9285714285714286
67 288 -1.7857142857142858
68 335 -2.0
68 343 2.0
68 391 0.9285714285714286
68 399 -1.3571428571428572
69 525 -2.0
69 569 1.7857142857142858
69 578 2.0
70 71 1.3571428571428572
70 611 -2.0
70 646 -1.3571428571428572
71 72 -2.0
71 720 1.7857142857142858
72 773 -1.3571428571428572
72 808 -2.0
72 818 1.7857142857142858
73 74 0.5714285714285714
73 937 0.9285714285714286
73 946 -2.0
73 979 2.0
73 987 0.9285714285714286
74 84 -1.3571428571428572
74 92 2.0
75 76 -0.5714285714285714
75 86 0.9285714285714286
75 261 -1.7857142857142858
75 271 -0.9285714285714286
75 319 -0.5714285714285714
75 328 1.7857142857142858
76 77 1.3571428571428572
76 374 0.5714285714285714
76 382 1.7857142857142858
76 426 2.0
77 78 -2.0
77 87 2.0
77 467 -1.3571428571428572
77 477 1.7857142857142858
77 507 2.0
78 87 -0.9285714285714286
78 88 0.5714285714285714
78 559 -0.5714285714285714
78 592 2.0
78 600 -1.7857142857142858
79 80 -0.9285714285714286
79 88 -0.5714285714285714
79 629 -2.0
79 636 2.0
79 666 1.7857142857142858
79 672 0.9285714285714286
80 81 -1.7857142857142858
80 89 -0.5714285714285714
80 699 -0.5714285714285714
80 710 1.7857142857142858
80 743 -0.9285714285714286
80 752 -1.7857142857142858
81 82 2.0
81 89 -1.3571428571428572
81 90 2.0
81 787 1.7857142857142858
81 798 -1.3571428571428572
81 830 1.3571428571428572
81 841 2.0
82 83 -1.7857142857142858
82 90 0.5714285714285714
82 91 -0.9285714285714286
82 880 -0.5714285714285714
82 916 0.5714285714285714
82 926 -2.0
83 84 -1.3571428571428572
83 91 -1.7857142857142858
83 92 -0.5714285714285714
83 959 -2.0
83 969 -0.9285714285714286
84 85 -1.3571428571428572
84 92 -0.9285714285714286
84 93 -1.7857142857142858
85 93 -0.5714285714285714
85 94 0.9285714285714286
85 185 -1.7857142857142858
85 193 -1.3571428571428572
85 239 -2.0
85 248 0.9285714285714286
86 319 -1.7857142857142858
86 328 -1.7857142857142858
86 374 -1.3571428571428572
86 382 -1.3571428571428572
87 88 1.7857142857142858
87 507 0.9285714285714286
87 549 2.0
87 559 0.9285714285714286
88 592 -0.5714285714285714
88 600 -1.3571428571428572
88 629 1.3571428571428572
88 636 -1.3571428571428572
89 90 0.9285714285714286
89 743 -0.9285714285714286
89 752 0.9285714285714286
89 787 -0.9285714285714286
89 798 1.3571428571428572
90 91 -0.5714285714285714
90 830 1.7857142857142858
90 841 2.0
91 92 -0.9285714285714286
91 916 0.9285714285714286
91 926 -2.0
91 959 -0.9285714285714286
91 969 1.7857142857142858
92 93 0.5714285714285714
93 94 -0.5714285714285714
93 185 -1.7857142857142858
93 193 -1.7857142857142858
94 95 2.0
94 239 1.3571428571428572
94 248 -1.3571428571428572
94 309 0.5714285714285714
95 355 -1.3571428571428572
95 408 0.9285714285714286
95 417 2.0
96 107 -0.9285714285714286
96 262 -1.3571428571428572
96 311 2.0
96 320 -0.9285714285714286
97 98 -1.3571428571428572
97 108 0.5714285714285714
97 457 2.0
97 468 0.9285714285714286
97 498 1.3571428571428572
98 99 -0.5714285714285714
98 108 0.5714285714285714
98 109 -1.7857142857142858
98 538 -0.9285714285714286
98 581 2.0
99 100 -2.0
99 109 2.0
99 110 1.7857142857142858
99 667 0.9285714285714286
100 101 -2.0
100 110 0.9285714285714286
100 111 -1.3571428571428572
100 691 0.9285714285714286
100 700 -1.3571428571428572
100 733 -1.7857142857142858
100 744 -1.7857142857142858
101 102 0.9285714285714286
101 111 -0.9285714285714286
101 112 -1.7857142857142858
101 777 -1.3571428571428572
101 788 2.0
101 821 1.7857142857142858
101 831 1.3571428571428572
102 103 -0.5714285714285714
102 112 1.7857142857142858
102 113 1.3571428571428572
102 870 -0.9285714285714286
102 917 0.9285714285714286
103 104 0.5714285714285714
103 113 -1.3571428571428572
103 114 2.0
103 950 -0.5714285714285714
103 960 -0.9285714285714286
104 105 -0.9285714285714286
104 114 0.5714285714285714
104 115 0.5714285714285714
104 126 0.9285714285714286
105 106 1.7857142857142858
105 115 -2.0
105 116 -1.3571428571428572
105 177 -0.5714285714285714
105 186 -0.5714285714285714
105 230 0.9285714285714286
106 116 1.7857142857142858
106 117 -0.9285714285714286
106 292 0.9285714285714286
106 303 -0.5714285714285714
106 347 0.5714285714285714
106 356 0.5714285714285714
107 311 -0.9285714285714286
107 320 1.7857142857142858
107 366 1.7857142857142858
107 375 -2.0
108 498 -1.3571428571428572
108 538 2.0
109 110 2.0
109 581 1.7857142857142858
110 111 -0.5714285714285714
110 667 -1.3571428571428572
110 691 -0.5714285714285714
110 700 0.9285714285714286
111 112 -2.0
111 733 0.9285714285714286
111 744 -2.0
111 777 0.5714285714285714
111 788 1.3571428571428572
112 113 2.0
112 821 1.3571428571428572
112 831 -0.9285714285714286
112 870 1.3571428571428572
113 114 -0.9285714285714286
113 917 -1.7857142857142858
113 950 -1.7857142857142858
114 115 -0.5714285714285714
115 116 2.0
115 126 -0.9285714285714286
115 177 0.9285714285714286
115 186 0.9285714285714286
116 117 1.7857142857142858
116 230 -2.0
116 292 -0.5714285714285714
116 303 0.9285714285714286
117 347 -1.3571428571428572
117 356 1.3571428571428572
117 400 -0.9285714285714286
118 126 -1.7857142857142858
118 127 0.9285714285714286
118 167 2.0
118 221 -1.3571428571428572
118 227 -1.3571428571428572
119 120 0.5714285714285714
119 128 -1.3571428571428572
119 391 1.3571428571428572
119 454 -0.9285714285714286
120 121 -1.3571428571428572
120 128 -1.3571428571428572
120 129 -0.5714285714285714
120 497 1.7857142857142858
120 525 -1.7857142857142858
120 535 -0.9285714285714286
121 122 1.7857142857142858
121 129 1.7857142857142858
121 130 2.0
121 569 -0.5714285714285714
121 579 0.5714285714285714
121 611 0.9285714285714286
121 619 -1.7857142857142858
122 130 -1.7857142857142858
122 131 -1.7857142857142858
122 646 -2.0
122 656 0.9285714285714286
122 688 0.5714285714285714
123 124 -1.7857142857142858
123 132 -1.3571428571428572
123 133 1.7857142857142858
123 808 0.5714285714285714
123 819 2.0
123 851 -1.3571428571428572
123 860 -1.3571428571428572
124 125 1.7857142857142858
124 133 -1.3571428571428572
124 134 0.9285714285714286
124 891 -1.7857142857142858
124 903 0.5714285714285714
124 937 0.9285714285714286
124 947 -0.5714285714285714
125 134 2.0
125 979 -0.5714285714285714
125 988 -0.9285714285714286
126 127 -1.3571428571428572
126 167 1.3571428571428572
127 221 -0.9285714285714286
127 227 0.9285714285714286
127 289 -0.5714285714285714
128 129 1.3571428571428572
128 454 1.3571428571428572
128 497 -1.3571428571428572
129 130 0.9285714285714286
129 525 -2.0
129 535 -0.9285714285714286
129 579 1.7857142857142858
130 131 -1.3571428571428572
130 611 -0.9285714285714286
130 619 0.5714285714285714
130 646 -0.9285714285714286
130 656 0.5714285714285714
131 132 -1.3571428571428572
131 688 -0.5714285714285714
131 720 2.0
132 133 -0.5714285714285714
132 762 1.3571428571428572
132 774 0.5714285714285714
132 808 -0.9285714285714286
132 819 -0.5714285714285714
133 134 -2.0
133 851 1.3571428571428572
133 860 1.3571428571428572
133 891 0.5714285714285714
133 903 -0.5714285714285714
134 937 -1.7857142857142858
134 947 -1.7857142857142858
134 979 1.3571428571428572
135 144 -0.9285714285714286
135 155 -2.0
135 202 2.0
135 211 -1.3571428571428572
136 137 1.3571428571428572
136 147 0.5714285714285714
136 261 0.5714285714285714
136 272 2.0
136 319 -1.3571428571428572
136 329 -2.0
137 138 1.3571428571428572
137 147 0.9285714285714286
137 374 -0.5714285714285714
137 383 -0.5714285714285714
137 426 1.3571428571428572
138 139 -2.0
138 148 -0.5714285714285714
138 467 -2.0
138 478 0.9285714285714286
138 507 1.3571428571428572
139 140 2.0
139 148 1.7857142857142858
139 149 2.0
139 549 -0.9285714285714286
139 560 0.5714285714285714
139 592 -2.0
139 601 2.0
140 149 -0.5714285714285714
140 150 1.7857142857142858
140 629 2.0
140 666 -0.9285714285714286
140 673 2.0
141 142 1.7857142857142858
141 151 -0.9285714285714286
141 152 2.0
141 787 1.3571428571428572
141 799 2.0
141 830 1.7857142857142858
141 842 1.3571428571428572
142 143 -1.7857142857142858
142 152 1.3571428571428572
142 153 0.5714285714285714
142 881 -1.7857142857142858
142 916 -0.5714285714285714
142 927 -1.3571428571428572
143 144 -0.9285714285714286
143 153 0.9285714285714286
143 154 -0.5714285714285714
143 959 0.5714285714285714
143 970 -0.9285714285714286
144 145 2.0
144 154 -1.3571428571428572
144 155 0.5714285714285714
145 146 -1.3571428571428572
145 155 2.0
145 156 -0.5714285714285714
145 185 -2.0
145 194 0.5714285714285714
145 239 -0.5714285714285714
145 249 -2.0
146 156 -0.5714285714285714
146 157 1.3571428571428572
146 355 -1.3571428571428572
146 365 0.5714285714285714
147 319 -1.3571428571428572
147 329 -1.3571428571428572
147 374 1.7857142857142858
147 383 1.7857142857142858
148 149 -1.7857142857142858
148 507 -2.0
148 549 -0.5714285714285714
148 560 -1.7857142857142858
149 150 -0.5714285714285714
149 592 -1.3571428571428572
149 601 -2.0
149 629 2.0
150 151 1.3571428571428572
150 666 -1.7857142857142858
150 673 -1.7857142857142858
150 699 2.0
150 711 0.9285714285714286
151 152 0.9285714285714286
151 743 -1.3571428571428572
151 787 1.7857142857142858
151 799 0.5714285714285714
152 153 -1.3571428571428572
152 830 2.0
152 842 -1.3571428571428572
152 881 1.7857142857142858
153 154 0.5714285714285714
153 916 0.5714285714285714
153 927 0.5714285714285714
153 959 -1.3571428571428572
153 970 -0.9285714285714286
154 155 -2.0
155 156 -1.3571428571428572
155 185 0.5714285714285714
155 194 -0.9285714285714286
156 157 1.7857142857142858
156 239 -2.0
156 249 1.7857142857142858
156 310 -1.3571428571428572
157 365 2.0
157 408 -0.9285714285714286
157 418 1.7857142857142858
158 159 0.9285714285714286
158 169 0.5714285714285714
158 251 -0.5714285714285714
158 262 -1.7857142857142858
158 312 -0.5714285714285714
158 320 2.0
159 160 -1.7857142857142858
159 169 -0.9285714285714286
159 170 -1.7857142857142858
159 375 -0.9285714285714286
159 427 -1.7857142857142858
160 161 0.9285714285714286
160 170 -2.0
160 171 0.5714285714285714
160 458 2.0
160 468 -0.9285714285714286
160 499 0.9285714285714286
161 162 0.9285714285714286
161 171 1.3571428571428572
161 172 1.3571428571428572
161 539 1.3571428571428572
161 582 -1.7857142857142858
162 163 1.7857142857142858
162 172 -0.9285714285714286
162 622 0.9285714285714286
162 667 0.5714285714285714
163 164 -1.7857142857142858
163 173 -1.7857142857142858
163 692 -0.9285714285714286
163 700 0.5714285714285714
163 734 -2.0
163 744 2.0
164 165 -1.7857142857142858
164 173 -2.0
164 788 -1.3571428571428572
164 822 0.5714285714285714
164 831 0.9285714285714286
165 166 1.7857142857142858
165 174 -0.5714285714285714
165 862 -0.5714285714285714
165 870 -2.0
165 906 1.7857142857142858
165 917 -2.0
166 167 1.7857142857142858
166 174 2.0
166 175 2.0
166 960 -1.7857142857142858
167 175 2.0
168 176 -1.3571428571428572
168 303 -2.0
168 348 1.7857142857142858
168 356 -1.3571428571428572
169 170 0.5714285714285714
169 312 -1.7857142857142858
169 320 -2.0
169 375 1.7857142857142858
170 171 -0.9285714285714286
170 427 -0.5714285714285714
170 458 -0.9285714285714286
170 468 1.7857142857142858
171 172 -0.5714285714285714
171 499 -2.0
171 539 -1.3571428571428572
172 582 2.0
172 622 -1.3571428571428572
173 734 2.0
173 744 -0.9285714285714286
173 788 -1.7857142857142858
174 175 -0.9285714285714286
174 906 1.7857142857142858
174 917 -0.9285714285714286
174 960 2.0
176 231 -0.9285714285714286
176 293 1.7857142857142858
176 303 2.0
177 186 -2.0
178 179 0.9285714285714286
178 187 2.0
178 188 0.9285714285714286
178 281 1.3571428571428572
178 289 1.3571428571428572
178 336 -2.0
178 344 -0.9285714285714286
179 180 2.0
179 188 -1.3571428571428572
179 189 -2.0
179 392 1.7857142857142858
179 444 -1.3571428571428572
179 454 2.0
180 181 -0.5714285714285714
180 189 2.0
180 190 -2.0
180 487 -1.7857142857142858
180 497 2.0
180 526 -2.0
180 535 -0.5714285714285714
181 190 -1.7857142857142858
181 579 -0.5714285714285714
181 612 1.3571428571428572
181 619 0.5714285714285714
182 183 -0.9285714285714286
182 191 -0.9285714285714286
182 721 0.5714285714285714
182 763 -0.9285714285714286
182 774 0.9285714285714286
183 191 -2.0
183 809 0.5714285714285714
183 819 0.9285714285714286
183 860 -1.3571428571428572
184 185 0.5714285714285714
184 192 -0.5714285714285714
184 193 -0.5714285714285714
184 988 -1.3571428571428572
185 193 1.7857142857142858
185 194 -2.0
186 187 -0.5714285714285714
187 188 -0.5714285714285714
187 227 2.0
187 281 -1.7857142857142858
188 189 0.5714285714285714
188 336 1.7857142857142858
188 344 -0.9285714285714286
188 392 0.9285714285714286
189 190 -0.9285714285714286
189 444 0.5714285714285714
189 454 2.0
189 487 -1.3571428571428572
189 497 -1.3571428571428572
190 526 0.5714285714285714
190 535 1.7857142857142858
190 579 1.3571428571428572
191 763 0.5714285714285714
191 774 -0.5714285714285714
191 809 0.9285714285714286
191 819 0.9285714285714286
192 193 1.7857142857142858
192 938 1.3571428571428572
192 947 1.7857142857142858
192 988 2.0
194 211 2.0
195 204 0.9285714285714286
195 272 -1.3571428571428572
195 329 -0.5714285714285714
196 205 1.7857142857142858
196 478 -0.9285714285714286
197 198 1.3571428571428572
197 206 0.5714285714285714
197 673 1.7857142857142858
198 199 -0.5714285714285714
198 207 -0.5714285714285714
198 711 -1.3571428571428572
199 200 2.0
199 207 1.3571428571428572
199 208 1.3571428571428572
199 799 -0.5714285714285714
199 842 -1.3571428571428572
200 201 1.7857142857142858
200 208 0.5714285714285714
200 209 -2.0
200 881 -0.5714285714285714
200 927 -0.9285714285714286
201 202 0.9285714285714286
201 209 0.5714285714285714
201 210 -0.5714285714285714
201 970 2.0
202 210 -0.5714285714285714
202 211 -2.0
203 212 2.0
203 213 -2.0
203 310 2.0
203 365 -1.3571428571428572
204 205 0.9285714285714286
204 329 -0.5714285714285714
204 383 0.5714285714285714
205 478 1.7857142857142858
206 601 2.0
207 208 1.7857142857142858
207 799 2.0
208 209 -1.7857142857142858
208 842 -0.5714285714285714
208 881 -0.5714285714285714
209 210 1.7857142857142858
209 927 2.0
209 970 0.5714285714285714
211 212 -1.7857142857142858
212 213 0.5714285714285714
212 249 -0.5714285714285714
212 310 -2.0
213 365 0.9285714285714286
213 418 1.3571428571428572
214 215 0.9285714285714286
214 251 -1.7857142857142858
214 263 -0.9285714285714286
214 312 1.7857142857142858
214 321 0.9285714285714286
215 216 0.5714285714285714
215 376 -1.3571428571428572
215 428 1.7857142857142858
216 223 -1.7857142857142858
216 458 -0.9285714285714286
216 469 -1.3571428571428572
216 499 -1.7857142857142858
216 508 0.5714285714285714
217 218 1.7857142857142858
217 224 0.5714285714285714
217 692 -2.0
217 701 2.0
217 734 -1.3571428571428572
217 745 -0.5714285714285714
218 219 0.9285714285714286
218 789 1.7857142857142858
218 822 2.0
218 832 -0.9285714285714286
219 220 1.3571428571428572
219 225 -1.7857142857142858
219 862 -0.5714285714285714
219 871 -1.3571428571428572
219 906 1.3571428571428572
219 918 -1.7857142857142858
220 225 1.7857142857142858
220 226 -1.3571428571428572
221 227 -2.0
222 228 -1.3571428571428572
222 229 -2.0
222 293 -1.7857142857142858
222 348 -0.5714285714285714
223 499 2.0
223 508 -1.3571428571428572
223 539 2.0
223 550 0.9285714285714286
224 734 -0.9285714285714286
224 745 -1.7857142857142858
224 789 2.0
225 226 -0.9285714285714286
225 906 -0.5714285714285714
225 918 -1.7857142857142858
226 227 1.3571428571428572
227 228 -1.7857142857142858
228 229 -0.9285714285714286
228 231 -0.9285714285714286
228 240 0.5714285714285714
228 293 -1.7857142857142858
229 348 0.9285714285714286
229 357 0.5714285714285714
229 401 1.3571428571428572
229 409 0.5714285714285714
230 231 0.5714285714285714
231 232 2.0
231 240 -2.0
232 233 -0.5714285714285714
232 240 -1.7857142857142858
232 241 1.3571428571428572
232 281 -0.9285714285714286
232 290 -2.0
232 336 1.3571428571428572
232 345 -1.3571428571428572
233 234 0.9285714285714286
233 241 -2.0
233 242 -2.0
233 392 -2.0
233 444 -2.0
233 455 -1.7857142857142858
234 235 0.5714285714285714
234 242 -1.7857142857142858
234 243 0.5714285714285714
234 487 -2.0
234 526 0.9285714285714286
234 536 1.7857142857142858
235 236 -1.7857142857142858
235 244 0.5714285714285714
235 580 -2.0
235 612 -2.0
235 620 1.3571428571428572
236 244 0.5714285714285714
236 245 2.0
236 647 -0.9285714285714286
236 657 0.5714285714285714
236 689 -0.9285714285714286
237 238 -0.5714285714285714
237 246 1.3571428571428572
237 820 -0.5714285714285714
238 247 -1.7857142857142858
238 892 1.7857142857142858
238 904 1.3571428571428572
238 938 0.5714285714285714
238 948 -1.7857142857142858
239 248 -2.0
239 249 0.9285714285714286
240 241 -0.9285714285714286
240 281 -2.0
240 290 -0.5714285714285714
241 242 0.9285714285714286
241 336 -2.0
241 345 -1.3571428571428572
241 392 -1.7857142857142858
242 243 2.0
242 444 -2.0
242 455 -1.3571428571428572
242 487 -1.3571428571428572
243 244 2.0
243 526 -0.9285714285714286
243 536 -0.9285714285714286
243 580 -1.3571428571428572
244 245 -0.9285714285714286
244 612 -1.3571428571428572
244 620 -1.3571428571428572
244 647 -1.3571428571428572
244 657 1.7857142857142858
245 246 0.9285714285714286
245 721 1.7857142857142858
245 731 -2.0
246 763 -2.0
246 775 0.9285714285714286
246 809 -1.7857142857142858
246 820 -1.7857142857142858
247 248 0.5714285714285714
247 938 -0.5714285714285714
247 948 -0.5714285714285714
247 989 1.3571428571428572
248 249 1.3571428571428572
250 251 -0.5714285714285714
250 262 0.5714285714285714
251 252 1.3571428571428572
251 263 1.7857142857142858
252 253 -0.5714285714285714
252 263 -0.9285714285714286
252 264 -0.5714285714285714
252 273 -1.3571428571428572
252 330 1.7857142857142858
253 254 1.3571428571428572
253 264 0.5714285714285714
253 265 -1.7857142857142858
253 436 2.0
254 255 -2.0
254 265 -0.9285714285714286
254 266 1.7857142857142858
254 479 0.5714285714285714
254 517 1.3571428571428572
255 256 0.9285714285714286
255 266 -1.7857142857142858
255 267 0.5714285714285714
255 602 1.3571428571428572
256 257 1.3571428571428572
256 267 -0.9285714285714286
256 268 -1.7857142857142858
256 637 0.5714285714285714
256 674 0.5714285714285714
257 258 -0.5714285714285714
257 268 1.7857142857142858
257 753 -2.0
258 259 1.3571428571428572
258 269 1.7857142857142858
258 800 2.0
258 843 -2.0
259 260 2.0
259 269 -1.3571428571428572
259 270 -0.9285714285714286
259 882 -2.0
259 928 -1.3571428571428572
260 261 0.5714285714285714
260 270 0.5714285714285714
260 271 1.3571428571428572
260 971 0.5714285714285714
261 271 -0.9285714285714286
261 272 -0.5714285714285714
262 263 -0.9285714285714286
263 264 -0.5714285714285714
263 273 -2.0
264 265 1.7857142857142858
264 330 -1.3571428571428572
265 266 0.9285714285714286
265 436 0.9285714285714286
265 479 -0.5714285714285714
266 267 0.5714285714285714
266 517 -2.0
267 268 2.0
267 602 0.9285714285714286
267 637 -1.7857142857142858
268 712 0.9285714285714286
269 270 0.9285714285714286
269 843 1.7857142857142858
269 882 0.5714285714285714
270 271 -0.9285714285714286
270 928 1.3571428571428572
270 971 2.0
271 272 -0.9285714285714286
273 274 -1.7857142857142858
273 283 -1.7857142857142858
273 313 -0.5714285714285714
273 321 -2.0
274 275 0.5714285714285714
274 284 0.9285714285714286
274 376 -2.0
274 420 -0.9285714285714286
274 428 1.3571428571428572
275 284 0.9285714285714286
275 285 1.7857142857142858
275 459 0.9285714285714286
275 469 -2.0
275 500 0.5714285714285714
275 508 -0.5714285714285714
276 285 -0.9285714285714286
276 286 -0.9285714285714286
276 540 -0.5714285714285714
276 550 -1.3571428571428572
276 583 0.5714285714285714
276 593 0.5714285714285714
277 278 2.0
277 701 -1.7857142857142858
277 735 -1.3571428571428572
277 745 -0.9285714285714286
278 279 -0.5714285714285714
278 287 -0.5714285714285714
278 778 0.5714285714285714
278 789 -1.3571428571428572
278 832 0.5714285714285714
279 280 1.3571428571428572
279 287 -1.3571428571428572
279 863 -1.3571428571428572
279 871 1.7857142857142858
279 907 -1.3571428571428572
279 918 1.7857142857142858
280 288 2.0
280 951 1.7857142857142858
281 282 -2.0
281 289 0.5714285714285714
281 290 -1.3571428571428572
282 290 -2.0
282 291 0.5714285714285714
282 294 1.3571428571428572
282 349 1.7857142857142858
283 284 -0.5714285714285714
283 313 -1.7857142857142858
283 321 1.3571428571428572
283 376 -1.7857142857142858
284 285 1.3571428571428572
284 420 -1.3571428571428572
284 428 -2.0
284 459 0.9285714285714286
284 469 0.5714285714285714
285 286 -0.9285714285714286
285 500 0.5714285714285714
285 508 1.7857142857142858
285 540 1.7857142857142858
285 550 1.3571428571428572
286 583 -0.5714285714285714
286 593 1.7857142857142858
287 832 -1.3571428571428572
287 863 -1.7857142857142858
287 871 2.0
288 289 2.0
289 290 0.9285714285714286
290 291 1.7857142857142858
290 294 -0.5714285714285714
291 349 -0.9285714285714286
291 357 -0.5714285714285714
291 409 2.0
292 293 -0.5714285714285714
292 303 -0.9285714285714286
293 294 1.7857142857142858
293 303 0.9285714285714286
294 295 -0.5714285714285714
294 304 -2.0
294 337 -1.7857142857142858
294 345 2.0
295 296 -2.0
295 304 -0.5714285714285714
295 393 2.0
295 445 0.9285714285714286
295 455 0.9285714285714286
296 297 -1.7857142857142858
296 305 -1.7857142857142858
296 488 -1.3571428571428572
296 527 -1.3571428571428572
296 536 0.5714285714285714
297 298 0.5714285714285714
297 305 -1.7857142857142858
297 306 0.9285714285714286
297 570 1.7857142857142858
297 580 -2.0
297 620 -2.0
298 299 -1.3571428571428572
298 306 -1.7857142857142858
298 307 0.9285714285714286
298 648 -2.0
298 657 -1.7857142857142858
298 689 -0.5714285714285714
299 300 -0.9285714285714286
299 307 -0.9285714285714286
299 722 -2.0
299 731 -1.7857142857142858
299 764 -1.7857142857142858
299 775 -1.7857142857142858
300 301 1.3571428571428572
300 810 -0.9285714285714286
300 820 2.0
300 852 2.0
301 308 -2.0
301 893 2.0
301 904 -0.5714285714285714
301 939 -1.3571428571428572
301 948 -1.3571428571428572
302 308 -1.7857142857142858
302 309 2.0
302 989 2.0
304 337 1.7857142857142858
304 345 1.3571428571428572
304 393 1.3571428571428572
305 306 -1.3571428571428572
305 527 0.9285714285714286
305 536 1.3571428571428572
305 570 -2.0
306 307 0.5714285714285714
306 620 2.0
306 648 0.5714285714285714
306 657 1.3571428571428572
307 689 1.3571428571428572
307 722 -0.5714285714285714
307 731 1.7857142857142858
308 309 2.0
308 939 -0.5714285714285714
308 948 1.3571428571428572
308 989 1.7857142857142858
309 310 0.5714285714285714
311 312 1.3571428571428572
311 320 -1.3571428571428572
312 313 -1.7857142857142858
312 320 -1.3571428571428572
312 321 1.3571428571428572
313 314 -1.3571428571428572
313 321 1.7857142857142858
313 322 0.9285714285714286
313 330 -0.9285714285714286
313 338 -0.9285714285714286
314 322 0.5714285714285714
314 323 0.9285714285714286
314 436 0.9285714285714286
314 446 0.5714285714285714
315 316 -1.7857142857142858
315 326 -0.9285714285714286
315 712 -1.7857142857142858
315 723 -1.3571428571428572
315 753 1.3571428571428572
315 765 0.9285714285714286
316 317 -0.5714285714285714
316 327 -0.5714285714285714
316 800 0.5714285714285714
316 811 -2.0
316 843 -1.3571428571428572
317 318 -0.9285714285714286
317 327 0.5714285714285714
317 882 0.5714285714285714
317 894 2.0
317 928 0.9285714285714286
317 940 2.0
318 319 2.0
318 328 1.3571428571428572
318 971 -0.5714285714285714
319 328 -2.0
319 329 -0.5714285714285714
320 321 -2.0
322 323 0.5714285714285714
322 330 -2.0
322 338 -2.0
323 324 -0.9285714285714286
323 436 0.5714285714285714
323 446 -1.7857142857142858
323 479 -1.3571428571428572
323 489 1.3571428571428572
324 325 -0.5714285714285714
324 517 -1.7857142857142858
324 528 2.0
325 326 -1.7857142857142858
325 602 1.3571428571428572
325 613 -0.5714285714285714
325 637 0.5714285714285714
325 649 -0.5714285714285714
326 674 -1.3571428571428572
326 712 -1.3571428571428572
326 723 -0.5714285714285714
327 843 0.9285714285714286
327 882 -1.7857142857142858
327 894 -0.9285714285714286
328 329 0.9285714285714286
330 331 -2.0
330 338 1.7857142857142858
331 338 1.3571428571428572
331 339 0.5714285714285714
331 377 2.0
331 420 0.5714285714285714
331 429 0.5714285714285714
332 341 -2.0
332 702 0.9285714285714286
332 735 -1.3571428571428572
332 746 -0.5714285714285714
333 334 -0.9285714285714286
333 342 1.7857142857142858
333 863 -1.3571428571428572
333 872 -1.3571428571428572
333 907 -0.9285714285714286
333 919 -1.7857142857142858
334 335 -1.3571428571428572
334 342 -2.0
334 343 2.0
334 951 1.3571428571428572
334 961 -1.3571428571428572
335 336 2.0
335 343 0.9285714285714286
335 344 -0.5714285714285714
336 337 2.0
336 344 2.0
336 345 1.3571428571428572
337 345 2.0
337 346 -1.7857142857142858
337 349 -0.5714285714285714
337 358 1.7857142857142858
338 339 -0.5714285714285714
338 377 0.9285714285714286
339 420 -0.9285714285714286
339 429 1.3571428571428572
339 459 -2.0
339 470 -1.7857142857142858
340 583 -2.0
341 735 -0.9285714285714286
341 746 2.0
341 778 -1.7857142857142858
341 790 -0.9285714285714286
342 343 1.7857142857142858
342 907 -0.5714285714285714
342 919 2.0
342 951 -0.5714285714285714
342 961 2.0
343 344 -1.3571428571428572
344 345 1.7857142857142858
345 346 0.9285714285714286
346 349 0.5714285714285714
346 358 -0.5714285714285714
346 410 -2.0
347 348 0.5714285714285714
347 356 -0.9285714285714286
348 349 -1.7857142857142858
348 356 -1.7857142857142858
348 357 0.5714285714285714
349 350 2.0
349 357 -2.0
349 358 0.5714285714285714
350 358 -1.3571428571428572
350 359 1.7857142857142858
350 445 1.7857142857142858
350 456 0.9285714285714286
351 360 -1.3571428571428572
351 361 0.5714285714285714
351 570 -1.7857142857142858
351 621 -0.9285714285714286
352 353 -1.7857142857142858
352 362 0.9285714285714286
352 732 1.7857142857142858
352 764 -0.5714285714285714
352 776 -1.7857142857142858
353 362 -1.3571428571428572
353 363 -1.7857142857142858
353 810 1.3571428571428572
353 852 -1.3571428571428572
353 861 -1.7857142857142858
354 355 -1.3571428571428572
354 364 1.3571428571428572
355 365 1.3571428571428572
356 357 -2.0
357 358 -1.7857142857142858
358 359 2.0
358 393 -1.3571428571428572
359 360 1.7857142857142858
359 445 -2.0
359 456 2.0
359 488 -2.0
360 361 -1.3571428571428572
360 527 -1.3571428571428572
360 537 -2.0
360 570 -1.3571428571428572
361 621 2.0
361 648 -0.9285714285714286
361 658 1.3571428571428572
362 363 0.5714285714285714
362 764 0.5714285714285714
362 776 1.7857142857142858
362 810 0.9285714285714286
363 364 0.9285714285714286
363 852 -2.0
363 861 -1.7857142857142858
363 893 -0.5714285714285714
363 905 0.9285714285714286
364 949 1.7857142857142858
366 375 0.9285714285714286
367 368 1.7857142857142858
367 377 -1.7857142857142858
367 378 -1.7857142857142858
367 384 -0.9285714285714286
367 437 -0.9285714285714286
367 446 -0.9285714285714286
368 369 1.3571428571428572
368 378 2.0
368 489 0.9285714285714286
368 528 -2.0
369 370 1.3571428571428572
369 379 1.3571428571428572
369 561 -0.9285714285714286
369 603 -0.9285714285714286
369 613 2.0
370 371 -0.5714285714285714
370 379 -1.7857142857142858
370 638 2.0
370 649 -0.9285714285714286
370 675 -0.5714285714285714
371 713 -0.9285714285714286
371 723 1.3571428571428572
371 754 1.3571428571428572
371 765 -0.5714285714285714
372 373 -0.5714285714285714
372 380 1.7857142857142858
372 381 -2.0
372 883 1.3571428571428572
372 929 0.5714285714285714
372 940 -1.7857142857142858
373 374 -1.3571428571428572
373 381 1.3571428571428572
373 382 -0.9285714285714286
374 382 -0.5714285714285714
374 383 -1.7857142857142858
375 376 -0.5714285714285714
376 377 -0.9285714285714286
377 378 -1.3571428571428572
377 384 2.0
378 437 -0.9285714285714286
378 446 -0.5714285714285714
378 489 -1.3571428571428572
379 603 -0.5714285714285714
379 613 -0.9285714285714286
379 638 -0.9285714285714286
379 649 -1.3571428571428572
380 381 1.3571428571428572
380 883 0.5714285714285714
380 894 1.7857142857142858
381 382 -1.3571428571428572
381 929 -0.9285714285714286
381 940 -1.7857142857142858
382 383 2.0
384 385 -0.9285714285714286
384 394 -0.5714285714285714
384 421 -0.9285714285714286
384 429 0.5714285714285714
385 386 -0.5714285714285714
385 394 -0.5714285714285714
385 395 -2.0
385 460 1.3571428571428572
385 470 0.9285714285714286
385 501 1.3571428571428572
385 509 0.9285714285714286
386 387 -2.0
386 396 -0.5714285714285714
386 541 1.7857142857142858
386 551 -1.3571428571428572
386 584 2.0
387 388 2.0
387 396 -1.3571428571428572
387 623 -1.3571428571428572
387 659 -2.0
388 397 -1.3571428571428572
388 693 -0.5714285714285714
388 702 -0.5714285714285714
389 390 0.5714285714285714
389 398 -2.0
389 864 -2.0
389 872 -1.3571428571428572
389 908 1.7857142857142858
389 919 -1.3571428571428572
390 391 -0.9285714285714286
390 398 2.0
390 399 -0.5714285714285714
390 952 -2.0
390 961 -1.7857142857142858
391 392 1.7857142857142858
391 399 0.9285714285714286
392 393 2.0
394 395 -1.3571428571428572
394 421 -0.9285714285714286
394 429 -1.3571428571428572
394 460 -1.3571428571428572
394 470 1.3571428571428572
395 396 -0.9285714285714286
395 501 0.5714285714285714
395 509 -2.0
395 541 0.5714285714285714
395 551 0.9285714285714286
396 584 2.0
396 623 -0.5714285714285714
397 736 -2.0
397 746 -0.5714285714285714
397 790 1.3571428571428572
398 399 -0.5714285714285714
398 908 -2.0
398 919 -2.0
398 952 -0.5714285714285714
398 961 2.0
400 401 1.7857142857142858
401 409 1.3571428571428572
402 410 1.3571428571428572
402 411 1.3571428571428572
402 456 -1.3571428571428572
403 404 1.7857142857142858
403 412 1.7857142857142858
403 621 1.3571428571428572
404 405 -1.7857142857142858
404 412 -2.0
404 413 0.5714285714285714
404 658 1.3571428571428572
404 690 0.9285714285714286
405 406 1.7857142857142858
405 413 0.5714285714285714
405 414 -0.9285714285714286
405 732 -2.0
405 776 0.9285714285714286
406 414 -0.9285714285714286
406 415 1.3571428571428572
406 861 -1.7857142857142858
407 408 -2.0
407 416 1.3571428571428572
407 417 1.7857142857142858
408 417 -2.0
408 418 -2.0
409 410 1.7857142857142858
410 411 2.0
411 456 -1.7857142857142858
412 413 2.0
412 621 -1.7857142857142858
412 658 -0.9285714285714286
413 414 -1.3571428571428572
413 690 0.9285714285714286
413 732 -0.9285714285714286
414 415 -0.5714285714285714
414 776 0.5714285714285714
415 416 1.3571428571428572
415 861 -0.9285714285714286
415 905 0.5714285714285714
416 417 -1.7857142857142858
416 949 0.5714285714285714
417 418 0.9285714285714286
419 427 -1.7857142857142858
420 421 1.3571428571428572
420 428 2.0
420 429 1.3571428571428572
421 422 1.3571428571428572
421 429 0.5714285714285714
421 430 1.7857142857142858
421 437 1.7857142857142858
421 447 2.0
422 430 -1.3571428571428572
422 431 -0.9285714285714286
422 490 -1.7857142857142858
422 518 -0.9285714285714286
423 432 0.9285714285714286
423 433 -1.7857142857142858
423 638 -2.0
423 650 2.0
423 675 -1.3571428571428572
424 425 -1.7857142857142858
424 435 1.3571428571428572
424 883 0.5714285714285714
424 895 -0.5714285714285714
424 929 -0.9285714285714286
424 941 1.7857142857142858
425 426 -2.0
425 435 1.3571428571428572
425 980 -0.9285714285714286
427 428 0.9285714285714286
428 429 0.5714285714285714
429 430 -0.5714285714285714
430 431 -2.0
430 437 -0.5714285714285714
430 447 -0.5714285714285714
430 490 1.7857142857142858
431 432 -0.5714285714285714
431 518 -0.5714285714285714
431 529 -1.7857142857142858
431 561 -1.7857142857142858
431 571 0.9285714285714286
432 433 0.9285714285714286
432 603 0.5714285714285714
432 614 0.9285714285714286
432 638 -1.7857142857142858
432 650 1.7857142857142858
433 434 0.9285714285714286
433 675 -0.5714285714285714
433 713 2.0
433 724 -0.9285714285714286
434 754 2.0
434 766 0.9285714285714286
434 801 1.7857142857142858
434 812 1.7857142857142858
435 929 -0.9285714285714286
435 941 2.0
436 437 -0.5714285714285714
436 446 -2.0
437 438 -2.0
437 446 1.3571428571428572
437 447 -1.7857142857142858
438 439 -1.7857142857142858
438 447 0.5714285714285714
438 448 -2.0
438 460 -1.7857142857142858
438 471 -2.0
438 501 -2.0
438 510 -2.0
439 440 -0.9285714285714286
439 448 1.3571428571428572
439 449 1.3571428571428572
439 541 -1.7857142857142858
439 552 1.3571428571428572
439 584 -0.5714285714285714
439 594 2.0
440 441 -1.3571428571428572
440 449 -1.3571428571428572
440 450 1.7857142857142858
440 623 0.9285714285714286
440 630 1.3571428571428572
440 659 -0.5714285714285714
440 668 -0.5714285714285714
441 442 -1.3571428571428572
441 450 -1.3571428571428572
441 451 -2.0
441 703 -0.5714285714285714
441 736 -1.3571428571428572
441 747 1.3571428571428572
442 443 0.9285714285714286
442 779 -1.3571428571428572
442 791 -1.7857142857142858
442 823 -0.5714285714285714
442 834 0.9285714285714286
443 452 -0.5714285714285714
443 864 1.7857142857142858
443 873 1.3571428571428572
443 908 1.3571428571428572
443 920 -1.3571428571428572
444 454 0.9285714285714286
444 455 0.9285714285714286
445 455 1.7857142857142858
445 456 -1.7857142857142858
446 447 -1.7857142857142858
447 448 2.0
447 460 2.0
447 471 0.9285714285714286
448 449 1.7857142857142858
448 501 2.0
448 510 -1.3571428571428572
448 541 2.0
448 552 1.7857142857142858
449 450 -0.9285714285714286
449 584 1.3571428571428572
449 594 1.3571428571428572
449 623 -0.5714285714285714
449 630 0.5714285714285714
450 451 -2.0
450 668 -2.0
450 693 -0.9285714285714286
450 703 1.7857142857142858
451 736 -1.3571428571428572
451 747 -1.3571428571428572
452 453 -1.7857142857142858
452 908 -1.3571428571428572
452 920 -1.7857142857142858
452 952 0.5714285714285714
452 962 0.5714285714285714
453 454 -1.3571428571428572
454 455 -2.0
455 456 1.7857142857142858
457 458 -1.7857142857142858
457 468 1.7857142857142858
458 459 0.5714285714285714
458 468 1.3571428571428572
458 469 2.0
459 460 -0.5714285714285714
459 469 1.7857142857142858
459 470 2.0
460 461 0.5714285714285714
460 470 1.7857142857142858
460 471 -1.7857142857142858
461 462 0.9285714285714286
461 471 -2.0
461 472 2.0
461 480 -2.0
461 490 -0.9285714285714286
461 519 -0.5714285714285714
461 529 -0.9285714285714286
462 472 -2.0
462 473 0.9285714285714286
462 562 1.3571428571428572
462 571 0.5714285714285714
462 604 1.3571428571428572
462 614 1.3571428571428572
463 464 1.7857142857142858
463 474 -1.3571428571428572
463 475 -1.3571428571428572
463 714 2.0
463 724 0.5714285714285714
463 755 -1.3571428571428572
463 766 0.5714285714285714
464 465 -1.7857142857142858
464 475 1.7857142857142858
464 476 2.0
464 802 -0.5714285714285714
464 812 0.9285714285714286
464 844 0.5714285714285714
464 853 -1.3571428571428572
465 466 -1.7857142857142858
465 476 -2.0
465 884 1.7857142857142858
465 895 0.9285714285714286
465 930 -0.9285714285714286
465 941 0.9285714285714286
466 467 0.5714285714285714
466 477 2.0
466 972 0.5714285714285714
466 980 -2.0
467 477 -2.0
467 478 -2.0
468 469 -1.3571428571428572
469 470 0.9285714285714286
470 471 0.5714285714285714
471 472 1.7857142857142858
471 480 -1.3571428571428572
471 490 -2.0
472 473 -1.7857142857142858
472 519 -1.7857142857142858
472 529 0.9285714285714286
472 562 -1.3571428571428572
472 571 -0.5714285714285714
473 474 2.0
473 604 1.7857142857142858
473 614 0.9285714285714286
473 639 -0.5714285714285714
474 475 1.3571428571428572
474 676 -1.7857142857142858
474 714 2.0
474 724 -0.5714285714285714
475 476 -0.5714285714285714
475 755 -1.3571428571428572
475 766 -1.7857142857142858
475 802 1.7857142857142858
475 812 -0.5714285714285714
476 844 2.0
476 853 -0.5714285714285714
476 884 -2.0
476 895 0.5714285714285714
477 478 -1.7857142857142858
479 489 -1.3571428571428572
480 481 0.5714285714285714
480 490 1.7857142857142858
480 491 0.9285714285714286
480 510 -1.3571428571428572
481 482 -1.3571428571428572
481 492 1.7857142857142858
481 542 1.3571428571428572
481 552 2.0
481 585 -1.7857142857142858
481 594 -2.0
482 483 -1.3571428571428572
482 492 0.5714285714285714
482 624 2.0
482 630 -0.9285714285714286
482 660 -2.0
482 668 -1.3571428571428572
483 484 -2.0
483 493 -0.9285714285714286
483 703 -0.5714285714285714
483 737 -1.7857142857142858
483 747 1.7857142857142858
484 485 0.9285714285714286
484 493 -2.0
484 494 1.7857142857142858
484 780 -2.0
484 791 -1.7857142857142858
484 824 -1.7857142857142858
484 834 0.9285714285714286
485 486 -0.9285714285714286
485 494 -0.5714285714285714
485 495 0.5714285714285714
485 873 2.0
485 909 0.5714285714285714
485 920 2.0
486 496 -1.3571428571428572
486 953 -0.5714285714285714
486 962 1.7857142857142858
487 488 -0.9285714285714286
487 497 0.5714285714285714
489 490 1.7857142857142858
490 491 0.9285714285714286
491 502 -1.3571428571428572
491 510 -1.3571428571428572
491 542 -2.0
491 552 -0.9285714285714286
492 585 -2.0
492 594 1.7857142857142858
492 624 1.3571428571428572
492 630 -0.5714285714285714
493 494 -0.9285714285714286
493 737 2.0
493 780 1.3571428571428572
493 791 -0.9285714285714286
494 495 0.9285714285714286
494 824 2.0
494 834 -1.7857142857142858
494 873 0.9285714285714286
495 496 -0.5714285714285714
495 909 0.5714285714285714
495 920 0.9285714285714286
495 953 0.5714285714285714
495 962 -1.7857142857142858
496 497 1.3571428571428572
498 499 1.3571428571428572
499 500 1.7857142857142858
499 508 -2.0
500 501 -1.3571428571428572
500 508 -0.5714285714285714
500 509 -0.9285714285714286
501 502 -0.9285714285714286
501 509 -0.5714285714285714
501 510 -0.5714285714285714
502 503 2.0
502 510 -0.9285714285714286
502 511 2.0
502 519 -1.3571428571428572
502 530 -0.9285714285714286
503 504 1.7857142857142858
503 511 1.7857142857142858
503 512 0.5714285714285714
503 562 -1.7857142857142858
503 572 -2.0
503 604 1.7857142857142858
503 615 1.3571428571428572
504 512 -2.0
504 513 0.5714285714285714
504 639 -2.0
504 651 -2.0
504 676 0.5714285714285714
504 682 0.9285714285714286
505 506 -2.0
505 515 2.0
505 516 -1.3571428571428572
505 884 2.0
505 896 -2.0
505 930 -0.9285714285714286
505 942 0.5714285714285714
506 507 -0.5714285714285714
506 516 -2.0
506 972 -0.9285714285714286
506 981 1.3571428571428572
508 509 2.0
509 510 -0.5714285714285714
511 512 1.3571428571428572
511 519 2.0
511 530 -1.3571428571428572
511 572 -1.7857142857142858
512 513 0.9285714285714286
512 604 -2.0
512 615 -0.9285714285714286
512 639 -2.0
512 651 -2.0
513 514 -1.3571428571428572
513 676 1.3571428571428572
513 682 1.7857142857142858
513 714 2.0
513 725 1.7857142857142858
514 515 0.9285714285714286
514 755 0.5714285714285714
514 767 -1.3571428571428572
514 802 0.5714285714285714
515 516 -1.3571428571428572
515 844 -2.0
515 854 -1.3571428571428572
515 884 -0.9285714285714286
515 896 0.5714285714285714
516 930 0.5714285714285714
516 942 -1.7857142857142858
516 972 2.0
516 981 0.9285714285714286
517 518 -1.3571428571428572
517 528 0.5714285714285714
518 519 2.0
518 528 -2.0
518 529 1.7857142857142858
519 520 -0.5714285714285714
519 529 -2.0
519 530 1.3571428571428572
520 521 0.5714285714285714
520 530 -0.5714285714285714
520 531 0.9285714285714286
520 542 -2.0
520 553 -2.0
520 585 2.0
521 522 -0.9285714285714286
521 531 -0.5714285714285714
521 624 -1.7857142857142858
521 631 1.3571428571428572
521 660 -2.0
522 532 -0.9285714285714286
522 704 0.9285714285714286
522 737 0.9285714285714286
522 748 0.9285714285714286
523 524 2.0
523 533 1.7857142857142858
523 534 -0.5714285714285714
523 874 0.5714285714285714
523 909 -0.5714285714285714
523 921 -2.0
524 525 -0.5714285714285714
524 534 1.7857142857142858
524 953 0.5714285714285714
524 963 1.7857142857142858
525 526 -0.9285714285714286
525 535 2.0
526 527 0.9285714285714286
526 535 2.0
526 536 1.7857142857142858
527 536 -2.0
527 537 0.5714285714285714
529 530 2.0
530 531 -2.0
530 542 -1.7857142857142858
530 553 -1.3571428571428572
531 585 -0.9285714285714286
531 624 1.7857142857142858
531 631 1.7857142857142858
532 533 1.3571428571428572
532 737 -0.5714285714285714
532 748 -1.3571428571428572
532 780 -0.5714285714285714
533 534 0.5714285714285714
533 824 -2.0
533 835 -0.9285714285714286
533 874 -0.5714285714285714
534 909 -2.0
534 921 2.0
534 953 -0.5714285714285714
534 963 2.0
535 536 1.3571428571428572
536 537 0.9285714285714286
538 539 -1.3571428571428572
539 540 -1.7857142857142858
539 550 2.0
540 541 2.0
540 550 1.7857142857142858
540 551 -0.9285714285714286
541 542 2.0
541 551 -2.0
541 552 -0.5714285714285714
542 543 -1.3571428571428572
542 553 -0.9285714285714286
543 544 1.7857142857142858
543 553 0.9285714285714286
543 554 1.3571428571428572
543 563 0.5714285714285714
543 572 1.7857142857142858
543 605 1.7857142857142858
543 615 -1.3571428571428572
544 545 -0.9285714285714286
544 554 1.7857142857142858
544 555 0.5714285714285714
544 640 0.9285714285714286
544 651 0.5714285714285714
544 677 2.0
544 682 2.0
545 546 -1.3571428571428572
545 555 1.7857142857142858
545 556 -1.7857142857142858
545 725 -0.5714285714285714
545 756 -2.0
545 767 1.7857142857142858
546 547 0.9285714285714286
546 556 1.7857142857142858
546 557 1.7857142857142858
546 803 1.3571428571428572
546 845 1.7857142857142858
546 854 2.0
547 548 -0.5714285714285714
547 557 0.9285714285714286
547 558 -0.5714285714285714
547 885 1.7857142857142858
547 896 0.9285714285714286
547 931 -0.9285714285714286
547 942 -0.5714285714285714
548 549 -1.7857142857142858
548 558 1.3571428571428572
548 559 -0.9285714285714286
548 973 1.3571428571428572
548 981 -0.9285714285714286
549 559 -1.3571428571428572
549 560 1.7857142857142858
550 551 0.5714285714285714
551 552 1.7857142857142858
552 553 2.0
553 554 -0.5714285714285714
553 563 -2.0
553 572 -1.3571428571428572
554 555 -2.0
554 605 1.7857142857142858
554 615 1.7857142857142858
554 640 -0.9285714285714286
554 651 0.5714285714285714
555 556 -1.7857142857142858
555 677 -2.0
555 682 2.0
555 725 1.3571428571428572
556 557 0.5714285714285714
556 756 1.7857142857142858
556 767 -0.5714285714285714
556 803 -0.9285714285714286
557 558 -0.5714285714285714
557 845 0.9285714285714286
557 885 -0.5714285714285714
557 896 1.3571428571428572
558 559 -1.3571428571428572
558 931 -1.3571428571428572
558 942 -0.5714285714285714
558 973 1.3571428571428572
558 981 0.5714285714285714
559 560 -1.7857142857142858
561 562 0.9285714285714286
561 571 0.5714285714285714
562 563 0.5714285714285714
562 571 -0.5714285714285714
562 572 -0.9285714285714286
563 564 -2.0
563 572 2.0
563 573 -0.9285714285714286
563 586 -2.0
564 565 0.5714285714285714
564 573 -1.3571428571428572
564 574 -1.7857142857142858
564 625 -1.3571428571428572
564 631 2.0
564 661 -1.3571428571428572
565 566 -1.7857142857142858
565 574 0.5714285714285714
565 575 -0.9285714285714286
565 704 0.9285714285714286
565 738 -0.5714285714285714
565 748 0.5714285714285714
566 567 -2.0
566 575 -0.9285714285714286
566 576 -1.7857142857142858
566 781 0.5714285714285714
566 792 2.0
566 825 0.9285714285714286
566 835 -2.0
567 568 1.3571428571428572
567 577 0.5714285714285714
567 865 2.0
567 910 2.0
567 921 -0.5714285714285714
568 577 -2.0
568 578 1.7857142857142858
568 954 1.7857142857142858
568 963 -0.9285714285714286
569 578 -0.5714285714285714
569 579 1.7857142857142858
570 580 -1.7857142857142858
571 572 -0.9285714285714286
572 573 -1.7857142857142858
573 586 0.5714285714285714
573 625 2.0
573 631 -1.3571428571428572
574 575 -1.3571428571428572
574 661 -0.9285714285714286
574 704 1.3571428571428572
575 576 -0.5714285714285714
575 738 -2.0
575 748 0.9285714285714286
575 781 -0.9285714285714286
575 792 2.0
576 577 -2.0
576 825 1.7857142857142858
576 835 -1.7857142857142858
576 865 1.7857142857142858
576 874 0.9285714285714286
577 578 1.3571428571428572
577 910 -0.5714285714285714
577 954 -1.7857142857142858
577 963 -1.3571428571428572
578 579 0.5714285714285714
579 580 1.3571428571428572
581 582 -0.5714285714285714
582 583 -1.7857142857142858
582 593 -0.5714285714285714
583 584 -1.3571428571428572
583 593 1.7857142857142858
584 585 0.5714285714285714
584 594 0.9285714285714286
585 586 -1.3571428571428572
585 594 -2.0
586 587 0.9285714285714286
586 595 -0.9285714285714286
586 605 -2.0
587 588 0.9285714285714286
587 595 -1.7857142857142858
587 596 -0.5714285714285714
587 640 -1.7857142857142858
587 652 1.3571428571428572
587 677 0.5714285714285714
587 683 0.9285714285714286
588 589 2.0
588 596 -0.5714285714285714
588 597 2.0
588 726 -0.9285714285714286
588 768 2.0
589 590 2.0
589 597 0.9285714285714286
589 598 0.5714285714285714
589 803 -1.3571428571428572
589 845 1.7857142857142858
589 855 1.7857142857142858
590 591 0.9285714285714286
590 598 -2.0
590 599 -1.7857142857142858
590 885 -1.7857142857142858
590 897 1.7857142857142858
590 931 -1.3571428571428572
590 943 0.5714285714285714
591 592 2.0
591 599 0.9285714285714286
591 600 2.0
591 973 -1.3571428571428572
591 982 -1.3571428571428572
592 600 -0.9285714285714286
592 601 -1.3571428571428572
595 596 1.7857142857142858
595 605 1.7857142857142858
595 652 0.9285714285714286
596 597 2.0
597 598 -1.3571428571428572
597 756 2.0
597 768 -2.0
597 803 1.3571428571428572
598 599 0.5714285714285714
598 845 1.7857142857142858
598 855 0.9285714285714286
598 885 -2.0
598 897 1.7857142857142858
599 600 -1.3571428571428572
599 931 -0.9285714285714286
599 943 -1.3571428571428572
599 973 -1.3571428571428572
599 982 2.0
600 601 1.3571428571428572
602 613 0.9285714285714286
603 604 -1.3571428571428572
603 613 2.0
603 614 -1.3571428571428572
604 605 1.3571428571428572
604 614 -2.0
604 615 -1.7857142857142858
605 606 -1.7857142857142858
605 615 0.5714285714285714
606 607 -0.9285714285714286
606 625 2.0
606 632 -2.0
606 661 0.9285714285714286
607 608 0.9285714285714286
607 616 0.9285714285714286
607 705 -1.7857142857142858
607 738 2.0
608 609 -2.0
608 616 -0.5714285714285714
608 617 2.0
608 781 0.5714285714285714
608 793 -1.3571428571428572
608 825 -2.0
608 836 1.3571428571428572
609 610 1.7857142857142858
609 617 0.5714285714285714
609 618 -0.9285714285714286
609 865 1.7857142857142858
609 875 -0.5714285714285714
609 910 -1.7857142857142858
609 922 -0.9285714285714286
610 611 -0.5714285714285714
610 618 2.0
610 954 1.7857142857142858
610 964 0.9285714285714286
611 612 1.3571428571428572
611 619 1.3571428571428572
612 619 -0.9285714285714286
612 620 1.3571428571428572
613 614 -1.3571428571428572
614 615 2.0
616 617 2.0
616 738 2.0
616 781 2.0
616 793 1.3571428571428572
617 618 -0.5714285714285714
617 825 1.3571428571428572
617 836 2.0
617 865 0.5714285714285714
617 875 2.0
618 922 2.0
618 954 0.5714285714285714
618 964 0.5714285714285714
619 620 -0.9285714285714286
620 621 0.9285714285714286
623 624 -1.7857142857142858
623 630 0.9285714285714286
624 625 -0.9285714285714286
624 630 -1.7857142857142858
624 631 -0.9285714285714286
625 631 -0.9285714285714286
625 632 -1.3571428571428572
626 627 0.9285714285714286
626 633 1.3571428571428572
626 634 -0.5714285714285714
626 715 0.9285714285714286
626 726 -0.5714285714285714
626 757 -0.9285714285714286
626 768 1.3571428571428572
627 634 -1.7857142857142858
627 804 1.7857142857142858
627 813 1.3571428571428572
627 846 -1.3571428571428572
627 855 2.0
628 629 -1.3571428571428572
628 635 1.3571428571428572
628 636 -2.0
628 974 -1.3571428571428572
628 982 -0.5714285714285714
629 636 0.5714285714285714
630 631 -0.9285714285714286
631 632 -0.5714285714285714
632 633 0.9285714285714286
632 641 0.5714285714285714
632 652 1.3571428571428572
633 634 -1.3571428571428572
633 683 -0.5714285714285714
633 715 -0.9285714285714286
633 726 1.7857142857142858
634 757 1.3571428571428572
634 768 2.0
634 804 0.9285714285714286
634 813 -0.9285714285714286
635 636 -0.5714285714285714
635 932 1.7857142857142858
635 943 -0.5714285714285714
635 974 -1.7857142857142858
635 982 -2.0
637 638 -1.7857142857142858
637 649 -0.9285714285714286
638 639 2.0
638 649 0.9285714285714286
638 650 0.5714285714285714
639 640 1.7857142857142858
639 650 -0.5714285714285714
639 651 1.7857142857142858
640 641 -0.5714285714285714
640 651 -1.7857142857142858
640 652 -0.9285714285714286
641 642 0.9285714285714286
641 652 -2.0
641 653 1.3571428571428572
641 662 -1.3571428571428572
642 653 -0.5714285714285714
642 654 -0.5714285714285714
642 694 -1.3571428571428572
642 705 0.9285714285714286
643 644 1.3571428571428572
643 654 0.9285714285714286
643 782 0.5714285714285714
643 793 1.7857142857142858
643 826 0.5714285714285714
643 836 -1.3571428571428572
644 645 -0.5714285714285714
644 866 2.0
644 875 -2.0
644 922 1.7857142857142858
645 646 -1.7857142857142858
645 655 1.7857142857142858
645 955 2.0
645 964 0.5714285714285714
646 647 -0.5714285714285714
646 655 -0.9285714285714286
646 656 -1.3571428571428572
647 656 -0.9285714285714286
647 657 1.3571428571428572
648 657 -1.7857142857142858
648 658 0.5714285714285714
649 650 -0.9285714285714286
650 651 0.9285714285714286
651 652 -0.5714285714285714
652 653 -0.9285714285714286
653 654 -0.5714285714285714
653 662 0.9285714285714286
653 694 -1.3571428571428572
653 705 0.5714285714285714
654 782 -1.3571428571428572
654 793 -0.5714285714285714
655 656 0.5714285714285714
656 657 -1.7857142857142858
657 658 0.5714285714285714
659 660 -2.0
659 668 -1.3571428571428572
660 661 0.9285714285714286
660 668 -1.3571428571428572
661 662 0.9285714285714286
662 663 -1.7857142857142858
662 669 1.3571428571428572
662 684 1.7857142857142858
663 664 1.7857142857142858
663 669 0.9285714285714286
663 670 0.5714285714285714
663 715 1.3571428571428572
663 727 -0.5714285714285714
663 757 -2.0
663 769 0.9285714285714286
664 665 1.3571428571428572
664 670 -0.5714285714285714
664 671 0.9285714285714286
664 804 -0.9285714285714286
664 814 0.5714285714285714
664 846 -0.9285714285714286
664 856 2.0
665 671 -1.3571428571428572
665 886 -1.7857142857142858
665 898 1.3571428571428572
665 932 -1.3571428571428572
665 944 1.7857142857142858
666 672 1.3571428571428572
666 673 0.9285714285714286
669 670 -1.3571428571428572
669 684 2.0
669 715 0.9285714285714286
669 727 0.5714285714285714
670 671 0.9285714285714286
670 757 -0.9285714285714286
670 769 0.5714285714285714
670 804 -1.3571428571428572
670 814 -2.0
671 846 -0.5714285714285714
671 856 -2.0
671 886 -1.7857142857142858
671 898 -1.7857142857142858
672 673 -0.9285714285714286
674 675 1.3571428571428572
675 676 -1.7857142857142858
676 677 -1.3571428571428572
676 682 -0.5714285714285714
677 682 -0.5714285714285714
677 683 -1.7857142857142858
678 679 1.3571428571428572
678 684 0.9285714285714286
678 685 -0.5714285714285714
678 694 -2.0
678 706 -0.5714285714285714
679 680 -0.9285714285714286
679 685 -1.7857142857142858
679 782 -1.3571428571428572
679 794 -0.5714285714285714
679 826 2.0
679 837 1.7857142857142858
680 681 -1.7857142857142858
680 686 1.3571428571428572
680 687 1.3571428571428572
680 866 0.9285714285714286
680 876 -0.5714285714285714
680 911 -0.9285714285714286
680 923 0.5714285714285714
681 687 0.9285714285714286
681 955 0.5714285714285714
681 965 1.7857142857142858
682 683 -2.0
684 685 0.5714285714285714
684 694 1.7857142857142858
685 782 -0.9285714285714286
685 794 -0.9285714285714286
686 687 -1.3571428571428572
686 826 2.0
686 866 1.7857142857142858
686 876 0.9285714285714286
687 911 2.0
687 923 -0.5714285714285714
687 955 -0.9285714285714286
687 965 1.7857142857142858
688 689 -0.5714285714285714
689 690 -2.0
691 692 -2.0
691 700 0.9285714285714286
692 700 1.3571428571428572
692 701 1.3571428571428572
693 702 0.5714285714285714
693 703 -0.5714285714285714
694 695 -1.3571428571428572
694 705 -0.9285714285714286
694 706 0.5714285714285714
695 696 2.0
695 706 -1.7857142857142858
695 707 -0.5714285714285714
695 716 -0.5714285714285714
695 727 1.3571428571428572
695 769 0.5714285714285714
696 697 0.9285714285714286
696 707 1.3571428571428572
696 708 2.0
696 805 -0.9285714285714286
696 814 0.5714285714285714
696 847 2.0
696 856 1.3571428571428572
697 698 2.0
697 708 1.3571428571428572
697 709 0.5714285714285714
697 887 0.5714285714285714
697 898 -0.9285714285714286
697 933 -0.5714285714285714
697 944 -1.7857142857142858
698 699 -1.3571428571428572
698 709 0.5714285714285714
698 710 0.9285714285714286
698 975 1.7857142857142858
698 983 -2.0
699 710 1.3571428571428572
699 711 -0.5714285714285714
700 701 -1.3571428571428572
701 702 -1.7857142857142858
702 703 -2.0
703 704 2.0
704 705 -1.3571428571428572
705 706 -0.5714285714285714
706 707 -0.9285714285714286
706 716 1.3571428571428572
706 727 1.3571428571428572
707 708 -0.9285714285714286
707 758 -0.9285714285714286
707 769 -1.7857142857142858
707 805 1.3571428571428572
707 814 0.5714285714285714
708 709 -1.7857142857142858
708 847 -0.9285714285714286
708 856 1.3571428571428572
708 887 -1.3571428571428572
708 898 0.5714285714285714
709 710 1.3571428571428572
709 933 -0.9285714285714286
709 944 -0.9285714285714286
709 975 1.7857142857142858
709 983 -0.5714285714285714
710 711 -1.7857142857142858
712 713 -0.5714285714285714
712 723 -1.3571428571428572
713 714 2.0
713 723 -0.9285714285714286
713 724 -1.7857142857142858
714 724 -0.9285714285714286
714 725 0.5714285714285714
715 716 1.3571428571428572
715 726 2.0
715 727 -0.5714285714285714
716 717 -2.0
716 727 -0.5714285714285714
716 728 1.3571428571428572
716 739 -2.0
717 718 -1.7857142857142858
717 728 2.0
717 729 -2.0
717 783 0.5714285714285714
717 794 -2.0
717 827 -0.5714285714285714
717 837 1.3571428571428572
718 719 1.3571428571428572
718 729 -0.5714285714285714
718 730 -0.9285714285714286
718 867 1.3571428571428572
718 876 2.0
718 912 -2.0
718 923 -0.5714285714285714
719 720 -1.7857142857142858
719 730 0.5714285714285714
719 956 -2.0
719 965 0.5714285714285714
720 721 0.9285714285714286
721 722 0.9285714285714286
721 731 -2.0
722 731 -1.3571428571428572
722 732 0.9285714285714286
723 724 -0.5714285714285714
724 725 -0.5714285714285714
725 726 1.3571428571428572
726 727 -0.5714285714285714
727 728 0.9285714285714286
728 729 -1.3571428571428572
728 783 0.5714285714285714
728 794 -1.3571428571428572
729 730 -2.0
729 827 1.7857142857142858
729 837 -1.3571428571428572
729 867 -2.0
729 876 -1.7857142857142858
730 912 -1.7857142857142858
730 923 1.7857142857142858
730 956 -1.7857142857142858
730 965 2.0
731 732 0.5714285714285714
733 744 -0.9285714285714286
734 735 -0.9285714285714286
734 744 -0.5714285714285714
734 745 -2.0
735 736 1.3571428571428572
735 745 0.5714285714285714
735 746 -0.9285714285714286
736 737 -0.5714285714285714
736 746 1.7857142857142858
736 747 1.7857142857142858
737 738 -1.7857142857142858
737 747 2.0
737 748 -0.5714285714285714
738 748 1.3571428571428572
739 740 2.0
739 749 -1.7857142857142858
739 758 -1.3571428571428572
739 770 -2.0
740 741 1.7857142857142858
740 749 -0.9285714285714286
740 750 1.3571428571428572
740 805 1.7857142857142858
740 815 -1.7857142857142858
740 847 -1.7857142857142858
740 857 1.3571428571428572
741 742 -2.0
741 750 1.3571428571428572
741 751 -1.7857142857142858
741 887 -0.9285714285714286
741 899 2.0
741 933 2.0
742 743 2.0
742 751 -0.5714285714285714
742 752 1.3571428571428572
742 975 -1.7857142857142858
742 984 0.9285714285714286
743 752 0.5714285714285714
744 745 2.0
745 746 1.3571428571428572
746 747 -0.5714285714285714
747 748 0.5714285714285714
749 750 -0.9285714285714286
749 758 -0.5714285714285714
749 770 -0.9285714285714286
749 805 -1.7857142857142858
749 815 -0.9285714285714286
750 751 -1.7857142857142858
750 847 0.5714285714285714
750 857 1.3571428571428572
750 887 -1.7857142857142858
750 899 -1.3571428571428572
751 752 1.7857142857142858
751 933 -0.5714285714285714
751 975 2.0
751 984 0.9285714285714286
753 754 1.3571428571428572
753 765 1.7857142857142858
754 755 2.0
754 765 0.9285714285714286
754 766 -0.5714285714285714
755 756 -1.3571428571428572
755 766 1.7857142857142858
755 767 2.0
756 757 1.3571428571428572
756 767 0.9285714285714286
756 768 2.0
757 758 -0.5714285714285714
757 768 1.7857142857142858
757 769 2.0
758 759 0.9285714285714286
758 769 1.3571428571428572
758 770 0.9285714285714286
759 760 -1.3571428571428572
759 771 -0.9285714285714286
759 783 0.5714285714285714
759 795 -0.5714285714285714
759 827 -1.3571428571428572
759 838 -1.7857142857142858
760 761 -1.7857142857142858
760 771 -0.5714285714285714
760 772 -0.5714285714285714
760 867 1.3571428571428572
760 877 -0.5714285714285714
760 912 -1.7857142857142858
760 924 2.0
761 762 2.0
761 772 -0.9285714285714286
761 773 0.9285714285714286
761 956 2.0
761 966 -1.7857142857142858
762 763 -1.7857142857142858
762 773 -0.9285714285714286
762 774 -1.7857142857142858
763 764 -0.5714285714285714
763 774 -0.5714285714285714
763 775 -1.7857142857142858
764 775 0.9285714285714286
764 776 -0.9285714285714286
765 766 -0.5714285714285714
766 767 1.3571428571428572
767 768 2.0
768 769 0.5714285714285714
769 770 2.0
770 783 -0.9285714285714286
770 795 0.9285714285714286
771 772 -0.9285714285714286
771 827 -2.0
771 838 0.9285714285714286
771 867 -0.9285714285714286
771 877 0.9285714285714286
772 773 -0.5714285714285714
772 912 -0.5714285714285714
772 924 1.7857142857142858
772 956 2.0
772 966 -1.7857142857142858
774 775 2.0
775 776 1.7857142857142858
777 788 -1.3571428571428572
778 779 -1.7857142857142858
778 789 -0.5714285714285714
778 790 0.9285714285714286
779 780 1.7857142857142858
779 790 0.9285714285714286
779 791 -0.5714285714285714
780 781 -0.9285714285714286
780 791 -2.0
780 792 -1.7857142857142858
781 782 0.9285714285714286
781 792 1.3571428571428572
781 793 -2.0
782 783 0.5714285714285714
782 793 -0.5714285714285714
782 794 -0.9285714285714286
783 784 0.5714285714285714
783 794 -0.9285714285714286
783 795 1.3571428571428572
784 785 1.7857142857142858
784 795 1.7857142857142858
784 796 -0.9285714285714286
784 815 -0.5714285714285714
784 848 -1.7857142857142858
784 857 0.5714285714285714
785 786 -1.7857142857142858
785 796 -0.9285714285714286
785 797 -2.0
785 888 1.3571428571428572
785 899 -2.0
785 934 -2.0
786 787 -2.0
786 797 -1.7857142857142858
786 798 -1.7857142857142858
786 976 -1.3571428571428572
786 984 1.3571428571428572
787 798 2.0
787 799 0.5714285714285714
788 789 -2.0
789 790 -0.5714285714285714
790 791 2.0
791 792 -1.3571428571428572
792 793 -0.5714285714285714
793 794 -1.3571428571428572
794 795 1.3571428571428572
795 796 -0.5714285714285714
795 815 -0.9285714285714286
796 797 -2.0
796 848 -0.5714285714285714
796 857 -1.7857142857142858
796 888 0.5714285714285714
796 899 -2.0
797 798 0.9285714285714286
797 934 1.7857142857142858
797 976 0.9285714285714286
797 984 -2.0
798 799 0.5714285714285714
800 801 0.9285714285714286
800 811 -0.5714285714285714
801 802 -2.0
801 811 2.0
801 812 1.7857142857142858
802 803 -0.9285714285714286
802 812 1.3571428571428572
803 804 -0.9285714285714286
803 813 0.9285714285714286
804 805 0.9285714285714286
804 813 -0.9285714285714286
804 814 1.7857142857142858
805 814 1.3571428571428572
805 815 -0.5714285714285714
806 807 -0.9285714285714286
806 816 -1.7857142857142858
806 817 0.9285714285714286
806 868 0.9285714285714286
806 877 1.3571428571428572
806 913 -1.7857142857142858
806 924 -1.7857142857142858
807 808 0.5714285714285714
807 817 1.7857142857142858
807 818 0.9285714285714286
807 957 -1.3571428571428572
807 966 -1.3571428571428572
808 809 -0.5714285714285714
808 818 0.9285714285714286
808 819 -0.5714285714285714
809 810 -0.5714285714285714
809 819 0.9285714285714286
809 820 1.7857142857142858
810 820 -0.9285714285714286
811 812 0.9285714285714286
813 814 -0.5714285714285714
814 815 1.7857142857142858
815 816 2.0
816 817 2.0
816 828 2.0
816 838 -1.7857142857142858
816 868 0.9285714285714286
816 877 2.0
817 818 -0.9285714285714286
817 913 -0.9285714285714286
817 924 -1.3571428571428572
817 957 -1.3571428571428572
817 966 1.3571428571428572
818 819 -0.9285714285714286
819 820 -1.3571428571428572
821 822 0.5714285714285714
821 831 1.3571428571428572
822 831 -1.3571428571428572
822 832 0.5714285714285714
823 824 -1.7857142857142858
823 833 1.7857142857142858
823 834 0.9285714285714286
824 825 -0.9285714285714286
824 834 -0.9285714285714286
824 835 0.9285714285714286
825 826 -1.7857142857142858
825 835 1.7857142857142858
825 836 -0.5714285714285714
826 827 -2.0
826 836 1.3571428571428572
826 837 -0.9285714285714286
827 828 -2.0
827 837 -1.3571428571428572
827 838 -0.9285714285714286
828 838 -0.9285714285714286
828 839 -1.3571428571428572
828 848 1.3571428571428572
829 830 2.0
829 840 -1.7857142857142858
829 841 -0.5714285714285714
829 976 -1.3571428571428572
829 985 1.3571428571428572
830 841 -0.5714285714285714
830 842 0.5714285714285714
831 832 -1.7857142857142858
832 833 -1.3571428571428572
834 835 0.5714285714285714
836 837 -1.3571428571428572
837 838 -1.3571428571428572
838 839 -1.3571428571428572
839 840 0.9285714285714286
839 848 -0.5714285714285714
839 888 0.5714285714285714
840 841 -1.7857142857142858
840 934 2.0
840 976 0.5714285714285714
840 985 -0.5714285714285714
841 842 -0.5714285714285714
844 845 1.7857142857142858
844 853 -2.0
844 854 1.3571428571428572
845 846 -0.9285714285714286
845 854 -1.7857142857142858
845 855 -0.5714285714285714
846 847 2.0
846 855 0.9285714285714286
846 856 -2.0
847 848 0.5714285714285714
847 856 0.5714285714285714
847 857 0.5714285714285714
848 849 1.7857142857142858
848 857 -2.0
849 850 -0.5714285714285714
849 858 -1.7857142857142858
849 868 -0.5714285714285714
849 878 -2.0
849 913 -0.5714285714285714
850 851 2.0
850 858 -2.0
850 859 1.3571428571428572
850 957 0.9285714285714286
851 859 1.7857142857142858
851 860 1.7857142857142858
852 861 0.9285714285714286
853 854 -0.9285714285714286
854 855 1.3571428571428572
855 856 -0.5714285714285714
856 857 -1.7857142857142858
858 859 0.9285714285714286
858 913 -1.3571428571428572
858 957 -1.3571428571428572
858 967 1.7857142857142858
859 860 -2.0
862 863 1.3571428571428572
862 870 2.0
862 871 -1.7857142857142858
863 864 1.3571428571428572
863 871 0.5714285714285714
863 872 1.7857142857142858
864 872 2.0
864 873 0.9285714285714286
865 866 2.0
865 874 -0.5714285714285714
865 875 -0.5714285714285714
866 867 1.7857142857142858
866 875 0.5714285714285714
866 876 -2.0
867 868 -0.9285714285714286
867 876 -0.5714285714285714
867 877 1.3571428571428572
868 877 0.5714285714285714
868 878 0.9285714285714286
869 879 1.7857142857142858
869 880 -0.9285714285714286
869 977 0.9285714285714286
869 985 1.3571428571428572
870 871 -0.5714285714285714
871 872 -1.7857142857142858
872 873 -1.7857142857142858
873 874 2.0
874 875 0.9285714285714286
875 876 -0.9285714285714286
876 877 -1.7857142857142858
877 878 -0.9285714285714286
878 879 -0.9285714285714286
878 889 -1.3571428571428572
878 900 -0.9285714285714286
879 880 -1.7857142857142858
879 935 -0.5714285714285714
879 977 -1.3571428571428572
879 985 -2.0
880 881 -2.0
882 883 -2.0
882 894 2.0
883 884 0.9285714285714286
883 894 -1.3571428571428572
883 895 -2.0
884 885 0.5714285714285714
884 896 -1.3571428571428572
885 886 -0.5714285714285714
885 896 -2.0
885 897 2.0
886 887 1.3571428571428572
886 897 -2.0
886 898 1.7857142857142858
887 888 -1.3571428571428572
887 898 -1.7857142857142858
887 899 -2.0
888 889 -2.0
888 899 1.7857142857142858
888 900 -0.9285714285714286
889 890 2.0
889 900 1.3571428571428572
889 901 0.5714285714285714
889 914 1.7857142857142858
890 891 0.9285714285714286
890 901 -0.9285714285714286
890 902 -1.7857142857142858
890 967 2.0
891 892 -1.7857142857142858
891 902 -1.3571428571428572
891 903 0.9285714285714286
892 893 -1.3571428571428572
892 903 2.0
892 904 1.3571428571428572
893 904 1.7857142857142858
893 905 -1.3571428571428572
894 895 -0.5714285714285714
895 896 0.9285714285714286
896 897 -0.9285714285714286
897 898 -1.7857142857142858
898 899 1.3571428571428572
899 900 1.3571428571428572
900 901 1.7857142857142858
901 902 -0.5714285714285714
901 914 -2.0
901 967 -0.5714285714285714
902 903 -0.5714285714285714
903 904 0.5714285714285714
904 905 0.5714285714285714
906 907 0.9285714285714286
906 917 1.3571428571428572
906 918 1.7857142857142858
907 908 -0.9285714285714286
907 918 1.3571428571428572
907 919 1.3571428571428572
908 909 -1.3571428571428572
908 919 2.0
908 920 -1.3571428571428572
909 910 1.7857142857142858
909 920 -0.9285714285714286
909 921 -0.5714285714285714
910 911 -0.5714285714285714
910 921 -0.5714285714285714
910 922 1.3571428571428572
911 912 1.3571428571428572
911 922 -2.0
911 923 0.5714285714285714
912 913 0.5714285714285714
912 923 -1.7857142857142858
912 924 -0.9285714285714286
913 924 -1.3571428571428572
914 915 -0.5714285714285714
914 925 -0.9285714285714286
914 935 1.7857142857142858
914 945 2.0
915 916 -2.0
915 925 -0.5714285714285714
915 926 -0.9285714285714286
915 977 -0.9285714285714286
915 986 0.9285714285714286
916 926 -0.5714285714285714
916 927 0.5714285714285714
917 918 -2.0
918 919 -1.3571428571428572
919 920 1.7857142857142858
920 921 -1.7857142857142858
921 922 2.0
922 923 0.9285714285714286
923 924 0.9285714285714286
925 926 -2.0
925 935 2.0
925 945 -1.7857142857142858
925 977 0.9285714285714286
925 986 0.9285714285714286
926 927 1.3571428571428572
928 929 -0.5714285714285714
928 940 0.9285714285714286
929 930 0.5714285714285714
929 940 -0.9285714285714286
929 941 -0.9285714285714286
930 931 1.7857142857142858
930 941 2.0
930 942 0.5714285714285714
931 932 0.5714285714285714
931 942 -0.9285714285714286
931 943 0.5714285714285714
932 933 -0.5714285714285714
932 943 -2.0
932 944 -1.7857142857142858
933 934 -2.0
933 944 -2.0
934 935 0.9285714285714286
935 936 2.0
935 945 2.0
936 937 1.3571428571428572
936 945 2.0
936 946 1.3571428571428572
936 968 -1.3571428571428572
937 938 1.3571428571428572
937 946 2.0
937 947 -1.3571428571428572
938 939 2.0
938 947 -1.3571428571428572
938 948 2.0
939 948 0.5714285714285714
939 949 -1.3571428571428572
940 941 -1.3571428571428572
941 942 -2.0
942 943 -1.3571428571428572
943 944 -0.5714285714285714
945 946 -0.9285714285714286
945 968 -1.3571428571428572
947 948 1.3571428571428572
948 949 1.3571428571428572
950 960 1.7857142857142858
951 952 0.5714285714285714
951 961 1.7857142857142858
952 953 0.9285714285714286
952 961 -2.0
952 962 -2.0
953 954 1.7857142857142858
953 962 1.7857142857142858
953 963 1.7857142857142858
954 955 -2.0
954 963 1.7857142857142858
954 964 -1.3571428571428572
955 956 2.0
955 964 -0.9285714285714286
956 957 -1.3571428571428572
956 965 -1.7857142857142858
956 966 -1.3571428571428572
957 966 -1.7857142857142858
957 967 -0.5714285714285714
958 959 -1.3571428571428572
958 968 -0.9285714285714286
958 969 0.5714285714285714
958 978 -1.7857142857142858
958 986 2.0
959 969 -2.0
959 970 -1.7857142857142858
961 962 -0.9285714285714286
962 963 2.0
963 964 0.9285714285714286
964 965 -1.3571428571428572
965 966 -0.5714285714285714
966 967 1.7857142857142858
967 968 0.5714285714285714
968 969 -0.5714285714285714
968 978 1.7857142857142858
968 986 -2.0
969 970 -1.3571428571428572
972 973 -0.5714285714285714
972 980 0.9285714285714286
972 981 1.3571428571428572
973 974 1.3571428571428572
973 981 1.7857142857142858
973 982 -1.3571428571428572
974 975 -1.3571428571428572
974 982 -1.7857142857142858
974 983 -1.7857142857142858
975 976 0.9285714285714286
975 984 1.3571428571428572
976 977 0.9285714285714286
976 984 2.0
976 985 -2.0
977 978 1.3571428571428572
977 985 -0.5714285714285714
977 986 -0.5714285714285714
978 979 1.3571428571428572
978 986 0.5714285714285714
978 987 -2.0
979 987 1.3571428571428572
979 988 0.9285714285714286
980 981 1.7857142857142858
981 982 0.5714285714285714
982 983 -1.7857142857142858
983 984 -1.7857142857142858
984 985 -1.3571428571428572
985 986 0.9285714285714286
986 987 -0.9285714285714286
987 988 2.0
988 989 -0.5714285714285714
