118 433
1 1 -3.3571428571428577
2 2 -6.5
3 3 4.142857142857144
5 5 -1.7142857142857144
6 6 -3.6428571428571432
7 7 2.7142857142857144
9 9 4.571428571428571
10 10 0.9285714285714284
11 11 -0.9285714285714286
12 12 -2.0
13 13 0.5714285714285714
14 14 -2.428571428571429
15 15 -6.785714285714286
16 16 1.2857142857142858
17 17 -2.5
18 18 0.857142857142857
19 19 -2.928571428571429
20 20 2.0
21 21 5.285714285714286
22 22 -0.6428571428571423
23 23 2.428571428571429
24 24 0.2857142857142858
25 25 1.4285714285714284
26 26 3.2857142857142856
27 27 5.5
28 28 -2.0
29 29 3.7142857142857144
30 30 2.2142857142857144
31 31 -0.35714285714285743
32 32 -5.357142857142858
33 33 0.35714285714285765
34 34 0.4285714285714284
36 36 5.642857142857143
37 37 1.642857142857143
38 38 0.6428571428571428
39 39 -2.0
40 40 0.5714285714285714
41 41 -1.3571428571428572
42 42 -5.5
43 43 1.5714285714285716
44 44 2.642857142857143
45 45 -0.9285714285714286
46 46 -1.0714285714285714
47 47 -2.0
48 48 -5.7142857142857135
49 49 1.357142857142857
50 50 -0.8571428571428572
51 51 -2.571428571428571
52 52 3.7142857142857144
53 53 -1.6428571428571428
54 54 5.0
55 55 0.9285714285714288
56 56 0.8571428571428572
57 57 3.2142857142857144
58 58 -3.0714285714285716
59 59 -1.5714285714285714
60 60 6.714285714285715
61 61 3.5714285714285716
62 62 -4.214285714285714
63 63 0.5714285714285718
64 64 1.3571428571428568
65 65 1.0
66 66 1.9285714285714282
67 67 -0.7857142857142854
68 68 2.2142857142857144
69 69 -0.4285714285714286
70 70 -4.357142857142858
71 71 -5.357142857142858
72 72 -4.071428571428571
73 73 -3.071428571428571
74 74 0.4285714285714288
75 75 -5.142857142857143
76 76 3.857142857142857
77 77 -2.1428571428571432
79 79 -0.1428571428571428
80 80 5.785714285714286
81 81 -4.285714285714286
82 82 -4.714285714285714
83 83 2.2142857142857144
84 84 -0.5
85 85 0.642857142857143
86 86 2.5
87 87 0.6428571428571432
88 88 -5.714285714285715
89 89 0.3571428571428572
90 90 -0.7857142857142858
91 91 0.7142857142857142
92 92 2.2857142857142856
93 93 -6.7857142857142865
94 94 -6.785714285714286
95 95 6.857142857142858
96 96 -4.357142857142858
97 97 -1.2142857142857137
98 98 -3.928571428571429
99 99 4.642857142857142
100 100 -3.1428571428571432
101 101 0.8571428571428568
102 102 2.2142857142857144
103 103 2.7142857142857144
104 104 1.357142857142857
105 105 -3.5
106 106 0.785714285714286
107 107 -4.571428571428571
108 108 0.4285714285714288
109 109 5.928571428571429
110 110 10.714285714285715
111 111 -3.0000000000000004
112 112 4.5
113 113 0.5714285714285714
114 114 7.571428571428571
115 115 3.5714285714285716
116 116 1.2142857142857146
117 117 3.7142857142857144
118 118 -2.357142857142857
1 2 2.0
1 5 2.0
1 17 1.3571428571428572
1 21 -1.7857142857142858
1 38 -2.0
1 43 1.7857142857142858
2 3 0.5714285714285714
2 5 1.3571428571428572
2 6 2.0
2 62 1.7857142857142858
2 66 -1.7857142857142858
2 85 0.5714285714285714
3 4 -2.0
3 6 -2.0
3 7 -1.7857142857142858
3 9 -0.9285714285714286
3 11 2.0
3 104 -0.5714285714285714
3 108 0.5714285714285714
4 7 -1.7857142857142858
4 54 1.7857142857142858
4 58 2.0
5 6 1.7857142857142858
5 38 -2.0
5 43 -1.7857142857142858
5 62 0.9285714285714286
5 66 -0.5714285714285714
6 7 0.9285714285714286
6 85 -0.9285714285714286
6 104 0.9285714285714286
6 108 0.9285714285714286
7 8 -2.0
7 9 0.5714285714285714
7 11 1.3571428571428572
8 54 -0.9285714285714286
8 58 2.0
8 81 0.9285714285714286
9 10 -1.3571428571428572
9 11 -2.0
9 98 0.9285714285714286
9 102 -1.7857142857142858
10 11 -1.3571428571428572
10 31 1.7857142857142858
10 48 1.3571428571428572
10 52 -1.3571428571428572
11 31 0.9285714285714286
12 15 2.0
13 14 1.3571428571428572
13 20 -1.3571428571428572
13 26 -0.5714285714285714
13 42 0.9285714285714286
13 46 -0.9285714285714286
14 15 1.7857142857142858
14 22 -1.7857142857142858
14 65 -0.9285714285714286
14 69 2.0
15 16 1.7857142857142858
15 22 -1.3571428571428572
15 107 2.0
15 111 0.5714285714285714
16 24 0.9285714285714286
16 34 -2.0
16 37 -2.0
16 57 -0.9285714285714286
16 61 0.9285714285714286
17 18 0.9285714285714286
17 21 -1.7857142857142858
17 96 2.0
18 19 -2.0
18 21 -0.9285714285714286
18 23 0.9285714285714286
18 27 -1.7857142857142858
18 47 2.0
19 20 1.7857142857142858
19 23 -1.7857142857142858
19 25 2.0
19 70 2.0
19 89 0.9285714285714286
20 25 1.3571428571428572
20 26 -1.7857142857142858
20 112 -2.0
21 23 0.5714285714285714
21 27 -1.3571428571428572
22 107 2.0
22 111 1.7857142857142858
23 25 -0.9285714285714286
23 47 -1.7857142857142858
23 70 0.5714285714285714
24 57 0.5714285714285714
24 61 -1.7857142857142858
24 80 -0.9285714285714286
24 84 0.9285714285714286
25 26 -0.9285714285714286
25 89 -0.9285714285714286
25 112 -2.0
27 29 -0.5714285714285714
27 43 -1.7857142857142858
28 31 -0.5714285714285714
28 32 0.5714285714285714
28 55 2.0
29 30 -1.7857142857142858
29 43 -1.7857142857142858
29 63 1.3571428571428572
29 66 -0.9285714285714286
30 31 -1.7857142857142858
30 86 -1.7857142857142858
30 105 1.7857142857142858
30 108 1.3571428571428572
32 33 2.0
32 35 0.9285714285714286
32 49 0.9285714285714286
32 52 0.9285714285714286
33 34 1.7857142857142858
33 35 -0.9285714285714286
33 36 -2.0
33 73 0.5714285714285714
33 76 -1.7857142857142858
33 92 -2.0
33 94 2.0
34 36 -1.3571428571428572
34 37 -2.0
34 115 1.3571428571428572
34 117 1.7857142857142858
35 36 -0.5714285714285714
35 49 -0.5714285714285714
35 52 0.9285714285714286
35 73 2.0
35 76 -1.7857142857142858
36 37 1.7857142857142858
36 92 -1.7857142857142858
36 94 0.5714285714285714
36 115 -0.9285714285714286
36 117 -1.3571428571428572
37 41 0.5714285714285714
38 43 2.0
38 100 1.3571428571428572
39 69 2.0
40 42 1.3571428571428572
40 44 -0.5714285714285714
40 70 -1.3571428571428572
40 74 -2.0
40 89 2.0
41 45 1.3571428571428572
41 61 -0.5714285714285714
42 44 -0.5714285714285714
42 46 2.0
42 112 1.7857142857142858
44 89 -0.5714285714285714
44 112 -0.9285714285714286
45 61 -1.3571428571428572
45 84 0.9285714285714286
47 50 1.7857142857142858
48 49 0.5714285714285714
48 51 2.0
48 52 -0.5714285714285714
48 105 0.5714285714285714
48 109 1.7857142857142858
49 52 -1.3571428571428572
49 53 -0.9285714285714286
49 55 0.9285714285714286
49 59 -0.9285714285714286
50 51 1.3571428571428572
50 63 -1.3571428571428572
50 67 -0.9285714285714286
51 52 -1.3571428571428572
51 86 2.0
51 105 0.5714285714285714
51 109 -2.0
52 53 -0.9285714285714286
53 55 0.5714285714285714
53 59 2.0
53 82 0.9285714285714286
54 55 -0.9285714285714286
54 58 -1.7857142857142858
54 99 -1.7857142857142858
54 103 -1.3571428571428572
55 56 -0.5714285714285714
55 58 -0.9285714285714286
55 59 -2.0
56 57 -0.5714285714285714
56 59 0.5714285714285714
56 60 -1.3571428571428572
56 73 2.0
56 77 -0.9285714285714286
56 92 0.5714285714285714
56 95 -0.5714285714285714
57 60 -1.3571428571428572
57 61 0.5714285714285714
57 115 -0.9285714285714286
57 118 -0.5714285714285714
58 59 1.7857142857142858
59 60 1.3571428571428572
59 73 -1.7857142857142858
59 77 0.5714285714285714
60 61 -1.3571428571428572
60 92 -2.0
60 95 -2.0
60 115 -0.9285714285714286
60 118 0.9285714285714286
62 63 0.5714285714285714
62 66 0.9285714285714286
62 97 -1.7857142857142858
62 100 1.7857142857142858
63 64 2.0
63 66 -1.3571428571428572
63 67 -1.7857142857142858
64 65 -0.5714285714285714
64 67 -0.9285714285714286
64 68 -1.3571428571428572
64 71 -0.9285714285714286
64 74 -1.3571428571428572
64 90 1.7857142857142858
65 68 0.9285714285714286
65 69 -1.7857142857142858
65 113 1.3571428571428572
66 67 1.7857142857142858
67 68 2.0
67 71 2.0
67 74 -1.3571428571428572
68 69 -1.7857142857142858
68 113 -2.0
70 71 1.7857142857142858
70 74 1.3571428571428572
71 72 2.0
71 74 0.9285714285714286
71 75 1.3571428571428572
71 87 -1.7857142857142858
72 73 -0.9285714285714286
72 75 0.5714285714285714
72 76 0.9285714285714286
72 106 0.5714285714285714
72 109 0.9285714285714286
73 76 -0.5714285714285714
73 77 1.7857142857142858
74 75 2.0
75 76 1.3571428571428572
75 87 0.9285714285714286
75 106 0.9285714285714286
75 109 -2.0
76 77 -2.0
77 79 0.9285714285714286
77 82 1.7857142857142858
78 81 1.3571428571428572
78 103 -1.3571428571428572
79 80 -0.5714285714285714
79 82 0.5714285714285714
79 83 0.5714285714285714
79 95 -1.3571428571428572
80 83 -2.0
80 84 -1.3571428571428572
80 118 -0.9285714285714286
81 82 2.0
82 83 -0.5714285714285714
83 95 -2.0
83 118 1.7857142857142858
85 86 -0.9285714285714286
85 97 -1.3571428571428572
85 101 2.0
86 87 -1.7857142857142858
87 88 1.3571428571428572
87 90 2.0
87 93 -1.3571428571428572
88 90 -0.5714285714285714
88 93 1.7857142857142858
88 113 1.7857142857142858
88 116 1.3571428571428572
89 90 -1.7857142857142858
90 91 -2.0
90 93 1.3571428571428572
91 92 0.9285714285714286
91 93 1.3571428571428572
91 94 1.3571428571428572
91 106 -0.5714285714285714
91 110 -1.7857142857142858
92 94 2.0
93 94 1.7857142857142858
93 106 0.9285714285714286
93 110 0.9285714285714286
94 95 -0.9285714285714286
96 97 1.7857142857142858
96 100 0.5714285714285714
97 98 2.0
97 101 0.5714285714285714
98 99 -0.5714285714285714
98 101 0.9285714285714286
98 102 2.0
98 104 -1.3571428571428572
99 102 -1.3571428571428572
99 103 -0.9285714285714286
100 101 -0.5714285714285714
101 102 -2.0
101 104 -1.7857142857142858
102 103 0.9285714285714286
104 105 2.0
104 108 -0.5714285714285714
105 106 0.9285714285714286
105 108 -1.7857142857142858
105 109 -0.5714285714285714
106 109 -1.7857142857142858
106 110 -1.7857142857142858
107 110 -1.7857142857142858
107 111 2.0
107 114 -0.5714285714285714
107 116 0.9285714285714286
108 109 -0.9285714285714286
109 110 -1.3571428571428572
110 111 -1.3571428571428572
110 114 -1.7857142857142858
110 116 -1.7857142857142858
112 113 -1.3571428571428572
113 114 -0.9285714285714286
113 116 0.5714285714285714
114 115 -0.9285714285714286
114 116 -1.3571428571428572
114 117 -2.0
115 117 -1.7857142857142858
115 118 0.5714285714285714
116 117 -0.9285714285714286
117 118 0.5714285714285714
